2 0.21044921875 0.08333333333333333 0.4208984375 0.046875
2 0.21044921875 0.14518229166666666 0.4208984375 0.024739583333333332
4 0.21826171875 0.2643229166666667 0.0673828125 0.0546875
1 0.1318359375 0.2643229166666667 0.263671875 0.07291666666666667
7 0.06005859375 0.328125 0.1201171875 0.026041666666666668
5 0.052734375 0.3951822916666667 0.10546875 0.07421875
0 0.4970703125 0.024739583333333332 0.115234375 0.036458333333333336
0 0.4970703125 0.061197916666666664 0.115234375 0.036458333333333336
7 0.4970703125 0.11328125 0.115234375 0.015625
0 0.4970703125 0.12890625 0.115234375 0.046875
7 0.48291015625 0.13671875 0.0869140625 0.015625
6 0.46240234375 0.19140625 0.0458984375 0.015625
7 0.47998046875 0.23763020833333334 0.0810546875 0.04296875
0 0.4970703125 0.3580729166666667 0.115234375 0.2838541666666667
7 0.4482421875 0.2877604166666667 0.017578125 0.018229166666666668
7 0.45458984375 0.3359375 0.0302734375 0.018229166666666668
7 0.44873046875 0.3841145833333333 0.0185546875 0.018229166666666668
7 0.4453125 0.4322916666666667 0.01171875 0.018229166666666668
7 0.455078125 0.4088541666666667 0.0234375 0.044270833333333336
0 0.4609375 0.4342447916666667 0.04296875 0.07421875
7 0.4609375 0.4388020833333333 0.04296875 0.015625
6 0.4951171875 0.49609375 0.095703125 0.0078125
0 0.4794921875 0.016276041666666668 0.080078125 0.032552083333333336
0 0.4794921875 0.05078125 0.080078125 0.036458333333333336
0 0.4794921875 0.13411458333333334 0.080078125 0.036458333333333336
0 0.4794921875 0.17057291666666666 0.080078125 0.036458333333333336
4 0.48095703125 0.2721354166666667 0.0830078125 0.052083333333333336
4 0.4814453125 0.3385416666666667 0.083984375 0.052083333333333336
0 0.4501953125 0.40625 0.021484375 0.0234375
0 0.47802734375 0.40625 0.0361328125 0.0234375
0 0.5078125 0.40625 0.025390625 0.0234375
7 0.47216796875 0.4778645833333333 0.0654296875 0.0390625
4 0.6279296875 0.1171875 0.12890625 0.171875
0 0.6279296875 0.1171875 0.12890625 0.171875
7 0.6279296875 0.1171875 0.103515625 0.020833333333333332
4 0.7744140625 0.1171875 0.12890625 0.171875
0 0.7744140625 0.1171875 0.12890625 0.171875
7 0.7744140625 0.1171875 0.103515625 0.020833333333333332
4 0.9208984375 0.1171875 0.12890625 0.171875
0 0.9208984375 0.1171875 0.12890625 0.171875
7 0.9208984375 0.1171875 0.103515625 0.020833333333333332
0 0.9443359375 0.3138020833333333 0.111328125 0.052083333333333336
7 0.91455078125 0.3841145833333333 0.1708984375 0.03125
4 0.77734375 0.25 0.4453125 0.5
4 0.77734375 0.25 0.4453125 0.5
0 0.2587890625 0.5338541666666666 0.134765625 0.0546875
0 0.3974609375 0.5338541666666666 0.083984375 0.0546875
6 0.2138671875 0.6796875 0.17578125 0.036458333333333336
6 0.3349609375 0.6796875 0.037109375 0.036458333333333336
2 0.69140625 0.5338541666666666 0.341796875 0.06770833333333333
7 0.56787109375 0.591796875 0.0439453125 0.02734375
7 0.62646484375 0.5924479166666666 0.0751953125 0.033854166666666664
7 0.67578125 0.591796875 0.025390625 0.02734375
7 0.708984375 0.5924479166666666 0.041015625 0.033854166666666664
7 0.7802734375 0.591796875 0.103515625 0.02734375
6 0.8349609375 0.587890625 0.005859375 0.016927083333333332
6 0.6552734375 0.640625 0.115234375 0.033854166666666664
6 0.759765625 0.640625 0.048828125 0.033854166666666664
7 0.7197265625 0.75 0.560546875 0.5