7 0.01220703125 0.018229166666666668 0.0244140625 0.036458333333333336
7 0.05810546875 0.018229166666666668 0.0654296875 0.036458333333333336
7 0.01220703125 0.0546875 0.0244140625 0.036458333333333336
7 0.05810546875 0.0546875 0.0654296875 0.036458333333333336
7 0.0546875 0.11979166666666667 0.109375 0.020833333333333332
7 0.1103515625 0.11979166666666667 0.00390625 0.020833333333333332
7 0.01220703125 0.1640625 0.0244140625 0.036458333333333336
7 0.05810546875 0.1640625 0.0654296875 0.036458333333333336
7 0.01220703125 0.20052083333333334 0.0244140625 0.036458333333333336
7 0.05810546875 0.20052083333333334 0.0654296875 0.036458333333333336
7 0.01220703125 0.23697916666666666 0.0244140625 0.036458333333333336
7 0.05810546875 0.23697916666666666 0.0654296875 0.036458333333333336
2 0.173828125 0.2845052083333333 0.34765625 0.024739583333333332
7 0.009765625 0.3229166666666667 0.01953125 0.020833333333333332
7 0.1162109375 0.3229166666666667 0.197265625 0.020833333333333332
7 0.24658203125 0.3229166666666667 0.0654296875 0.020833333333333332
7 0.17138671875 0.3424479166666667 0.3427734375 0.059895833333333336
6 0.02587890625 0.3619791666666667 0.0517578125 0.020833333333333332
7 0.08544921875 0.3619791666666667 0.0693359375 0.020833333333333332
7 0.173828125 0.408203125 0.34765625 0.040364583333333336
2 0.173828125 0.4563802083333333 0.34765625 0.024739583333333332
6 0.01318359375 0.4934895833333333 0.0263671875 0.020833333333333332
7 0.04150390625 0.4934895833333333 0.0302734375 0.020833333333333332
7 0.07373046875 0.4934895833333333 0.0361328125 0.020833333333333332
7 0.10400390625 0.4934895833333333 0.0283203125 0.020833333333333332
7 0.1396484375 0.4934895833333333 0.04296875 0.020833333333333332
7 0.19677734375 0.4934895833333333 0.0751953125 0.020833333333333332
7 0.39501953125 0.048828125 0.0693359375 0.02734375
6 0.396484375 0.07552083333333333 0.06640625 0.015625
2 0.71484375 0.018229166666666668 0.5703125 0.026041666666666668
2 0.71484375 0.0703125 0.5703125 0.052083333333333336
7 0.71484375 0.12565104166666666 0.5703125 0.032552083333333336
7 0.71484375 0.201171875 0.5703125 0.053385416666666664
0 0.88720703125 0.318359375 0.2255859375 0.061197916666666664
2 0.7314453125 0.4889322916666667 0.138671875 0.040364583333333336
2 0.84521484375 0.4889322916666667 0.0908203125 0.040364583333333336
2 0.94482421875 0.4889322916666667 0.1103515625 0.040364583333333336
4 0.2255859375 0.517578125 0.19140625 0.016927083333333332
0 0.2255859375 0.5169270833333334 0.19140625 0.015625
3 0.21484375 0.7239583333333334 0.4296875 0.3255208333333333
7 0.44873046875 0.564453125 0.0380859375 0.03515625
0 0.45361328125 0.564453125 0.0478515625 0.03515625
7 0.57470703125 0.564453125 0.0966796875 0.03515625
0 0.57958984375 0.564453125 0.1064453125 0.03515625
7 0.7265625 0.564453125 0.08984375 0.03515625
0 0.7314453125 0.564453125 0.099609375 0.03515625
7 0.86865234375 0.564453125 0.0771484375 0.03515625
0 0.87353515625 0.564453125 0.0869140625 0.03515625
7 0.98291015625 0.564453125 0.0341796875 0.03515625
0 0.98291015625 0.564453125 0.0341796875 0.03515625
2 0.529296875 0.908203125 0.19921875 0.07942708333333333
6 0.4931640625 0.9765625 0.126953125 0.046875