0 0.05078125 0.0390625 0.1015625 0.033854166666666664
2 0.048828125 0.3372395833333333 0.09765625 0.0703125
2 0.2900390625 0.3196614583333333 0.26953125 0.03515625
4 0.2900390625 0.4498697916666667 0.26953125 0.19921875
0 0.2900390625 0.4498697916666667 0.26953125 0.19921875
3 0.599609375 0.4127604166666667 0.259765625 0.2734375
0 0.76513671875 0.060546875 0.0712890625 0.02734375
0 0.76513671875 0.13932291666666666 0.0712890625 0.078125
0 0.76513671875 0.23046875 0.0712890625 0.078125
0 0.76513671875 0.3216145833333333 0.0712890625 0.078125
0 0.76513671875 0.4127604166666667 0.0712890625 0.078125
0 0.76513671875 0.50390625 0.0712890625 0.078125
2 0.8759765625 0.060546875 0.109375 0.029947916666666668
0 0.91015625 0.060546875 0.1796875 0.02734375
4 0.8447265625 0.13932291666666666 0.046875 0.0625
0 0.91015625 0.13932291666666666 0.1796875 0.078125
7 0.9169921875 0.13932291666666666 0.09765625 0.026041666666666668
4 0.8447265625 0.23046875 0.046875 0.0625
0 0.91015625 0.23046875 0.1796875 0.078125
7 0.92041015625 0.23046875 0.1044921875 0.026041666666666668
4 0.8447265625 0.3216145833333333 0.046875 0.0625
0 0.91015625 0.3216145833333333 0.1796875 0.078125
7 0.89599609375 0.3216145833333333 0.0556640625 0.026041666666666668
4 0.8447265625 0.4127604166666667 0.046875 0.0625
0 0.91015625 0.4127604166666667 0.1796875 0.078125
7 0.912109375 0.4127604166666667 0.087890625 0.026041666666666668
4 0.8447265625 0.50390625 0.046875 0.0625
0 0.91015625 0.50390625 0.1796875 0.078125
7 0.92578125 0.50390625 0.115234375 0.026041666666666668
7 0.97900390625 0.5299479166666666 0.0419921875 0.020833333333333332
0 0.97119140625 0.5299479166666666 0.0576171875 0.036458333333333336
0 0.09423828125 0.7708333333333334 0.1474609375 0.052083333333333336
2 0.2939453125 0.900390625 0.587890625 0.11588541666666667
4 0.8447265625 0.7669270833333334 0.23046875 0.4348958333333333
0 0.98828125 0.693359375 0.0234375 0.07161458333333333
0 0.98828125 0.8313802083333334 0.0234375 0.07161458333333333