6 0.18798828125 0.044921875 0.3759765625 0.01953125
7 0.376953125 0.044921875 0.00390625 0.01953125
6 0.009765625 0.11002604166666667 0.01953125 0.01953125
7 0.0654296875 0.11002604166666667 0.052734375 0.01953125
6 0.2724609375 0.109375 0.021484375 0.020833333333333332
7 0.35888671875 0.10872395833333333 0.0380859375 0.022135416666666668
4 0.10107421875 0.3391927083333333 0.2021484375 0.3216145833333333
0 0.10107421875 0.3391927083333333 0.2021484375 0.3216145833333333
2 0.31591796875 0.24739583333333334 0.1669921875 0.11197916666666667
7 0.31591796875 0.3463541666666667 0.1669921875 0.0546875
6 0.31591796875 0.44140625 0.1669921875 0.020833333333333332
7 0.31591796875 0.4700520833333333 0.1669921875 0.028645833333333332
0 0.69970703125 0.022786458333333332 0.6005859375 0.045572916666666664
0 0.69970703125 0.08138020833333333 0.6005859375 0.07161458333333333
7 0.5595703125 0.15169270833333334 0.095703125 0.01953125
0 0.69970703125 0.15299479166666666 0.6005859375 0.07161458333333333
7 0.5595703125 0.22330729166666666 0.033203125 0.01953125
0 0.69970703125 0.224609375 0.6005859375 0.07161458333333333
0 0.69970703125 0.2962239583333333 0.6005859375 0.07161458333333333
0 0.69970703125 0.3678385416666667 0.6005859375 0.07161458333333333
0 0.69970703125 0.439453125 0.6005859375 0.07161458333333333
0 0.69970703125 0.020833333333333332 0.6005859375 0.041666666666666664
2 0.6474609375 0.18880208333333334 0.24609375 0.041666666666666664
4 0.44775390625 0.189453125 0.0966796875 0.13932291666666666
4 0.40625 0.3385416666666667 0.013671875 0.03125
7 0.494140625 0.341796875 0.064453125 0.029947916666666668
0 0.5595703125 0.341796875 0.234375 0.06380208333333333
4 0.64599609375 0.3411458333333333 0.0224609375 0.03125
7 0.74755859375 0.341796875 0.0830078125 0.029947916666666668
0 0.8037109375 0.341796875 0.234375 0.06380208333333333
4 0.89013671875 0.3411458333333333 0.0224609375 0.03125
7 0.06591796875 0.57421875 0.1318359375 0.0390625
7 0.146484375 0.7454427083333334 0.29296875 0.37890625
7 0.00927734375 0.7389322916666666 0.0185546875 0.040364583333333336
0 0.0107421875 0.7330729166666666 0.021484375 0.0390625
7 0.005859375 0.7662760416666666 0.01171875 0.014322916666666666
7 0.04638671875 0.7389322916666666 0.0302734375 0.040364583333333336
0 0.04638671875 0.7330729166666666 0.0361328125 0.0390625
7 0.0458984375 0.7662760416666666 0.0234375 0.014322916666666666
7 0.08837890625 0.7389322916666666 0.0302734375 0.040364583333333336
0 0.08837890625 0.7330729166666666 0.0361328125 0.0390625
7 0.087890625 0.7662760416666666 0.01953125 0.014322916666666666
7 0.13037109375 0.7389322916666666 0.0302734375 0.040364583333333336
0 0.13037109375 0.7330729166666666 0.0361328125 0.0390625
7 0.13037109375 0.7662760416666666 0.0224609375 0.014322916666666666
7 0.17236328125 0.7389322916666666 0.0302734375 0.040364583333333336
0 0.17236328125 0.7330729166666666 0.0361328125 0.0390625
7 0.1728515625 0.7662760416666666 0.0234375 0.014322916666666666
7 0.216796875 0.7389322916666666 0.03515625 0.040364583333333336
0 0.216796875 0.7330729166666666 0.041015625 0.0390625
7 0.21728515625 0.7662760416666666 0.0224609375 0.014322916666666666
7 0.26220703125 0.7389322916666666 0.0302734375 0.040364583333333336
0 0.26220703125 0.7330729166666666 0.0361328125 0.0390625
7 0.26171875 0.7662760416666666 0.0234375 0.014322916666666666
7 0.30419921875 0.7389322916666666 0.0302734375 0.040364583333333336
0 0.30419921875 0.7330729166666666 0.0361328125 0.0390625
7 0.30419921875 0.7662760416666666 0.0244140625 0.014322916666666666
1 0.13037109375 0.83203125 0.2607421875 0.0390625
0 0.2060546875 0.8736979166666666 0.109375 0.026041666666666668
0 0.29638671875 0.83203125 0.0458984375 0.0390625
4 0.69970703125 0.7135416666666666 0.6005859375 0.4270833333333333
2 0.69970703125 0.5677083333333334 0.6005859375 0.13541666666666666
7 0.6455078125 0.677734375 0.4921875 0.08203125
7 0.5751953125 0.8346354166666666 0.099609375 0.03125
0 0.5751953125 0.8352864583333334 0.1484375 0.07161458333333333