3 0.14990234375 0.189453125 0.2998046875 0.37890625
7 0.1923828125 0.007161458333333333 0.21484375 0.014322916666666666
2 0.14990234375 0.09375 0.2998046875 0.041666666666666664
2 0.1689453125 0.197265625 0.201171875 0.12109375
0 0.16943359375 0.19791666666666666 0.2021484375 0.125
7 0.10107421875 0.2884114583333333 0.0654296875 0.01953125
7 0.14453125 0.2884114583333333 0.005859375 0.01953125
7 0.16796875 0.3014322916666667 0.19921875 0.045572916666666664
2 0.79833984375 0.07942708333333333 0.3779296875 0.07291666666666667
7 0.79833984375 0.19270833333333334 0.3779296875 0.125
6 0.6494140625 0.3059895833333333 0.080078125 0.026041666666666668
7 0.7080078125 0.3059895833333333 0.021484375 0.026041666666666668
0 0.82373046875 0.3033854166666667 0.1826171875 0.052083333333333336
4 0.4208984375 0.193359375 0.2421875 0.37109375
6 0.05810546875 0.3880208333333333 0.1162109375 0.018229166666666668
6 0.16162109375 0.3880208333333333 0.0458984375 0.018229166666666668
6 0.25341796875 0.3880208333333333 0.0927734375 0.018229166666666668
4 0.1005859375 0.6022135416666666 0.201171875 0.3033854166666667
2 0.0888671875 0.8919270833333334 0.177734375 0.21614583333333334
0 0.0888671875 0.8919270833333334 0.177734375 0.21614583333333334
2 0.2705078125 0.4915364583333333 0.05859375 0.01953125
7 0.2705078125 0.568359375 0.05859375 0.09244791666666667
7 0.2705078125 0.6712239583333334 0.05859375 0.06901041666666667
7 0.2705078125 0.7740885416666666 0.05859375 0.09244791666666667
2 0.28125 0.9401041666666666 0.037109375 0.026041666666666668
7 0.52880859375 0.3919270833333333 0.1220703125 0.026041666666666668
4 0.44482421875 0.708984375 0.2900390625 0.58203125
2 0.84228515625 0.4700520833333333 0.3056640625 0.15625
7 0.84765625 0.6354166666666666 0.189453125 0.028645833333333332
7 0.83837890625 0.6848958333333334 0.1708984375 0.028645833333333332
7 0.8583984375 0.734375 0.2109375 0.028645833333333332
0 0.84228515625 0.83984375 0.2880859375 0.078125
4 0.7119140625 0.9720052083333334 0.05859375 0.055989583333333336
0 0.7119140625 0.9720052083333334 0.09765625 0.055989583333333336
4 0.84228515625 0.9720052083333334 0.0595703125 0.055989583333333336
0 0.84228515625 0.9720052083333334 0.0986328125 0.055989583333333336
4 0.9716796875 0.9720052083333334 0.056640625 0.055989583333333336
0 0.9619140625 0.9720052083333334 0.076171875 0.055989583333333336