2 0.125 0.04296875 0.25 0.07291666666666667
2 0.08935546875 0.10546875 0.1787109375 0.07291666666666667
2 0.07666015625 0.16471354166666666 0.1533203125 0.029947916666666668
2 0.0361328125 0.19596354166666666 0.072265625 0.029947916666666668
7 0.0439453125 0.2701822916666667 0.087890625 0.029947916666666668
0 0.08447265625 0.2708333333333333 0.1689453125 0.06510416666666667
7 0.3271484375 0.5846354166666666 0.14453125 0.026041666666666668
0 0.31689453125 0.5846354166666666 0.1650390625 0.052083333333333336
0 0.54541015625 0.013020833333333334 0.1064453125 0.026041666666666668
0 0.64892578125 0.013020833333333334 0.1025390625 0.026041666666666668
0 0.7421875 0.013020833333333334 0.0859375 0.026041666666666668
0 0.81884765625 0.013020833333333334 0.0693359375 0.026041666666666668
0 0.88671875 0.013020833333333334 0.068359375 0.026041666666666668
0 0.9599609375 0.013020833333333334 0.080078125 0.026041666666666668
2 0.69970703125 0.16276041666666666 0.6005859375 0.0625
7 0.6953125 0.26171875 0.591796875 0.08333333333333333
2 0.69970703125 0.4192708333333333 0.6005859375 0.0234375
0 0.47607421875 0.607421875 0.1533203125 0.22265625
2 0.46630859375 0.595703125 0.1337890625 0.04296875
6 0.46630859375 0.6712239583333334 0.1337890625 0.09505208333333333
4 0.61376953125 0.53125 0.0634765625 0.08333333333333333
0 0.6767578125 0.5520833333333334 0.189453125 0.125
7 0.67919921875 0.5084635416666666 0.0380859375 0.037760416666666664
5 0.7158203125 0.5423177083333334 0.111328125 0.02734375
6 0.708984375 0.5950520833333334 0.09765625 0.0390625
4 0.86962890625 0.53125 0.0634765625 0.08333333333333333
0 0.9189453125 0.5657552083333334 0.162109375 0.15234375
7 0.9384765625 0.5084635416666666 0.044921875 0.037760416666666664
5 0.9580078125 0.5559895833333334 0.083984375 0.0546875
6 0.9580078125 0.6223958333333334 0.083984375 0.0390625
4 0.19970703125 0.859375 0.3994140625 0.28125
2 0.19970703125 0.9166666666666666 0.3994140625 0.036458333333333336
7 0.19970703125 0.953125 0.3994140625 0.036458333333333336
7 0.69970703125 0.7291666666666666 0.6005859375 0.020833333333333332
3 0.69970703125 0.8697916666666666 0.6005859375 0.2604166666666667