0 0.08935546875 0.00390625 0.1787109375 0.0078125
0 0.08935546875 0.018229166666666668 0.1787109375 0.0234375
0 0.08935546875 0.040364583333333336 0.1787109375 0.0234375
0 0.08935546875 0.0625 0.1787109375 0.0234375
0 0.08935546875 0.08463541666666667 0.1787109375 0.0234375
0 0.08935546875 0.10677083333333333 0.1787109375 0.0234375
0 0.08935546875 0.12890625 0.1787109375 0.0234375
0 0.08935546875 0.15104166666666666 0.1787109375 0.0234375
0 0.08935546875 0.17317708333333334 0.1787109375 0.0234375
0 0.08935546875 0.1953125 0.1787109375 0.0234375
0 0.08935546875 0.21744791666666666 0.1787109375 0.0234375
0 0.08935546875 0.23828125 0.1787109375 0.020833333333333332
0 0.08935546875 0.2578125 0.1787109375 0.020833333333333332
7 0.21533203125 0.21875 0.0478515625 0.020833333333333332
7 0.21533203125 0.3359375 0.0478515625 0.020833333333333332
4 0.11962890625 0.4615885416666667 0.2392578125 0.022135416666666668
7 0.11962890625 0.4986979166666667 0.2392578125 0.015625
7 0.61962890625 0.1171875 0.7607421875 0.041666666666666664
4 0.37109375 0.24283854166666666 0.1953125 0.15755208333333334
6 0.36962890625 0.3450520833333333 0.1103515625 0.0234375
4 0.60302734375 0.2421875 0.1962890625 0.15625
6 0.60205078125 0.34375 0.1259765625 0.0234375
4 0.8349609375 0.24283854166666666 0.1953125 0.15755208333333334
6 0.83349609375 0.3450520833333333 0.1005859375 0.0234375
6 0.71826171875 0.470703125 0.0908203125 0.022135416666666668
6 0.55029296875 0.5240885416666666 0.0830078125 0.022135416666666668
7 0.599609375 0.5240885416666666 0.017578125 0.022135416666666668
6 0.63427734375 0.5240885416666666 0.0556640625 0.022135416666666668
7 0.66943359375 0.5240885416666666 0.0166015625 0.022135416666666668
6 0.75341796875 0.5240885416666666 0.1513671875 0.022135416666666668
7 0.8369140625 0.5240885416666666 0.017578125 0.022135416666666668
6 0.88525390625 0.5240885416666666 0.0830078125 0.022135416666666668
7 0.71728515625 0.5423177083333334 0.4052734375 0.022135416666666668
4 0.009765625 0.9837239583333334 0.01953125 0.032552083333333336
4 0.61962890625 0.8248697916666666 0.7607421875 0.3502604166666667