4 0.3134765625 0.017578125 0.064453125 0.03515625
4 0.26953125 0.068359375 0.5390625 0.022135416666666668
7 0.26953125 0.10546875 0.5390625 0.015625
7 0.73876953125 0.177734375 0.3994140625 0.01953125
6 0.97021484375 0.177734375 0.0595703125 0.01953125
2 0.7060546875 0.2903645833333333 0.26953125 0.0703125
4 0.7060546875 0.3841145833333333 0.26953125 0.09114583333333333
0 0.7060546875 0.3841145833333333 0.26953125 0.09114583333333333
3 0.94287109375 0.3294270833333333 0.1142578125 0.20052083333333334
0 0.26953125 0.71484375 0.5390625 0.5703125
2 0.04345703125 0.72265625 0.0869140625 0.03125
2 0.1171875 0.79296875 0.234375 0.08854166666666667
7 0.12255859375 0.8984375 0.2451171875 0.09635416666666667
7 0.0078125 0.9322916666666666 0.015625 0.028645833333333332
7 0.2841796875 0.970703125 0.509765625 0.053385416666666664
2 0.78564453125 0.5846354166666666 0.4287109375 0.0703125
7 0.78564453125 0.671875 0.4287109375 0.078125
0 0.67041015625 0.77734375 0.1982421875 0.0546875