2 0.10498046875 0.201171875 0.2099609375 0.10026041666666667
7 0.08740234375 0.2916666666666667 0.1748046875 0.0546875
7 0.01318359375 0.3059895833333333 0.0263671875 0.026041666666666668
7 0.0615234375 0.3059895833333333 0.0703125 0.026041666666666668
7 0.09130859375 0.3346354166666667 0.1826171875 0.08333333333333333
4 0.3134765625 0.283203125 0.15234375 0.29296875
3 0.69482421875 0.14713541666666666 0.6103515625 0.2942708333333333
4 0.904296875 0.3821614583333333 0.19140625 0.09505208333333333
7 0.19482421875 0.4622395833333333 0.3896484375 0.020833333333333332
4 0.19482421875 0.5182291666666666 0.3896484375 0.06510416666666667
0 0.19482421875 0.5182291666666666 0.3896484375 0.06510416666666667
7 0.1650390625 0.51953125 0.291015625 0.03125
4 0.19482421875 0.8470052083333334 0.3896484375 0.3059895833333333
0 0.19482421875 0.7975260416666666 0.3896484375 0.4049479166666667
4 0.005859375 0.6048177083333334 0.01171875 0.014322916666666666
7 0.0361328125 0.6067708333333334 0.029296875 0.0234375
2 0.19482421875 0.6477864583333334 0.3896484375 0.05078125
3 0.31982421875 0.83984375 0.1396484375 0.3203125
0 0.44384765625 0.4524739583333333 0.0966796875 0.045572916666666664
0 0.5537109375 0.4524739583333333 0.1171875 0.045572916666666664
0 0.97900390625 0.4524739583333333 0.0419921875 0.045572916666666664
0 0.5830078125 0.5533854166666666 0.189453125 0.08072916666666667
0 0.71826171875 0.5533854166666666 0.0810546875 0.08072916666666667
0 0.81005859375 0.5533854166666666 0.1025390625 0.08072916666666667
0 0.919921875 0.5533854166666666 0.1171875 0.08072916666666667
6 0.4453125 0.650390625 0.111328125 0.02734375
7 0.61328125 0.650390625 0.224609375 0.02734375
6 0.76708984375 0.650390625 0.0830078125 0.02734375
7 0.810546875 0.650390625 0.00390625 0.02734375
2 0.58642578125 0.8203125 0.3935546875 0.0703125
7 0.58642578125 0.9075520833333334 0.3935546875 0.078125
7 0.91552734375 0.8736979166666666 0.1689453125 0.125
0 0.89501953125 0.978515625 0.1279296875 0.04296875