0 0.2236328125 0.046875 0.189453125 0.08072916666666667
0 0.35888671875 0.046875 0.0810546875 0.08072916666666667
0 0.44970703125 0.046875 0.1005859375 0.08072916666666667
6 0.07080078125 0.14388020833333334 0.1416015625 0.02734375
7 0.25390625 0.14388020833333334 0.224609375 0.02734375
6 0.40771484375 0.14388020833333334 0.0830078125 0.02734375
7 0.451171875 0.14388020833333334 0.00390625 0.02734375
2 0.2119140625 0.3138020833333333 0.423828125 0.0703125
7 0.2119140625 0.4010416666666667 0.423828125 0.078125
7 0.6015625 0.032552083333333336 0.041015625 0.026041666666666668
0 0.5859375 0.03515625 0.087890625 0.0703125
7 0.740234375 0.032552083333333336 0.08203125 0.026041666666666668
0 0.724609375 0.03515625 0.12890625 0.0703125
7 0.89501953125 0.032552083333333336 0.0732421875 0.026041666666666668
0 0.87939453125 0.03515625 0.1201171875 0.0703125
0 0.98486328125 0.03515625 0.0302734375 0.0703125
7 0.6083984375 0.10807291666666667 0.216796875 0.03125
7 0.75 0.14713541666666666 0.5 0.026041666666666668
6 0.52099609375 0.19401041666666666 0.0419921875 0.020833333333333332
2 0.6064453125 0.3053385416666667 0.212890625 0.03515625
7 0.75 0.33984375 0.5 0.026041666666666668
1 0.640625 0.4231770833333333 0.28125 0.06770833333333333
4 0.0634765625 0.48828125 0.126953125 0.0390625
0 0.0634765625 0.498046875 0.126953125 0.022135416666666668
4 0.0634765625 0.48828125 0.126953125 0.0390625
2 0.05322265625 0.4733072916666667 0.0947265625 0.009114583333333334
4 0.20947265625 0.48828125 0.1474609375 0.0390625
0 0.20947265625 0.498046875 0.1474609375 0.022135416666666668
4 0.20947265625 0.48828125 0.1474609375 0.0390625
4 0.20947265625 0.48828125 0.1474609375 0.0390625
2 0.20947265625 0.4791666666666667 0.1181640625 0.020833333333333332
4 0.36572265625 0.48828125 0.1474609375 0.0390625
0 0.36572265625 0.498046875 0.1474609375 0.022135416666666668
4 0.36572265625 0.48828125 0.1474609375 0.0390625
2 0.36572265625 0.4791666666666667 0.1181640625 0.020833333333333332
0 0.47412109375 0.498046875 0.0517578125 0.022135416666666668
2 0.2373046875 0.6145833333333334 0.474609375 0.08333333333333333
2 0.2373046875 0.693359375 0.474609375 0.037760416666666664
4 0.2099609375 0.89453125 0.3046875 0.2109375
4 0.2099609375 0.89453125 0.3046875 0.2109375
4 0.44091796875 0.89453125 0.1181640625 0.2109375
4 0.44091796875 0.89453125 0.1181640625 0.2109375
4 0.78515625 0.5572916666666666 0.4296875 0.17708333333333334
7 0.6162109375 0.7486979166666666 0.232421875 0.0234375
4 0.56982421875 0.9029947916666666 0.1259765625 0.16796875
4 0.9423828125 0.90234375 0.115234375 0.16666666666666666