2 0.23974609375 0.20442708333333334 0.4794921875 0.1484375
7 0.23876953125 0.3815104166666667 0.4775390625 0.10677083333333333
7 0.28173828125 0.4166666666666667 0.0810546875 0.041666666666666664
7 0.3251953125 0.4166666666666667 0.005859375 0.041666666666666664
7 0.23974609375 0.4869791666666667 0.4794921875 0.036458333333333336
7 0.23974609375 0.5540364583333334 0.4794921875 0.029947916666666668
4 0.59619140625 0.2578125 0.1337890625 0.515625
7 0.56103515625 0.484375 0.0634765625 0.020833333333333332
7 0.59814453125 0.484375 0.0126953125 0.020833333333333332
2 0.82177734375 0.03515625 0.2802734375 0.03125
7 0.82177734375 0.08984375 0.3193359375 0.046875
7 0.736328125 0.158203125 0.0625 0.022135416666666668
0 0.73974609375 0.158203125 0.1162109375 0.05859375
7 0.8857421875 0.158203125 0.091796875 0.022135416666666668
0 0.8896484375 0.158203125 0.146484375 0.05859375
2 0.82177734375 0.28125 0.2802734375 0.03125
7 0.82177734375 0.326171875 0.2802734375 0.02734375
6 0.84814453125 0.3736979166666667 0.1005859375 0.020833333333333332
6 0.86181640625 0.4114583333333333 0.1279296875 0.020833333333333332
6 0.87548828125 0.44921875 0.1552734375 0.020833333333333332
4 0.11474609375 0.7779947916666666 0.2294921875 0.41796875
4 0.11865234375 0.783203125 0.2373046875 0.4283854166666667
4 0.12109375 0.7845052083333334 0.2421875 0.4309895833333333
4 0.123046875 0.7845052083333334 0.24609375 0.4309895833333333
4 0.12451171875 0.7845052083333334 0.2490234375 0.4309895833333333
4 0.12548828125 0.7845052083333334 0.2509765625 0.4309895833333333
4 0.12646484375 0.7845052083333334 0.2529296875 0.4309895833333333
4 0.126953125 0.7845052083333334 0.25390625 0.4309895833333333
4 0.12744140625 0.7845052083333334 0.2548828125 0.4309895833333333
4 0.1279296875 0.7845052083333334 0.255859375 0.4309895833333333
7 0.7646484375 0.60546875 0.470703125 0.046875
6 0.80224609375 0.6197916666666666 0.0712890625 0.018229166666666668
7 0.75927734375 0.6341145833333334 0.4599609375 0.046875
7 0.67333984375 0.787109375 0.0185546875 0.029947916666666668
0 0.67333984375 0.787109375 0.0380859375 0.045572916666666664
7 0.72509765625 0.787109375 0.0302734375 0.029947916666666668
0 0.72509765625 0.787109375 0.0498046875 0.045572916666666664
7 0.79248046875 0.787109375 0.0498046875 0.029947916666666668
0 0.79248046875 0.787109375 0.0693359375 0.045572916666666664
7 0.865234375 0.787109375 0.041015625 0.029947916666666668
0 0.865234375 0.787109375 0.060546875 0.045572916666666664
7 0.94482421875 0.787109375 0.0634765625 0.029947916666666668
0 0.94482421875 0.787109375 0.0830078125 0.045572916666666664