4 0.26953125 0.20703125 0.5390625 0.4140625
0 0.26953125 0.20703125 0.5390625 0.4140625
4 0.5107421875 0.3704427083333333 0.009765625 0.014322916666666666
4 0.5263671875 0.3704427083333333 0.009765625 0.014322916666666666
4 0.5380859375 0.3704427083333333 0.001953125 0.014322916666666666
6 0.26953125 0.4342447916666667 0.5390625 0.02734375
4 0.33740234375 0.5390625 0.4033203125 0.11979166666666667
0 0.33740234375 0.5390625 0.4033203125 0.11979166666666667
2 0.63623046875 0.13736979166666666 0.1943359375 0.14453125
2 0.0302734375 0.6302083333333334 0.060546875 0.028645833333333332
0 0.0947265625 0.6692708333333334 0.189453125 0.036458333333333336
0 0.0947265625 0.7057291666666666 0.189453125 0.036458333333333336
0 0.0947265625 0.7421875 0.189453125 0.036458333333333336
0 0.0947265625 0.7786458333333334 0.189453125 0.036458333333333336
0 0.0947265625 0.8151041666666666 0.189453125 0.036458333333333336
0 0.0947265625 0.8515625 0.189453125 0.036458333333333336
0 0.0947265625 0.8880208333333334 0.189453125 0.036458333333333336
0 0.0947265625 0.9244791666666666 0.189453125 0.036458333333333336
0 0.0947265625 0.9609375 0.189453125 0.036458333333333336
0 0.0947265625 0.9895833333333334 0.189453125 0.020833333333333332
7 0.2236328125 0.6315104166666666 0.068359375 0.028645833333333332
7 0.3115234375 0.6315104166666666 0.1015625 0.028645833333333332
7 0.40966796875 0.6315104166666666 0.0888671875 0.028645833333333332
7 0.498046875 0.6315104166666666 0.08203125 0.028645833333333332
4 0.3642578125 0.8229166666666666 0.349609375 0.3541666666666667
7 0.76953125 0.6139322916666666 0.4609375 0.029947916666666668
7 0.76953125 0.7083333333333334 0.4609375 0.109375
6 0.72705078125 0.7493489583333334 0.1162109375 0.02734375
7 0.892578125 0.7493489583333334 0.21484375 0.02734375
7 0.63037109375 0.7962239583333334 0.1826171875 0.02734375
6 0.74951171875 0.7962239583333334 0.0556640625 0.02734375
7 0.76953125 0.8782552083333334 0.4609375 0.19140625
6 0.5830078125 0.9602864583333334 0.056640625 0.02734375