4 0.03857421875 0.048177083333333336 0.0771484375 0.052083333333333336
0 0.1552734375 0.06705729166666667 0.0703125 0.032552083333333336
6 0.26611328125 0.06705729166666667 0.0751953125 0.032552083333333336
4 0.24462890625 0.34765625 0.4892578125 0.4296875
0 0.24462890625 0.34765625 0.4892578125 0.4296875
7 0.03759765625 0.5826822916666666 0.0751953125 0.02734375
6 0.2861328125 0.5826822916666666 0.40625 0.02734375
4 0.74462890625 0.15559895833333334 0.5107421875 0.3111979166666667
6 0.5380859375 0.33984375 0.09765625 0.018229166666666668
6 0.74462890625 0.373046875 0.5107421875 0.022135416666666668
0 0.6123046875 0.478515625 0.068359375 0.032552083333333336
0 0.7109375 0.478515625 0.068359375 0.032552083333333336
0 0.802734375 0.478515625 0.0546875 0.032552083333333336
0 0.908203125 0.478515625 0.095703125 0.032552083333333336
7 0.74072265625 0.5904947916666666 0.5029296875 0.016927083333333332
0 0.458984375 0.6184895833333334 0.025390625 0.033854166666666664
0 0.48291015625 0.6184895833333334 0.0126953125 0.033854166666666664
7 0.16455078125 0.66796875 0.1396484375 0.028645833333333332
0 0.2919921875 0.66796875 0.39453125 0.028645833333333332
7 0.36181640625 0.66796875 0.2548828125 0.028645833333333332
6 0.04150390625 0.7369791666666666 0.0458984375 0.026041666666666668
6 0.10986328125 0.7369791666666666 0.0517578125 0.026041666666666668
6 0.169921875 0.7369791666666666 0.029296875 0.026041666666666668
0 0.2470703125 0.7369791666666666 0.05078125 0.028645833333333332
0 0.30859375 0.7369791666666666 0.04296875 0.028645833333333332
0 0.3427734375 0.921875 0.29296875 0.125
7 0.25634765625 0.994140625 0.1201171875 0.01171875
7 0.3642578125 0.994140625 0.095703125 0.01171875
2 0.74462890625 0.7688802083333334 0.5107421875 0.33984375
4 0.74462890625 0.7688802083333334 0.5107421875 0.33984375