4 0.27734375 0.06640625 0.083984375 0.07291666666666667
0 0.27734375 0.06640625 0.083984375 0.07291666666666667
6 0.046875 0.13411458333333334 0.09375 0.0390625
6 0.208984375 0.13411458333333334 0.09765625 0.0390625
4 0.15966796875 0.3196614583333333 0.3193359375 0.2981770833333333
0 0.15966796875 0.4342447916666667 0.3193359375 0.06901041666666667
7 0.451171875 0.1484375 0.232421875 0.2864583333333333
7 0.703125 0.0234375 0.193359375 0.0390625
7 0.78369140625 0.19466145833333334 0.3544921875 0.37890625
7 0.62548828125 0.18815104166666666 0.0302734375 0.040364583333333336
0 0.62548828125 0.18229166666666666 0.0361328125 0.0390625
7 0.62548828125 0.21549479166666666 0.0244140625 0.014322916666666666
7 0.66943359375 0.18815104166666666 0.0341796875 0.040364583333333336
0 0.66943359375 0.18229166666666666 0.0400390625 0.0390625
7 0.669921875 0.21549479166666666 0.01953125 0.014322916666666666
7 0.71435546875 0.18815104166666666 0.0302734375 0.040364583333333336
0 0.71435546875 0.18229166666666666 0.0361328125 0.0390625
7 0.7138671875 0.21549479166666666 0.0234375 0.014322916666666666
7 0.75634765625 0.18815104166666666 0.0302734375 0.040364583333333336
0 0.75634765625 0.18229166666666666 0.0361328125 0.0390625
7 0.755859375 0.21549479166666666 0.01953125 0.014322916666666666
7 0.79833984375 0.18815104166666666 0.0302734375 0.040364583333333336
0 0.79833984375 0.18229166666666666 0.0361328125 0.0390625
7 0.79833984375 0.21549479166666666 0.0224609375 0.014322916666666666
7 0.84033203125 0.18815104166666666 0.0302734375 0.040364583333333336
0 0.84033203125 0.18229166666666666 0.0361328125 0.0390625
7 0.8408203125 0.21549479166666666 0.0234375 0.014322916666666666
7 0.884765625 0.18815104166666666 0.03515625 0.040364583333333336
0 0.884765625 0.18229166666666666 0.041015625 0.0390625
7 0.88525390625 0.21549479166666666 0.0224609375 0.014322916666666666
7 0.93017578125 0.18815104166666666 0.0302734375 0.040364583333333336
0 0.93017578125 0.18229166666666666 0.0361328125 0.0390625
7 0.9296875 0.21549479166666666 0.0234375 0.014322916666666666
7 0.97216796875 0.18815104166666666 0.0302734375 0.040364583333333336
0 0.97216796875 0.18229166666666666 0.0361328125 0.0390625
7 0.97216796875 0.21549479166666666 0.0244140625 0.014322916666666666
1 0.77099609375 0.28125 0.3154296875 0.0390625
0 0.8740234375 0.3229166666666667 0.109375 0.026041666666666668
0 0.96435546875 0.28125 0.0458984375 0.0390625
2 0.669921875 0.458984375 0.66015625 0.01953125
2 0.125 0.759765625 0.25 0.03515625
4 0.125 0.8951822916666666 0.25 0.20963541666666666
0 0.125 0.8951822916666666 0.25 0.20963541666666666
2 0.65966796875 0.5501302083333334 0.6806640625 0.06380208333333333
1 0.65966796875 0.6595052083333334 0.6806640625 0.07421875
2 0.6357421875 0.9283854166666666 0.41796875 0.0234375
2 0.8857421875 0.9283854166666666 0.0859375 0.0234375
2 0.9345703125 0.9283854166666666 0.013671875 0.0234375
2 0.646484375 0.9674479166666666 0.654296875 0.0234375
2 0.98583984375 0.9674479166666666 0.0283203125 0.0234375