6 0.185546875 0.009765625 0.08203125 0.01953125
6 0.0078125 0.15885416666666666 0.015625 0.0625
6 0.11865234375 0.15885416666666666 0.1357421875 0.0625
6 0.24755859375 0.15885416666666666 0.0517578125 0.0625
7 0.3515625 0.07552083333333333 0.1328125 0.026041666666666668
7 0.49072265625 0.07552083333333333 0.0517578125 0.026041666666666668
2 0.10009765625 0.4641927083333333 0.2001953125 0.26171875
7 0.08642578125 0.6705729166666666 0.1728515625 0.09635416666666667
4 0.42333984375 0.416015625 0.0966796875 0.04296875
7 0.27978515625 0.5123697916666666 0.0302734375 0.02734375
7 0.76953125 0.041015625 0.4609375 0.061197916666666664
6 0.76953125 0.07291666666666667 0.4609375 0.059895833333333336
2 0.76953125 0.294921875 0.4609375 0.07942708333333333
7 0.638671875 0.373046875 0.19921875 0.03515625
6 0.82421875 0.373046875 0.173828125 0.03515625
0 0.6767578125 0.4537760416666667 0.1484375 0.05859375
2 0.84326171875 0.6888020833333334 0.3134765625 0.059895833333333336
0 0.84326171875 0.6888020833333334 0.3134765625 0.059895833333333336
4 0.02294921875 0.732421875 0.0458984375 0.02734375
1 0.2958984375 0.732421875 0.4765625 0.02734375
0 0.24755859375 0.9010416666666666 0.4951171875 0.19791666666666666
4 0.47802734375 0.9694010416666666 0.0224609375 0.053385416666666664
0 0.47802734375 0.9583333333333334 0.0439453125 0.08333333333333333
4 0.8642578125 0.8151041666666666 0.271484375 0.19270833333333334
0 0.8642578125 0.8151041666666666 0.271484375 0.19270833333333334
1 0.76953125 0.9147135416666666 0.4609375 0.04296875