7 0.41064453125 0.06380208333333333 0.0380859375 0.020833333333333332
0 0.404296875 0.06380208333333333 0.05078125 0.059895833333333336
0 0.41748046875 0.22005208333333334 0.0244140625 0.059895833333333336
2 0.2080078125 0.020182291666666668 0.416015625 0.040364583333333336
2 0.2080078125 0.05859375 0.416015625 0.026041666666666668
4 0.056640625 0.14973958333333334 0.0390625 0.052083333333333336
2 0.05859375 0.19921875 0.1171875 0.026041666666666668
4 0.05859375 0.22526041666666666 0.1171875 0.005208333333333333
4 0.208984375 0.14973958333333334 0.0390625 0.052083333333333336
2 0.208984375 0.19921875 0.1015625 0.026041666666666668
1 0.15234375 0.3079427083333333 0.3046875 0.02734375
7 0.0419921875 0.3990885416666667 0.083984375 0.02734375
7 0.0419921875 0.4231770833333333 0.083984375 0.0234375
7 0.2529296875 0.3990885416666667 0.103515625 0.02734375
7 0.2529296875 0.4231770833333333 0.103515625 0.0234375
1 0.609375 0.018880208333333332 0.359375 0.037760416666666664
0 0.93310546875 0.018880208333333332 0.0771484375 0.037760416666666664
2 0.45458984375 0.19596354166666666 0.0498046875 0.040364583333333336
2 0.45458984375 0.2109375 0.0498046875 0.015625
7 0.47705078125 0.369140625 0.0947265625 0.12369791666666667
2 0.77880859375 0.12890625 0.4423828125 0.057291666666666664
4 0.61865234375 0.26953125 0.0791015625 0.10416666666666667
7 0.74658203125 0.23502604166666666 0.1123046875 0.029947916666666668
7 0.8173828125 0.2526041666666667 0.25390625 0.06510416666666667
4 0.71630859375 0.3235677083333333 0.0205078125 0.024739583333333332
7 0.7861328125 0.3235677083333333 0.109375 0.024739583333333332
7 0.79736328125 0.4348958333333333 0.4052734375 0.06770833333333333
2 0.21484375 0.6569010416666666 0.4296875 0.07942708333333333
7 0.18212890625 0.7350260416666666 0.2958984375 0.03515625
6 0.37939453125 0.7350260416666666 0.1005859375 0.03515625
0 0.2685546875 0.8157552083333334 0.1484375 0.05859375
7 0.73046875 0.4772135416666667 0.5390625 0.016927083333333332
7 0.73046875 0.51171875 0.5390625 0.03125
7 0.76171875 0.5755208333333334 0.4765625 0.026041666666666668
0 0.54541015625 0.6015625 0.0439453125 0.026041666666666668
7 0.783203125 0.6015625 0.43359375 0.020833333333333332
7 0.74267578125 0.69921875 0.5146484375 0.03125
7 0.74267578125 0.7330729166666666 0.5146484375 0.026041666666666668
7 0.74267578125 0.8255208333333334 0.5146484375 0.03125
7 0.74267578125 0.859375 0.5146484375 0.026041666666666668