7 0.58544921875 0.032552083333333336 0.0888671875 0.020833333333333332
0 0.5791015625 0.032552083333333336 0.1015625 0.059895833333333336
7 0.5986328125 0.18880208333333334 0.0625 0.020833333333333332
0 0.59228515625 0.18880208333333334 0.0751953125 0.059895833333333336
2 0.28271484375 0.004557291666666667 0.5654296875 0.009114583333333334
2 0.28271484375 0.02734375 0.5654296875 0.026041666666666668
4 0.2060546875 0.11848958333333333 0.0390625 0.052083333333333336
2 0.2060546875 0.16796875 0.12109375 0.026041666666666668
4 0.2060546875 0.19401041666666666 0.12109375 0.005208333333333333
4 0.3583984375 0.11848958333333333 0.0390625 0.052083333333333336
2 0.3583984375 0.16796875 0.1015625 0.026041666666666668
1 0.2919921875 0.2766927083333333 0.32421875 0.02734375
7 0.181640625 0.3678385416666667 0.103515625 0.02734375
7 0.181640625 0.3919270833333333 0.103515625 0.0234375
7 0.40234375 0.3678385416666667 0.103515625 0.02734375
7 0.40234375 0.3919270833333333 0.103515625 0.0234375
7 0.15673828125 0.46875 0.0537109375 0.0234375
7 0.212890625 0.4934895833333333 0.166015625 0.0234375
7 0.42822265625 0.4694010416666667 0.0712890625 0.032552083333333336
0 0.42822265625 0.4700520833333333 0.1494140625 0.06510416666666667
4 0.93359375 0.029947916666666668 0.0234375 0.03125
0 0.93359375 0.029947916666666668 0.0390625 0.052083333333333336
0 0.982421875 0.029947916666666668 0.03515625 0.046875
7 0.80908203125 0.15755208333333334 0.3583984375 0.046875
7 0.80908203125 0.20703125 0.3583984375 0.03125
7 0.80908203125 0.2708333333333333 0.3583984375 0.026041666666666668
7 0.69970703125 0.296875 0.1396484375 0.020833333333333332
7 0.7255859375 0.39453125 0.19140625 0.03125
7 0.796875 0.4283854166666667 0.333984375 0.026041666666666668
7 0.72900390625 0.5208333333333334 0.1982421875 0.03125
7 0.796875 0.5546875 0.333984375 0.026041666666666668
7 0.06005859375 0.5813802083333334 0.1201171875 0.024739583333333332
0 0.16259765625 0.58203125 0.0869140625 0.026041666666666668
2 0.18994140625 0.6575520833333334 0.3798828125 0.0546875
7 0.2041015625 0.728515625 0.408203125 0.07942708333333333
2 0.19580078125 0.8359375 0.3916015625 0.03125
2 0.19580078125 0.8658854166666666 0.3916015625 0.03125
2 0.19580078125 0.8958333333333334 0.3916015625 0.03125
2 0.19580078125 0.92578125 0.3916015625 0.03125
0 0.37353515625 0.9518229166666666 0.0693359375 0.0234375
4 0.318359375 0.6875 0.240234375 0.23697916666666666
2 0.3154296875 0.8294270833333334 0.234375 0.0234375
7 0.3173828125 0.8795572916666666 0.23828125 0.06640625
6 0.30224609375 0.9010416666666666 0.0634765625 0.020833333333333332
4 0.5361328125 0.6875 0.1875 0.23697916666666666
2 0.5361328125 0.841796875 0.1875 0.048177083333333336
7 0.5361328125 0.904296875 0.1875 0.06640625
6 0.5361328125 0.935546875 0.1875 0.040364583333333336
7 0.7373046875 0.58984375 0.1171875 0.0234375
0 0.73828125 0.5924479166666666 0.216796875 0.046875
7 0.7373046875 0.6419270833333334 0.1171875 0.0234375
0 0.73828125 0.6419270833333334 0.216796875 0.052083333333333336
7 0.7373046875 0.6940104166666666 0.1171875 0.0234375
0 0.73828125 0.6940104166666666 0.216796875 0.052083333333333336
7 0.7373046875 0.74609375 0.1171875 0.0234375
0 0.73828125 0.74609375 0.216796875 0.052083333333333336
7 0.7373046875 0.7981770833333334 0.1171875 0.0234375
0 0.73828125 0.7981770833333334 0.216796875 0.052083333333333336
7 0.7373046875 0.8502604166666666 0.1171875 0.0234375
0 0.73828125 0.8502604166666666 0.216796875 0.052083333333333336
7 0.7373046875 0.90234375 0.1171875 0.0234375
0 0.73828125 0.90234375 0.216796875 0.052083333333333336
7 0.7373046875 0.9544270833333334 0.1171875 0.0234375
0 0.73828125 0.9544270833333334 0.216796875 0.052083333333333336
7 0.7373046875 0.9973958333333334 0.1171875 0.005208333333333333
0 0.73828125 0.990234375 0.216796875 0.01953125
7 0.9453125 0.5891927083333334 0.041015625 0.01953125
7 0.9951171875 0.5891927083333334 0.009765625 0.01953125
0 0.9580078125 0.642578125 0.06640625 0.022135416666666668
0 0.9580078125 0.697265625 0.06640625 0.022135416666666668
0 0.9580078125 0.751953125 0.06640625 0.022135416666666668
0 0.9580078125 0.806640625 0.06640625 0.022135416666666668
0 0.9580078125 0.861328125 0.06640625 0.022135416666666668
0 0.9580078125 0.916015625 0.06640625 0.022135416666666668
0 0.9580078125 0.970703125 0.06640625 0.022135416666666668