7 0.021484375 0.064453125 0.04296875 0.02734375
7 0.1162109375 0.064453125 0.099609375 0.02734375
7 0.23291015625 0.064453125 0.0869140625 0.02734375
7 0.36865234375 0.06966145833333333 0.1376953125 0.03515625
0 0.388671875 0.06966145833333333 0.177734375 0.03515625
7 0.46142578125 0.06575520833333333 0.0224609375 0.024739583333333332
7 0.091796875 0.14192708333333334 0.18359375 0.020833333333333332
1 0.091796875 0.1640625 0.18359375 0.0234375
7 0.33740234375 0.14192708333333334 0.2177734375 0.020833333333333332
0 0.33740234375 0.15364583333333334 0.2646484375 0.09114583333333333
7 0.33740234375 0.1640625 0.2177734375 0.0234375
7 0.525390625 0.14192708333333334 0.068359375 0.020833333333333332
0 0.513671875 0.15364583333333334 0.091796875 0.09114583333333333
7 0.525390625 0.1640625 0.068359375 0.0234375
2 0.20556640625 0.328125 0.4111328125 0.1171875
0 0.11865234375 0.5052083333333334 0.2373046875 0.12760416666666666
7 0.28515625 0.4778645833333333 0.03515625 0.026041666666666668
0 0.39990234375 0.5052083333333334 0.2958984375 0.12760416666666666
7 0.65576171875 0.01953125 0.0791015625 0.018229166666666668
0 0.67529296875 0.031901041666666664 0.1357421875 0.06380208333333333
7 0.6689453125 0.037760416666666664 0.10546875 0.020833333333333332
7 0.7783203125 0.01953125 0.05078125 0.018229166666666668
0 0.78271484375 0.031901041666666664 0.0771484375 0.06380208333333333
7 0.787109375 0.041666666666666664 0.068359375 0.026041666666666668
7 0.84423828125 0.01953125 0.0263671875 0.018229166666666668
0 0.85693359375 0.031901041666666664 0.0693359375 0.06380208333333333
7 0.8505859375 0.037760416666666664 0.0390625 0.020833333333333332
7 0.96240234375 0.037760416666666664 0.0458984375 0.020833333333333332
0 0.9462890625 0.031901041666666664 0.107421875 0.06380208333333333
4 0.92138671875 0.029947916666666668 0.0380859375 0.033854166666666664
7 0.5810546875 0.030598958333333332 0.021484375 0.02734375
1 0.58154296875 0.029947916666666668 0.0439453125 0.052083333333333336
7 0.67578125 0.10416666666666667 0.109375 0.0390625
0 0.67578125 0.10481770833333333 0.111328125 0.04296875
7 0.6484375 0.14713541666666666 0.078125 0.015625
6 0.71630859375 0.14713541666666666 0.0517578125 0.015625
4 0.8095703125 0.09440104166666667 0.380859375 0.05078125
0 0.8095703125 0.09440104166666667 0.380859375 0.05078125
6 0.970703125 0.34375 0.033203125 0.06770833333333333
0 0.9658203125 0.34375 0.068359375 0.3255208333333333
7 0.65087890625 0.5319010416666666 0.1826171875 0.01953125
6 0.77880859375 0.5319010416666666 0.0693359375 0.01953125
2 0.12548828125 0.5807291666666666 0.2509765625 0.0234375
4 0.0546875 0.6725260416666666 0.109375 0.13411458333333334
0 0.05517578125 0.6725260416666666 0.1103515625 0.13411458333333334
7 0.04638671875 0.7532552083333334 0.0927734375 0.024739583333333332
4 0.18603515625 0.6725260416666666 0.1279296875 0.13411458333333334
0 0.1865234375 0.6725260416666666 0.12890625 0.13411458333333334
7 0.16748046875 0.7532552083333334 0.0908203125 0.024739583333333332
4 0.0546875 0.865234375 0.109375 0.13411458333333334
0 0.05517578125 0.865234375 0.1103515625 0.13411458333333334
4 0.18603515625 0.865234375 0.1279296875 0.13411458333333334
0 0.1865234375 0.865234375 0.12890625 0.13411458333333334
7 0.14892578125 0.9459635416666666 0.0537109375 0.024739583333333332
0 0.12548828125 0.99609375 0.2509765625 0.0078125
4 0.43408203125 0.7682291666666666 0.2509765625 0.3958333333333333
0 0.43408203125 0.7682291666666666 0.2509765625 0.3958333333333333
0 0.43408203125 0.99609375 0.2509765625 0.0078125
4 0.66357421875 0.599609375 0.2080078125 0.061197916666666664
0 0.66357421875 0.599609375 0.2080078125 0.061197916666666664
3 0.77978515625 0.7265625 0.4404296875 0.1171875
7 0.611328125 0.8391927083333334 0.103515625 0.05859375
7 0.7080078125 0.8404947916666666 0.08984375 0.055989583333333336
7 0.8203125 0.8391927083333334 0.134765625 0.05859375
7 0.77978515625 0.8743489583333334 0.4404296875 0.12369791666666667
7 0.67041015625 0.966796875 0.2216796875 0.029947916666666668
6 0.8212890625 0.966796875 0.080078125 0.029947916666666668
7 0.8662109375 0.966796875 0.009765625 0.029947916666666668
6 0.8994140625 0.966796875 0.056640625 0.029947916666666668
7 0.9326171875 0.966796875 0.009765625 0.029947916666666668
6 0.9658203125 0.966796875 0.056640625 0.029947916666666668