7 0.22705078125 0.52734375 0.4541015625 0.10416666666666667
0 0.5546875 0.5533854166666666 0.0703125 0.052083333333333336
1 0.08642578125 0.009765625 0.1728515625 0.01953125
0 0.326171875 0.021484375 0.263671875 0.04296875
7 0.326171875 0.009765625 0.216796875 0.01953125
0 0.52294921875 0.021484375 0.1337890625 0.04296875
7 0.53466796875 0.009765625 0.1103515625 0.01953125
2 0.21875 0.171875 0.4375 0.1171875
0 0.11376953125 0.4322916666666667 0.2275390625 0.2942708333333333
7 0.06640625 0.5709635416666666 0.1328125 0.016927083333333332
7 0.28857421875 0.3216145833333333 0.0615234375 0.026041666666666668
0 0.39013671875 0.4322916666666667 0.2958984375 0.2942708333333333
7 0.36474609375 0.5709635416666666 0.2138671875 0.016927083333333332
4 0.7021484375 0.007161458333333333 0.11328125 0.014322916666666666
2 0.794921875 0.07421875 0.41015625 0.06770833333333333
2 0.794921875 0.14322916666666666 0.41015625 0.03125
4 0.7021484375 0.29296875 0.09375 0.125
1 0.712890625 0.4049479166666667 0.24609375 0.057291666666666664
1 0.712890625 0.4654947916666667 0.24609375 0.048177083333333336
0 0.7890625 0.51171875 0.09375 0.020833333333333332
0 0.02392578125 0.66015625 0.0478515625 0.026041666666666668
0 0.1064453125 0.66015625 0.05859375 0.026041666666666668
0 0.18359375 0.66015625 0.037109375 0.026041666666666668
7 0.294921875 0.7897135416666666 0.58984375 0.4205729166666667
4 0.794921875 0.787109375 0.41015625 0.4153645833333333
4 0.794921875 0.9622395833333334 0.41015625 0.06510416666666667
7 0.794921875 0.9622395833333334 0.41015625 0.06510416666666667