2 0.1591796875 0.045572916666666664 0.318359375 0.09114583333333333
1 0.0439453125 0.162109375 0.087890625 0.061197916666666664
2 0.158203125 0.162109375 0.095703125 0.037760416666666664
0 0.158203125 0.162109375 0.126953125 0.061197916666666664
0 0.01171875 0.22591145833333334 0.0234375 0.03515625
4 0.4130859375 0.15559895833333334 0.173828125 0.3111979166666667
4 0.25 0.4440104166666667 0.5 0.059895833333333336
4 0.25 0.53125 0.5 0.09635416666666667
4 0.25 0.5384114583333334 0.5 0.08203125
0 0.54150390625 0.0546875 0.0634765625 0.057291666666666664
0 0.65673828125 0.0546875 0.0595703125 0.057291666666666664
0 0.75927734375 0.0546875 0.0380859375 0.057291666666666664
0 0.8603515625 0.0546875 0.056640625 0.057291666666666664
0 0.97119140625 0.0546875 0.0576171875 0.057291666666666664
0 0.7080078125 0.11197916666666667 0.359375 0.026041666666666668
6 0.53173828125 0.16927083333333334 0.0634765625 0.020833333333333332
7 0.744140625 0.16927083333333334 0.36328125 0.020833333333333332
2 0.75 0.3138020833333333 0.5 0.0625
2 0.7080078125 0.3880208333333333 0.341796875 0.07291666666666667
7 0.58447265625 0.4485677083333333 0.0439453125 0.02734375
7 0.64306640625 0.44921875 0.0751953125 0.033854166666666664
7 0.6923828125 0.4485677083333333 0.025390625 0.02734375
7 0.7255859375 0.44921875 0.041015625 0.033854166666666664
7 0.796875 0.4485677083333333 0.103515625 0.02734375
6 0.8515625 0.4446614583333333 0.005859375 0.016927083333333332
6 0.671875 0.4973958333333333 0.115234375 0.033854166666666664
6 0.7763671875 0.4973958333333333 0.048828125 0.033854166666666664
7 0.75 0.4635416666666667 0.5 0.23177083333333334
0 0.0126953125 0.642578125 0.0078125 0.01171875
0 0.0361328125 0.642578125 0.0078125 0.01171875
4 0.0908203125 0.6477864583333334 0.0234375 0.032552083333333336
0 0.0869140625 0.642578125 0.0234375 0.032552083333333336
7 0.25 0.83203125 0.5 0.3359375
7 0.1513671875 0.7578125 0.2265625 0.0625
7 0.1513671875 0.8307291666666666 0.2265625 0.0625
0 0.1513671875 0.9244791666666666 0.17578125 0.041666666666666664
7 0.39013671875 0.7578125 0.2197265625 0.0625
7 0.39013671875 0.8307291666666666 0.2197265625 0.0625
0 0.3935546875 0.9244791666666666 0.201171875 0.041666666666666664
7 0.69580078125 0.611328125 0.3916015625 0.06380208333333333
0 0.75 0.6119791666666666 0.5 0.06510416666666667
7 0.96435546875 0.583984375 0.0712890625 0.009114583333333334
7 0.93310546875 0.6009114583333334 0.0283203125 0.02734375
7 0.93310546875 0.619140625 0.0283203125 0.01171875
6 0.95068359375 0.6022135416666666 0.0087890625 0.029947916666666668
7 0.96533203125 0.6009114583333334 0.0224609375 0.02734375
7 0.96533203125 0.619140625 0.0224609375 0.01171875
6 0.97998046875 0.6022135416666666 0.0087890625 0.029947916666666668
7 0.99169921875 0.6009114583333334 0.0166015625 0.02734375
7 0.99169921875 0.619140625 0.0166015625 0.01171875
7 0.54345703125 0.7747395833333334 0.0869140625 0.020833333333333332
0 0.75 0.8235677083333334 0.5 0.3528645833333333
6 0.623046875 0.7747395833333334 0.072265625 0.020833333333333332
7 0.6083984375 0.8990885416666666 0.216796875 0.18880208333333334