4 0.2646484375 0.2747395833333333 0.529296875 0.5494791666666666
4 0.2646484375 0.2747395833333333 0.529296875 0.5494791666666666
4 0.384765625 0.095703125 0.1640625 0.048177083333333336
7 0.416015625 0.158203125 0.2265625 0.037760416666666664
1 0.4169921875 0.21549479166666666 0.224609375 0.048177083333333336
6 0.3740234375 0.2721354166666667 0.138671875 0.020833333333333332
6 0.34375 0.3190104166666667 0.078125 0.020833333333333332
0 0.77685546875 0.040364583333333336 0.1259765625 0.033854166666666664
0 0.8701171875 0.040364583333333336 0.056640625 0.033854166666666664
0 0.9501953125 0.040364583333333336 0.099609375 0.033854166666666664
6 0.54541015625 0.11848958333333333 0.0322265625 0.06770833333333333
0 0.556640625 0.140625 0.0546875 0.28125
7 0.84375 0.306640625 0.3125 0.01953125
2 0.67919921875 0.4192708333333333 0.2685546875 0.0703125
4 0.6787109375 0.5084635416666666 0.26953125 0.08203125
0 0.67919921875 0.5084635416666666 0.2685546875 0.08203125
2 0.935546875 0.4192708333333333 0.12890625 0.0703125
7 0.11865234375 0.556640625 0.2177734375 0.014322916666666666
1 0.11865234375 0.5755208333333334 0.2177734375 0.0234375
7 0.38134765625 0.556640625 0.2177734375 0.014322916666666666
0 0.38134765625 0.580078125 0.2646484375 0.061197916666666664
7 0.38134765625 0.5755208333333334 0.2177734375 0.0234375
2 0.2275390625 0.7395833333333334 0.455078125 0.1171875
7 0.01904296875 0.8893229166666666 0.0341796875 0.026041666666666668
0 0.140625 0.9264322916666666 0.28125 0.14713541666666666
7 0.3291015625 0.8893229166666666 0.03515625 0.026041666666666668
0 0.41259765625 0.9264322916666666 0.2333984375 0.14713541666666666
2 0.69873046875 0.73046875 0.3388671875 0.1484375
7 0.69775390625 0.9075520833333334 0.3369140625 0.10677083333333333
7 0.67041015625 0.9427083333333334 0.0810546875 0.041666666666666664
7 0.7138671875 0.9427083333333334 0.005859375 0.041666666666666664
2 0.96044921875 0.7161458333333334 0.0791015625 0.0390625
1 0.96044921875 0.8229166666666666 0.0791015625 0.057291666666666664
1 0.96044921875 0.8997395833333334 0.0791015625 0.057291666666666664
1 0.96044921875 0.9739583333333334 0.0791015625 0.052083333333333336