4 0.28466796875 0.23958333333333334 0.5693359375 0.4791666666666667
4 0.28466796875 0.23958333333333334 0.5693359375 0.4791666666666667
1 0.40625 0.031901041666666664 0.326171875 0.048177083333333336
6 0.3125 0.08854166666666667 0.138671875 0.020833333333333332
6 0.2822265625 0.13541666666666666 0.078125 0.020833333333333332
1 0.5244140625 0.20377604166666666 0.08984375 0.04296875
2 0.78466796875 0.11002604166666667 0.4306640625 0.22005208333333334
4 0.78466796875 0.11002604166666667 0.4306640625 0.22005208333333334
2 0.78466796875 0.3821614583333333 0.4306640625 0.19401041666666666
7 0.94775390625 0.298828125 0.1044921875 0.02734375
4 0.59814453125 0.4453125 0.0576171875 0.06770833333333333
0 0.7294921875 0.4283854166666667 0.3203125 0.1015625
6 0.75390625 0.419921875 0.22265625 0.02734375
6 0.75390625 0.4498697916666667 0.22265625 0.024739583333333332
6 0.6708984375 0.474609375 0.056640625 0.009114583333333334
7 0.724609375 0.474609375 0.044921875 0.009114583333333334
7 0.76953125 0.474609375 0.044921875 0.009114583333333334
4 0.9619140625 0.4453125 0.05859375 0.06770833333333333
0 0.9541015625 0.4283854166666667 0.091796875 0.1015625
2 0.03369140625 0.6510416666666666 0.0673828125 0.0234375
2 0.03173828125 0.7096354166666666 0.0634765625 0.0234375
2 0.03076171875 0.7669270833333334 0.0615234375 0.0234375
2 0.0439453125 0.8841145833333334 0.087890625 0.0234375
4 0.27978515625 0.5227864583333334 0.3896484375 0.08723958333333333
7 0.40625 0.5572916666666666 0.13671875 0.015625
2 0.2666015625 0.642578125 0.36328125 0.12369791666666667
7 0.27978515625 0.7376302083333334 0.3896484375 0.048177083333333336
7 0.27978515625 0.7845052083333334 0.3896484375 0.02734375
6 0.267578125 0.83984375 0.365234375 0.049479166666666664
6 0.27587890625 0.9075520833333334 0.3818359375 0.049479166666666664
6 0.53125 0.494140625 0.076171875 0.022135416666666668
4 0.53125 0.6243489583333334 0.076171875 0.17057291666666666
0 0.49365234375 0.5384114583333334 0.0009765625 0.0013020833333333333
2 0.53125 0.7552083333333334 0.076171875 0.07291666666666667
7 0.53125 0.8118489583333334 0.076171875 0.02734375
0 0.08544921875 0.9837239583333334 0.0009765625 0.0013020833333333333
0 0.41259765625 0.9837239583333334 0.0009765625 0.0013020833333333333
4 0.77734375 0.583984375 0.416015625 0.20963541666666666
0 0.841796875 0.8079427083333334 0.2578125 0.07942708333333333
0 0.626953125 0.8079427083333334 0.115234375 0.07942708333333333
0 0.78466796875 0.97265625 0.4306640625 0.0546875