2 0.3203125 0.008463541666666666 0.138671875 0.016927083333333332
2 0.43408203125 0.008463541666666666 0.0908203125 0.016927083333333332
2 0.60498046875 0.008463541666666666 0.2529296875 0.016927083333333332
7 0.14599609375 0.06315104166666667 0.0986328125 0.040364583333333336
1 0.48583984375 0.06380208333333333 0.5380859375 0.059895833333333336
0 0.7978515625 0.06966145833333333 0.04296875 0.07161458333333333
2 0.35498046875 0.23372395833333334 0.1201171875 0.045572916666666664
2 0.55029296875 0.23372395833333334 0.2744140625 0.045572916666666664
2 0.4912109375 0.32421875 0.5859375 0.08333333333333333
2 0.90966796875 0.049479166666666664 0.1806640625 0.09895833333333333
2 0.90966796875 0.17838541666666666 0.1806640625 0.1171875
7 0.5615234375 0.388671875 0.341796875 0.024739583333333332
0 0.45751953125 0.443359375 0.1337890625 0.045572916666666664
4 0.33203125 0.54296875 0.013671875 0.018229166666666668
4 0.361328125 0.54296875 0.013671875 0.018229166666666668
4 0.390625 0.54296875 0.013671875 0.018229166666666668
4 0.419921875 0.54296875 0.013671875 0.018229166666666668
6 0.10400390625 0.6197916666666666 0.2080078125 0.028645833333333332
0 0.10400390625 0.634765625 0.2080078125 0.05859375
7 0.06982421875 0.6484375 0.1396484375 0.03125
4 0.26708984375 0.6341145833333334 0.0673828125 0.08854166666666667
6 0.4189453125 0.6197916666666666 0.19921875 0.028645833333333332
0 0.4189453125 0.634765625 0.19921875 0.05859375
7 0.3701171875 0.6484375 0.1015625 0.03125
4 0.58740234375 0.6341145833333334 0.0673828125 0.08854166666666667
6 0.7294921875 0.6197916666666666 0.1796875 0.028645833333333332
0 0.7294921875 0.634765625 0.1796875 0.05859375
7 0.7294921875 0.6484375 0.1796875 0.03125
4 0.10205078125 0.8346354166666666 0.2041015625 0.1484375
0 0.10205078125 0.8346354166666666 0.2041015625 0.1484375
2 0.09326171875 0.9641927083333334 0.1865234375 0.06640625
4 0.3759765625 0.8346354166666666 0.287109375 0.1484375
0 0.3759765625 0.8346354166666666 0.287109375 0.1484375
2 0.3759765625 0.9641927083333334 0.251953125 0.06640625
4 0.68359375 0.8346354166666666 0.271484375 0.1484375
0 0.68359375 0.8346354166666666 0.271484375 0.1484375
2 0.69140625 0.9654947916666666 0.251953125 0.06901041666666667
0 0.69140625 0.931640625 0.251953125 0.0013020833333333333
0 0.9462890625 0.45703125 0.107421875 0.033854166666666664
7 0.8837890625 0.6888020833333334 0.01171875 0.015625
7 0.91845703125 0.6888020833333334 0.0595703125 0.015625
6 0.9853515625 0.6888020833333334 0.029296875 0.015625