7 0.19970703125 0.031901041666666664 0.3994140625 0.053385416666666664
6 0.35693359375 0.048177083333333336 0.0849609375 0.020833333333333332
0 0.234375 0.14908854166666666 0.255859375 0.061197916666666664
2 0.06640625 0.322265625 0.1328125 0.045572916666666664
2 0.17724609375 0.322265625 0.0908203125 0.045572916666666664
2 0.310546875 0.322265625 0.177734375 0.045572916666666664
1 0.19970703125 0.3919270833333333 0.3994140625 0.059895833333333336
7 0.4169921875 0.02734375 0.03515625 0.026041666666666668
0 0.421875 0.02734375 0.044921875 0.052083333333333336
6 0.40478515625 0.11328125 0.0107421875 0.0625
6 0.458984375 0.11328125 0.02734375 0.0625
6 0.57568359375 0.11328125 0.1357421875 0.0625
6 0.70458984375 0.11328125 0.0517578125 0.0625
7 0.80859375 0.029947916666666668 0.1328125 0.026041666666666668
7 0.94775390625 0.029947916666666668 0.0517578125 0.026041666666666668
2 0.5283203125 0.3984375 0.2578125 0.22135416666666666
4 0.88037109375 0.3704427083333333 0.0966796875 0.04296875
7 0.73681640625 0.466796875 0.0302734375 0.02734375
4 0.1123046875 0.5807291666666666 0.224609375 0.14322916666666666
0 0.1123046875 0.583984375 0.224609375 0.14973958333333334
7 0.0537109375 0.6966145833333334 0.107421875 0.0234375
0 0.0537109375 0.73828125 0.107421875 0.033854166666666664
0 0.0537109375 0.7734375 0.107421875 0.033854166666666664
7 0.0166015625 0.80859375 0.033203125 0.026041666666666668
0 0.0537109375 0.80859375 0.107421875 0.033854166666666664
7 0.03173828125 0.84375 0.0634765625 0.026041666666666668
0 0.0537109375 0.84375 0.107421875 0.033854166666666664
7 0.03173828125 0.87890625 0.0634765625 0.026041666666666668
0 0.0537109375 0.87890625 0.107421875 0.033854166666666664
0 0.0537109375 0.9140625 0.107421875 0.033854166666666664
0 0.0537109375 0.94921875 0.107421875 0.033854166666666664
0 0.0537109375 0.9837239583333334 0.107421875 0.032552083333333336
7 0.26806640625 0.6920572916666666 0.2626953125 0.055989583333333336
7 0.26806640625 0.7506510416666666 0.2626953125 0.037760416666666664
7 0.26806640625 0.8489583333333334 0.2626953125 0.109375
6 0.3583984375 0.8899739583333334 0.08203125 0.02734375
7 0.25341796875 0.9368489583333334 0.2333984375 0.02734375
6 0.384765625 0.9368489583333334 0.029296875 0.02734375
2 0.072265625 0.53515625 0.14453125 0.026041666666666668
7 0.06884765625 0.6217447916666666 0.1376953125 0.12369791666666667
7 0.10498046875 0.71484375 0.0791015625 0.041666666666666664
7 0.072265625 0.76953125 0.14453125 0.041666666666666664
6 0.6689453125 0.533203125 0.5390625 0.01953125
7 0.939453125 0.533203125 0.00390625 0.01953125
6 0.451171875 0.5983072916666666 0.025390625 0.01953125
6 0.51025390625 0.5983072916666666 0.0458984375 0.01953125
6 0.5673828125 0.5983072916666666 0.029296875 0.01953125
7 0.6279296875 0.5983072916666666 0.052734375 0.01953125
6 0.8349609375 0.59765625 0.021484375 0.020833333333333332
7 0.92138671875 0.5970052083333334 0.0380859375 0.022135416666666668
4 0.58203125 0.8333333333333334 0.365234375 0.3333333333333333
0 0.58203125 0.8333333333333334 0.365234375 0.3333333333333333
2 0.892578125 0.7356770833333334 0.1953125 0.11197916666666667
7 0.8974609375 0.8346354166666666 0.205078125 0.0546875
6 0.8974609375 0.9296875 0.205078125 0.020833333333333332
7 0.8974609375 0.9583333333333334 0.205078125 0.028645833333333332