4 0.5869140625 0.033854166666666664 0.0390625 0.06770833333333333
0 0.5869140625 0.033854166666666664 0.0390625 0.06770833333333333
0 0.5068359375 0.034505208333333336 0.046875 0.032552083333333336
0 0.43408203125 0.034505208333333336 0.0458984375 0.032552083333333336
0 0.36572265625 0.034505208333333336 0.0380859375 0.032552083333333336
0 0.30126953125 0.034505208333333336 0.0380859375 0.032552083333333336
0 0.22314453125 0.034505208333333336 0.0654296875 0.032552083333333336
0 0.1474609375 0.034505208333333336 0.033203125 0.032552083333333336
0 0.080078125 0.034505208333333336 0.048828125 0.032552083333333336
0 0.0146484375 0.034505208333333336 0.029296875 0.032552083333333336
4 0.3232421875 0.3248697916666667 0.490234375 0.3684895833333333
2 0.81494140625 0.024088541666666668 0.3701171875 0.048177083333333336
7 0.64794921875 0.01953125 0.0361328125 0.026041666666666668
0 0.6572265625 0.024088541666666668 0.0546875 0.048177083333333336
7 0.7578125 0.01953125 0.107421875 0.026041666666666668
0 0.75732421875 0.024088541666666668 0.1455078125 0.048177083333333336
7 0.9248046875 0.01953125 0.150390625 0.026041666666666668
0 0.9150390625 0.024088541666666668 0.169921875 0.048177083333333336
4 0.806640625 0.23763020833333334 0.353515625 0.3502604166666667
2 0.8017578125 0.3802083333333333 0.34375 0.028645833333333332
0 0.92236328125 0.451171875 0.1025390625 0.03515625
0 0.91455078125 0.4954427083333333 0.1201171875 0.055989583333333336
7 0.8017578125 0.4654947916666667 0.34375 0.06380208333333333
7 0.6484375 0.556640625 0.037109375 0.01953125
7 0.70849609375 0.556640625 0.0849609375 0.01953125
0 0.64111328125 0.5540364583333334 0.0107421875 0.014322916666666666
0 0.65673828125 0.5540364583333334 0.0107421875 0.014322916666666666
0 0.67236328125 0.5540364583333334 0.0107421875 0.014322916666666666
0 0.68798828125 0.5540364583333334 0.0107421875 0.014322916666666666
0 0.70361328125 0.5540364583333334 0.0107421875 0.014322916666666666
0 0.71923828125 0.5540364583333334 0.0107421875 0.014322916666666666
4 0.04443359375 0.8561197916666666 0.0888671875 0.2877604166666667
6 0.162109375 0.599609375 0.0859375 0.01953125
2 0.216796875 0.716796875 0.1953125 0.15234375
6 0.15478515625 0.8177083333333334 0.0712890625 0.020833333333333332
2 0.201171875 0.8860677083333334 0.1640625 0.053385416666666664
6 0.16259765625 0.9375 0.0869140625 0.020833333333333332
2 0.21435546875 0.9895833333333334 0.1904296875 0.020833333333333332
7 0.3994140625 0.62109375 0.09765625 0.026041666666666668
7 0.490234375 0.64453125 0.279296875 0.020833333333333332
0 0.4169921875 0.703125 0.1328125 0.0546875
0 0.9443359375 0.6276041666666666 0.111328125 0.028645833333333332
7 0.986328125 0.6705729166666666 0.02734375 0.020833333333333332
7 0.9521484375 0.6705729166666666 0.03515625 0.020833333333333332
4 0.7685546875 0.6477864583333334 0.205078125 0.11588541666666667
4 0.7685546875 0.6302083333333334 0.185546875 0.08072916666666667
2 0.8642578125 0.6276041666666666 0.013671875 0.026041666666666668
0 0.775390625 0.6276041666666666 0.19140625 0.028645833333333332
7 0.857421875 0.6705729166666666 0.02734375 0.020833333333333332
7 0.82666015625 0.6705729166666666 0.0283203125 0.020833333333333332
7 0.791015625 0.6705729166666666 0.037109375 0.020833333333333332
7 0.75048828125 0.6705729166666666 0.0380859375 0.020833333333333332
2 0.6484375 0.6276041666666666 0.02734375 0.026041666666666668
7 0.6484375 0.6705729166666666 0.02734375 0.020833333333333332
4 0.9375 0.8704427083333334 0.125 0.15755208333333334
0 0.9375 0.8704427083333334 0.125 0.15755208333333334
7 0.89697265625 0.9270833333333334 0.0302734375 0.026041666666666668
2 0.94775390625 0.9752604166666666 0.1044921875 0.026041666666666668
0 0.9443359375 0.9752604166666666 0.111328125 0.028645833333333332
4 0.7685546875 0.8704427083333334 0.205078125 0.15755208333333334
0 0.7685546875 0.8704427083333334 0.205078125 0.15755208333333334
7 0.69189453125 0.9270833333333334 0.0380859375 0.026041666666666668
2 0.81494140625 0.9752604166666666 0.1123046875 0.026041666666666668
0 0.775390625 0.9752604166666666 0.19140625 0.028645833333333332