4 0.154296875 0.03515625 0.30859375 0.0703125
0 0.154296875 0.038411458333333336 0.30859375 0.07682291666666667
7 0.095703125 0.11458333333333333 0.19140625 0.0234375
0 0.095703125 0.15625 0.19140625 0.033854166666666664
7 0.00390625 0.19140625 0.0078125 0.026041666666666668
0 0.095703125 0.19140625 0.19140625 0.033854166666666664
7 0.05859375 0.2265625 0.1171875 0.026041666666666668
0 0.095703125 0.2265625 0.19140625 0.033854166666666664
7 0.07373046875 0.26171875 0.1474609375 0.026041666666666668
0 0.095703125 0.26171875 0.19140625 0.033854166666666664
7 0.07373046875 0.296875 0.1474609375 0.026041666666666668
0 0.095703125 0.296875 0.19140625 0.033854166666666664
7 0.046875 0.33203125 0.09375 0.026041666666666668
0 0.095703125 0.33203125 0.19140625 0.033854166666666664
7 0.04638671875 0.3671875 0.0927734375 0.026041666666666668
0 0.095703125 0.3671875 0.19140625 0.033854166666666664
7 0.044921875 0.40234375 0.08984375 0.026041666666666668
0 0.095703125 0.40234375 0.19140625 0.033854166666666664
7 0.044921875 0.4375 0.08984375 0.026041666666666668
0 0.095703125 0.4375 0.19140625 0.033854166666666664
7 0.041015625 0.47265625 0.08203125 0.026041666666666668
0 0.095703125 0.47265625 0.19140625 0.033854166666666664
7 0.0341796875 0.5078125 0.068359375 0.026041666666666668
0 0.095703125 0.5078125 0.19140625 0.033854166666666664
7 0.03564453125 0.54296875 0.0712890625 0.026041666666666668
0 0.095703125 0.54296875 0.19140625 0.033854166666666664
7 0.2802734375 0.3548177083333333 0.119140625 0.02734375
6 0.3134765625 0.5188802083333334 0.052734375 0.02734375
7 0.11083984375 0.05078125 0.2216796875 0.1015625
7 0.0126953125 0.1328125 0.025390625 0.041666666666666664
7 0.18896484375 0.1328125 0.0791015625 0.041666666666666664
7 0.1142578125 0.1875 0.228515625 0.041666666666666664
4 0.669921875 0.2877604166666667 0.66015625 0.5755208333333334
2 0.4091796875 0.029947916666666668 0.115234375 0.0234375
0 0.4150390625 0.03125 0.150390625 0.046875
2 0.54248046875 0.029947916666666668 0.0693359375 0.0234375
0 0.544921875 0.03125 0.111328125 0.046875
2 0.6328125 0.029947916666666668 0.029296875 0.0234375
0 0.63525390625 0.03125 0.0712890625 0.046875
2 0.7470703125 0.029947916666666668 0.1171875 0.0234375
0 0.74951171875 0.03125 0.1591796875 0.046875
2 0.8642578125 0.029947916666666668 0.03515625 0.0234375
0 0.86669921875 0.03125 0.0771484375 0.046875
2 0.93701171875 0.029947916666666668 0.0283203125 0.0234375
0 0.939453125 0.03125 0.0703125 0.046875
2 0.43701171875 0.197265625 0.1943359375 0.08463541666666667
7 0.42041015625 0.2766927083333333 0.1611328125 0.032552083333333336
2 0.44189453125 0.6256510416666666 0.2041015625 0.02734375
2 0.77978515625 0.6256510416666666 0.4404296875 0.02734375
7 0.169921875 0.697265625 0.33984375 0.04296875
6 0.0322265625 0.8984375 0.064453125 0.0234375
2 0.669921875 0.8196614583333334 0.66015625 0.3606770833333333
2 0.669921875 0.8196614583333334 0.66015625 0.3606770833333333
2 0.40625 0.9095052083333334 0.1328125 0.04296875
4 0.44873046875 0.744140625 0.2177734375 0.20963541666666666
0 0.44873046875 0.744140625 0.2177734375 0.20963541666666666
7 0.51513671875 0.8157552083333334 0.0849609375 0.06640625
6 0.63671875 0.6927083333333334 0.115234375 0.026041666666666668
2 0.68212890625 0.7701822916666666 0.2060546875 0.13151041666666666
4 0.6845703125 0.65625 0.21484375 0.033854166666666664
0 0.6845703125 0.65625 0.21484375 0.033854166666666664
7 0.76513671875 0.65625 0.0537109375 0.033854166666666664
6 0.8544921875 0.6927083333333334 0.08203125 0.026041666666666668
2 0.90673828125 0.7376302083333334 0.1865234375 0.06640625
7 0.9873046875 0.65625 0.025390625 0.033854166666666664
4 0.6845703125 0.9322916666666666 0.21484375 0.13541666666666666
0 0.6845703125 0.9322916666666666 0.21484375 0.13541666666666666
7 0.76513671875 0.9915364583333334 0.0537109375 0.016927083333333332
4 0.90576171875 0.9322916666666666 0.1884765625 0.13541666666666666
0 0.90576171875 0.9322916666666666 0.1884765625 0.13541666666666666
7 0.9853515625 0.9915364583333334 0.029296875 0.016927083333333332