4 0.173828125 0.02734375 0.34765625 0.0546875
0 0.173828125 0.02734375 0.34765625 0.0546875
3 0.27978515625 0.15104166666666666 0.5595703125 0.1171875
7 0.0625 0.2649739583333333 0.09375 0.055989583333333336
7 0.17626953125 0.263671875 0.1337890625 0.05859375
7 0.2880859375 0.2649739583333333 0.08984375 0.055989583333333336
7 0.400390625 0.263671875 0.134765625 0.05859375
7 0.27978515625 0.298828125 0.5595703125 0.12369791666666667
4 0.75 0.18489583333333334 0.26953125 0.3697916666666667
0 0.75 0.18489583333333334 0.26953125 0.3697916666666667
2 0.97119140625 0.3365885416666667 0.0576171875 0.06640625
2 0.2578125 0.4576822916666667 0.375 0.17578125
2 0.2578125 0.658203125 0.375 0.18880208333333334
0 0.13818359375 0.8274739583333334 0.1357421875 0.06380208333333333
0 0.29833984375 0.8274739583333334 0.1357421875 0.06380208333333333
3 0.71533203125 0.5390625 0.3115234375 0.06510416666666667
4 0.59228515625 0.60546875 0.0322265625 0.041666666666666664
6 0.67822265625 0.5989583333333334 0.1416015625 0.028645833333333332
0 0.67822265625 0.6100260416666666 0.1416015625 0.05078125
7 0.6787109375 0.6263020833333334 0.0859375 0.018229166666666668
6 0.8095703125 0.5989583333333334 0.123046875 0.028645833333333332
0 0.8095703125 0.6100260416666666 0.123046875 0.05078125
7 0.8095703125 0.6263020833333334 0.07421875 0.018229166666666668
1 0.71337890625 0.6692708333333334 0.3076171875 0.0390625
7 0.8134765625 0.6705729166666666 0.029296875 0.018229166666666668
4 0.84765625 0.6692708333333334 0.03125 0.041666666666666664
4 0.71533203125 0.8600260416666666 0.3115234375 0.2799479166666667
0 0.71533203125 0.8600260416666666 0.3115234375 0.2799479166666667
6 0.92626953125 0.544921875 0.0498046875 0.022135416666666668
7 0.9775390625 0.544921875 0.044921875 0.022135416666666668
2 0.95068359375 0.5852864583333334 0.0986328125 0.05078125
0 0.95068359375 0.572265625 0.0986328125 0.11067708333333333
6 0.92626953125 0.6569010416666666 0.0498046875 0.022135416666666668
7 0.9775390625 0.6569010416666666 0.044921875 0.022135416666666668
2 0.95068359375 0.6848958333333334 0.0986328125 0.026041666666666668
0 0.95068359375 0.6712239583333334 0.0986328125 0.08723958333333333
6 0.92626953125 0.7428385416666666 0.0498046875 0.022135416666666668
7 0.9775390625 0.7428385416666666 0.044921875 0.022135416666666668
2 0.95068359375 0.7708333333333334 0.0986328125 0.026041666666666668
0 0.95068359375 0.7578125 0.0986328125 0.0859375
6 0.92626953125 0.830078125 0.0498046875 0.022135416666666668
7 0.96826171875 0.830078125 0.0263671875 0.022135416666666668
2 0.95068359375 0.8580729166666666 0.0986328125 0.026041666666666668
0 0.95068359375 0.8444010416666666 0.0986328125 0.08723958333333333
6 0.92626953125 0.9173177083333334 0.0498046875 0.022135416666666668
7 0.9775390625 0.9173177083333334 0.044921875 0.022135416666666668
2 0.95068359375 0.9576822916666666 0.0986328125 0.05078125
0 0.95068359375 0.943359375 0.0986328125 0.11067708333333333