2 0.1640625 0.08203125 0.26953125 0.0703125
4 0.1640625 0.22005208333333334 0.26953125 0.1796875
0 0.1640625 0.22005208333333334 0.26953125 0.1796875
3 0.45166015625 0.16536458333333334 0.2158203125 0.2890625
7 0.5830078125 0.076171875 0.046875 0.03515625
0 0.61962890625 0.07747395833333333 0.1201171875 0.07942708333333333
4 0.62841796875 0.078125 0.0361328125 0.046875
0 0.310546875 0.44140625 0.1875 0.057291666666666664
0 0.46923828125 0.44140625 0.1298828125 0.057291666666666664
2 0.1767578125 0.6302083333333334 0.353515625 0.07552083333333333
2 0.17919921875 0.724609375 0.3583984375 0.08203125
1 0.17919921875 0.8391927083333334 0.3583984375 0.055989583333333336
3 0.27978515625 0.353515625 0.5595703125 0.08723958333333333
7 0.92578125 0.3248697916666667 0.1484375 0.01953125
4 0.77978515625 0.4055989583333333 0.4404296875 0.19140625
4 0.77978515625 0.7421875 0.4404296875 0.4817708333333333
2 0.7666015625 0.5598958333333334 0.4140625 0.044270833333333336
7 0.7109375 0.5989583333333334 0.302734375 0.028645833333333332
2 0.7666015625 0.67578125 0.4140625 0.06770833333333333
2 0.7666015625 0.7526041666666666 0.4140625 0.033854166666666664
2 0.7666015625 0.8125 0.4140625 0.033854166666666664
7 0.6962890625 0.8815104166666666 0.2734375 0.052083333333333336
0 0.7041015625 0.8815104166666666 0.2890625 0.052083333333333336
7 0.693359375 0.9283854166666666 0.25390625 0.018229166666666668