0 0.037109375 0.0078125 0.07421875 0.015625
2 0.02734375 0.22200520833333334 0.0546875 0.03515625
4 0.02734375 0.328125 0.0546875 0.15104166666666666
0 0.02734375 0.328125 0.0546875 0.15104166666666666
2 0.24072265625 0.22200520833333334 0.2568359375 0.03515625
4 0.24072265625 0.3307291666666667 0.2568359375 0.15625
0 0.24072265625 0.3307291666666667 0.2568359375 0.15625
7 0.65966796875 0.3723958333333333 0.5810546875 0.049479166666666664
6 0.87890625 0.3860677083333333 0.08203125 0.022135416666666668
7 0.6845703125 0.3919270833333333 0.630859375 0.033854166666666664
2 0.42578125 0.030598958333333332 0.087890625 0.02734375
2 0.6357421875 0.080078125 0.533203125 0.03515625
0 0.6357421875 0.0703125 0.533203125 0.0546875
7 0.6357421875 0.18359375 0.533203125 0.12239583333333333
7 0.96533203125 0.1484375 0.0693359375 0.19270833333333334
7 0.96533203125 0.2936197916666667 0.0693359375 0.01953125
4 0.48291015625 0.3860677083333333 0.2275390625 0.045572916666666664
4 0.763671875 0.3860677083333333 0.27734375 0.045572916666666664
7 0.10009765625 0.45703125 0.2001953125 0.03125
7 0.1845703125 0.49609375 0.369140625 0.026041666666666668
6 0.0126953125 0.54296875 0.025390625 0.020833333333333332
2 0.09814453125 0.654296875 0.1962890625 0.03515625
7 0.1845703125 0.6888020833333334 0.369140625 0.026041666666666668
1 0.13232421875 0.7721354166666666 0.2646484375 0.06770833333333333
5 0.03076171875 0.8450520833333334 0.0615234375 0.026041666666666668
2 0.1845703125 0.98046875 0.369140625 0.0390625
0 0.41455078125 0.4427083333333333 0.0478515625 0.0390625
0 0.50048828125 0.4427083333333333 0.0576171875 0.0390625
0 0.59375 0.4427083333333333 0.0625 0.0390625
0 0.67578125 0.4427083333333333 0.03515625 0.0390625
0 0.765625 0.4427083333333333 0.078125 0.0390625
0 0.8603515625 0.4427083333333333 0.044921875 0.0390625
0 0.9541015625 0.4427083333333333 0.076171875 0.0390625
0 0.994140625 0.5859375 0.01171875 0.09114583333333333
4 0.6845703125 0.689453125 0.630859375 0.4544270833333333
2 0.43701171875 0.748046875 0.1357421875 0.10286458333333333
7 0.380859375 0.8346354166666666 0.0234375 0.046875
7 0.453125 0.8359375 0.091796875 0.020833333333333332
0 0.4560546875 0.8346354166666666 0.126953125 0.046875
4 0.501953125 0.8352864583333334 0.005859375 0.014322916666666666
7 0.97802734375 0.7018229166666666 0.0439453125 0.09375