4 0.0517578125 0.028645833333333332 0.103515625 0.057291666666666664
0 0.0517578125 0.028645833333333332 0.103515625 0.057291666666666664
7 0.0263671875 0.07096354166666667 0.052734375 0.024739583333333332
4 0.0517578125 0.19270833333333334 0.103515625 0.15104166666666666
0 0.0517578125 0.19270833333333334 0.103515625 0.15104166666666666
7 0.0380859375 0.2819010416666667 0.076171875 0.024739583333333332
4 0.2958984375 0.15104166666666666 0.26953125 0.3020833333333333
0 0.2958984375 0.15104166666666666 0.26953125 0.3020833333333333
7 0.49609375 0.23828125 0.015625 0.018229166666666668
7 0.5205078125 0.24153645833333334 0.03515625 0.029947916666666668
7 0.54443359375 0.23828125 0.0146484375 0.018229166666666668
7 0.52392578125 0.287109375 0.0712890625 0.045572916666666664
2 0.97265625 0.044921875 0.0546875 0.053385416666666664
4 0.736328125 0.09114583333333333 0.287109375 0.18229166666666666
7 0.7861328125 0.30078125 0.427734375 0.018229166666666668
2 0.025390625 0.35546875 0.05078125 0.06510416666666667
0 0.02587890625 0.35546875 0.0517578125 0.06510416666666667
7 0.17529296875 0.3548177083333333 0.0888671875 0.024739583333333332
0 0.17236328125 0.35546875 0.1337890625 0.06510416666666667
7 0.34814453125 0.3548177083333333 0.0498046875 0.024739583333333332
0 0.34521484375 0.35546875 0.0947265625 0.06510416666666667
7 0.51806640625 0.3548177083333333 0.0830078125 0.024739583333333332
0 0.50537109375 0.35546875 0.1083984375 0.06510416666666667
0 0.27978515625 0.7037760416666666 0.5595703125 0.5924479166666666
2 0.05126953125 0.8385416666666666 0.0400390625 0.03125
2 0.076171875 0.8385416666666666 0.009765625 0.03125
2 0.1337890625 0.8385416666666666 0.10546875 0.03125
2 0.1826171875 0.9088541666666666 0.302734375 0.08854166666666667
7 0.18798828125 0.9830729166666666 0.3134765625 0.033854166666666664
4 0.76611328125 0.4192708333333333 0.4130859375 0.21875
0 0.76611328125 0.4192708333333333 0.4130859375 0.21875
0 0.9912109375 0.3509114583333333 0.017578125 0.053385416666666664
0 0.5615234375 0.5559895833333334 0.00390625 0.010416666666666666
0 0.5771484375 0.5559895833333334 0.0078125 0.010416666666666666
0 0.5947265625 0.5559895833333334 0.0078125 0.010416666666666666
0 0.6123046875 0.5559895833333334 0.0078125 0.010416666666666666
0 0.6298828125 0.5559895833333334 0.0078125 0.010416666666666666
0 0.6474609375 0.5559895833333334 0.0078125 0.010416666666666666
0 0.6650390625 0.5559895833333334 0.0078125 0.010416666666666666
0 0.6826171875 0.5559895833333334 0.0078125 0.010416666666666666
2 0.65625 0.6373697916666666 0.193359375 0.032552083333333336
0 0.5791015625 0.783203125 0.0390625 0.23567708333333334
2 0.57421875 0.8268229166666666 0.029296875 0.03125
7 0.57421875 0.8834635416666666 0.029296875 0.022135416666666668
4 0.67529296875 0.73046875 0.0986328125 0.13020833333333334
0 0.67529296875 0.783203125 0.1552734375 0.23567708333333334
2 0.67529296875 0.8268229166666666 0.1357421875 0.03125
6 0.64208984375 0.8541666666666666 0.0693359375 0.015625
7 0.67529296875 0.8834635416666666 0.1357421875 0.022135416666666668
2 0.65625 0.9837239583333334 0.193359375 0.032552083333333336
2 0.908203125 0.63671875 0.18359375 0.03125
6 0.908203125 0.7239583333333334 0.18359375 0.052083333333333336
6 0.908203125 0.79296875 0.18359375 0.052083333333333336
6 0.908203125 0.8619791666666666 0.18359375 0.052083333333333336
6 0.908203125 0.9309895833333334 0.18359375 0.052083333333333336
6 0.908203125 0.9869791666666666 0.18359375 0.026041666666666668