7 0.18798828125 0.054036458333333336 0.3095703125 0.01953125
6 0.390625 0.054036458333333336 0.08984375 0.01953125
2 0.234375 0.14518229166666666 0.26953125 0.02734375
4 0.234375 0.3404947916666667 0.26953125 0.3372395833333333
0 0.234375 0.3404947916666667 0.26953125 0.3372395833333333
2 0.673828125 0.11979166666666667 0.408203125 0.0703125
7 0.673828125 0.20703125 0.408203125 0.078125
7 0.962890625 0.17317708333333334 0.07421875 0.125
0 0.962890625 0.283203125 0.07421875 0.053385416666666664
5 0.962890625 0.4186197916666667 0.07421875 0.03515625
1 0.962890625 0.46875 0.07421875 0.044270833333333336
7 0.23486328125 0.5559895833333334 0.4697265625 0.057291666666666664
7 0.189453125 0.64453125 0.37890625 0.11979166666666667
4 0.17724609375 0.8990885416666666 0.3544921875 0.20182291666666666
4 0.5302734375 0.7545572916666666 0.12109375 0.4908854166666667
4 0.80712890625 0.7545572916666666 0.3857421875 0.4908854166666667
4 0.5947265625 0.7604166666666666 0.0390625 0.0625