7 0.2763671875 0.14518229166666666 0.55078125 0.01953125
6 0.58154296875 0.14518229166666666 0.0556640625 0.01953125
2 0.0634765625 0.2578125 0.126953125 0.0703125
2 0.3193359375 0.2578125 0.26953125 0.0703125
4 0.3193359375 0.3626302083333333 0.26953125 0.11328125
0 0.3193359375 0.3626302083333333 0.26953125 0.11328125
3 0.55419921875 0.3079427083333333 0.1103515625 0.22265625
0 0.62255859375 0.0546875 0.0263671875 0.0390625
0 0.69775390625 0.0546875 0.0576171875 0.0390625
0 0.791015625 0.0546875 0.0625 0.0390625
0 0.873046875 0.0546875 0.03515625 0.0390625
0 0.9619140625 0.0546875 0.076171875 0.0390625
4 0.8046875 0.24674479166666666 0.390625 0.3450520833333333
2 0.65576171875 0.3600260416666667 0.0927734375 0.10286458333333333
2 0.3046875 0.5533854166666666 0.609375 0.0625
2 0.16552734375 0.6276041666666666 0.3310546875 0.07291666666666667
7 0.03662109375 0.6881510416666666 0.0439453125 0.02734375
7 0.09521484375 0.6888020833333334 0.0751953125 0.033854166666666664
7 0.14453125 0.6881510416666666 0.025390625 0.02734375
7 0.177734375 0.6888020833333334 0.041015625 0.033854166666666664
7 0.2490234375 0.6881510416666666 0.103515625 0.02734375
6 0.3037109375 0.6842447916666666 0.005859375 0.016927083333333332
6 0.1240234375 0.7369791666666666 0.115234375 0.033854166666666664
6 0.228515625 0.7369791666666666 0.048828125 0.033854166666666664
7 0.2744140625 0.7936197916666666 0.548828125 0.4127604166666667
4 0.70556640625 0.6588541666666666 0.0947265625 0.125
7 0.7587890625 0.7630208333333334 0.298828125 0.036458333333333336
7 0.75390625 0.8541666666666666 0.2890625 0.07291666666666667
0 0.77587890625 0.8815104166666666 0.1025390625 0.03125
7 0.64599609375 0.9713541666666666 0.0732421875 0.03125
0 0.65380859375 0.9713541666666666 0.0888671875 0.057291666666666664
7 0.810546875 0.9713541666666666 0.1640625 0.03125
0 0.810546875 0.9713541666666666 0.1953125 0.057291666666666664
2 0.75146484375 0.46875 0.2841796875 0.03125
4 0.7431640625 0.8313802083333334 0.025390625 0.048177083333333336
2 0.82763671875 0.8912760416666666 0.1943359375 0.032552083333333336
7 0.865234375 0.9270833333333334 0.26953125 0.026041666666666668