4 0.04443359375 0.040364583333333336 0.0146484375 0.018229166666666668
0 0.04736328125 0.032552083333333336 0.0537109375 0.06510416666666667
7 0.04248046875 0.020833333333333332 0.0146484375 0.018229166666666668
7 0.14453125 0.020833333333333332 0.12109375 0.018229166666666668
0 0.15185546875 0.032552083333333336 0.1533203125 0.06510416666666667
7 0.1455078125 0.0390625 0.123046875 0.020833333333333332
7 0.27880859375 0.020833333333333332 0.0791015625 0.018229166666666668
0 0.2744140625 0.032552083333333336 0.087890625 0.06510416666666667
7 0.27099609375 0.04296875 0.0634765625 0.026041666666666668
7 0.34912109375 0.020833333333333332 0.0400390625 0.018229166666666668
0 0.3447265625 0.032552083333333336 0.048828125 0.06510416666666667
7 0.34912109375 0.0390625 0.0400390625 0.020833333333333332
7 0.00244140625 0.031901041666666664 0.0048828125 0.02734375
1 0.00830078125 0.03125 0.0166015625 0.052083333333333336
7 0.15283203125 0.10546875 0.1728515625 0.0390625
0 0.15283203125 0.10611979166666667 0.1748046875 0.04296875
7 0.107421875 0.14973958333333334 0.10546875 0.015625
6 0.20654296875 0.14973958333333334 0.0869140625 0.015625
4 0.24951171875 0.095703125 0.2392578125 0.05078125
0 0.24951171875 0.095703125 0.2392578125 0.05078125
0 0.04638671875 0.10677083333333333 0.0927734375 0.026041666666666668
0 0.017578125 0.2109375 0.03515625 0.026041666666666668
0 0.04833984375 0.2630208333333333 0.0966796875 0.026041666666666668
6 0.1767578125 0.4654947916666667 0.08984375 0.006510416666666667
4 0.4287109375 0.23893229166666666 0.119140625 0.4596354166666667
2 0.75146484375 0.032552083333333336 0.4970703125 0.046875
7 0.591796875 0.11067708333333333 0.177734375 0.026041666666666668
7 0.73095703125 0.11067708333333333 0.1025390625 0.026041666666666668
7 0.75146484375 0.14192708333333334 0.4970703125 0.08854166666666667
7 0.77099609375 0.2591145833333333 0.4580078125 0.0625
7 0.77099609375 0.3450520833333333 0.4580078125 0.03125
7 0.77099609375 0.435546875 0.4580078125 0.06640625
2 0.06591796875 0.5260416666666666 0.1318359375 0.026041666666666668
2 0.05810546875 0.6354166666666666 0.1162109375 0.0546875
7 0.072265625 0.7063802083333334 0.14453125 0.07942708333333333
2 0.06396484375 0.8138020833333334 0.1279296875 0.03125
2 0.06396484375 0.84375 0.1279296875 0.03125
2 0.06396484375 0.8736979166666666 0.1279296875 0.03125
2 0.06396484375 0.9036458333333334 0.1279296875 0.03125
0 0.10986328125 0.9296875 0.0693359375 0.0234375
2 0.0322265625 0.5123697916666666 0.064453125 0.022135416666666668
4 0.08740234375 0.65625 0.1748046875 0.2552083333333333
2 0.08447265625 0.8072916666666666 0.1689453125 0.0234375
7 0.08642578125 0.857421875 0.1728515625 0.06640625
6 0.03857421875 0.87890625 0.0634765625 0.020833333333333332
2 0.259765625 0.5123697916666666 0.162109375 0.022135416666666668
4 0.27392578125 0.65625 0.1904296875 0.2552083333333333
2 0.27392578125 0.8196614583333334 0.1904296875 0.048177083333333336
7 0.27392578125 0.8821614583333334 0.1904296875 0.06640625
6 0.27392578125 0.9134114583333334 0.1904296875 0.040364583333333336
4 0.6845703125 0.70703125 0.630859375 0.4296875
0 0.6845703125 0.70703125 0.630859375 0.4296875
4 0.9140625 0.8782552083333334 0.009765625 0.014322916666666666
4 0.9296875 0.8782552083333334 0.009765625 0.014322916666666666
4 0.9453125 0.8782552083333334 0.009765625 0.014322916666666666
4 0.9609375 0.8782552083333334 0.009765625 0.014322916666666666
6 0.6845703125 0.9420572916666666 0.630859375 0.02734375