2 0.10498046875 0.11263020833333333 0.2099609375 0.03515625
4 0.03466796875 0.21875 0.0693359375 0.15104166666666666
0 0.03466796875 0.21875 0.0693359375 0.15104166666666666
4 0.14599609375 0.21875 0.1279296875 0.15104166666666666
0 0.14599609375 0.21875 0.1279296875 0.15104166666666666
7 0.126953125 0.3079427083333333 0.08984375 0.024739583333333332
4 0.03466796875 0.421875 0.0693359375 0.13541666666666666
0 0.03466796875 0.421875 0.0693359375 0.13541666666666666
4 0.14599609375 0.421875 0.1279296875 0.13541666666666666
0 0.14599609375 0.421875 0.1279296875 0.13541666666666666
2 0.40234375 0.13020833333333334 0.26953125 0.0703125
4 0.33154296875 0.24544270833333334 0.1279296875 0.13411458333333334
0 0.33203125 0.24544270833333334 0.12890625 0.13411458333333334
7 0.3232421875 0.326171875 0.111328125 0.024739583333333332
4 0.47216796875 0.24544270833333334 0.1279296875 0.13411458333333334
0 0.47265625 0.24544270833333334 0.12890625 0.13411458333333334
7 0.45361328125 0.326171875 0.0908203125 0.024739583333333332
4 0.33154296875 0.4303385416666667 0.1279296875 0.11848958333333333
0 0.33203125 0.4303385416666667 0.12890625 0.11848958333333333
4 0.47216796875 0.4303385416666667 0.1279296875 0.11848958333333333
0 0.47265625 0.4303385416666667 0.12890625 0.11848958333333333
4 0.8095703125 0.181640625 0.380859375 0.36328125
0 0.8095703125 0.13020833333333334 0.380859375 0.2604166666666667
6 0.95654296875 0.22135416666666666 0.0869140625 0.0625
4 0.70166015625 0.384765625 0.1650390625 0.20963541666666666
0 0.70166015625 0.384765625 0.1650390625 0.20963541666666666
2 0.68994140625 0.4459635416666667 0.1416015625 0.08723958333333333
7 0.89453125 0.2923177083333333 0.2109375 0.024739583333333332
7 0.6005859375 0.4986979166666667 0.037109375 0.018229166666666668
0 0.5947265625 0.5078125 0.048828125 0.036458333333333336
7 0.60107421875 0.5755208333333334 0.0361328125 0.020833333333333332
0 0.5947265625 0.5755208333333334 0.048828125 0.059895833333333336
2 0.32421875 0.5319010416666666 0.56640625 0.040364583333333336
2 0.32421875 0.5703125 0.56640625 0.026041666666666668
4 0.248046875 0.6614583333333334 0.0390625 0.052083333333333336
2 0.248046875 0.7109375 0.12109375 0.026041666666666668
4 0.248046875 0.7369791666666666 0.12109375 0.005208333333333333
4 0.400390625 0.6614583333333334 0.0390625 0.052083333333333336
2 0.400390625 0.7109375 0.1015625 0.026041666666666668
1 0.333984375 0.8196614583333334 0.32421875 0.02734375
7 0.2236328125 0.9108072916666666 0.103515625 0.02734375
7 0.2236328125 0.9348958333333334 0.103515625 0.0234375
7 0.4443359375 0.9108072916666666 0.103515625 0.02734375
7 0.4443359375 0.9348958333333334 0.103515625 0.0234375
0 0.47021484375 0.990234375 0.1494140625 0.01953125
4 0.8095703125 0.7447916666666666 0.380859375 0.5104166666666666
2 0.7470703125 0.7122395833333334 0.255859375 0.036458333333333336
7 0.7470703125 0.7486979166666666 0.255859375 0.036458333333333336
1 0.7470703125 0.8333333333333334 0.255859375 0.0703125