2 0.064453125 0.039713541666666664 0.09765625 0.04296875
4 0.1748046875 0.23828125 0.318359375 0.265625
0 0.1748046875 0.26171875 0.318359375 0.3125
6 0.1748046875 0.4069010416666667 0.279296875 0.022135416666666668
4 0.3916015625 0.23893229166666666 0.115234375 0.2669270833333333
0 0.3916015625 0.2623697916666667 0.115234375 0.3138020833333333
6 0.4013671875 0.408203125 0.095703125 0.022135416666666668
4 0.724609375 0.24153645833333334 0.55078125 0.4830729166666667
4 0.64111328125 0.19856770833333334 0.1396484375 0.061197916666666664
0 0.64111328125 0.19856770833333334 0.1396484375 0.061197916666666664
4 0.80419921875 0.19856770833333334 0.1533203125 0.061197916666666664
0 0.80419921875 0.19856770833333334 0.1533203125 0.061197916666666664
2 0.583984375 0.3626302083333333 0.16796875 0.029947916666666668
1 0.79150390625 0.36328125 0.2451171875 0.06510416666666667
1 0.95654296875 0.36328125 0.0869140625 0.06510416666666667
2 0.5556640625 0.5104166666666666 0.16015625 0.028645833333333332
4 0.224609375 0.8385416666666666 0.44921875 0.3229166666666667
2 0.224609375 0.923828125 0.44921875 0.15234375
6 0.60205078125 0.5436197916666666 0.0869140625 0.009114583333333334
7 0.66162109375 0.5442708333333334 0.0244140625 0.010416666666666666
7 0.81103515625 0.5442708333333334 0.2744140625 0.010416666666666666
6 0.97412109375 0.5436197916666666 0.0517578125 0.009114583333333334
2 0.6103515625 0.6848958333333334 0.322265625 0.078125
2 0.88525390625 0.6848958333333334 0.2294921875 0.078125
7 0.724609375 0.765625 0.55078125 0.052083333333333336
7 0.8525390625 0.98828125 0.044921875 0.0234375