4 0.14111328125 0.09375 0.2822265625 0.1875
0 0.14111328125 0.1171875 0.2822265625 0.234375
6 0.13134765625 0.22330729166666666 0.2626953125 0.022135416666666668
4 0.40576171875 0.09440104166666667 0.2470703125 0.18880208333333334
0 0.40576171875 0.11783854166666667 0.2470703125 0.23567708333333334
6 0.41552734375 0.224609375 0.2275390625 0.022135416666666668
2 0.2646484375 0.3619791666666667 0.529296875 0.020833333333333332
2 0.720703125 0.027994791666666668 0.3828125 0.024739583333333332
7 0.556640625 0.06640625 0.0546875 0.020833333333333332
7 0.6806640625 0.06640625 0.197265625 0.020833333333333332
7 0.81103515625 0.06640625 0.0654296875 0.020833333333333332
7 0.71826171875 0.0859375 0.3779296875 0.059895833333333336
6 0.578125 0.10546875 0.076171875 0.020833333333333332
7 0.64990234375 0.10546875 0.0693359375 0.020833333333333332
7 0.720703125 0.15169270833333334 0.3828125 0.040364583333333336
2 0.720703125 0.19986979166666666 0.3828125 0.024739583333333332
6 0.564453125 0.23697916666666666 0.052734375 0.020833333333333332
7 0.60595703125 0.23697916666666666 0.0302734375 0.020833333333333332
7 0.63818359375 0.23697916666666666 0.0361328125 0.020833333333333332
7 0.66845703125 0.23697916666666666 0.0283203125 0.020833333333333332
7 0.7041015625 0.23697916666666666 0.04296875 0.020833333333333332
7 0.76123046875 0.23697916666666666 0.0751953125 0.020833333333333332
7 0.720703125 0.2760416666666667 0.3828125 0.020833333333333332
7 0.720703125 0.3151041666666667 0.3828125 0.059895833333333336
7 0.55908203125 0.3541666666666667 0.0302734375 0.020833333333333332
7 0.7158203125 0.3639322916666667 0.373046875 0.040364583333333336
7 0.720703125 0.3932291666666667 0.3828125 0.020833333333333332
7 0.720703125 0.4108072916666667 0.3828125 0.016927083333333332
2 0.22607421875 0.6302083333333334 0.3173828125 0.4166666666666667
2 0.212890625 0.7135416666666666 0.291015625 0.1015625
2 0.2490234375 0.796875 0.36328125 0.1015625
7 0.25830078125 0.9166666666666666 0.3818359375 0.07291666666666667
7 0.02880859375 0.4694010416666667 0.0576171875 0.055989583333333336
0 0.00732421875 0.478515625 0.0146484375 0.07421875
4 0.00341796875 0.4733072916666667 0.0068359375 0.04296875
7 0.00830078125 0.5358072916666666 0.0166015625 0.08463541666666667
7 0.02001953125 0.5559895833333334 0.0400390625 0.08333333333333333
0 0.00732421875 0.5462239583333334 0.0146484375 0.06380208333333333
4 0.00341796875 0.5462239583333334 0.0068359375 0.04296875
7 0.01513671875 0.6184895833333334 0.0302734375 0.08333333333333333
0 0.00732421875 0.6087239583333334 0.0146484375 0.06380208333333333
4 0.00341796875 0.6087239583333334 0.0068359375 0.04296875
7 0.01513671875 0.6809895833333334 0.0302734375 0.08333333333333333
0 0.00732421875 0.6712239583333334 0.0146484375 0.06380208333333333
4 0.00341796875 0.6712239583333334 0.0068359375 0.04296875
7 0.02294921875 0.7571614583333334 0.0458984375 0.11067708333333333
0 0.00732421875 0.7389322916666666 0.0146484375 0.07421875
4 0.00341796875 0.7337239583333334 0.0068359375 0.04296875
7 0.0078125 0.7962239583333334 0.015625 0.08463541666666667
4 0.7646484375 0.7096354166666666 0.470703125 0.5807291666666666
2 0.7646484375 0.5572916666666666 0.470703125 0.06770833333333333
2 0.7646484375 0.642578125 0.470703125 0.05078125
7 0.7646484375 0.7037760416666666 0.470703125 0.032552083333333336
7 0.7900390625 0.875 0.419921875 0.0234375
7 0.7900390625 0.8984375 0.419921875 0.0234375
7 0.7900390625 0.9453125 0.419921875 0.0234375
6 0.7900390625 0.96875 0.419921875 0.0234375