1 0.05615234375 0.06966145833333333 0.1123046875 0.06640625
0 0.05615234375 0.2779947916666667 0.1123046875 0.06640625
7 0.28466796875 0.22395833333333334 0.5693359375 0.4479166666666667
2 0.353515625 0.095703125 0.365234375 0.17317708333333334
7 0.353515625 0.23828125 0.365234375 0.059895833333333336
7 0.48486328125 0.24869791666666666 0.0068359375 0.015625
7 0.505859375 0.25390625 0.03515625 0.028645833333333332
0 0.2587890625 0.341796875 0.17578125 0.06640625
4 0.03515625 0.6171875 0.0703125 0.18489583333333334
0 0.03662109375 0.6171875 0.0732421875 0.18489583333333334
4 0.18896484375 0.6171875 0.2275390625 0.18489583333333334
0 0.1884765625 0.6171875 0.232421875 0.18489583333333334
4 0.42041015625 0.6171875 0.2275390625 0.18489583333333334
0 0.4208984375 0.6171875 0.232421875 0.18489583333333334
2 0.7626953125 0.4466145833333333 0.38671875 0.3671875
2 0.7060546875 0.42578125 0.2734375 0.140625
7 0.76416015625 0.5065104166666666 0.3896484375 0.044270833333333336
3 0.28466796875 0.7513020833333334 0.5693359375 0.078125
2 0.02880859375 0.8704427083333334 0.0576171875 0.053385416666666664
0 0.02880859375 0.8704427083333334 0.0576171875 0.053385416666666664
0 0.2412109375 0.8717447916666666 0.02734375 0.024739583333333332
7 0.2880859375 0.8717447916666666 0.02734375 0.01953125
0 0.2880859375 0.8717447916666666 0.02734375 0.024739583333333332
7 0.3349609375 0.8717447916666666 0.02734375 0.01953125
0 0.3349609375 0.8717447916666666 0.02734375 0.024739583333333332
0 0.3818359375 0.8717447916666666 0.02734375 0.024739583333333332
0 0.4287109375 0.8717447916666666 0.02734375 0.024739583333333332
0 0.49609375 0.8717447916666666 0.068359375 0.024739583333333332
7 0.5595703125 0.8723958333333334 0.01953125 0.03125
7 0.01416015625 0.947265625 0.0283203125 0.01953125
0 0.01416015625 0.9479166666666666 0.0283203125 0.0546875
7 0.06982421875 0.947265625 0.0283203125 0.01953125
0 0.06982421875 0.9479166666666666 0.0283203125 0.0546875
7 0.12548828125 0.947265625 0.0283203125 0.01953125
0 0.12548828125 0.9479166666666666 0.0283203125 0.0546875
7 0.18115234375 0.947265625 0.0283203125 0.01953125
0 0.18115234375 0.9479166666666666 0.0283203125 0.0546875
7 0.25048828125 0.947265625 0.0556640625 0.01953125
0 0.25048828125 0.9479166666666666 0.0556640625 0.0546875
7 0.34033203125 0.947265625 0.0693359375 0.01953125
0 0.34033203125 0.9479166666666666 0.0693359375 0.0546875
7 0.43115234375 0.947265625 0.0576171875 0.01953125
0 0.4306640625 0.9479166666666666 0.056640625 0.0546875
7 0.52099609375 0.947265625 0.0693359375 0.01953125
0 0.52099609375 0.9479166666666666 0.0693359375 0.0546875
4 0.78466796875 0.76171875 0.4306640625 0.10416666666666667
7 0.95361328125 0.7259114583333334 0.0927734375 0.029947916666666668
4 0.78466796875 0.9069010416666666 0.4306640625 0.18619791666666666
2 0.7265625 0.8723958333333334 0.314453125 0.044270833333333336
7 0.6708984375 0.9114583333333334 0.203125 0.028645833333333332
2 0.7265625 0.9772135416666666 0.314453125 0.045572916666666664