0 0.08984375 0.025390625 0.138671875 0.05078125
0 0.2314453125 0.025390625 0.146484375 0.05078125
0 0.326171875 0.032552083333333336 0.044921875 0.06510416666666667
0 0.48681640625 0.025390625 0.1396484375 0.05078125
0 0.58251953125 0.032552083333333336 0.0537109375 0.06510416666666667
2 0.0625 0.3391927083333333 0.125 0.02734375
7 0.44189453125 0.6979166666666666 0.3349609375 0.10416666666666667
0 0.8046875 0.038411458333333336 0.390625 0.02734375
2 0.78271484375 0.3248697916666667 0.3466796875 0.23046875
7 0.69921875 0.6510416666666666 0.1796875 0.08072916666666667
7 0.69921875 0.7532552083333334 0.1796875 0.029947916666666668
2 0.09912109375 0.8079427083333334 0.1982421875 0.055989583333333336
7 0.09912109375 0.9029947916666666 0.1982421875 0.09505208333333333
0 0.0322265625 0.9798177083333334 0.064453125 0.040364583333333336
4 0.4228515625 0.8899739583333334 0.373046875 0.22005208333333334
4 0.8046875 0.9231770833333334 0.390625 0.15364583333333334