0 0.10400390625 0.026041666666666668 0.1962890625 0.052083333333333336
2 0.2255859375 0.3763020833333333 0.439453125 0.005208333333333333
2 0.4052734375 0.3567708333333333 0.22265625 0.036458333333333336
0 0.5556640625 0.35546875 0.046875 0.046875
7 0.7001953125 0.24869791666666666 0.232421875 0.2604166666666667
7 0.927734375 0.13671875 0.14453125 0.0390625
7 0.927734375 0.24869791666666666 0.14453125 0.2604166666666667
7 0.87451171875 0.3014322916666667 0.0302734375 0.040364583333333336
0 0.87451171875 0.2955729166666667 0.0361328125 0.0390625
7 0.87451171875 0.3287760416666667 0.0244140625 0.014322916666666666
7 0.91845703125 0.3014322916666667 0.0341796875 0.040364583333333336
0 0.91845703125 0.2955729166666667 0.0400390625 0.0390625
7 0.9189453125 0.3287760416666667 0.01953125 0.014322916666666666
7 0.96337890625 0.3014322916666667 0.0302734375 0.040364583333333336
0 0.96337890625 0.2955729166666667 0.0361328125 0.0390625
7 0.962890625 0.3287760416666667 0.0234375 0.014322916666666666
7 0.9951171875 0.3014322916666667 0.009765625 0.040364583333333336
0 0.99365234375 0.2955729166666667 0.0126953125 0.0390625
7 0.99755859375 0.3287760416666667 0.0048828125 0.014322916666666666
2 0.12548828125 0.4147135416666667 0.1689453125 0.07161458333333333
2 0.39404296875 0.4147135416666667 0.3701171875 0.07161458333333333
2 0.1357421875 0.4947916666666667 0.189453125 0.09895833333333333
2 0.40478515625 0.4947916666666667 0.3486328125 0.09895833333333333
2 0.12548828125 0.6165364583333334 0.1669921875 0.040364583333333336
7 0.1123046875 0.6529947916666666 0.140625 0.032552083333333336
7 0.1455078125 0.6842447916666666 0.20703125 0.032552083333333336
7 0.11376953125 0.7154947916666666 0.1435546875 0.032552083333333336
2 0.3828125 0.6165364583333334 0.083984375 0.040364583333333336
7 0.4140625 0.6529947916666666 0.146484375 0.032552083333333336
7 0.43212890625 0.6842447916666666 0.1826171875 0.032552083333333336
7 0.40283203125 0.7154947916666666 0.1240234375 0.032552083333333336
2 0.08203125 0.7819010416666666 0.080078125 0.040364583333333336
7 0.14208984375 0.818359375 0.2001953125 0.032552083333333336
7 0.1484375 0.849609375 0.212890625 0.032552083333333336
7 0.1005859375 0.880859375 0.1171875 0.032552083333333336
2 0.3818359375 0.7819010416666666 0.08203125 0.040364583333333336
7 0.4365234375 0.818359375 0.19140625 0.032552083333333336
7 0.43017578125 0.849609375 0.1787109375 0.032552083333333336
7 0.4091796875 0.880859375 0.13671875 0.032552083333333336
2 0.087890625 0.947265625 0.091796875 0.040364583333333336
7 0.1220703125 0.9837239583333334 0.16015625 0.032552083333333336
2 0.39794921875 0.947265625 0.1142578125 0.040364583333333336
7 0.40478515625 0.9837239583333334 0.1279296875 0.032552083333333336
0 0.6142578125 0.4557291666666667 0.0703125 0.07291666666666667
0 0.708984375 0.4557291666666667 0.119140625 0.07291666666666667
0 0.88427734375 0.4557291666666667 0.2314453125 0.07291666666666667
4 0.78955078125 0.74609375 0.4208984375 0.5078125
7 0.71923828125 0.9928385416666666 0.2802734375 0.014322916666666666
7 0.900390625 0.9928385416666666 0.083984375 0.014322916666666666
7 0.94775390625 0.9928385416666666 0.0126953125 0.014322916666666666