2 0.11083984375 0.28125 0.2216796875 0.0703125
4 0.11083984375 0.3990885416666667 0.2216796875 0.13932291666666666
0 0.11083984375 0.3990885416666667 0.2216796875 0.13932291666666666
2 0.34423828125 0.263671875 0.1298828125 0.03515625
4 0.34423828125 0.3815104166666667 0.1298828125 0.17447916666666666
0 0.34423828125 0.3815104166666667 0.1298828125 0.17447916666666666
7 0.70458984375 0.038411458333333336 0.5908203125 0.053385416666666664
6 0.75146484375 0.0546875 0.1689453125 0.020833333333333332
0 0.5869140625 0.15559895833333334 0.255859375 0.061197916666666664
2 0.447265625 0.3287760416666667 0.076171875 0.045572916666666664
2 0.52978515625 0.3287760416666667 0.0908203125 0.045572916666666664
2 0.70068359375 0.3287760416666667 0.2529296875 0.045572916666666664
1 0.6298828125 0.3984375 0.44140625 0.059895833333333336
0 0.9267578125 0.404296875 0.109375 0.07161458333333333
7 0.09326171875 0.5345052083333334 0.1865234375 0.022135416666666668
7 0.22705078125 0.53515625 0.0751953125 0.026041666666666668
0 0.240234375 0.53515625 0.1015625 0.028645833333333332
4 0.27783203125 0.529296875 0.0185546875 0.024739583333333332
4 0.021484375 0.7486979166666666 0.04296875 0.08854166666666667
2 0.11962890625 0.8893229166666666 0.2392578125 0.15625
2 0.85302734375 0.482421875 0.2939453125 0.02734375
0 0.85302734375 0.482421875 0.2939453125 0.02734375
4 0.45361328125 0.5774739583333334 0.0634765625 0.08463541666666667
0 0.45361328125 0.5774739583333334 0.0634765625 0.08463541666666667
2 0.56982421875 0.5729166666666666 0.1494140625 0.0625
4 0.74267578125 0.5774739583333334 0.0634765625 0.08463541666666667
0 0.74267578125 0.5774739583333334 0.0634765625 0.08463541666666667
2 0.86767578125 0.5735677083333334 0.1669921875 0.040364583333333336
4 0.70458984375 0.8229166666666666 0.5908203125 0.3541666666666667