7 0.23681640625 0.024739583333333332 0.4736328125 0.020833333333333332
7 0.2275390625 0.10286458333333333 0.455078125 0.026041666666666668
6 0.07568359375 0.14453125 0.1513671875 0.026041666666666668
7 0.2265625 0.16536458333333334 0.453125 0.06770833333333333
6 0.10498046875 0.18619791666666666 0.2099609375 0.026041666666666668
7 0.2216796875 0.20703125 0.443359375 0.06770833333333333
2 0.22021484375 0.4459635416666667 0.4404296875 0.08203125
4 0.24755859375 0.6380208333333334 0.4951171875 0.041666666666666664
6 0.6923828125 0.0026041666666666665 0.076171875 0.005208333333333333
7 0.78564453125 0.0026041666666666665 0.1103515625 0.005208333333333333
4 0.5498046875 0.09244791666666667 0.060546875 0.078125
0 0.5693359375 0.09244791666666667 0.099609375 0.078125
1 0.76318359375 0.08984375 0.2587890625 0.0390625
7 0.56982421875 0.3072916666666667 0.1005859375 0.0390625
7 0.650390625 0.4739583333333333 0.26171875 0.3697916666666667
7 0.53466796875 0.4720052083333333 0.0302734375 0.040364583333333336
0 0.5361328125 0.4661458333333333 0.033203125 0.0390625
7 0.5341796875 0.4993489583333333 0.0234375 0.014322916666666666
7 0.57666015625 0.4720052083333333 0.0302734375 0.040364583333333336
0 0.57666015625 0.4661458333333333 0.0361328125 0.0390625
7 0.576171875 0.4993489583333333 0.01953125 0.014322916666666666
7 0.61865234375 0.4720052083333333 0.0302734375 0.040364583333333336
0 0.61865234375 0.4661458333333333 0.0361328125 0.0390625
7 0.61865234375 0.4993489583333333 0.0224609375 0.014322916666666666
7 0.66064453125 0.4720052083333333 0.0302734375 0.040364583333333336
0 0.66064453125 0.4661458333333333 0.0361328125 0.0390625
7 0.6611328125 0.4993489583333333 0.0234375 0.014322916666666666
7 0.705078125 0.4720052083333333 0.03515625 0.040364583333333336
0 0.705078125 0.4661458333333333 0.041015625 0.0390625
7 0.70556640625 0.4993489583333333 0.0224609375 0.014322916666666666
7 0.75048828125 0.4720052083333333 0.0302734375 0.040364583333333336
0 0.75048828125 0.4661458333333333 0.0361328125 0.0390625
7 0.75 0.4993489583333333 0.0234375 0.014322916666666666
7 0.79248046875 0.4720052083333333 0.0302734375 0.040364583333333336
0 0.79248046875 0.4661458333333333 0.0361328125 0.0390625
7 0.79248046875 0.4993489583333333 0.0244140625 0.014322916666666666
1 0.63427734375 0.5651041666666666 0.2294921875 0.0390625
0 0.6943359375 0.6067708333333334 0.109375 0.026041666666666668
0 0.78466796875 0.5651041666666666 0.0458984375 0.0390625
2 0.94482421875 0.3014322916666667 0.1103515625 0.024739583333333332
6 0.94482421875 0.3541666666666667 0.1103515625 0.044270833333333336
6 0.94482421875 0.4192708333333333 0.1103515625 0.044270833333333336
6 0.94482421875 0.4973958333333333 0.1103515625 0.0703125
6 0.98583984375 0.5611979166666666 0.0283203125 0.020833333333333332
2 0.10986328125 0.8489583333333334 0.2197265625 0.3020833333333333
4 0.3759765625 0.9231770833333334 0.287109375 0.15364583333333334
3 0.759765625 0.89453125 0.48046875 0.06510416666666667
6 0.5693359375 0.9544270833333334 0.099609375 0.028645833333333332
0 0.5693359375 0.9654947916666666 0.099609375 0.05078125
7 0.5615234375 0.9817708333333334 0.083984375 0.018229166666666668
6 0.65234375 0.9544270833333334 0.068359375 0.028645833333333332
0 0.65234375 0.9654947916666666 0.068359375 0.05078125
7 0.65185546875 0.9817708333333334 0.0361328125 0.018229166666666668
6 0.7197265625 0.9544270833333334 0.068359375 0.028645833333333332
0 0.7197265625 0.9654947916666666 0.068359375 0.05078125
7 0.72021484375 0.9817708333333334 0.0302734375 0.018229166666666668
4 0.81689453125 0.9609375 0.0322265625 0.041666666666666664
6 0.90283203125 0.9544270833333334 0.1416015625 0.028645833333333332
0 0.90283203125 0.9654947916666666 0.1416015625 0.05078125
7 0.9033203125 0.9817708333333334 0.0859375 0.018229166666666668
6 0.986328125 0.9544270833333334 0.02734375 0.028645833333333332
0 0.986328125 0.9654947916666666 0.02734375 0.05078125