2 0.24462890625 0.07486979166666667 0.4892578125 0.08203125
7 0.02978515625 0.13671875 0.0595703125 0.026041666666666668
4 0.24462890625 0.267578125 0.4892578125 0.04296875
1 0.82958984375 0.030598958333333332 0.3408203125 0.061197916666666664
7 0.9013671875 0.08854166666666667 0.197265625 0.026041666666666668
5 0.90869140625 0.15559895833333334 0.1826171875 0.07421875
7 0.11474609375 0.2942708333333333 0.1181640625 0.010416666666666666
0 0.11474609375 0.3059895833333333 0.1181640625 0.033854166666666664
7 0.21044921875 0.2942708333333333 0.0751953125 0.010416666666666666
0 0.21044921875 0.3059895833333333 0.0751953125 0.033854166666666664
7 0.3115234375 0.2942708333333333 0.12890625 0.010416666666666666
0 0.3115234375 0.3059895833333333 0.12890625 0.033854166666666664
7 0.43212890625 0.2942708333333333 0.1142578125 0.010416666666666666
0 0.43212890625 0.3059895833333333 0.1142578125 0.033854166666666664
4 0.13330078125 0.6490885416666666 0.2666015625 0.5716145833333334
2 0.373046875 0.3828125 0.154296875 0.028645833333333332
2 0.38623046875 0.484375 0.2060546875 0.11458333333333333
0 0.33935546875 0.505859375 0.1123046875 0.07161458333333333
0 0.44189453125 0.505859375 0.0947265625 0.07161458333333333
2 0.38623046875 0.6223958333333334 0.2060546875 0.11458333333333333
0 0.31689453125 0.6438802083333334 0.0673828125 0.07161458333333333
0 0.41943359375 0.6438802083333334 0.1396484375 0.07161458333333333
2 0.38623046875 0.7604166666666666 0.2060546875 0.11458333333333333
0 0.3251953125 0.7819010416666666 0.083984375 0.07161458333333333
0 0.427734375 0.7819010416666666 0.123046875 0.07161458333333333
2 0.373046875 0.8606770833333334 0.154296875 0.028645833333333332
2 0.38623046875 0.9524739583333334 0.2060546875 0.09505208333333333
0 0.33935546875 0.9739583333333334 0.1123046875 0.052083333333333336
0 0.44189453125 0.9739583333333334 0.0947265625 0.052083333333333336
7 0.78662109375 0.3203125 0.4267578125 0.03125
7 0.81787109375 0.3841145833333333 0.3642578125 0.026041666666666668
0 0.65771484375 0.41015625 0.0439453125 0.026041666666666668
7 0.83935546875 0.41015625 0.3212890625 0.020833333333333332
7 0.798828125 0.5078125 0.40234375 0.03125
7 0.798828125 0.5416666666666666 0.40234375 0.026041666666666668
7 0.798828125 0.6341145833333334 0.40234375 0.03125
7 0.798828125 0.66796875 0.40234375 0.026041666666666668