2 0.32080078125 0.20182291666666666 0.4169921875 0.09375
7 0.32080078125 0.26953125 0.4169921875 0.03125
0 0.208984375 0.3268229166666667 0.193359375 0.052083333333333336
7 0.46435546875 0.5885416666666666 0.1298828125 0.0234375
4 0.9853515625 0.10546875 0.029296875 0.049479166666666664
7 0.9833984375 0.19466145833333334 0.033203125 0.02734375
7 0.97265625 0.22265625 0.0546875 0.028645833333333332
0 0.94140625 0.2975260416666667 0.1171875 0.045572916666666664
0 0.94140625 0.3561197916666667 0.1171875 0.048177083333333336
4 0.9482421875 0.537109375 0.103515625 0.05859375
6 0.0126953125 0.6549479166666666 0.025390625 0.052083333333333336
0 0.02392578125 0.7194010416666666 0.0478515625 0.18098958333333334
2 0.14306640625 0.87109375 0.2685546875 0.0703125
4 0.142578125 0.9596354166666666 0.26953125 0.08072916666666667
0 0.14306640625 0.9596354166666666 0.2685546875 0.08072916666666667
2 0.43212890625 0.853515625 0.1943359375 0.03515625
4 0.43212890625 0.9420572916666666 0.1943359375 0.11588541666666667
0 0.43212890625 0.9420572916666666 0.1943359375 0.11588541666666667
7 0.646484375 0.75390625 0.234375 0.041666666666666664
7 0.646484375 0.7955729166666666 0.234375 0.041666666666666664