2 0.2353515625 0.014973958333333334 0.2890625 0.029947916666666668
7 0.18994140625 0.07161458333333333 0.3798828125 0.052083333333333336
4 0.189453125 0.3671875 0.37109375 0.22395833333333334
7 0.1640625 0.3678385416666667 0.21875 0.040364583333333336
7 0.1640625 0.412109375 0.220703125 0.040364583333333336
0 0.1640625 0.4700520833333333 0.166015625 0.018229166666666668
4 0.68994140625 0.19075520833333334 0.6201171875 0.3580729166666667
7 0.677734375 0.15950520833333334 0.595703125 0.07942708333333333
7 0.677734375 0.21940104166666666 0.595703125 0.04296875
0 0.5966796875 0.3899739583333333 0.0078125 0.01171875
0 0.6201171875 0.3899739583333333 0.0078125 0.01171875
0 0.6435546875 0.3899739583333333 0.0078125 0.01171875
0 0.6669921875 0.3899739583333333 0.0078125 0.01171875
4 0.7216796875 0.3951822916666667 0.0234375 0.032552083333333336
0 0.7177734375 0.3899739583333333 0.0234375 0.032552083333333336
7 0.2626953125 0.4856770833333333 0.158203125 0.013020833333333334
0 0.28173828125 0.4856770833333333 0.1962890625 0.013020833333333334
7 0.1240234375 0.546875 0.216796875 0.020833333333333332
1 0.1240234375 0.5690104166666666 0.216796875 0.0234375
7 0.32861328125 0.546875 0.1025390625 0.020833333333333332
0 0.31689453125 0.55859375 0.1259765625 0.09114583333333333
7 0.32861328125 0.5690104166666666 0.1025390625 0.0234375
2 0.18994140625 0.7330729166666666 0.3798828125 0.1171875
7 0.0380859375 0.8828125 0.060546875 0.026041666666666668
0 0.1435546875 0.9231770833333334 0.287109375 0.15364583333333334
7 0.34814453125 0.8828125 0.0615234375 0.026041666666666668
2 0.51025390625 0.5104166666666666 0.2607421875 0.0234375
2 0.53662109375 0.5690104166666666 0.3134765625 0.0234375
2 0.50244140625 0.6276041666666666 0.2451171875 0.0234375
2 0.501953125 0.6848958333333334 0.244140625 0.0234375
2 0.5126953125 0.7434895833333334 0.265625 0.0234375
2 0.5107421875 0.8020833333333334 0.26171875 0.0234375
2 0.509765625 0.859375 0.259765625 0.0234375
2 0.478515625 0.91796875 0.197265625 0.0234375
2 0.52294921875 0.9765625 0.2861328125 0.0234375
4 0.83154296875 0.5690104166666666 0.3369140625 0.1796875
7 0.9580078125 0.6497395833333334 0.083984375 0.015625
2 0.83154296875 0.7350260416666666 0.3369140625 0.12369791666666667
7 0.83154296875 0.830078125 0.3369140625 0.048177083333333336
7 0.83154296875 0.876953125 0.3369140625 0.02734375
6 0.83154296875 0.9322916666666666 0.3369140625 0.049479166666666664
6 0.83154296875 0.9876302083333334 0.3369140625 0.024739583333333332