2 0.166015625 0.04296875 0.33203125 0.0859375
7 0.166015625 0.123046875 0.33203125 0.03515625
0 0.080078125 0.201171875 0.16015625 0.061197916666666664
4 0.0478515625 0.2903645833333333 0.017578125 0.026041666666666668
0 0.091796875 0.2897135416666667 0.13671875 0.055989583333333336
7 0.10400390625 0.2897135416666667 0.0810546875 0.029947916666666668
4 0.1845703125 0.4186197916666667 0.369140625 0.024739583333333332
2 0.1845703125 0.5462239583333334 0.369140625 0.045572916666666664
4 0.43359375 0.3509114583333333 0.12890625 0.3059895833333333
2 0.62841796875 0.029947916666666668 0.2001953125 0.059895833333333336
6 0.5712890625 0.08463541666666667 0.0859375 0.020833333333333332
2 0.6259765625 0.20247395833333334 0.1953125 0.15234375
6 0.56396484375 0.3033854166666667 0.0712890625 0.020833333333333332
2 0.6103515625 0.3717447916666667 0.1640625 0.053385416666666664
6 0.57177734375 0.4231770833333333 0.0869140625 0.020833333333333332
2 0.62353515625 0.50390625 0.1904296875 0.078125
6 0.56591796875 0.5631510416666666 0.0751953125 0.01171875
7 0.8798828125 0.037760416666666664 0.240234375 0.0625
7 0.80859375 0.10677083333333333 0.09765625 0.026041666666666668
7 0.8798828125 0.13020833333333334 0.240234375 0.020833333333333332
0 0.826171875 0.18880208333333334 0.1328125 0.0546875
3 0.1845703125 0.7845052083333334 0.369140625 0.4309895833333333
0 0.1845703125 0.7845052083333334 0.369140625 0.4309895833333333
0 0.6845703125 0.5846354166666666 0.630859375 0.03125
0 0.6845703125 0.7845052083333334 0.630859375 0.4309895833333333
4 0.6845703125 0.7845052083333334 0.630859375 0.4309895833333333