2 0.05419921875 0.142578125 0.1083984375 0.13151041666666666
7 0.05419921875 0.24544270833333334 0.1083984375 0.03515625
4 0.21875 0.22721354166666666 0.220703125 0.3841145833333333
7 0.35107421875 0.004557291666666667 0.0439453125 0.009114583333333334
6 0.37060546875 0.018229166666666668 0.0830078125 0.020833333333333332
6 0.36767578125 0.037760416666666664 0.0771484375 0.020833333333333332
6 0.35693359375 0.057291666666666664 0.0556640625 0.020833333333333332
6 0.34814453125 0.07682291666666667 0.0380859375 0.020833333333333332
6 0.35107421875 0.09635416666666667 0.0439453125 0.020833333333333332
6 0.359375 0.11588541666666667 0.060546875 0.020833333333333332
6 0.35595703125 0.13541666666666666 0.0537109375 0.020833333333333332
6 0.3779296875 0.15494791666666666 0.09765625 0.020833333333333332
6 0.35107421875 0.17447916666666666 0.0439453125 0.020833333333333332
6 0.3408203125 0.19401041666666666 0.0234375 0.020833333333333332
6 0.361328125 0.21354166666666666 0.064453125 0.020833333333333332
7 0.5185546875 0.004557291666666667 0.0703125 0.009114583333333334
7 0.58984375 0.004557291666666667 0.0703125 0.009114583333333334
7 0.6708984375 0.004557291666666667 0.08984375 0.009114583333333334
7 0.74951171875 0.004557291666666667 0.0654296875 0.009114583333333334
6 0.51806640625 0.02734375 0.0556640625 0.020833333333333332
7 0.58984375 0.02734375 0.0703125 0.036458333333333336
7 0.6708984375 0.02734375 0.08984375 0.036458333333333336
7 0.74951171875 0.02734375 0.0654296875 0.036458333333333336
6 0.51806640625 0.06380208333333333 0.0556640625 0.020833333333333332
7 0.58984375 0.06380208333333333 0.0703125 0.036458333333333336
7 0.6708984375 0.06380208333333333 0.08984375 0.036458333333333336
7 0.74951171875 0.06380208333333333 0.0654296875 0.036458333333333336
2 0.7412109375 0.111328125 0.517578125 0.024739583333333332
7 0.49755859375 0.14973958333333334 0.0302734375 0.020833333333333332
7 0.52001953125 0.14973958333333334 0.0166015625 0.020833333333333332
7 0.56689453125 0.14973958333333334 0.0791015625 0.020833333333333332
7 0.6201171875 0.14973958333333334 0.029296875 0.020833333333333332
7 0.6728515625 0.14973958333333334 0.076171875 0.020833333333333332
7 0.8076171875 0.14973958333333334 0.197265625 0.020833333333333332
7 0.93798828125 0.14973958333333334 0.0654296875 0.020833333333333332
7 0.7412109375 0.16927083333333334 0.517578125 0.059895833333333336
6 0.705078125 0.18880208333333334 0.076171875 0.020833333333333332
7 0.77685546875 0.18880208333333334 0.0693359375 0.020833333333333332
7 0.7412109375 0.23502604166666666 0.517578125 0.040364583333333336
2 0.7412109375 0.283203125 0.517578125 0.024739583333333332
7 0.59375 0.3203125 0.14453125 0.020833333333333332
6 0.69140625 0.3203125 0.052734375 0.020833333333333332
7 0.73291015625 0.3203125 0.0302734375 0.020833333333333332
7 0.76513671875 0.3203125 0.0361328125 0.020833333333333332
7 0.79541015625 0.3203125 0.0283203125 0.020833333333333332
7 0.8310546875 0.3203125 0.04296875 0.020833333333333332
7 0.88818359375 0.3203125 0.0751953125 0.020833333333333332
7 0.57470703125 0.33984375 0.1064453125 0.020833333333333332
7 0.7802734375 0.359375 0.439453125 0.020833333333333332
7 0.7802734375 0.3938802083333333 0.439453125 0.05078125
4 0.16455078125 0.642578125 0.3291015625 0.4466145833333333
2 0.16015625 0.9264322916666666 0.3203125 0.048177083333333336
4 0.6220703125 0.435546875 0.064453125 0.032552083333333336
2 0.6220703125 0.48828125 0.498046875 0.020833333333333332
7 0.47265625 0.5247395833333334 0.19921875 0.020833333333333332
6 0.58984375 0.5247395833333334 0.03515625 0.020833333333333332
7 0.62109375 0.5247395833333334 0.029296875 0.020833333333333332
6 0.65283203125 0.5247395833333334 0.0380859375 0.020833333333333332
7 0.6201171875 0.5345052083333334 0.494140625 0.040364583333333336
2 0.6220703125 0.5872395833333334 0.498046875 0.020833333333333332
7 0.5341796875 0.6223958333333334 0.322265625 0.020833333333333332
7 0.74072265625 0.6223958333333334 0.0908203125 0.020833333333333332
6 0.79736328125 0.6236979166666666 0.0263671875 0.0234375
7 0.40185546875 0.6419270833333334 0.0576171875 0.020833333333333332
7 0.43310546875 0.6419270833333334 0.0048828125 0.020833333333333332
4 0.6220703125 0.6927083333333334 0.064453125 0.08333333333333333
4 0.60986328125 0.767578125 0.5615234375 0.022135416666666668
7 0.60986328125 0.8046875 0.5615234375 0.015625