7 0.2001953125 0.013020833333333334 0.103515625 0.026041666666666668
0 0.2001953125 0.027994791666666668 0.103515625 0.055989583333333336
7 0.3251953125 0.013020833333333334 0.068359375 0.026041666666666668
0 0.3251953125 0.027994791666666668 0.068359375 0.055989583333333336
7 0.45361328125 0.013020833333333334 0.1103515625 0.026041666666666668
0 0.45361328125 0.027994791666666668 0.1103515625 0.055989583333333336
7 0.55859375 0.013020833333333334 0.021484375 0.026041666666666668
2 0.08984375 0.30859375 0.1796875 0.140625
0 0.595703125 0.037760416666666664 0.052734375 0.07552083333333333
0 0.595703125 0.12109375 0.052734375 0.08854166666666667
0 0.595703125 0.201171875 0.052734375 0.045572916666666664
0 0.595703125 0.28125 0.052734375 0.08854166666666667
2 0.73583984375 0.021484375 0.1396484375 0.04296875
0 0.73583984375 0.021484375 0.1396484375 0.04296875
7 0.73583984375 0.185546875 0.1396484375 0.24088541666666666
2 0.9326171875 0.0546875 0.134765625 0.109375
0 0.9326171875 0.0546875 0.134765625 0.109375
7 0.9326171875 0.189453125 0.134765625 0.11588541666666667
4 0.330078125 0.4466145833333333 0.125 0.13541666666666666
0 0.330078125 0.4466145833333333 0.125 0.13541666666666666
2 0.28466796875 0.5677083333333334 0.5693359375 0.0234375
0 0.33056640625 0.6360677083333334 0.1044921875 0.05078125
7 0.32958984375 0.7962239583333334 0.1845703125 0.022135416666666668
6 0.33056640625 0.830078125 0.0712890625 0.022135416666666668
2 0.77880859375 0.4069010416666667 0.4189453125 0.055989583333333336
2 0.78125 0.4915364583333333 0.423828125 0.08203125
1 0.78125 0.6061197916666666 0.423828125 0.055989583333333336
4 0.6591796875 0.8313802083333334 0.1796875 0.10546875
0 0.6591796875 0.8502604166666666 0.1796875 0.14322916666666666
7 0.63623046875 0.9069010416666666 0.1337890625 0.029947916666666668
7 0.6591796875 0.9537760416666666 0.1796875 0.06380208333333333
4 0.8984375 0.8313802083333334 0.203125 0.10546875
0 0.8984375 0.8502604166666666 0.203125 0.14322916666666666
7 0.9130859375 0.9069010416666666 0.173828125 0.029947916666666668
7 0.8984375 0.9537760416666666 0.203125 0.06380208333333333