2 0.2998046875 0.16666666666666666 0.5234375 0.046875
7 0.126953125 0.24479166666666666 0.177734375 0.026041666666666668
7 0.26611328125 0.24479166666666666 0.1025390625 0.026041666666666668
7 0.29833984375 0.2760416666666667 0.5205078125 0.08854166666666667
7 0.3193359375 0.3932291666666667 0.484375 0.0625
0 0.96826171875 0.040364583333333336 0.0263671875 0.0390625
7 0.9169921875 0.040364583333333336 0.025390625 0.03125
6 0.84814453125 0.040364583333333336 0.0517578125 0.026041666666666668
7 0.8046875 0.24479166666666666 0.3203125 0.018229166666666668
2 0.79345703125 0.33203125 0.2978515625 0.11197916666666667
7 0.71630859375 0.4251302083333333 0.1435546875 0.022135416666666668
7 0.80029296875 0.4251302083333333 0.0283203125 0.022135416666666668
0 0.05908203125 0.5052083333333334 0.1181640625 0.07291666666666667
1 0.49560546875 0.5201822916666666 0.1572265625 0.04296875
6 0.416015625 0.4772135416666667 0.041015625 0.016927083333333332
6 0.4677734375 0.4772135416666667 0.017578125 0.016927083333333332
6 0.52587890625 0.4772135416666667 0.0517578125 0.016927083333333332
6 0.5869140625 0.4772135416666667 0.025390625 0.016927083333333332
0 0.052734375 0.6067708333333334 0.10546875 0.07291666666666667
0 0.234375 0.6067708333333334 0.2578125 0.07291666666666667
4 0.1748046875 0.8216145833333334 0.349609375 0.3567708333333333
2 0.48388671875 0.6979166666666666 0.2314453125 0.03125
7 0.47412109375 0.7526041666666666 0.2509765625 0.046875
7 0.4228515625 0.8209635416666666 0.0625 0.022135416666666668
0 0.42626953125 0.8209635416666666 0.1162109375 0.05859375
7 0.56298828125 0.8209635416666666 0.0732421875 0.022135416666666668
0 0.55126953125 0.8209635416666666 0.0966796875 0.05859375
2 0.48388671875 0.9440104166666666 0.2314453125 0.03125
7 0.48388671875 0.9876302083333334 0.2314453125 0.024739583333333332
0 0.6748046875 0.4856770833333333 0.1171875 0.033854166666666664
0 0.7919921875 0.4856770833333333 0.1171875 0.033854166666666664
0 0.9091796875 0.4856770833333333 0.1171875 0.033854166666666664
1 0.81494140625 0.556640625 0.3701171875 0.05859375
7 0.67529296875 0.6197916666666666 0.0908203125 0.020833333333333332
0 0.81494140625 0.6158854166666666 0.3701171875 0.028645833333333332
6 0.71728515625 0.685546875 0.2353515625 0.022135416666666668
7 0.91650390625 0.685546875 0.1669921875 0.022135416666666668
7 0.7998046875 0.876953125 0.400390625 0.12109375
6 0.6171875 0.9641927083333334 0.03515625 0.022135416666666668
6 0.6513671875 0.9641927083333334 0.02734375 0.022135416666666668
7 0.64453125 0.9954427083333334 0.08984375 0.009114583333333334
6 0.7685546875 0.9954427083333334 0.16015625 0.009114583333333334
7 0.92431640625 0.9954427083333334 0.1513671875 0.009114583333333334