4 0.19482421875 0.107421875 0.3896484375 0.21484375
2 0.19482421875 0.28125 0.3896484375 0.028645833333333332
7 0.0498046875 0.3684895833333333 0.05078125 0.0234375
0 0.0546875 0.3684895833333333 0.103515625 0.0390625
7 0.17431640625 0.3684895833333333 0.0869140625 0.0234375
0 0.17919921875 0.3684895833333333 0.1396484375 0.0390625
7 0.30078125 0.3684895833333333 0.0546875 0.0234375
0 0.3056640625 0.3684895833333333 0.107421875 0.0390625
0 0.3759765625 0.3684895833333333 0.02734375 0.0390625
2 0.69482421875 0.21484375 0.6103515625 0.4296875
6 0.431640625 0.006510416666666667 0.0703125 0.013020833333333334
6 0.49951171875 0.006510416666666667 0.0361328125 0.013020833333333334
6 0.55859375 0.006510416666666667 0.0546875 0.013020833333333334
6 0.6337890625 0.006510416666666667 0.06640625 0.013020833333333334
6 0.69873046875 0.006510416666666667 0.0361328125 0.013020833333333334
6 0.755859375 0.006510416666666667 0.05078125 0.013020833333333334
6 0.81982421875 0.006510416666666667 0.0478515625 0.013020833333333334
6 0.86962890625 0.006510416666666667 0.0244140625 0.013020833333333334
6 0.9169921875 0.006510416666666667 0.041015625 0.013020833333333334
6 0.974609375 0.006510416666666667 0.046875 0.013020833333333334
6 0.44775390625 0.021484375 0.0732421875 0.01953125
6 0.525390625 0.021484375 0.0546875 0.01953125
6 0.59619140625 0.021484375 0.0576171875 0.01953125
6 0.66845703125 0.021484375 0.0595703125 0.01953125
6 0.73681640625 0.021484375 0.0478515625 0.01953125
6 0.79833984375 0.021484375 0.0478515625 0.01953125
4 0.3974609375 0.06380208333333333 0.015625 0.059895833333333336
0 0.40576171875 0.07682291666666667 0.0322265625 0.0859375
6 0.40576171875 0.10611979166666667 0.0322265625 0.02734375
4 0.4609375 0.06380208333333333 0.044921875 0.059895833333333336
0 0.4609375 0.07682291666666667 0.078125 0.0859375
6 0.4609375 0.10611979166666667 0.078125 0.02734375
4 0.5390625 0.06380208333333333 0.044921875 0.059895833333333336
0 0.5390625 0.07682291666666667 0.078125 0.0859375
6 0.5390625 0.10611979166666667 0.078125 0.02734375
4 0.6171875 0.06380208333333333 0.044921875 0.059895833333333336
0 0.6171875 0.07682291666666667 0.078125 0.0859375
6 0.6171875 0.10611979166666667 0.078125 0.02734375
4 0.6953125 0.06380208333333333 0.044921875 0.059895833333333336
0 0.6953125 0.07682291666666667 0.078125 0.0859375
6 0.6953125 0.10611979166666667 0.078125 0.02734375
4 0.7734375 0.06380208333333333 0.044921875 0.059895833333333336
0 0.7734375 0.07682291666666667 0.078125 0.0859375
6 0.7734375 0.10611979166666667 0.078125 0.02734375
4 0.8515625 0.06380208333333333 0.044921875 0.059895833333333336
0 0.8515625 0.07682291666666667 0.078125 0.0859375
6 0.8515625 0.10611979166666667 0.078125 0.02734375
4 0.9296875 0.06380208333333333 0.044921875 0.059895833333333336
0 0.9296875 0.07682291666666667 0.078125 0.0859375
6 0.9296875 0.10611979166666667 0.078125 0.02734375
4 0.99267578125 0.06380208333333333 0.0146484375 0.059895833333333336
0 0.984375 0.07682291666666667 0.03125 0.0859375
6 0.984375 0.10611979166666667 0.03125 0.02734375
0 0.93798828125 0.3880208333333333 0.0126953125 0.018229166666666668
0 0.95458984375 0.3880208333333333 0.0126953125 0.018229166666666668
0 0.97119140625 0.3880208333333333 0.0126953125 0.018229166666666668
0 0.98779296875 0.3880208333333333 0.0126953125 0.018229166666666668
4 0.45654296875 0.2688802083333333 0.1337890625 0.2747395833333333
4 0.76123046875 0.2688802083333333 0.4775390625 0.2747395833333333
0 0.53271484375 0.2623697916666667 0.0302734375 0.040364583333333336
2 0.5849609375 0.423828125 0.1171875 0.01171875
4 0.4482421875 0.2688802083333333 0.1171875 0.2747395833333333
2 0.40283203125 0.4231770833333333 0.0263671875 0.013020833333333334
0 0.4765625 0.419921875 0.033203125 0.01953125
4 0.69482421875 0.23893229166666666 0.6103515625 0.3815104166666667
0 0.0126953125 0.4440104166666667 0.025390625 0.028645833333333332
0 0.0654296875 0.4440104166666667 0.03515625 0.028645833333333332
0 0.1533203125 0.4440104166666667 0.09375 0.028645833333333332
0 0.25927734375 0.4440104166666667 0.0712890625 0.028645833333333332
0 0.33984375 0.4440104166666667 0.044921875 0.028645833333333332
1 0.0390625 0.515625 0.078125 0.052083333333333336
1 0.1904296875 0.515625 0.205078125 0.052083333333333336
1 0.322265625 0.515625 0.0390625 0.052083333333333336
4 0.69482421875 0.888671875 0.6103515625 0.22265625
4 0.8955078125 0.8255208333333334 0.03515625 0.052083333333333336
4 0.8955078125 0.8255208333333334 0.03515625 0.052083333333333336
4 0.8955078125 0.8255208333333334 0.03515625 0.052083333333333336
7 0.93896484375 0.8092447916666666 0.1220703125 0.01953125
6 0.93896484375 0.8834635416666666 0.1220703125 0.16796875
7 0.93896484375 0.80859375 0.1220703125 0.018229166666666668
7 0.853515625 0.8359375 0.1328125 0.052083333333333336
0 0.833984375 0.8359375 0.171875 0.052083333333333336
4 0.94287109375 0.8359375 0.0400390625 0.052083333333333336
4 0.98291015625 0.8359375 0.0341796875 0.052083333333333336