2 0.1640625 0.08658854166666667 0.328125 0.01953125
4 0.15087890625 0.2981770833333333 0.3017578125 0.3645833333333333
0 0.1640625 0.2981770833333333 0.328125 0.3645833333333333
2 0.45361328125 0.08658854166666667 0.2314453125 0.01953125
4 0.41845703125 0.16731770833333334 0.1298828125 0.10286458333333333
0 0.41845703125 0.16731770833333334 0.1513671875 0.10286458333333333
2 0.5361328125 0.16015625 0.06640625 0.0859375
4 0.41845703125 0.3170572916666667 0.1396484375 0.10286458333333333
0 0.41845703125 0.3170572916666667 0.1513671875 0.10286458333333333
2 0.5361328125 0.3098958333333333 0.06640625 0.0859375
4 0.41796875 0.4576822916666667 0.140625 0.08463541666666667
0 0.41845703125 0.4576822916666667 0.1513671875 0.08463541666666667
2 0.5361328125 0.4583333333333333 0.06640625 0.08333333333333333
0 0.05029296875 0.5104166666666666 0.1005859375 0.020833333333333332
0 0.1396484375 0.5104166666666666 0.07421875 0.020833333333333332
7 0.28466796875 0.712890625 0.5693359375 0.01953125
2 0.0498046875 0.8079427083333334 0.099609375 0.03515625
2 0.2919921875 0.8255208333333334 0.26953125 0.0703125
4 0.2919921875 0.9368489583333334 0.26953125 0.12630208333333334
0 0.2919921875 0.9368489583333334 0.26953125 0.12630208333333334
3 0.5205078125 0.8821614583333334 0.09765625 0.23567708333333334
4 0.77294921875 0.6725260416666666 0.0888671875 0.3450520833333333
4 0.94140625 0.8600260416666666 0.1171875 0.12369791666666667
4 0.94970703125 0.7259114583333334 0.1005859375 0.01953125
4 0.9482421875 0.8131510416666666 0.09765625 0.13151041666666666
0 0.92529296875 0.8958333333333334 0.0517578125 0.020833333333333332
0 0.9755859375 0.8958333333333334 0.048828125 0.020833333333333332
4 0.701171875 0.544921875 0.20703125 0.08984375
6 0.701171875 0.6399739583333334 0.185546875 0.07161458333333333
4 0.912109375 0.544921875 0.17578125 0.08984375
6 0.91748046875 0.626953125 0.1650390625 0.045572916666666664
4 0.701171875 0.8899739583333334 0.20703125 0.22005208333333334
0 0.701171875 0.8899739583333334 0.20703125 0.22005208333333334
4 0.912109375 0.8899739583333334 0.17578125 0.22005208333333334
0 0.912109375 0.8899739583333334 0.17578125 0.22005208333333334