0 0.1455078125 0.036458333333333336 0.291015625 0.026041666666666668
7 0.16455078125 0.09375 0.3291015625 0.020833333333333332
2 0.259765625 0.23828125 0.51953125 0.0625
2 0.14111328125 0.3125 0.2822265625 0.07291666666666667
7 0.0048828125 0.373046875 0.009765625 0.02734375
7 0.04638671875 0.3736979166666667 0.0751953125 0.033854166666666664
7 0.095703125 0.373046875 0.025390625 0.02734375
7 0.12890625 0.3736979166666667 0.041015625 0.033854166666666664
7 0.2001953125 0.373046875 0.103515625 0.02734375
6 0.2548828125 0.369140625 0.005859375 0.016927083333333332
6 0.0751953125 0.421875 0.115234375 0.033854166666666664
6 0.1796875 0.421875 0.048828125 0.033854166666666664
7 0.25 0.380859375 0.5 0.21744791666666666
4 0.53564453125 0.016927083333333332 0.0322265625 0.033854166666666664
0 0.53564453125 0.016927083333333332 0.0322265625 0.033854166666666664
4 0.8193359375 0.014322916666666666 0.01953125 0.026041666666666668
0 0.86279296875 0.026692708333333332 0.1650390625 0.053385416666666664
7 0.8798828125 0.014322916666666666 0.072265625 0.020833333333333332
4 0.984375 0.014322916666666666 0.01953125 0.026041666666666668
0 0.97265625 0.026692708333333332 0.0546875 0.053385416666666664
0 0.53759765625 0.07942708333333333 0.0361328125 0.052083333333333336
0 0.60693359375 0.07942708333333333 0.0712890625 0.052083333333333336
0 0.6904296875 0.07942708333333333 0.064453125 0.052083333333333336
0 0.76220703125 0.07942708333333333 0.0478515625 0.052083333333333336
0 0.841796875 0.07942708333333333 0.080078125 0.052083333333333336
0 0.91748046875 0.07942708333333333 0.0400390625 0.052083333333333336
0 0.9765625 0.07942708333333333 0.046875 0.052083333333333336
4 0.759765625 0.3170572916666667 0.48046875 0.3450520833333333
4 0.23828125 0.6100260416666666 0.4765625 0.24088541666666666
0 0.3330078125 0.849609375 0.2578125 0.07942708333333333
0 0.087890625 0.849609375 0.17578125 0.07942708333333333
1 0.59375 0.52734375 0.1484375 0.057291666666666664
1 0.59375 0.587890625 0.1484375 0.048177083333333336
0 0.62109375 0.6341145833333334 0.09375 0.020833333333333332
6 0.5498046875 0.7415364583333334 0.060546875 0.022135416666666668
7 0.61474609375 0.8014322916666666 0.1904296875 0.022135416666666668
4 0.5830078125 0.8359375 0.126953125 0.0234375