2 0.28466796875 0.018880208333333332 0.5693359375 0.037760416666666664
2 0.14697265625 0.08072916666666667 0.2939453125 0.07291666666666667
7 0.0107421875 0.14127604166666666 0.021484375 0.02734375
7 0.05810546875 0.14192708333333334 0.0751953125 0.033854166666666664
7 0.107421875 0.14127604166666666 0.025390625 0.02734375
7 0.140625 0.14192708333333334 0.041015625 0.033854166666666664
7 0.2119140625 0.14127604166666666 0.103515625 0.02734375
6 0.2666015625 0.13736979166666666 0.005859375 0.016927083333333332
6 0.0869140625 0.19010416666666666 0.115234375 0.033854166666666664
6 0.19140625 0.19010416666666666 0.048828125 0.033854166666666664
7 0.255859375 0.294921875 0.51171875 0.5091145833333334
0 0.755859375 0.08919270833333333 0.373046875 0.06901041666666667
7 0.7177734375 0.08984375 0.12109375 0.020833333333333332
0 0.755859375 0.177734375 0.373046875 0.06901041666666667
7 0.7177734375 0.17838541666666666 0.138671875 0.020833333333333332
7 0.63037109375 0.2662760416666667 0.1220703125 0.022135416666666668
6 0.74658203125 0.2662760416666667 0.1123046875 0.022135416666666668
6 0.6162109375 0.431640625 0.033203125 0.01953125
6 0.66796875 0.431640625 0.033203125 0.01953125
6 0.7158203125 0.431640625 0.025390625 0.01953125
6 0.7666015625 0.431640625 0.0390625 0.01953125
6 0.82470703125 0.431640625 0.0400390625 0.01953125
6 0.8916015625 0.431640625 0.056640625 0.01953125
6 0.96484375 0.431640625 0.052734375 0.01953125
7 0.603515625 0.4635416666666667 0.068359375 0.026041666666666668
6 0.6630859375 0.4635416666666667 0.041015625 0.018229166666666668
6 0.72021484375 0.4635416666666667 0.0537109375 0.018229166666666668
6 0.7763671875 0.4635416666666667 0.0390625 0.018229166666666668
6 0.84765625 0.4635416666666667 0.083984375 0.018229166666666668
6 0.92041015625 0.4635416666666667 0.0419921875 0.018229166666666668
6 0.9755859375 0.4635416666666667 0.048828125 0.018229166666666668
6 0.8017578125 0.5123697916666666 0.03125 0.016927083333333332
6 0.8447265625 0.5123697916666666 0.03515625 0.016927083333333332
6 0.89501953125 0.5123697916666666 0.0458984375 0.016927083333333332
7 0.96142578125 0.5130208333333334 0.0771484375 0.026041666666666668
0 0.0185546875 0.5553385416666666 0.037109375 0.01171875
0 0.07861328125 0.5553385416666666 0.0654296875 0.01171875
0 0.13916015625 0.5553385416666666 0.0361328125 0.01171875
0 0.19873046875 0.5553385416666666 0.0615234375 0.01171875
0 0.26123046875 0.5553385416666666 0.0458984375 0.01171875
0 0.314453125 0.5553385416666666 0.041015625 0.01171875
0 0.3837890625 0.5553385416666666 0.078125 0.01171875
0 0.45556640625 0.5553385416666666 0.0458984375 0.01171875
0 0.50537109375 0.5553385416666666 0.0341796875 0.01171875
0 0.54931640625 0.5553385416666666 0.0322265625 0.01171875
7 0.28466796875 0.6041666666666666 0.5693359375 0.020833333333333332
4 0.28466796875 0.66015625 0.5693359375 0.06510416666666667
0 0.28466796875 0.66015625 0.5693359375 0.06510416666666667
7 0.0498046875 0.6614583333333334 0.099609375 0.03125
7 0.5205078125 0.658203125 0.09765625 0.029947916666666668
4 0.1728515625 0.91796875 0.345703125 0.1640625
0 0.1728515625 0.8684895833333334 0.345703125 0.2630208333333333
2 0.1728515625 0.7897135416666666 0.345703125 0.05078125
3 0.24267578125 0.9108072916666666 0.4072265625 0.17838541666666666
7 0.958984375 0.595703125 0.08203125 0.053385416666666664
0 0.951171875 0.595703125 0.09765625 0.053385416666666664
7 0.98193359375 0.642578125 0.0361328125 0.01953125
7 0.96240234375 0.6907552083333334 0.0751953125 0.01953125
4 0.78466796875 0.7376302083333334 0.4306640625 0.2591145833333333
4 0.78466796875 0.93359375 0.4306640625 0.1328125
2 0.78515625 0.92578125 0.4296875 0.044270833333333336
7 0.7529296875 0.96484375 0.365234375 0.028645833333333332