2 0.17236328125 0.027994791666666668 0.3447265625 0.055989583333333336
2 0.1552734375 0.13736979166666666 0.310546875 0.17578125
4 0.19873046875 0.3893229166666667 0.3974609375 0.09895833333333333
7 0.77490234375 0.13151041666666666 0.4501953125 0.2630208333333333
4 0.77490234375 0.09765625 0.4501953125 0.1953125
4 0.77490234375 0.03125 0.4501953125 0.0625
2 0.77490234375 0.10026041666666667 0.4501953125 0.041666666666666664
0 0.60693359375 0.18229166666666666 0.1142578125 0.057291666666666664
0 0.75634765625 0.18229166666666666 0.1650390625 0.057291666666666664
4 0.7509765625 0.349609375 0.40234375 0.17838541666666666
7 0.06103515625 0.4765625 0.0869140625 0.0234375
0 0.06787109375 0.4765625 0.1357421875 0.0390625
7 0.1875 0.4765625 0.0546875 0.0234375
0 0.1923828125 0.4765625 0.107421875 0.0390625
7 0.3046875 0.4765625 0.068359375 0.0234375
0 0.3095703125 0.4765625 0.12109375 0.0390625
7 0.310546875 0.6276041666666666 0.400390625 0.06510416666666667
7 0.16259765625 0.6861979166666666 0.0537109375 0.0234375
7 0.345703125 0.69921875 0.314453125 0.049479166666666664
0 0.1064453125 0.66015625 0.041015625 0.078125
0 0.509765625 0.66015625 0.041015625 0.078125
4 0.29052734375 0.7513020833333334 0.0107421875 0.013020833333333334
4 0.30810546875 0.7513020833333334 0.0107421875 0.013020833333333334
4 0.32568359375 0.7513020833333334 0.0107421875 0.013020833333333334
3 0.30810546875 0.8951822916666666 0.4443359375 0.20963541666666666
7 0.77490234375 0.5364583333333334 0.4501953125 0.026041666666666668
7 0.77490234375 0.6197916666666666 0.0478515625 0.020833333333333332
0 0.84228515625 0.6197916666666666 0.2724609375 0.06770833333333333
7 0.81005859375 0.6197916666666666 0.0166015625 0.020833333333333332
7 0.84716796875 0.6197916666666666 0.0595703125 0.020833333333333332
7 0.88916015625 0.6197916666666666 0.0166015625 0.020833333333333332
7 0.9169921875 0.6197916666666666 0.04296875 0.020833333333333332
2 0.77490234375 0.8294270833333334 0.4501953125 0.041666666666666664
4 0.62939453125 0.935546875 0.1591796875 0.12890625
4 0.8173828125 0.935546875 0.185546875 0.12890625
4 0.962890625 0.935546875 0.07421875 0.12890625