2 0.28662109375 0.09114583333333333 0.2392578125 0.09114583333333333
2 0.21142578125 0.17578125 0.3955078125 0.09114583333333333
2 0.228515625 0.302734375 0.361328125 0.17578125
4 0.20458984375 0.5520833333333334 0.4091796875 0.09375
4 0.66259765625 0.15885416666666666 0.3583984375 0.3177083333333333
4 0.67041015625 0.1640625 0.3583984375 0.328125
4 0.67529296875 0.16731770833333334 0.3583984375 0.3346354166666667
4 0.67919921875 0.169921875 0.3583984375 0.33984375
4 0.68212890625 0.171875 0.3583984375 0.34375
4 0.68408203125 0.17317708333333334 0.3583984375 0.3463541666666667
4 0.68603515625 0.17447916666666666 0.3583984375 0.3489583333333333
4 0.68701171875 0.17513020833333334 0.3583984375 0.3502604166666667
4 0.68798828125 0.17578125 0.3583984375 0.3515625
4 0.68896484375 0.17643229166666666 0.3583984375 0.3528645833333333
4 0.69921875 0.5045572916666666 0.189453125 0.024739583333333332
7 0.69921875 0.58984375 0.189453125 0.018229166666666668
4 0.4599609375 0.07682291666666667 0.1015625 0.15364583333333334
4 0.20458984375 0.6953125 0.4091796875 0.19270833333333334
7 0.4775390625 0.6145833333333334 0.13671875 0.03125
4 0.42724609375 0.703125 0.0361328125 0.052083333333333336
0 0.51904296875 0.703125 0.2197265625 0.10416666666666667
7 0.484375 0.689453125 0.0546875 0.02734375
7 0.490234375 0.71875 0.06640625 0.0234375
7 0.51953125 0.78125 0.1171875 0.0234375
0 0.51904296875 0.78125 0.2197265625 0.052083333333333336
7 0.51953125 0.8333333333333334 0.1171875 0.0234375
0 0.51904296875 0.8333333333333334 0.2197265625 0.052083333333333336
7 0.51953125 0.8854166666666666 0.1171875 0.0234375
0 0.51904296875 0.8854166666666666 0.2197265625 0.052083333333333336
7 0.51953125 0.9375 0.1171875 0.0234375
0 0.51904296875 0.9375 0.2197265625 0.052083333333333336
7 0.51953125 0.9889322916666666 0.1171875 0.022135416666666668
0 0.51904296875 0.9817708333333334 0.2197265625 0.036458333333333336
4 0.73046875 0.62109375 0.015625 0.020833333333333332
1 0.853515625 0.623046875 0.29296875 0.048177083333333336
7 0.7783203125 0.7063802083333334 0.142578125 0.03515625
7 0.7275390625 0.7805989583333334 0.041015625 0.01953125
7 0.78759765625 0.7805989583333334 0.0302734375 0.01953125
0 0.740234375 0.833984375 0.06640625 0.022135416666666668
0 0.88623046875 0.833984375 0.2275390625 0.022135416666666668
0 0.740234375 0.888671875 0.06640625 0.022135416666666668
0 0.88623046875 0.888671875 0.2275390625 0.022135416666666668
0 0.740234375 0.943359375 0.06640625 0.022135416666666668
0 0.88623046875 0.943359375 0.2275390625 0.022135416666666668
0 0.740234375 0.9934895833333334 0.06640625 0.013020833333333334
0 0.88623046875 0.9934895833333334 0.2275390625 0.013020833333333334