4 0.22998046875 0.107421875 0.4599609375 0.21484375
2 0.03466796875 0.24674479166666666 0.0693359375 0.022135416666666668
2 0.0576171875 0.275390625 0.115234375 0.022135416666666668
2 0.2294921875 0.24674479166666666 0.138671875 0.022135416666666668
2 0.23095703125 0.275390625 0.1416015625 0.022135416666666668
2 0.40869140625 0.24674479166666666 0.1025390625 0.022135416666666668
2 0.40869140625 0.275390625 0.1025390625 0.022135416666666668
7 0.048828125 0.34765625 0.09765625 0.020833333333333332
4 0.0078125 0.4205729166666667 0.015625 0.078125
4 0.0546875 0.4205729166666667 0.05859375 0.078125
4 0.123046875 0.4205729166666667 0.05859375 0.078125
4 0.19140625 0.4205729166666667 0.05859375 0.078125
4 0.259765625 0.4205729166666667 0.05859375 0.078125
4 0.328125 0.4205729166666667 0.05859375 0.078125
4 0.396484375 0.4205729166666667 0.05859375 0.078125
4 0.44775390625 0.4205729166666667 0.0244140625 0.078125
4 0.0546875 0.5013020833333334 0.05859375 0.057291666666666664
4 0.123046875 0.5013020833333334 0.05859375 0.057291666666666664
4 0.19140625 0.5013020833333334 0.05859375 0.057291666666666664
4 0.259765625 0.5013020833333334 0.05859375 0.057291666666666664
4 0.328125 0.5013020833333334 0.05859375 0.057291666666666664
4 0.396484375 0.5013020833333334 0.05859375 0.057291666666666664
4 0.44775390625 0.5013020833333334 0.0244140625 0.057291666666666664
0 0.533203125 0.08919270833333333 0.146484375 0.06640625
6 0.49462890625 0.15169270833333334 0.0693359375 0.02734375
6 0.49072265625 0.19596354166666666 0.0615234375 0.02734375
7 0.72998046875 0.12955729166666666 0.5400390625 0.2591145833333333
7 0.83251953125 0.049479166666666664 0.3349609375 0.059895833333333336
7 0.97900390625 0.059895833333333336 0.0068359375 0.015625
7 0.9912109375 0.06510416666666667 0.017578125 0.028645833333333332
0 0.7529296875 0.15299479166666666 0.17578125 0.06640625
4 0.51220703125 0.4322916666666667 0.1044921875 0.19270833333333334
0 0.513671875 0.4329427083333333 0.107421875 0.19401041666666666
4 0.68310546875 0.4322916666666667 0.2275390625 0.19270833333333334
0 0.6826171875 0.4329427083333333 0.232421875 0.19401041666666666
4 0.900390625 0.4322916666666667 0.19921875 0.19270833333333334
0 0.8994140625 0.4329427083333333 0.201171875 0.19401041666666666
7 0.03466796875 0.5403645833333334 0.0693359375 0.020833333333333332
7 0.03125 0.5768229166666666 0.0625 0.020833333333333332
7 0.0634765625 0.5768229166666666 0.00390625 0.020833333333333332
7 0.04736328125 0.6223958333333334 0.0654296875 0.036458333333333336
7 0.04736328125 0.6588541666666666 0.0654296875 0.036458333333333336
7 0.04736328125 0.6953125 0.0654296875 0.036458333333333336
7 0.04931640625 0.7604166666666666 0.0986328125 0.020833333333333332
7 0.099609375 0.7604166666666666 0.00390625 0.020833333333333332
7 0.04736328125 0.8046875 0.0654296875 0.036458333333333336
7 0.04736328125 0.8411458333333334 0.0654296875 0.036458333333333336
7 0.04736328125 0.8776041666666666 0.0654296875 0.036458333333333336
2 0.16845703125 0.9251302083333334 0.3369140625 0.024739583333333332
7 0.10546875 0.9635416666666666 0.197265625 0.020833333333333332
7 0.23583984375 0.9635416666666666 0.0654296875 0.020833333333333332
7 0.166015625 0.9765625 0.33203125 0.046875
6 0.0205078125 0.99609375 0.041015625 0.0078125
7 0.07470703125 0.99609375 0.0693359375 0.0078125
6 0.39501953125 0.533203125 0.0849609375 0.006510416666666667
7 0.40478515625 0.576171875 0.1103515625 0.02734375
6 0.38037109375 0.6028645833333334 0.0556640625 0.015625
7 0.40478515625 0.689453125 0.1103515625 0.02734375
6 0.40625 0.7161458333333334 0.107421875 0.015625
0 0.72998046875 0.5572916666666666 0.5400390625 0.0546875
7 0.56640625 0.619140625 0.095703125 0.01953125
0 0.72998046875 0.6204427083333334 0.5400390625 0.07161458333333333
7 0.56640625 0.6907552083333334 0.033203125 0.01953125
0 0.72998046875 0.6920572916666666 0.5400390625 0.07161458333333333
0 0.72998046875 0.763671875 0.5400390625 0.07161458333333333
0 0.72998046875 0.8352864583333334 0.5400390625 0.07161458333333333
0 0.72998046875 0.9069010416666666 0.5400390625 0.07161458333333333
2 0.654296875 0.65625 0.24609375 0.041666666666666664
4 0.4814453125 0.6569010416666666 0.04296875 0.13932291666666666
7 0.5009765625 0.8092447916666666 0.064453125 0.029947916666666668
0 0.57177734375 0.8092447916666666 0.2236328125 0.06380208333333333
4 0.65283203125 0.80859375 0.0224609375 0.03125
7 0.75439453125 0.8092447916666666 0.0830078125 0.029947916666666668
0 0.810546875 0.8092447916666666 0.234375 0.06380208333333333
4 0.89697265625 0.80859375 0.0224609375 0.03125
0 0.69384765625 0.9329427083333334 0.4677734375 0.13411458333333334
4 0.69384765625 0.9329427083333334 0.4677734375 0.13411458333333334