4 0.16162109375 0.14388020833333334 0.3232421875 0.2877604166666667
2 0.04541015625 0.3196614583333333 0.0908203125 0.022135416666666668
2 0.046875 0.3483072916666667 0.09375 0.022135416666666668
2 0.224609375 0.3196614583333333 0.150390625 0.022135416666666668
2 0.224609375 0.3483072916666667 0.150390625 0.022135416666666668
7 0.45166015625 0.001953125 0.0654296875 0.00390625
7 0.4150390625 0.012369791666666666 0.13671875 0.014322916666666666
7 0.466796875 0.042317708333333336 0.03515625 0.01953125
7 0.4150390625 0.060546875 0.13671875 0.014322916666666666
1 0.51611328125 0.051432291666666664 0.0458984375 0.032552083333333336
7 0.453125 0.09049479166666667 0.0625 0.01953125
7 0.4150390625 0.10872395833333333 0.13671875 0.014322916666666666
1 0.51611328125 0.099609375 0.0458984375 0.032552083333333336
7 0.43896484375 0.138671875 0.0908203125 0.01953125
7 0.4150390625 0.15690104166666666 0.13671875 0.014322916666666666
1 0.51611328125 0.14778645833333334 0.0458984375 0.032552083333333336
3 0.46728515625 0.22786458333333334 0.1435546875 0.1015625
4 0.51171875 0.29296875 0.015625 0.020833333333333332
0 0.51611328125 0.29296875 0.0458984375 0.033854166666666664
7 0.53173828125 0.2923177083333333 0.0146484375 0.01953125
7 0.51611328125 0.3203125 0.0458984375 0.015625
4 0.51611328125 0.3600260416666667 0.0458984375 0.032552083333333336
4 0.00634765625 0.4934895833333333 0.0126953125 0.078125
4 0.0517578125 0.4934895833333333 0.05859375 0.078125
4 0.1201171875 0.4934895833333333 0.05859375 0.078125
4 0.1884765625 0.4934895833333333 0.05859375 0.078125
4 0.2568359375 0.4934895833333333 0.05859375 0.078125
4 0.3251953125 0.4934895833333333 0.05859375 0.078125
4 0.3935546875 0.4934895833333333 0.05859375 0.078125
4 0.4619140625 0.4934895833333333 0.05859375 0.078125
4 0.52001953125 0.4934895833333333 0.0380859375 0.078125
7 0.5576171875 0.011067708333333334 0.037109375 0.022135416666666668
7 0.63916015625 0.011067708333333334 0.0888671875 0.022135416666666668
0 0.56591796875 0.06575520833333333 0.0537109375 0.02734375
0 0.62451171875 0.06575520833333333 0.0458984375 0.02734375
0 0.677734375 0.06575520833333333 0.041015625 0.02734375
0 0.7470703125 0.06575520833333333 0.078125 0.02734375
0 0.81884765625 0.06575520833333333 0.0458984375 0.02734375
0 0.86865234375 0.06575520833333333 0.0341796875 0.02734375
0 0.91259765625 0.06575520833333333 0.0322265625 0.02734375
7 0.96044921875 0.06315104166666667 0.0439453125 0.022135416666666668
7 0.76953125 0.12239583333333333 0.4609375 0.020833333333333332
4 0.76953125 0.17838541666666666 0.4609375 0.06510416666666667
0 0.76953125 0.17838541666666666 0.4609375 0.06510416666666667
7 0.91748046875 0.17643229166666666 0.1650390625 0.029947916666666668
2 0.6240234375 0.3079427083333333 0.169921875 0.05078125
3 0.67431640625 0.439453125 0.2705078125 0.19921875
2 0.26953125 0.5494791666666666 0.5390625 0.020833333333333332
7 0.26953125 0.5891927083333334 0.5390625 0.032552083333333336
7 0.26953125 0.6647135416666666 0.5390625 0.053385416666666664
6 0.29150390625 0.6809895833333334 0.1689453125 0.020833333333333332
0 0.12744140625 0.7819010416666666 0.2548828125 0.061197916666666664
2 0.06982421875 0.955078125 0.0908203125 0.045572916666666664
2 0.24072265625 0.955078125 0.2529296875 0.045572916666666664
7 0.64111328125 0.5442708333333334 0.2041015625 0.010416666666666666
7 0.78369140625 0.5455729166666666 0.0751953125 0.013020833333333334
0 0.796875 0.5462239583333334 0.1015625 0.014322916666666666
4 0.83447265625 0.5423177083333334 0.0185546875 0.006510416666666667
4 0.5693359375 0.7526041666666666 0.060546875 0.08854166666666667
2 0.66748046875 0.8932291666666666 0.2568359375 0.15625