0 0.21484375 0.051432291666666664 0.4296875 0.07161458333333333
0 0.21484375 0.123046875 0.4296875 0.07161458333333333
7 0.205078125 0.193359375 0.095703125 0.01953125
0 0.21484375 0.19466145833333334 0.4296875 0.07161458333333333
7 0.205078125 0.2649739583333333 0.033203125 0.01953125
0 0.21484375 0.2662760416666667 0.4296875 0.07161458333333333
0 0.21484375 0.337890625 0.4296875 0.07161458333333333
0 0.21484375 0.048177083333333336 0.4296875 0.0703125
2 0.29296875 0.23046875 0.24609375 0.041666666666666664
4 0.07080078125 0.23111979166666666 0.1416015625 0.13932291666666666
0 0.0390625 0.3756510416666667 0.078125 0.048177083333333336
4 0.04736328125 0.3802083333333333 0.0224609375 0.03125
7 0.1396484375 0.3834635416666667 0.064453125 0.029947916666666668
0 0.205078125 0.3756510416666667 0.234375 0.048177083333333336
4 0.29150390625 0.3828125 0.0224609375 0.03125
7 0.390625 0.3834635416666667 0.078125 0.029947916666666668
0 0.380859375 0.3756510416666667 0.09765625 0.048177083333333336
3 0.71484375 0.10091145833333333 0.5703125 0.20182291666666666
4 0.6201171875 0.3111979166666667 0.380859375 0.17708333333333334
0 0.62109375 0.3111979166666667 0.3828125 0.17708333333333334
4 0.91357421875 0.3111979166666667 0.1728515625 0.17708333333333334
0 0.91357421875 0.3111979166666667 0.1728515625 0.17708333333333334
6 0.92529296875 0.3561197916666667 0.1494140625 0.016927083333333332
0 0.92529296875 0.3561197916666667 0.1494140625 0.016927083333333332
2 0.92529296875 0.3841145833333333 0.1494140625 0.03125
0 0.92529296875 0.3841145833333333 0.1494140625 0.03125
0 0.26708984375 0.4459635416666667 0.1474609375 0.029947916666666668
0 0.373046875 0.4459635416666667 0.0390625 0.029947916666666668
4 0.41796875 0.4459635416666667 0.0234375 0.032552083333333336
0 0.41796875 0.451171875 0.0234375 0.040364583333333336
7 0.048828125 0.4993489583333333 0.041015625 0.029947916666666668
0 0.048828125 0.4993489583333333 0.060546875 0.045572916666666664
7 0.12841796875 0.4993489583333333 0.0634765625 0.029947916666666668
0 0.12841796875 0.4993489583333333 0.0830078125 0.045572916666666664
7 0.22021484375 0.4993489583333333 0.0654296875 0.029947916666666668
0 0.22021484375 0.4993489583333333 0.0849609375 0.045572916666666664
7 0.31103515625 0.4993489583333333 0.0615234375 0.029947916666666668
0 0.31103515625 0.4993489583333333 0.0810546875 0.045572916666666664
7 0.3994140625 0.4993489583333333 0.060546875 0.029947916666666668
0 0.39453125 0.4993489583333333 0.0703125 0.045572916666666664
2 0.21484375 0.8235677083333334 0.4296875 0.07421875
7 0.21484375 0.896484375 0.4296875 0.04296875
7 0.029296875 0.9876302083333334 0.05859375 0.024739583333333332
0 0.03662109375 0.9765625 0.0732421875 0.046875
4 0.71484375 0.6998697916666666 0.5703125 0.6002604166666666
6 0.62939453125 0.5794270833333334 0.3271484375 0.033854166666666664
4 0.71484375 0.7955729166666666 0.5703125 0.4088541666666667
0 0.5078125 0.40625 0.099609375 0.013020833333333334
0 0.6083984375 0.40625 0.103515625 0.013020833333333334
7 0.81494140625 0.490234375 0.3701171875 0.15234375
7 0.71484375 0.490234375 0.5703125 0.12109375
7 0.45849609375 0.6178385416666666 0.0556640625 0.06640625
0 0.4638671875 0.6204427083333334 0.06640625 0.055989583333333336
7 0.53955078125 0.6178385416666666 0.0869140625 0.06640625
0 0.5439453125 0.6204427083333334 0.095703125 0.055989583333333336
7 0.62939453125 0.6015625 0.0751953125 0.020833333333333332
0 0.63427734375 0.6204427083333334 0.0849609375 0.055989583333333336
0 0.72705078125 0.6204427083333334 0.1025390625 0.055989583333333336
4 0.52978515625 0.79296875 0.2001953125 0.2682291666666667
0 0.52978515625 0.79296875 0.2001953125 0.2682291666666667
7 0.52001953125 0.9010416666666666 0.1806640625 0.041666666666666664
4 0.7509765625 0.7259114583333334 0.244140625 0.13411458333333334
0 0.7509765625 0.7259114583333334 0.244140625 0.13411458333333334
7 0.74560546875 0.7506510416666666 0.2255859375 0.07421875
4 0.93603515625 0.7259114583333334 0.1279296875 0.13411458333333334
0 0.93603515625 0.7259114583333334 0.1279296875 0.13411458333333334
7 0.93798828125 0.7506510416666666 0.1240234375 0.07421875
4 0.7509765625 0.859375 0.244140625 0.13541666666666666
0 0.7509765625 0.859375 0.244140625 0.13541666666666666
6 0.74560546875 0.884765625 0.2255859375 0.07421875
4 0.93603515625 0.859375 0.1279296875 0.13541666666666666
0 0.93603515625 0.859375 0.1279296875 0.13541666666666666
6 0.93798828125 0.884765625 0.1240234375 0.07421875
2 0.486328125 0.9967447916666666 0.099609375 0.006510416666666667
2 0.7685546875 0.9973958333333334 0.09765625 0.005208333333333333
2 0.923828125 0.9967447916666666 0.15234375 0.006510416666666667