0 0.16064453125 0.20963541666666666 0.3212890625 0.4192708333333333
4 0.16064453125 0.20963541666666666 0.3212890625 0.4192708333333333
4 0.6845703125 0.13020833333333334 0.630859375 0.2604166666666667
4 0.6845703125 0.13020833333333334 0.630859375 0.2604166666666667
0 0.42041015625 0.21354166666666666 0.1025390625 0.052083333333333336
0 0.42041015625 0.21354166666666666 0.1025390625 0.052083333333333336
0 0.42041015625 0.21354166666666666 0.1025390625 0.052083333333333336
0 0.42041015625 0.21354166666666666 0.1025390625 0.052083333333333336
0 0.42041015625 0.21354166666666666 0.1025390625 0.052083333333333336
0 0.41015625 0.21354166666666666 0.08203125 0.052083333333333336
0 0.41015625 0.21419270833333334 0.08203125 0.053385416666666664
7 0.37646484375 0.21354166666666666 0.0146484375 0.052083333333333336
0 0.41015625 0.21419270833333334 0.08203125 0.053385416666666664
0 0.41015625 0.21419270833333334 0.08203125 0.053385416666666664
0 0.41015625 0.21419270833333334 0.08203125 0.053385416666666664
7 0.38720703125 0.21354166666666666 0.0361328125 0.052083333333333336
0 0.41015625 0.21419270833333334 0.08203125 0.053385416666666664
7 0.3798828125 0.21354166666666666 0.021484375 0.052083333333333336
0 0.41015625 0.21419270833333334 0.08203125 0.053385416666666664
0 0.41015625 0.21419270833333334 0.08203125 0.053385416666666664
7 0.38134765625 0.21354166666666666 0.0244140625 0.052083333333333336
0 0.41015625 0.21419270833333334 0.08203125 0.053385416666666664
7 0.38037109375 0.21354166666666666 0.0224609375 0.052083333333333336
0 0.41015625 0.21419270833333334 0.08203125 0.053385416666666664
7 0.37451171875 0.21354166666666666 0.0107421875 0.052083333333333336
7 0.76611328125 0.008463541666666666 0.0400390625 0.016927083333333332
0 0.787109375 0.016276041666666668 0.10546875 0.032552083333333336
4 0.80712890625 0.014973958333333334 0.0322265625 0.029947916666666668
7 0.8642578125 0.008463541666666666 0.05078125 0.016927083333333332
0 0.8876953125 0.01953125 0.09765625 0.0390625
4 0.91259765625 0.014973958333333334 0.0322265625 0.029947916666666668
4 0.91259765625 0.017578125 0.0400390625 0.03515625
4 0.96142578125 0.016276041666666668 0.0205078125 0.032552083333333336
2 0.63232421875 0.12174479166666667 0.5263671875 0.06901041666666667
1 0.58935546875 0.236328125 0.4404296875 0.055989583333333336
4 0.828125 0.236328125 0.03125 0.032552083333333336
0 0.828125 0.236328125 0.03125 0.032552083333333336
4 0.86669921875 0.236328125 0.0322265625 0.032552083333333336
7 0.5283203125 0.2955729166666667 0.318359375 0.020833333333333332
6 0.75048828125 0.2955729166666667 0.1220703125 0.020833333333333332
2 0.505859375 0.4850260416666667 0.2734375 0.07682291666666667
2 0.66845703125 0.4798177083333333 0.0419921875 0.05859375
2 0.537109375 0.5631510416666666 0.3359375 0.07682291666666667
7 0.564453125 0.7076822916666666 0.390625 0.10546875
6 0.48046875 0.8098958333333334 0.22265625 0.028645833333333332
6 0.52294921875 0.8567708333333334 0.3076171875 0.028645833333333332
6 0.50244140625 0.9036458333333334 0.2666015625 0.028645833333333332
6 0.49267578125 0.9505208333333334 0.2470703125 0.028645833333333332