4 0.38134765625 0.15494791666666666 0.2158203125 0.3098958333333333
4 0.02099609375 0.034505208333333336 0.0419921875 0.06901041666666667
2 0.158203125 0.033854166666666664 0.232421875 0.06770833333333333
7 0.0693359375 0.09700520833333333 0.0546875 0.03515625
2 0.158203125 0.19856770833333334 0.232421875 0.13151041666666666
7 0.09765625 0.302734375 0.0390625 0.014322916666666666
0 0.0869140625 0.2962239583333333 0.08984375 0.02734375
4 0.5771484375 0.109375 0.17578125 0.21875
4 0.6669921875 0.15494791666666666 0.35546875 0.3098958333333333
4 0.93212890625 0.059244791666666664 0.1357421875 0.11848958333333333
6 0.9375 0.15559895833333334 0.125 0.045572916666666664
4 0.93212890625 0.2662760416666667 0.1357421875 0.08723958333333333
6 0.24462890625 0.6549479166666666 0.4892578125 0.6901041666666666
4 0.13916015625 0.3587239583333333 0.1806640625 0.09765625
0 0.1357421875 0.3639322916666667 0.16015625 0.10807291666666667
2 0.2626953125 0.72265625 0.453125 0.5546875
7 0.13623046875 0.4817708333333333 0.1416015625 0.020833333333333332
7 0.23486328125 0.4811197916666667 0.0458984375 0.024739583333333332
2 0.2724609375 0.6419270833333334 0.43359375 0.16666666666666666
7 0.2724609375 0.7721354166666666 0.43359375 0.06510416666666667
4 0.2626953125 0.9153645833333334 0.453125 0.16927083333333334
0 0.2626953125 0.9153645833333334 0.453125 0.16927083333333334
0 0.53759765625 0.328125 0.0966796875 0.036458333333333336
0 0.658203125 0.328125 0.146484375 0.036458333333333336
0 0.7529296875 0.3352864583333333 0.044921875 0.05078125
0 0.91357421875 0.328125 0.1396484375 0.036458333333333336
7 0.8505859375 0.970703125 0.298828125 0.05859375