4 0.1201171875 0.055989583333333336 0.240234375 0.078125
0 0.1201171875 0.053385416666666664 0.240234375 0.0390625
0 0.3525390625 0.039713541666666664 0.033203125 0.07942708333333333
0 0.01123046875 0.15494791666666666 0.0224609375 0.026041666666666668
0 0.0771484375 0.15494791666666666 0.08984375 0.026041666666666668
0 0.1591796875 0.15494791666666666 0.0546875 0.026041666666666668
0 0.25732421875 0.15494791666666666 0.1220703125 0.026041666666666668
7 0.166015625 0.21549479166666666 0.33203125 0.014322916666666666
3 0.166015625 0.2740885416666667 0.33203125 0.08984375
2 0.44921875 0.15950520833333334 0.16015625 0.3190104166666667
4 0.470703125 0.16145833333333334 0.203125 0.3151041666666667
0 0.470703125 0.16145833333333334 0.203125 0.3151041666666667
2 0.689453125 0.07486979166666667 0.173828125 0.061197916666666664
6 0.68994140625 0.12109375 0.0869140625 0.015625
7 0.689453125 0.142578125 0.01953125 0.024739583333333332
2 0.68896484375 0.22591145833333334 0.1748046875 0.061197916666666664
6 0.68994140625 0.2721354166666667 0.0986328125 0.015625
7 0.689453125 0.2936197916666667 0.01953125 0.024739583333333332
3 0.90576171875 0.15950520833333334 0.1884765625 0.3190104166666667
0 0.1845703125 0.3795572916666667 0.369140625 0.07161458333333333
0 0.1845703125 0.451171875 0.369140625 0.07161458333333333
0 0.1845703125 0.5227864583333334 0.369140625 0.07161458333333333
0 0.1845703125 0.5944010416666666 0.369140625 0.07161458333333333
2 0.0947265625 0.34375 0.189453125 0.041666666666666664
0 0.0478515625 0.4967447916666667 0.095703125 0.06380208333333333
4 0.06494140625 0.49609375 0.0224609375 0.03125
7 0.16650390625 0.4967447916666667 0.0830078125 0.029947916666666668
0 0.22265625 0.4967447916666667 0.234375 0.06380208333333333
4 0.30908203125 0.49609375 0.0224609375 0.03125
0 0.169921875 0.7766927083333334 0.33984375 0.4466145833333333
4 0.169921875 0.7766927083333334 0.33984375 0.4466145833333333
4 0.6845703125 0.3723958333333333 0.630859375 0.10677083333333333
0 0.6845703125 0.3723958333333333 0.630859375 0.10677083333333333
2 0.6845703125 0.7154947916666666 0.630859375 0.5690104166666666
2 0.6845703125 0.7154947916666666 0.630859375 0.5690104166666666
2 0.451171875 0.888671875 0.1640625 0.04296875
4 0.49365234375 0.6595052083333334 0.2490234375 0.3372395833333333
0 0.49365234375 0.6595052083333334 0.2490234375 0.3372395833333333
7 0.57568359375 0.794921875 0.0849609375 0.06640625
6 0.697265625 0.671875 0.115234375 0.026041666666666668
2 0.74267578125 0.7493489583333334 0.2060546875 0.13151041666666666
4 0.7451171875 0.5716145833333334 0.21484375 0.16145833333333334
0 0.7451171875 0.5716145833333334 0.21484375 0.16145833333333334
7 0.82568359375 0.630859375 0.0537109375 0.04296875
6 0.9150390625 0.671875 0.08203125 0.026041666666666668
2 0.93701171875 0.716796875 0.1259765625 0.06640625
4 0.93603515625 0.5716145833333334 0.1279296875 0.16145833333333334
0 0.93603515625 0.5716145833333334 0.1279296875 0.16145833333333334
4 0.7451171875 0.921875 0.21484375 0.15625
0 0.7451171875 0.921875 0.21484375 0.15625
7 0.82568359375 0.9811197916666666 0.0537109375 0.037760416666666664
4 0.93603515625 0.921875 0.1279296875 0.15625
0 0.93603515625 0.921875 0.1279296875 0.15625