2 0.35791015625 0.033203125 0.3955078125 0.055989583333333336
2 0.3583984375 0.08268229166666667 0.181640625 0.055989583333333336
7 0.0703125 0.16796875 0.033203125 0.03125
0 0.10791015625 0.16796875 0.2158203125 0.06770833333333333
7 0.1162109375 0.16796875 0.060546875 0.03125
7 0.31103515625 0.16796875 0.0322265625 0.03125
0 0.3583984375 0.16796875 0.23046875 0.06770833333333333
7 0.37451171875 0.16796875 0.0947265625 0.03125
7 0.595703125 0.16796875 0.033203125 0.03125
0 0.59521484375 0.16796875 0.1884765625 0.06770833333333333
7 0.63232421875 0.16796875 0.0419921875 0.03125
0 0.158203125 0.3606770833333333 0.201171875 0.15625
4 0.158203125 0.3606770833333333 0.201171875 0.15625
0 0.3583984375 0.3606770833333333 0.201171875 0.15625
4 0.3583984375 0.3606770833333333 0.201171875 0.15625
0 0.55859375 0.3606770833333333 0.201171875 0.15625
4 0.55859375 0.3606770833333333 0.201171875 0.15625
0 0.70166015625 0.06901041666666667 0.0244140625 0.028645833333333332
0 0.87744140625 0.06901041666666667 0.1435546875 0.028645833333333332
0 0.99169921875 0.06901041666666667 0.0166015625 0.028645833333333332
2 0.7578125 0.3111979166666667 0.13671875 0.041666666666666664
2 0.7578125 0.400390625 0.13671875 0.07682291666666667
4 0.92919921875 0.2688802083333333 0.1416015625 0.33984375
4 0.93994140625 0.279296875 0.1201171875 0.3190104166666667
4 0.93994140625 0.279296875 0.1201171875 0.3190104166666667
4 0.93701171875 0.279296875 0.1259765625 0.3190104166666667
7 0.20556640625 0.46875 0.4111328125 0.059895833333333336
7 0.20556640625 0.529296875 0.4111328125 0.037760416666666664
1 0.181640625 0.6061197916666666 0.36328125 0.06640625
7 0.08349609375 0.9010416666666666 0.1669921875 0.03125
7 0.08349609375 0.9303385416666666 0.1669921875 0.02734375
7 0.41796875 0.9010416666666666 0.19921875 0.03125
7 0.41796875 0.9303385416666666 0.19921875 0.02734375
2 0.8447265625 0.46484375 0.310546875 0.03125
4 0.7568359375 0.6145833333333334 0.09375 0.125
1 0.7900390625 0.7265625 0.201171875 0.057291666666666664
1 0.7900390625 0.787109375 0.201171875 0.048177083333333336
0 0.84375 0.8333333333333334 0.09375 0.020833333333333332
6 0.75634765625 0.9407552083333334 0.0927734375 0.022135416666666668
7 0.81103515625 0.9947916666666666 0.2431640625 0.010416666666666666