2 0.029296875 0.06575520833333333 0.05859375 0.05859375
7 0.2646484375 0.17057291666666666 0.529296875 0.0703125
7 0.04150390625 0.23893229166666666 0.0830078125 0.022135416666666668
1 0.2197265625 0.23958333333333334 0.27734375 0.026041666666666668
1 0.39013671875 0.23958333333333334 0.0576171875 0.028645833333333332
1 0.47265625 0.23958333333333334 0.1015625 0.028645833333333332
7 0.04052734375 0.2923177083333333 0.0810546875 0.02734375
7 0.2646484375 0.333984375 0.529296875 0.022135416666666668
6 0.0478515625 0.384765625 0.095703125 0.022135416666666668
6 0.1533203125 0.443359375 0.287109375 0.022135416666666668
6 0.14111328125 0.4641927083333333 0.2626953125 0.022135416666666668
7 0.2646484375 0.505859375 0.529296875 0.02734375
2 0.880859375 0.037109375 0.138671875 0.07421875
0 0.65380859375 0.014973958333333334 0.0888671875 0.01953125
7 0.56103515625 0.14973958333333334 0.0634765625 0.018229166666666668
6 0.6220703125 0.14973958333333334 0.060546875 0.018229166666666668
7 0.65673828125 0.14973958333333334 0.0107421875 0.018229166666666668
6 0.6845703125 0.14973958333333334 0.046875 0.018229166666666668
7 0.58056640625 0.2571614583333333 0.0693359375 0.01953125
4 0.65234375 0.23763020833333334 0.076171875 0.05078125
6 0.5498046875 0.330078125 0.041015625 0.01953125
6 0.63623046875 0.330078125 0.0732421875 0.01953125
6 0.7158203125 0.330078125 0.025390625 0.01953125
6 0.7705078125 0.330078125 0.025390625 0.01953125
6 0.83154296875 0.330078125 0.0380859375 0.01953125
6 0.91064453125 0.330078125 0.0595703125 0.01953125
6 0.6923828125 0.3899739583333333 0.275390625 0.01953125
7 0.54736328125 0.4264322916666667 0.0361328125 0.01953125
6 0.6533203125 0.4264322916666667 0.1796875 0.01953125
7 0.2646484375 0.5625 0.529296875 0.057291666666666664
7 0.24169921875 0.6510416666666666 0.4833984375 0.11979166666666667
4 0.2294921875 0.90234375 0.458984375 0.1953125
2 0.7646484375 0.5377604166666666 0.470703125 0.036458333333333336
7 0.7646484375 0.61328125 0.470703125 0.07291666666666667
0 0.7451171875 0.70703125 0.1796875 0.052083333333333336
7 0.65380859375 0.7799479166666666 0.1767578125 0.03125
7 0.82568359375 0.779296875 0.1669921875 0.02734375
0 0.83349609375 0.7799479166666666 0.1826171875 0.020833333333333332
4 0.9189453125 0.7825520833333334 0.01171875 0.010416666666666666
4 0.7646484375 0.9134114583333334 0.470703125 0.17317708333333334