7 0.1796875 0.15494791666666666 0.359375 0.0703125
1 0.083984375 0.22395833333333334 0.16796875 0.026041666666666668
1 0.19970703125 0.22395833333333334 0.0576171875 0.028645833333333332
1 0.2822265625 0.22395833333333334 0.1015625 0.028645833333333332
1 0.34765625 0.22395833333333334 0.0234375 0.028645833333333332
7 0.1796875 0.318359375 0.359375 0.022135416666666668
6 0.05322265625 0.427734375 0.1064453125 0.022135416666666668
6 0.041015625 0.4485677083333333 0.08203125 0.022135416666666668
7 0.1796875 0.498046875 0.359375 0.04296875
6 0.03759765625 0.5696614583333334 0.0751953125 0.022135416666666668
7 0.2119140625 0.5696614583333334 0.275390625 0.022135416666666668
0 0.55224609375 0.011067708333333334 0.1650390625 0.022135416666666668
0 0.69775390625 0.011067708333333334 0.1259765625 0.022135416666666668
0 0.82421875 0.011067708333333334 0.126953125 0.022135416666666668
7 0.880859375 0.048177083333333336 0.03515625 0.052083333333333336
4 0.90625 0.048177083333333336 0.01171875 0.015625
0 0.3857421875 0.048177083333333336 0.052734375 0.052083333333333336
0 0.45166015625 0.048177083333333336 0.0478515625 0.052083333333333336
0 0.53125 0.048177083333333336 0.080078125 0.052083333333333336
0 0.60693359375 0.048177083333333336 0.0400390625 0.052083333333333336
0 0.677734375 0.048177083333333336 0.0703125 0.052083333333333336
0 0.7529296875 0.048177083333333336 0.048828125 0.052083333333333336
0 0.81640625 0.048177083333333336 0.046875 0.052083333333333336
0 0.88427734375 0.048177083333333336 0.0576171875 0.052083333333333336
0 0.95361328125 0.048177083333333336 0.0498046875 0.052083333333333336
7 0.9619140625 0.048177083333333336 0.076171875 0.052083333333333336
4 0.53662109375 0.2994791666666667 0.3544921875 0.3723958333333333
2 0.53662109375 0.5670572916666666 0.3544921875 0.03515625
0 0.53662109375 0.5572916666666666 0.3544921875 0.0546875
4 0.87109375 0.20182291666666666 0.2578125 0.17708333333333334
4 0.98779296875 0.2897135416666667 0.0185546875 0.024739583333333332
2 0.78076171875 0.3209635416666667 0.0771484375 0.024739583333333332
2 0.845703125 0.345703125 0.20703125 0.02734375
2 0.87109375 0.4459635416666667 0.2578125 0.13671875
0 0.87109375 0.4361979166666667 0.2578125 0.15625
7 0.87109375 0.5690104166666666 0.2578125 0.059895833333333336
2 0.1337890625 0.7760416666666666 0.267578125 0.0703125
4 0.06298828125 0.8912760416666666 0.1259765625 0.13411458333333334
0 0.0634765625 0.8912760416666666 0.126953125 0.13411458333333334
7 0.0546875 0.9720052083333334 0.109375 0.024739583333333332
4 0.20263671875 0.8912760416666666 0.1279296875 0.13411458333333334
0 0.203125 0.8912760416666666 0.12890625 0.13411458333333334
7 0.18408203125 0.9720052083333334 0.0908203125 0.024739583333333332
7 0.7783203125 0.81640625 0.32421875 0.0234375
4 0.4169921875 0.943359375 0.115234375 0.11328125
4 0.77783203125 0.943359375 0.1259765625 0.11328125