4 0.4365234375 0.09114583333333333 0.1171875 0.049479166666666664
7 0.40576171875 0.18033854166666666 0.0634765625 0.02734375
7 0.4677734375 0.18098958333333334 0.0625 0.028645833333333332
7 0.42626953125 0.20833333333333334 0.1474609375 0.028645833333333332
0 0.39501953125 0.283203125 0.2099609375 0.045572916666666664
0 0.39501953125 0.341796875 0.2099609375 0.048177083333333336
4 0.36962890625 0.5227864583333334 0.1318359375 0.05859375
4 0.46875 0.5227864583333334 0.0625 0.05859375
0 0.04638671875 0.6432291666666666 0.0341796875 0.013020833333333334
0 0.09228515625 0.6432291666666666 0.0341796875 0.013020833333333334
0 0.13818359375 0.6432291666666666 0.0341796875 0.013020833333333334
0 0.18408203125 0.6432291666666666 0.0341796875 0.013020833333333334
0 0.22998046875 0.6432291666666666 0.0341796875 0.013020833333333334
0 0.27587890625 0.6432291666666666 0.0341796875 0.013020833333333334
0 0.32177734375 0.6432291666666666 0.0341796875 0.013020833333333334
0 0.36767578125 0.6432291666666666 0.0341796875 0.013020833333333334
0 0.41357421875 0.6432291666666666 0.0341796875 0.013020833333333334
0 0.45947265625 0.6432291666666666 0.0341796875 0.013020833333333334
4 0.75 0.283203125 0.5 0.56640625
4 0.72705078125 0.2819010416666667 0.1396484375 0.061197916666666664
0 0.72705078125 0.2819010416666667 0.1396484375 0.061197916666666664
4 0.89013671875 0.2819010416666667 0.1533203125 0.061197916666666664
0 0.89013671875 0.2819010416666667 0.1533203125 0.061197916666666664
2 0.669921875 0.4459635416666667 0.16796875 0.029947916666666668
1 0.87744140625 0.4466145833333333 0.2451171875 0.06510416666666667
2 0.6416015625 0.59375 0.16015625 0.028645833333333332
2 0.25 0.8248697916666666 0.5 0.3502604166666667
2 0.25 0.8248697916666666 0.5 0.3502604166666667
7 0.01904296875 0.8600260416666666 0.0380859375 0.06640625
6 0.1171875 0.7369791666666666 0.115234375 0.026041666666666668
2 0.16259765625 0.814453125 0.2060546875 0.13151041666666666
4 0.1650390625 0.68359375 0.21484375 0.06770833333333333
0 0.1650390625 0.68359375 0.21484375 0.06770833333333333
7 0.24560546875 0.6959635416666666 0.0537109375 0.04296875
6 0.3349609375 0.7369791666666666 0.08203125 0.026041666666666668
2 0.3935546875 0.7819010416666666 0.19921875 0.06640625
4 0.39599609375 0.68359375 0.2080078125 0.06770833333333333
0 0.39599609375 0.68359375 0.2080078125 0.06770833333333333
7 0.4775390625 0.6959635416666666 0.044921875 0.04296875
4 0.1650390625 0.9544270833333334 0.21484375 0.09114583333333333
0 0.1650390625 0.9544270833333334 0.21484375 0.09114583333333333
4 0.39599609375 0.9544270833333334 0.2080078125 0.09114583333333333
0 0.39599609375 0.9544270833333334 0.2080078125 0.09114583333333333
7 0.6220703125 0.6529947916666666 0.095703125 0.006510416666666667
0 0.75 0.6666666666666666 0.5 0.033854166666666664
7 0.6220703125 0.7180989583333334 0.033203125 0.01953125
0 0.75 0.7194010416666666 0.5 0.07161458333333333
0 0.75 0.791015625 0.5 0.07161458333333333
0 0.75 0.8626302083333334 0.5 0.07161458333333333
0 0.75 0.9342447916666666 0.5 0.07161458333333333
2 0.7099609375 0.68359375 0.24609375 0.041666666666666664
4 0.529296875 0.7018229166666666 0.05859375 0.10416666666666667
7 0.556640625 0.8365885416666666 0.064453125 0.029947916666666668
0 0.6220703125 0.8365885416666666 0.234375 0.06380208333333333
4 0.70849609375 0.8359375 0.0224609375 0.03125
7 0.81005859375 0.8365885416666666 0.0830078125 0.029947916666666668
0 0.8662109375 0.8365885416666666 0.234375 0.06380208333333333
4 0.95263671875 0.8359375 0.0224609375 0.03125
0 0.74169921875 0.9466145833333334 0.4833984375 0.10677083333333333
4 0.74169921875 0.9466145833333334 0.4833984375 0.10677083333333333