4 0.39306640625 0.19140625 0.3330078125 0.296875
4 0.39697265625 0.19661458333333334 0.3251953125 0.2864583333333333
4 0.3994140625 0.19986979166666666 0.3203125 0.2799479166666667
4 0.4013671875 0.20247395833333334 0.31640625 0.2747395833333333
4 0.40283203125 0.20442708333333334 0.3134765625 0.2708333333333333
4 0.40380859375 0.20572916666666666 0.3115234375 0.2682291666666667
4 0.40478515625 0.20703125 0.3095703125 0.265625
4 0.4052734375 0.20768229166666666 0.30859375 0.2643229166666667
4 0.40576171875 0.20833333333333334 0.3076171875 0.2630208333333333
4 0.40625 0.208984375 0.306640625 0.26171875
4 0.16259765625 0.216796875 0.1826171875 0.24609375
4 0.6923828125 0.18294270833333334 0.265625 0.3138020833333333
0 0.6923828125 0.18294270833333334 0.265625 0.3138020833333333
4 0.94140625 0.169921875 0.1171875 0.33984375
0 0.94140625 0.169921875 0.1171875 0.33984375
2 0.4560546875 0.3723958333333333 0.20703125 0.06510416666666667
0 0.4560546875 0.3723958333333333 0.20703125 0.06510416666666667
4 0.10009765625 0.486328125 0.0634765625 0.08463541666666667
0 0.10009765625 0.486328125 0.0634765625 0.08463541666666667
2 0.21630859375 0.4817708333333333 0.1494140625 0.0625
4 0.38916015625 0.486328125 0.0634765625 0.08463541666666667
0 0.38916015625 0.486328125 0.0634765625 0.08463541666666667
2 0.4951171875 0.482421875 0.12890625 0.040364583333333336
4 0.29638671875 0.77734375 0.5263671875 0.4453125
0 0.60107421875 0.4986979166666667 0.0830078125 0.057291666666666664
0 0.70751953125 0.4986979166666667 0.1298828125 0.057291666666666664
0 0.845703125 0.4986979166666667 0.146484375 0.057291666666666664
4 0.9560546875 0.4986979166666667 0.03515625 0.046875
4 0.9873046875 0.4986979166666667 0.015625 0.020833333333333332
3 0.77978515625 0.3971354166666667 0.4404296875 0.11458333333333333