4 0.35546875 0.19791666666666666 0.30859375 0.2838541666666667
4 0.359375 0.203125 0.30078125 0.2734375
4 0.36181640625 0.20638020833333334 0.2958984375 0.2669270833333333
4 0.36376953125 0.208984375 0.2919921875 0.26171875
4 0.365234375 0.2109375 0.2890625 0.2578125
4 0.3662109375 0.21223958333333334 0.287109375 0.2552083333333333
4 0.3671875 0.21354166666666666 0.28515625 0.2526041666666667
4 0.36767578125 0.21419270833333334 0.2841796875 0.2513020833333333
4 0.3681640625 0.21484375 0.283203125 0.25
4 0.36865234375 0.21549479166666666 0.2822265625 0.24869791666666666
4 0.13720703125 0.22330729166666666 0.1826171875 0.23307291666666666
4 0.638671875 0.19075520833333334 0.2578125 0.2981770833333333
2 0.86669921875 0.08268229166666667 0.1181640625 0.01953125
7 0.90380859375 0.15950520833333334 0.1923828125 0.09244791666666667
4 0.98291015625 0.1953125 0.0087890625 0.010416666666666666
7 0.90380859375 0.2623697916666667 0.1923828125 0.06901041666666667
7 0.13037109375 0.3509114583333333 0.1396484375 0.022135416666666668
0 0.28515625 0.3509114583333333 0.44921875 0.022135416666666668
7 0.35498046875 0.3509114583333333 0.3095703125 0.022135416666666668
1 0.501953125 0.4166666666666667 0.015625 0.049479166666666664
6 0.01513671875 0.4166666666666667 0.0302734375 0.026041666666666668
6 0.07568359375 0.4166666666666667 0.0517578125 0.026041666666666668
6 0.1357421875 0.4166666666666667 0.029296875 0.026041666666666668
0 0.212890625 0.4166666666666667 0.05078125 0.028645833333333332
0 0.2744140625 0.4166666666666667 0.04296875 0.028645833333333332
3 0.06884765625 0.744140625 0.1376953125 0.41015625
0 0.3232421875 0.6015625 0.322265625 0.125
7 0.22216796875 0.6796875 0.1201171875 0.0234375
7 0.330078125 0.6796875 0.095703125 0.0234375
7 0.17724609375 0.71875 0.0244140625 0.028645833333333332
0 0.2119140625 0.72265625 0.099609375 0.028645833333333332
7 0.22705078125 0.7233072916666666 0.0693359375 0.01953125
3 0.3154296875 0.7213541666666666 0.068359375 0.026041666666666668
3 0.39892578125 0.7213541666666666 0.0595703125 0.026041666666666668
7 0.330078125 0.8450520833333334 0.3359375 0.16145833333333334
6 0.32763671875 0.9270833333333334 0.3310546875 0.044270833333333336
7 0.328125 0.9388020833333334 0.244140625 0.020833333333333332
4 0.24951171875 0.8854166666666666 0.1748046875 0.13020833333333334
7 0.42578125 0.83203125 0.15625 0.0234375
0 0.42578125 0.87890625 0.15625 0.0625
4 0.3681640625 0.9322916666666666 0.03515625 0.028645833333333332
4 0.4111328125 0.9322916666666666 0.03515625 0.028645833333333332
4 0.458984375 0.9322916666666666 0.03125 0.028645833333333332
0 0.72265625 0.37109375 0.1875 0.057291666666666664
0 0.88134765625 0.37109375 0.1298828125 0.057291666666666664
0 0.97314453125 0.37109375 0.0537109375 0.057291666666666664
2 0.6376953125 0.5598958333333334 0.255859375 0.07552083333333333
2 0.64013671875 0.654296875 0.2607421875 0.08203125
1 0.64013671875 0.7688802083333334 0.2607421875 0.055989583333333336
4 0.7119140625 0.970703125 0.275390625 0.05859375
0 0.7119140625 0.970703125 0.275390625 0.05859375
4 0.94873046875 0.970703125 0.1025390625 0.05859375