7 0.03125 0.0026041666666666665 0.046875 0.005208333333333333
4 0.330078125 0.043619791666666664 0.29296875 0.08723958333333333
4 0.26953125 0.043619791666666664 0.5390625 0.08723958333333333
2 0.32958984375 0.009114583333333334 0.3349609375 0.018229166666666668
7 0.330078125 0.07486979166666667 0.28125 0.053385416666666664
0 0.330078125 0.07486979166666667 0.3125 0.053385416666666664
7 0.28076171875 0.12174479166666667 0.0908203125 0.01953125
4 0.3505859375 0.12565104166666666 0.052734375 0.022135416666666668
7 0.400390625 0.12174479166666667 0.048828125 0.01953125
7 0.33056640625 0.169921875 0.2685546875 0.01953125
4 0.26953125 0.203125 0.5390625 0.23177083333333334
2 0.4404296875 0.15169270833333334 0.197265625 0.045572916666666664
7 0.4404296875 0.19075520833333334 0.197265625 0.029947916666666668
7 0.4404296875 0.224609375 0.197265625 0.029947916666666668
7 0.4111328125 0.2584635416666667 0.138671875 0.029947916666666668
7 0.58642578125 0.0026041666666666665 0.0458984375 0.005208333333333333
0 0.59130859375 0.012369791666666666 0.0751953125 0.024739583333333332
7 0.984375 0.014973958333333334 0.03125 0.029947916666666668
0 0.8212890625 0.09700520833333333 0.109375 0.05859375
1 0.64794921875 0.09700520833333333 0.2177734375 0.05859375
7 0.94677734375 0.078125 0.1064453125 0.03125
6 0.93603515625 0.10286458333333333 0.0634765625 0.020833333333333332
6 0.94189453125 0.12239583333333333 0.0751953125 0.020833333333333332
0 0.85888671875 0.2506510416666667 0.2822265625 0.13671875
0 0.70068359375 0.3079427083333333 0.0439453125 0.022135416666666668
7 0.4287109375 0.40234375 0.220703125 0.125
6 0.3583984375 0.515625 0.080078125 0.026041666666666668
7 0.4169921875 0.515625 0.021484375 0.026041666666666668
0 0.490234375 0.5130208333333334 0.09765625 0.052083333333333336
4 0.12548828125 0.4733072916666667 0.2509765625 0.30859375
7 0.05712890625 0.6328125 0.1142578125 0.036458333333333336
2 0.34375 0.6041666666666666 0.0546875 0.018229166666666668
2 0.3544921875 0.6263020833333334 0.076171875 0.026041666666666668
1 0.47900390625 0.6145833333333334 0.1201171875 0.036458333333333336
6 0.029296875 0.7962239583333334 0.05859375 0.02734375
6 0.029296875 0.8795572916666666 0.05859375 0.02734375
6 0.029296875 0.962890625 0.05859375 0.02734375
2 0.13671875 0.7369791666666666 0.048828125 0.03125
2 0.22802734375 0.8385416666666666 0.2998046875 0.109375
7 0.08642578125 0.9114583333333334 0.0166015625 0.020833333333333332
6 0.14501953125 0.9114583333333334 0.1025390625 0.020833333333333332
7 0.20556640625 0.9114583333333334 0.0205078125 0.020833333333333332
7 0.25390625 0.9114583333333334 0.078125 0.020833333333333332
7 0.228515625 0.9694010416666666 0.30078125 0.061197916666666664
2 0.48583984375 0.7369791666666666 0.1064453125 0.03125
4 0.46875 0.8899739583333334 0.140625 0.22005208333333334
2 0.60595703125 0.3958333333333333 0.1337890625 0.10416666666666667
0 0.60595703125 0.3958333333333333 0.1337890625 0.10416666666666667
7 0.7734375 0.408203125 0.05078125 0.03515625
0 0.7783203125 0.408203125 0.060546875 0.03515625
7 0.90576171875 0.408203125 0.0966796875 0.03515625
0 0.91064453125 0.408203125 0.1064453125 0.03515625
2 0.74951171875 0.751953125 0.4208984375 0.07942708333333333
6 0.71337890625 0.8229166666666666 0.3486328125 0.052083333333333336