7 0.3427734375 0.018880208333333332 0.1328125 0.037760416666666664
0 0.3349609375 0.018880208333333332 0.1484375 0.037760416666666664
7 0.36572265625 0.057942708333333336 0.0869140625 0.01953125
7 0.34619140625 0.10611979166666667 0.1259765625 0.01953125
4 0.20458984375 0.15299479166666666 0.4091796875 0.2591145833333333
2 0.48388671875 0.07747395833333333 0.1494140625 0.07682291666666667
2 0.58447265625 0.072265625 0.0419921875 0.05859375
2 0.51513671875 0.15559895833333334 0.2119140625 0.07682291666666667
7 0.54248046875 0.2682291666666667 0.2666015625 0.041666666666666664
2 0.0830078125 0.4225260416666667 0.166015625 0.03515625
7 0.20458984375 0.45703125 0.4091796875 0.026041666666666668
1 0.1171875 0.5403645833333334 0.234375 0.06770833333333333
5 0.015625 0.61328125 0.03125 0.026041666666666668
2 0.20458984375 0.75 0.4091796875 0.041666666666666664
4 0.03173828125 0.8958333333333334 0.0634765625 0.20833333333333334
4 0.171875 0.8958333333333334 0.185546875 0.20833333333333334
4 0.3447265625 0.8958333333333334 0.12890625 0.20833333333333334
0 0.49609375 0.3561197916666667 0.173828125 0.08203125
1 0.94091796875 0.3756510416666667 0.1181640625 0.04296875
6 0.880859375 0.3313802083333333 0.041015625 0.01953125
6 0.9326171875 0.3313802083333333 0.017578125 0.01953125
6 0.982421875 0.3313802083333333 0.03515625 0.01953125
0 0.43017578125 0.4622395833333333 0.0419921875 0.07291666666666667
0 0.5107421875 0.4622395833333333 0.119140625 0.07291666666666667
0 0.69921875 0.4622395833333333 0.2578125 0.07291666666666667
4 0.61181640625 0.7493489583333334 0.4052734375 0.5013020833333334
7 0.7021484375 0.99609375 0.083984375 0.0078125
7 0.74951171875 0.99609375 0.0126953125 0.0078125
2 0.91650390625 0.5533854166666666 0.1669921875 0.03125
7 0.90673828125 0.6080729166666666 0.1865234375 0.046875
7 0.8876953125 0.6764322916666666 0.0625 0.022135416666666668
0 0.89111328125 0.6764322916666666 0.1162109375 0.05859375
0 0.98388671875 0.6764322916666666 0.0322265625 0.05859375
2 0.91650390625 0.7994791666666666 0.1669921875 0.03125
7 0.91650390625 0.8444010416666666 0.1669921875 0.02734375
6 0.974609375 0.8919270833333334 0.05078125 0.020833333333333332
6 0.974609375 0.9296875 0.05078125 0.020833333333333332
6 0.974609375 0.9674479166666666 0.05078125 0.020833333333333332