2 0.04833984375 0.04296875 0.0966796875 0.0390625
0 0.40576171875 0.04296875 0.0380859375 0.08072916666666667
0 0.48681640625 0.04296875 0.0458984375 0.08072916666666667
2 0.2548828125 0.18359375 0.509765625 0.09895833333333333
2 0.205078125 0.27734375 0.376953125 0.09895833333333333
2 0.1689453125 0.3990885416666667 0.083984375 0.040364583333333336
7 0.2001953125 0.435546875 0.146484375 0.032552083333333336
7 0.21826171875 0.466796875 0.1826171875 0.032552083333333336
7 0.18896484375 0.498046875 0.1240234375 0.032552083333333336
2 0.46826171875 0.3990885416666667 0.0830078125 0.040364583333333336
7 0.46826171875 0.435546875 0.0830078125 0.032552083333333336
7 0.46826171875 0.466796875 0.0830078125 0.032552083333333336
7 0.46826171875 0.498046875 0.0830078125 0.032552083333333336
2 0.16796875 0.564453125 0.08203125 0.040364583333333336
7 0.22265625 0.6009114583333334 0.19140625 0.032552083333333336
7 0.21630859375 0.6321614583333334 0.1787109375 0.032552083333333336
7 0.1953125 0.6634114583333334 0.13671875 0.032552083333333336
2 0.46826171875 0.564453125 0.0830078125 0.040364583333333336
7 0.46826171875 0.6009114583333334 0.0830078125 0.032552083333333336
7 0.46826171875 0.6321614583333334 0.0830078125 0.032552083333333336
7 0.46826171875 0.6634114583333334 0.0830078125 0.032552083333333336
2 0.18408203125 0.7298177083333334 0.1142578125 0.040364583333333336
7 0.19091796875 0.759765625 0.1279296875 0.01953125
2 0.46826171875 0.7298177083333334 0.0830078125 0.040364583333333336
7 0.46826171875 0.759765625 0.0830078125 0.01953125
7 0.97314453125 0.04296875 0.0537109375 0.015625
0 0.5927734375 0.046875 0.09765625 0.033854166666666664
0 0.66943359375 0.046875 0.0517578125 0.033854166666666664
0 0.75634765625 0.046875 0.1181640625 0.033854166666666664
0 0.8359375 0.046875 0.037109375 0.033854166666666664
0 0.5791015625 0.10416666666666667 0.0703125 0.033854166666666664
0 0.63916015625 0.10416666666666667 0.0458984375 0.033854166666666664
0 0.71435546875 0.10416666666666667 0.1005859375 0.033854166666666664
2 0.5732421875 0.384765625 0.126953125 0.03515625
4 0.5732421875 0.4908854166666667 0.126953125 0.15104166666666666
0 0.5732421875 0.4908854166666667 0.126953125 0.15104166666666666
7 0.55419921875 0.580078125 0.0888671875 0.024739583333333332
4 0.5732421875 0.6979166666666666 0.126953125 0.14322916666666666
0 0.5732421875 0.6979166666666666 0.126953125 0.14322916666666666
2 0.8291015625 0.40234375 0.26953125 0.0703125
4 0.75830078125 0.517578125 0.1279296875 0.13411458333333334
0 0.7587890625 0.517578125 0.12890625 0.13411458333333334
7 0.75 0.5983072916666666 0.111328125 0.024739583333333332
4 0.89892578125 0.517578125 0.1279296875 0.13411458333333334
0 0.8994140625 0.517578125 0.12890625 0.13411458333333334
7 0.88037109375 0.5983072916666666 0.0908203125 0.024739583333333332
4 0.75830078125 0.7063802083333334 0.1279296875 0.12630208333333334
0 0.7587890625 0.7063802083333334 0.12890625 0.12630208333333334
4 0.89892578125 0.7063802083333334 0.1279296875 0.12630208333333334
0 0.8994140625 0.7063802083333334 0.12890625 0.12630208333333334
7 0.119140625 0.77734375 0.23828125 0.015625
7 0.28369140625 0.77734375 0.0908203125 0.015625
6 0.34033203125 0.7786458333333334 0.0263671875 0.018229166666666668
4 0.1650390625 0.8450520833333334 0.064453125 0.08333333333333333
4 0.216796875 0.919921875 0.43359375 0.022135416666666668
7 0.216796875 0.95703125 0.43359375 0.015625
7 0.638671875 0.8346354166666666 0.2578125 0.036458333333333336
7 0.638671875 0.8938802083333334 0.2578125 0.07161458333333333
7 0.638671875 0.953125 0.2578125 0.036458333333333336
7 0.638671875 0.98828125 0.2578125 0.0234375
0 0.85693359375 0.7838541666666666 0.0732421875 0.028645833333333332
1 0.91015625 0.8671875 0.1796875 0.06510416666666667