2 0.35205078125 0.013020833333333334 0.5341796875 0.026041666666666668
2 0.05322265625 0.0703125 0.1064453125 0.09895833333333333
2 0.294921875 0.0703125 0.376953125 0.09895833333333333
2 0.04248046875 0.19205729166666666 0.0849609375 0.040364583333333336
7 0.029296875 0.228515625 0.05859375 0.032552083333333336
7 0.0625 0.259765625 0.125 0.032552083333333336
7 0.03076171875 0.291015625 0.0615234375 0.032552083333333336
2 0.2587890625 0.19205729166666666 0.083984375 0.040364583333333336
7 0.2900390625 0.228515625 0.146484375 0.032552083333333336
7 0.30810546875 0.259765625 0.1826171875 0.032552083333333336
7 0.27880859375 0.291015625 0.1240234375 0.032552083333333336
2 0.56787109375 0.19205729166666666 0.1025390625 0.040364583333333336
7 0.56787109375 0.228515625 0.1025390625 0.032552083333333336
7 0.56787109375 0.259765625 0.1025390625 0.032552083333333336
7 0.56787109375 0.291015625 0.1025390625 0.032552083333333336
7 0.05908203125 0.3938802083333333 0.1181640625 0.032552083333333336
7 0.0654296875 0.4251302083333333 0.130859375 0.032552083333333336
7 0.017578125 0.4563802083333333 0.03515625 0.032552083333333336
2 0.2578125 0.357421875 0.08203125 0.040364583333333336
7 0.3125 0.3938802083333333 0.19140625 0.032552083333333336
7 0.30615234375 0.4251302083333333 0.1787109375 0.032552083333333336
7 0.28515625 0.4563802083333333 0.13671875 0.032552083333333336
2 0.56787109375 0.357421875 0.1025390625 0.040364583333333336
7 0.56787109375 0.3938802083333333 0.1025390625 0.032552083333333336
7 0.56787109375 0.4251302083333333 0.1025390625 0.032552083333333336
7 0.56787109375 0.4563802083333333 0.1025390625 0.032552083333333336
7 0.0390625 0.5592447916666666 0.078125 0.032552083333333336
7 0.03271484375 0.5865885416666666 0.0654296875 0.024739583333333332
2 0.27392578125 0.5227864583333334 0.1142578125 0.040364583333333336
7 0.28076171875 0.5592447916666666 0.1279296875 0.032552083333333336
7 0.2978515625 0.5865885416666666 0.162109375 0.024739583333333332
2 0.56787109375 0.5227864583333334 0.1025390625 0.040364583333333336
7 0.56787109375 0.5592447916666666 0.1025390625 0.032552083333333336
7 0.56787109375 0.5865885416666666 0.1025390625 0.024739583333333332
4 0.80712890625 0.18684895833333334 0.3759765625 0.3736979166666667
4 0.8095703125 0.2994791666666667 0.380859375 0.5989583333333334
7 0.87255859375 0.2688802083333333 0.2548828125 0.09505208333333333
6 0.859375 0.3059895833333333 0.08203125 0.020833333333333332
0 0.916015625 0.3841145833333333 0.162109375 0.052083333333333336
2 0.0556640625 0.75 0.111328125 0.041666666666666664
2 0.0556640625 0.8444010416666666 0.111328125 0.08723958333333333
4 0.37548828125 0.7994791666666666 0.4638671875 0.4010416666666667
4 0.39208984375 0.7994791666666666 0.4541015625 0.4010416666666667
4 0.39208984375 0.7994791666666666 0.4541015625 0.4010416666666667
4 0.38916015625 0.7994791666666666 0.4599609375 0.4010416666666667
2 0.83642578125 0.7858072916666666 0.3271484375 0.08463541666666667
0 0.83642578125 0.7858072916666666 0.3271484375 0.08463541666666667
7 0.83642578125 0.90234375 0.3271484375 0.12239583333333333
6 0.9921875 0.94921875 0.015625 0.028645833333333332
7 0.74072265625 0.998046875 0.0576171875 0.00390625
7 0.8095703125 0.8580729166666666 0.380859375 0.2838541666666667