4 0.31494140625 0.126953125 0.6298828125 0.25390625
4 0.11083984375 0.3385416666666667 0.0419921875 0.0546875
0 0.23583984375 0.3385416666666667 0.2919921875 0.0546875
7 0.197265625 0.3235677083333333 0.111328125 0.029947916666666668
7 0.23193359375 0.3365885416666667 0.1806640625 0.055989583333333336
4 0.43408203125 0.3385416666666667 0.0419921875 0.0546875
0 0.521484375 0.3385416666666667 0.216796875 0.0546875
7 0.54443359375 0.3385416666666667 0.1708984375 0.0546875
7 0.31494140625 0.443359375 0.6298828125 0.01171875
7 0.64453125 0.044921875 0.029296875 0.01953125
7 0.75732421875 0.0546875 0.2548828125 0.0390625
7 0.677734375 0.064453125 0.095703125 0.01953125
7 0.75732421875 0.083984375 0.2548828125 0.05859375
7 0.75732421875 0.162109375 0.2548828125 0.09765625
7 0.70947265625 0.201171875 0.1591796875 0.01953125
7 0.75732421875 0.2936197916666667 0.2548828125 0.05859375
7 0.9541015625 0.057291666666666664 0.091796875 0.057291666666666664
7 0.9541015625 0.150390625 0.091796875 0.055989583333333336
7 0.9541015625 0.24479166666666666 0.091796875 0.057291666666666664
2 0.1064453125 0.6158854166666666 0.212890625 0.1484375
7 0.10546875 0.79296875 0.2109375 0.10677083333333333
7 0.02783203125 0.828125 0.0556640625 0.041666666666666664
7 0.05859375 0.828125 0.005859375 0.041666666666666664
7 0.1064453125 0.8984375 0.212890625 0.036458333333333336
7 0.1064453125 0.96875 0.212890625 0.036458333333333336
2 0.43310546875 0.6015625 0.3349609375 0.0390625
1 0.43310546875 0.7083333333333334 0.3349609375 0.057291666666666664
1 0.43310546875 0.78515625 0.3349609375 0.057291666666666664
1 0.43310546875 0.8619791666666666 0.3349609375 0.057291666666666664
0 0.30224609375 0.9127604166666666 0.0732421875 0.0390625
1 0.43310546875 0.984375 0.3349609375 0.03125
3 0.81494140625 0.724609375 0.3701171875 0.55078125
7 0.80322265625 0.4563802083333333 0.1416015625 0.014322916666666666
7 0.95751953125 0.4596354166666667 0.0849609375 0.018229166666666668
6 0.69921875 0.5325520833333334 0.064453125 0.08333333333333333
6 0.77880859375 0.5325520833333334 0.0322265625 0.08333333333333333
6 0.83935546875 0.5325520833333334 0.0263671875 0.08333333333333333
6 0.90283203125 0.5325520833333334 0.0380859375 0.08333333333333333
2 0.81494140625 0.6263020833333334 0.3701171875 0.059895833333333336
2 0.666015625 0.625 0.072265625 0.041666666666666664
7 0.86669921875 0.6243489583333334 0.2666015625 0.02734375
2 0.81494140625 0.7174479166666666 0.3701171875 0.041666666666666664
2 0.65576171875 0.8209635416666666 0.0517578125 0.12109375
0 0.6572265625 0.8216145833333334 0.0546875 0.125
7 0.65576171875 0.9251302083333334 0.0517578125 0.045572916666666664
2 0.8173828125 0.8209635416666666 0.201171875 0.12109375
0 0.81787109375 0.8216145833333334 0.2021484375 0.125
7 0.74951171875 0.912109375 0.0654296875 0.01953125
7 0.79296875 0.912109375 0.005859375 0.01953125
7 0.81640625 0.9251302083333334 0.19921875 0.045572916666666664
2 0.9755859375 0.8209635416666666 0.048828125 0.12109375
0 0.9755859375 0.8216145833333334 0.048828125 0.125
7 0.9755859375 0.912109375 0.048828125 0.01953125
7 0.9755859375 0.9251302083333334 0.048828125 0.045572916666666664