4 0.3447265625 0.267578125 0.689453125 0.53515625
2 0.09033203125 0.08984375 0.1806640625 0.08854166666666667
7 0.09033203125 0.2109375 0.1806640625 0.13020833333333334
4 0.11279296875 0.6061197916666666 0.0419921875 0.02734375
0 0.23779296875 0.6061197916666666 0.2919921875 0.02734375
7 0.19921875 0.6048177083333334 0.111328125 0.029947916666666668
7 0.23388671875 0.6048177083333334 0.1806640625 0.029947916666666668
4 0.43603515625 0.6061197916666666 0.0419921875 0.02734375
0 0.55224609375 0.6061197916666666 0.2744140625 0.02734375
7 0.5751953125 0.6061197916666666 0.228515625 0.02734375
6 0.8447265625 0.051432291666666664 0.310546875 0.01953125
6 0.71435546875 0.11653645833333333 0.0458984375 0.01953125
6 0.771484375 0.11653645833333333 0.029296875 0.01953125
7 0.83203125 0.11653645833333333 0.052734375 0.01953125
4 0.8291015625 0.40234375 0.279296875 0.4348958333333333
0 0.8291015625 0.40234375 0.279296875 0.4348958333333333
7 0.00439453125 0.6243489583333334 0.0087890625 0.009114583333333334
7 0.07373046875 0.6458333333333334 0.1025390625 0.015625
6 0.14306640625 0.6458333333333334 0.0380859375 0.015625
7 0.00439453125 0.7044270833333334 0.0087890625 0.020833333333333332
7 0.04052734375 0.73828125 0.0361328125 0.020833333333333332
0 0.2587890625 0.7389322916666666 0.39453125 0.022135416666666668
7 0.5576171875 0.8098958333333334 0.08984375 0.015625
6 0.61962890625 0.8098958333333334 0.0380859375 0.015625
7 0.21533203125 0.9016927083333334 0.4306640625 0.014322916666666666
0 0.0615234375 0.9388020833333334 0.123046875 0.0234375
7 0.12841796875 0.9381510416666666 0.0048828125 0.022135416666666668
0 0.1630859375 0.9388020833333334 0.056640625 0.0234375
7 0.19677734375 0.9381510416666666 0.0048828125 0.022135416666666668
0 0.26416015625 0.9388020833333334 0.1240234375 0.0234375
7 0.33154296875 0.9381510416666666 0.0048828125 0.022135416666666668
0 0.35205078125 0.9388020833333334 0.0302734375 0.0234375
7 0.37353515625 0.9381510416666666 0.0048828125 0.022135416666666668
0 0.42041015625 0.9388020833333334 0.0830078125 0.0234375
7 0.46728515625 0.9381510416666666 0.0048828125 0.022135416666666668
0 0.49658203125 0.9388020833333334 0.0478515625 0.0234375
7 0.322265625 0.9674479166666666 0.64453125 0.013020833333333334
7 0.8447265625 0.8274739583333334 0.310546875 0.024739583333333332
7 0.8447265625 0.9088541666666666 0.310546875 0.0703125
6 0.87158203125 0.9342447916666666 0.0791015625 0.01953125
7 0.8447265625 0.8098958333333334 0.310546875 0.3802083333333333