7 0.09228515625 0.072265625 0.0185546875 0.029947916666666668
0 0.09228515625 0.072265625 0.0380859375 0.045572916666666664
7 0.14404296875 0.072265625 0.0302734375 0.029947916666666668
0 0.14404296875 0.072265625 0.0498046875 0.045572916666666664
7 0.21142578125 0.072265625 0.0498046875 0.029947916666666668
0 0.21142578125 0.072265625 0.0693359375 0.045572916666666664
7 0.2841796875 0.072265625 0.041015625 0.029947916666666668
0 0.2841796875 0.072265625 0.060546875 0.045572916666666664
0 0.3310546875 0.072265625 0.017578125 0.045572916666666664
2 0.169921875 0.396484375 0.33984375 0.07421875
7 0.169921875 0.4694010416666667 0.33984375 0.04296875
2 0.669921875 0.06770833333333333 0.66015625 0.046875
2 0.669921875 0.12955729166666666 0.66015625 0.024739583333333332
4 0.85791015625 0.24869791666666666 0.0673828125 0.0546875
1 0.62158203125 0.24869791666666666 0.5634765625 0.07291666666666667
7 0.6015625 0.3125 0.31640625 0.026041666666666668
5 0.6015625 0.3795572916666667 0.287109375 0.07421875
2 0.169921875 0.5338541666666666 0.33984375 0.049479166666666664
4 0.0791015625 0.7018229166666666 0.12890625 0.171875
0 0.0791015625 0.7018229166666666 0.12890625 0.171875
7 0.0791015625 0.7018229166666666 0.103515625 0.020833333333333332
4 0.2255859375 0.7018229166666666 0.12890625 0.171875
0 0.2255859375 0.7018229166666666 0.12890625 0.171875
7 0.2255859375 0.7018229166666666 0.103515625 0.020833333333333332
4 0.32373046875 0.7018229166666666 0.0322265625 0.171875
0 0.32373046875 0.7018229166666666 0.0322265625 0.171875
0 0.259765625 0.8984375 0.1328125 0.052083333333333336
7 0.23681640625 0.96875 0.2060546875 0.03125
4 0.169921875 0.7545572916666666 0.33984375 0.4908854166666667
4 0.169921875 0.7545572916666666 0.33984375 0.4908854166666667
4 0.669921875 0.7493489583333334 0.66015625 0.48046875
2 0.5107421875 0.611328125 0.341796875 0.08463541666666667
7 0.494140625 0.6907552083333334 0.30859375 0.032552083333333336
7 0.4326171875 0.8385416666666666 0.185546875 0.0625
0 0.44091796875 0.8385416666666666 0.2021484375 0.06510416666666667
7 0.3916015625 0.9173177083333334 0.103515625 0.022135416666666668
0 0.3916015625 0.91796875 0.103515625 0.0234375