2 0.27490234375 0.251953125 0.5498046875 0.07421875
7 0.27490234375 0.3248697916666667 0.5498046875 0.04296875
7 0.359375 0.4212239583333333 0.166015625 0.03515625
0 0.359375 0.4212239583333333 0.1953125 0.07942708333333333
2 0.69921875 0.224609375 0.298828125 0.22005208333333334
0 0.69921875 0.224609375 0.298828125 0.22005208333333334
2 0.69580078125 0.4322916666666667 0.2919921875 0.0703125
7 0.701171875 0.48046875 0.302734375 0.018229166666666668
7 0.9560546875 0.10481770833333333 0.087890625 0.09244791666666667
2 0.966796875 0.2708333333333333 0.06640625 0.026041666666666668
4 0.9560546875 0.3619791666666667 0.087890625 0.125
0 0.9560546875 0.39453125 0.087890625 0.19010416666666666
7 0.92724609375 0.4029947916666667 0.0302734375 0.04296875
7 0.9560546875 0.4615885416666667 0.087890625 0.055989583333333336
7 0.029296875 0.5201822916666666 0.05859375 0.029947916666666668
0 0.0361328125 0.5201822916666666 0.072265625 0.053385416666666664
7 0.12841796875 0.5201822916666666 0.0458984375 0.029947916666666668
0 0.1181640625 0.5201822916666666 0.09375 0.053385416666666664
7 0.2138671875 0.5201822916666666 0.03125 0.029947916666666668
0 0.20361328125 0.5201822916666666 0.0791015625 0.053385416666666664
7 0.2978515625 0.5201822916666666 0.04296875 0.029947916666666668
0 0.28759765625 0.5201822916666666 0.0908203125 0.053385416666666664
7 0.408203125 0.5201822916666666 0.08203125 0.029947916666666668
0 0.3974609375 0.5201822916666666 0.130859375 0.053385416666666664
7 0.52294921875 0.5201822916666666 0.0537109375 0.029947916666666668
0 0.505859375 0.5201822916666666 0.087890625 0.053385416666666664
2 0.1611328125 0.6399739583333334 0.322265625 0.055989583333333336
2 0.125 0.689453125 0.181640625 0.055989583333333336
7 0.07763671875 0.7747395833333334 0.0322265625 0.03125
0 0.125 0.7747395833333334 0.23046875 0.06770833333333333
7 0.14111328125 0.7747395833333334 0.0947265625 0.03125
7 0.3623046875 0.7747395833333334 0.033203125 0.03125
0 0.3828125 0.7747395833333334 0.23046875 0.06770833333333333
7 0.39892578125 0.7747395833333334 0.0419921875 0.03125
6 0.52978515625 0.873046875 0.0400390625 0.016927083333333332
0 0.125 0.9446614583333334 0.201171875 0.11067708333333333
4 0.125 0.9446614583333334 0.201171875 0.11067708333333333
0 0.3251953125 0.9446614583333334 0.201171875 0.11067708333333333
4 0.3251953125 0.9446614583333334 0.201171875 0.11067708333333333
0 0.4873046875 0.9446614583333334 0.125 0.11067708333333333
4 0.4873046875 0.9446614583333334 0.125 0.11067708333333333
4 0.77880859375 0.6901041666666666 0.4423828125 0.4010416666666667
6 0.64404296875 0.9192708333333334 0.1376953125 0.018229166666666668
6 0.78759765625 0.9524739583333334 0.4248046875 0.022135416666666668
4 0.5537109375 0.59765625 0.0078125 0.0625