4 0.0732421875 0.007161458333333333 0.146484375 0.014322916666666666
0 0.05859375 0.007161458333333333 0.1171875 0.014322916666666666
0 0.47119140625 0.017578125 0.1083984375 0.03515625
0 0.572265625 0.017578125 0.09375 0.03515625
2 0.2900390625 0.3040364583333333 0.50390625 0.3294270833333333
7 0.8095703125 0.3626302083333333 0.380859375 0.024739583333333332
7 0.8095703125 0.4388020833333333 0.380859375 0.059895833333333336
2 0.8095703125 0.041015625 0.380859375 0.08203125
2 0.8095703125 0.12239583333333333 0.380859375 0.08333333333333333
7 0.8095703125 0.234375 0.380859375 0.46875
2 0.3095703125 0.71484375 0.619140625 0.08333333333333333
2 0.3095703125 0.796875 0.619140625 0.08333333333333333
7 0.3095703125 0.734375 0.619140625 0.53125
2 0.85302734375 0.4869791666666667 0.2939453125 0.036458333333333336
2 0.84765625 0.5240885416666666 0.283203125 0.07161458333333333
7 0.84228515625 0.5852864583333334 0.2724609375 0.02734375
7 0.806640625 0.6139322916666666 0.201171875 0.02734375
0 0.8232421875 0.6888020833333334 0.234375 0.059895833333333336
7 0.8095703125 0.98046875 0.380859375 0.0390625
6 0.80517578125 0.9947916666666666 0.0771484375 0.010416666666666666
7 0.849609375 0.9947916666666666 0.01171875 0.010416666666666666
6 0.927734375 0.9947916666666666 0.14453125 0.010416666666666666
0 0.79833984375 0.9928385416666666 0.1904296875 0.014322916666666666