2 0.0634765625 0.15559895833333334 0.126953125 0.3111979166666667
2 0.0634765625 0.390625 0.126953125 0.1171875
4 0.2998046875 0.2688802083333333 0.3203125 0.3997395833333333
4 0.72998046875 0.20182291666666666 0.5400390625 0.4036458333333333
0 0.64404296875 0.4505208333333333 0.3681640625 0.036458333333333336
7 0.9775390625 0.4498697916666667 0.044921875 0.02734375
0 0.93701171875 0.4459635416666667 0.1259765625 0.045572916666666664
4 0.22998046875 0.734375 0.4599609375 0.53125
2 0.1884765625 0.5865885416666666 0.376953125 0.08463541666666667
2 0.41796875 0.5865885416666666 0.083984375 0.08463541666666667
2 0.22998046875 0.669921875 0.4599609375 0.08463541666666667
0 0.21484375 0.7897135416666666 0.234375 0.07942708333333333
3 0.72998046875 0.6302083333333334 0.5400390625 0.3229166666666667
4 0.61669921875 0.9186197916666666 0.3134765625 0.16276041666666666
0 0.61669921875 0.9186197916666666 0.3134765625 0.16276041666666666
4 0.8984375 0.9186197916666666 0.158203125 0.16276041666666666
0 0.89794921875 0.9186197916666666 0.1572265625 0.16276041666666666