0 0.30712890625 0.041015625 0.4638671875 0.02734375
2 0.25146484375 0.3274739583333333 0.5029296875 0.23046875
0 0.60400390625 0.037760416666666664 0.0576171875 0.03125
0 0.6875 0.037760416666666664 0.04296875 0.03125
7 0.7626953125 0.031901041666666664 0.041015625 0.024739583333333332
0 0.7666015625 0.037760416666666664 0.048828125 0.03125
4 0.787109375 0.032552083333333336 0.0078125 0.013020833333333334
4 0.89111328125 0.030598958333333332 0.0224609375 0.029947916666666668
0 0.89111328125 0.034505208333333336 0.0380859375 0.06901041666666667
4 0.94384765625 0.029947916666666668 0.0205078125 0.018229166666666668
0 0.95947265625 0.029947916666666668 0.0810546875 0.052083333333333336
7 0.97998046875 0.030598958333333332 0.0400390625 0.024739583333333332
0 0.54931640625 0.09505208333333333 0.0205078125 0.052083333333333336
4 0.72021484375 0.361328125 0.3623046875 0.4153645833333333
0 0.72021484375 0.361328125 0.3623046875 0.4153645833333333
3 0.96044921875 0.31640625 0.0791015625 0.3255208333333333
0 0.96044921875 0.5325520833333334 0.0791015625 0.0546875
4 0.20703125 0.7122395833333334 0.4140625 0.2864583333333333
2 0.591796875 0.6119791666666666 0.10546875 0.0859375
4 0.71484375 0.6497395833333334 0.015625 0.020833333333333332
0 0.71484375 0.6497395833333334 0.03125 0.033854166666666664
2 0.59375 0.7428385416666666 0.109375 0.09505208333333333
0 0.59375 0.7044270833333334 0.109375 0.026041666666666668
4 0.71484375 0.78515625 0.015625 0.020833333333333332
0 0.71484375 0.78515625 0.03125 0.033854166666666664
4 0.71484375 0.9205729166666666 0.015625 0.020833333333333332
0 0.71484375 0.9205729166666666 0.03125 0.033854166666666664
7 0.76904296875 0.603515625 0.0126953125 0.03515625
0 0.88134765625 0.603515625 0.2373046875 0.061197916666666664
4 0.828125 0.603515625 0.0625 0.061197916666666664
2 0.9345703125 0.6022135416666666 0.130859375 0.045572916666666664
7 0.76904296875 0.6790364583333334 0.0126953125 0.03515625
0 0.88134765625 0.6790364583333334 0.2373046875 0.06380208333333333
4 0.828125 0.6790364583333334 0.0625 0.061197916666666664
2 0.9345703125 0.677734375 0.130859375 0.06640625
7 0.76904296875 0.755859375 0.0126953125 0.03515625
0 0.88134765625 0.755859375 0.2373046875 0.06380208333333333
4 0.828125 0.755859375 0.0625 0.061197916666666664
2 0.9345703125 0.7545572916666666 0.130859375 0.06640625
7 0.76904296875 0.8326822916666666 0.0126953125 0.03515625
0 0.88134765625 0.8326822916666666 0.2373046875 0.06380208333333333
4 0.828125 0.8326822916666666 0.0625 0.061197916666666664
2 0.9345703125 0.8313802083333334 0.130859375 0.06640625
7 0.76904296875 0.9095052083333334 0.0126953125 0.03515625
0 0.88134765625 0.9095052083333334 0.2373046875 0.06380208333333333
4 0.828125 0.9095052083333334 0.0625 0.061197916666666664
2 0.9345703125 0.908203125 0.130859375 0.06640625
2 0.88134765625 0.9921875 0.2373046875 0.015625