4 0.05029296875 0.018229166666666668 0.1005859375 0.036458333333333336
0 0.0576171875 0.018880208333333332 0.115234375 0.037760416666666664
0 0.36865234375 0.025390625 0.1376953125 0.05078125
0 0.46875 0.025390625 0.0625 0.05078125
7 0.130859375 0.17447916666666666 0.130859375 0.06510416666666667
7 0.3623046875 0.17447916666666666 0.275390625 0.033854166666666664
2 0.25 0.2916666666666667 0.5 0.06510416666666667
2 0.2783203125 0.3671875 0.267578125 0.041666666666666664
2 0.42431640625 0.3671875 0.0263671875 0.041666666666666664
2 0.46826171875 0.3671875 0.0634765625 0.041666666666666664
2 0.103515625 0.5755208333333334 0.20703125 0.052083333333333336
0 0.103515625 0.6243489583333334 0.20703125 0.14973958333333334
7 0.0986328125 0.6516927083333334 0.197265625 0.09505208333333333
2 0.39794921875 0.5755208333333334 0.2041015625 0.052083333333333336
0 0.39794921875 0.6243489583333334 0.2041015625 0.14973958333333334
7 0.39794921875 0.6516927083333334 0.2041015625 0.09505208333333333
7 0.57568359375 0.03515625 0.1513671875 0.0234375
0 0.57568359375 0.036458333333333336 0.1513671875 0.07291666666666667
7 0.70068359375 0.03515625 0.0380859375 0.0234375
0 0.701171875 0.036458333333333336 0.0390625 0.07291666666666667
7 0.771484375 0.03515625 0.041015625 0.0234375
0 0.77099609375 0.036458333333333336 0.0400390625 0.07291666666666667
7 0.841796875 0.03515625 0.041015625 0.0234375
0 0.841796875 0.036458333333333336 0.041015625 0.07291666666666667
7 0.92431640625 0.03515625 0.0634765625 0.0234375
0 0.92431640625 0.036458333333333336 0.0634765625 0.07291666666666667
7 0.9931640625 0.03515625 0.013671875 0.0234375
0 0.9931640625 0.036458333333333336 0.013671875 0.07291666666666667
0 0.51220703125 0.10416666666666667 0.0244140625 0.046875
0 0.5625 0.10416666666666667 0.078125 0.046875
0 0.64599609375 0.10416666666666667 0.0908203125 0.046875
0 0.72021484375 0.10416666666666667 0.0595703125 0.046875
0 0.775390625 0.10416666666666667 0.052734375 0.046875
0 0.8369140625 0.10416666666666667 0.072265625 0.046875
0 0.89501953125 0.10416666666666667 0.0458984375 0.046875
0 0.95849609375 0.10416666666666667 0.0830078125 0.046875
4 0.75 0.2962239583333333 0.5 0.32421875
2 0.75 0.21158854166666666 0.5 0.07161458333333333
2 0.75 0.2662760416666667 0.5 0.040364583333333336
1 0.84228515625 0.3561197916666667 0.3154296875 0.07942708333333333
2 0.75 0.568359375 0.5 0.055989583333333336
7 0.75 0.6321614583333334 0.5 0.032552083333333336
4 0.53076171875 0.68359375 0.0615234375 0.03125
4 0.6181640625 0.68359375 0.078125 0.03125
4 0.7138671875 0.68359375 0.078125 0.03125
4 0.8095703125 0.68359375 0.078125 0.03125
4 0.9052734375 0.68359375 0.078125 0.03125
1 0.294921875 0.7057291666666666 0.3515625 0.013020833333333334
0 0.294921875 0.7682291666666666 0.3515625 0.046875
0 0.294921875 0.8372395833333334 0.095703125 0.026041666666666668
7 0.294921875 0.8958333333333334 0.041015625 0.026041666666666668
4 0.1455078125 0.9674479166666666 0.017578125 0.0234375
0 0.294921875 0.9674479166666666 0.3515625 0.052083333333333336
7 0.29931640625 0.9674479166666666 0.1181640625 0.026041666666666668
7 0.75 0.7408854166666666 0.5 0.08333333333333333
4 0.755859375 0.8899739583333334 0.48828125 0.22005208333333334