3 0.25732421875 0.09309895833333333 0.4853515625 0.18619791666666666
4 0.2646484375 0.3430989583333333 0.470703125 0.23307291666666666
4 0.2646484375 0.3430989583333333 0.470703125 0.23307291666666666
4 0.2646484375 0.3430989583333333 0.470703125 0.23307291666666666
4 0.25048828125 0.4466145833333333 0.0302734375 0.026041666666666668
7 0.3564453125 0.4420572916666667 0.14453125 0.024739583333333332
7 0.3564453125 0.4563802083333333 0.14453125 0.006510416666666667
4 0.75 0.22981770833333334 0.5 0.4596354166666667
4 0.25 0.5162760416666666 0.5 0.11328125
2 0.0859375 0.4967447916666667 0.171875 0.07421875
0 0.0859375 0.4967447916666667 0.171875 0.07421875
2 0.349609375 0.494140625 0.30078125 0.06901041666666667
2 0.25 0.57421875 0.5 0.057291666666666664
7 0.02490234375 0.57421875 0.0498046875 0.026041666666666668
0 0.0341796875 0.57421875 0.068359375 0.057291666666666664
7 0.1728515625 0.57421875 0.169921875 0.026041666666666668
0 0.17236328125 0.57421875 0.2080078125 0.057291666666666664
7 0.349609375 0.57421875 0.107421875 0.026041666666666668
0 0.34912109375 0.57421875 0.1455078125 0.057291666666666664
7 0.470703125 0.57421875 0.05859375 0.026041666666666668
0 0.4609375 0.57421875 0.078125 0.057291666666666664
4 0.25 0.7923177083333334 0.5 0.3502604166666667
2 0.25 0.9348958333333334 0.5 0.028645833333333332
4 0.59716796875 0.6666666666666666 0.1943359375 0.4140625
7 0.8740234375 0.55078125 0.251953125 0.0625
7 0.8740234375 0.63671875 0.251953125 0.03125
7 0.8740234375 0.73828125 0.251953125 0.08854166666666667
6 0.9287109375 0.76953125 0.111328125 0.026041666666666668
7 0.986328125 0.76953125 0.005859375 0.026041666666666668
7 0.8544921875 0.85546875 0.291015625 0.0625
5 0.7578125 0.9192708333333334 0.09765625 0.03125
1 0.9052734375 0.9192708333333334 0.189453125 0.0390625
5 0.7568359375 0.9609375 0.095703125 0.03125
1 0.904296875 0.9609375 0.19140625 0.0390625
5 0.73876953125 0.9934895833333334 0.0595703125 0.013020833333333334
1 0.88623046875 0.9915364583333334 0.2275390625 0.016927083333333332