7 0.06396484375 0.052083333333333336 0.1279296875 0.020833333333333332
0 0.33984375 0.1796875 0.6796875 0.359375
6 0.1640625 0.052083333333333336 0.072265625 0.020833333333333332
7 0.12890625 0.17643229166666666 0.2578125 0.18880208333333334
6 0.029296875 0.3059895833333333 0.05859375 0.018229166666666668
4 0.83984375 0.1796875 0.3203125 0.359375
4 0.83984375 0.1796875 0.3203125 0.359375
4 0.8994140625 0.11263020833333333 0.1640625 0.048177083333333336
7 0.90869140625 0.17513020833333334 0.1826171875 0.037760416666666664
1 0.90966796875 0.232421875 0.1806640625 0.048177083333333336
6 0.888671875 0.2890625 0.138671875 0.020833333333333332
6 0.8583984375 0.3359375 0.078125 0.020833333333333332
0 0.05517578125 0.3717447916666667 0.1103515625 0.01953125
2 0.052734375 0.4029947916666667 0.10546875 0.01953125
0 0.05517578125 0.4290364583333333 0.1103515625 0.01953125
0 0.05517578125 0.4524739583333333 0.1103515625 0.01953125
0 0.05517578125 0.4759114583333333 0.1103515625 0.01953125
2 0.052734375 0.5071614583333334 0.10546875 0.01953125
0 0.05517578125 0.533203125 0.1103515625 0.01953125
0 0.05517578125 0.56640625 0.1103515625 0.0390625
7 0.029296875 0.615234375 0.05859375 0.014322916666666666
7 0.0712890625 0.615234375 0.025390625 0.014322916666666666
7 0.05126953125 0.6295572916666666 0.1025390625 0.04296875
7 0.0439453125 0.6510416666666666 0.087890625 0.028645833333333332
7 0.04638671875 0.6725260416666666 0.0927734375 0.04296875
7 0.02099609375 0.6868489583333334 0.0419921875 0.014322916666666666
7 0.40283203125 0.3626302083333333 0.5537109375 0.006510416666666667
7 0.40283203125 0.3821614583333333 0.5537109375 0.045572916666666664
7 0.169921875 0.4309895833333333 0.087890625 0.026041666666666668
7 0.32470703125 0.494140625 0.3974609375 0.09765625
4 0.1435546875 0.5859375 0.03125 0.041666666666666664
7 0.24853515625 0.580078125 0.1669921875 0.01953125
6 0.24169921875 0.619140625 0.1533203125 0.01953125
7 0.59326171875 0.4309895833333333 0.1181640625 0.026041666666666668
7 0.60693359375 0.474609375 0.1455078125 0.05859375
7 0.60693359375 0.513671875 0.1455078125 0.05859375
4 0.552734375 0.5872395833333334 0.03125 0.041666666666666664
7 0.626953125 0.5813802083333334 0.10546875 0.01953125
6 0.626953125 0.6204427083333334 0.10546875 0.01953125
6 0.26904296875 0.72265625 0.0341796875 0.015625
6 0.34423828125 0.72265625 0.0927734375 0.015625
6 0.4365234375 0.72265625 0.06640625 0.015625
6 0.5068359375 0.72265625 0.05078125 0.015625
7 0.57177734375 0.7233072916666666 0.0537109375 0.014322916666666666
6 0.63818359375 0.72265625 0.0654296875 0.015625
2 0.830078125 0.400390625 0.30078125 0.024739583333333332
4 0.77783203125 0.51953125 0.0673828125 0.0546875
1 0.75146484375 0.51953125 0.1435546875 0.07291666666666667
0 0.75830078125 0.8658854166666666 0.1298828125 0.16145833333333334
0 0.916015625 0.8658854166666666 0.12890625 0.16145833333333334