0 0.0185546875 0.037760416666666664 0.037109375 0.044270833333333336
0 0.09228515625 0.037760416666666664 0.0537109375 0.044270833333333336
0 0.17529296875 0.037760416666666664 0.0576171875 0.044270833333333336
0 0.24755859375 0.037760416666666664 0.0302734375 0.044270833333333336
0 0.3017578125 0.037760416666666664 0.0234375 0.044270833333333336
0 0.35400390625 0.037760416666666664 0.0244140625 0.044270833333333336
7 0.19482421875 0.09765625 0.3896484375 0.07291666666666667
0 0.19482421875 0.09765625 0.3896484375 0.07552083333333333
7 0.08642578125 0.265625 0.1728515625 0.020833333333333332
0 0.19482421875 0.3287760416666667 0.3896484375 0.3815104166666667
6 0.208984375 0.265625 0.072265625 0.020833333333333332
7 0.1513671875 0.3899739583333333 0.302734375 0.18880208333333334
6 0.0546875 0.5149739583333334 0.09765625 0.009114583333333334
0 0.40087890625 0.040364583333333336 0.0224609375 0.033854166666666664
7 0.439453125 0.0390625 0.04296875 0.020833333333333332
0 0.443359375 0.040364583333333336 0.0625 0.033854166666666664
7 0.51513671875 0.0390625 0.0693359375 0.020833333333333332
0 0.51904296875 0.040364583333333336 0.0888671875 0.033854166666666664
7 0.58447265625 0.0390625 0.0302734375 0.020833333333333332
0 0.58837890625 0.040364583333333336 0.0498046875 0.033854166666666664
0 0.6396484375 0.040364583333333336 0.052734375 0.033854166666666664
0 0.7109375 0.040364583333333336 0.08984375 0.033854166666666664
1 0.8818359375 0.040364583333333336 0.236328125 0.046875
0 0.77978515625 0.042317708333333336 0.0244140625 0.04296875
6 0.42822265625 0.13346354166666666 0.0771484375 0.024739583333333332
2 0.423828125 0.236328125 0.068359375 0.022135416666666668
7 0.3984375 0.26171875 0.01171875 0.020833333333333332
4 0.41162109375 0.2610677083333333 0.0126953125 0.016927083333333332
7 0.42333984375 0.26171875 0.0087890625 0.020833333333333332
2 0.4677734375 0.3040364583333333 0.15625 0.022135416666666668
2 0.47265625 0.3821614583333333 0.166015625 0.04296875
7 0.40185546875 0.41796875 0.0185546875 0.020833333333333332
4 0.41845703125 0.4173177083333333 0.0126953125 0.016927083333333332
7 0.43408203125 0.41796875 0.0166015625 0.020833333333333332
2 0.48828125 0.470703125 0.197265625 0.04296875
4 0.3935546875 0.505859375 0.0078125 0.016927083333333332
7 0.4072265625 0.5065104166666666 0.017578125 0.020833333333333332
4 0.42333984375 0.505859375 0.0126953125 0.016927083333333332
7 0.4384765625 0.5065104166666666 0.015625 0.020833333333333332
3 0.82666015625 0.2825520833333333 0.2939453125 0.3255208333333333
0 0.19580078125 0.5286458333333334 0.1650390625 0.018229166666666668
0 0.333984375 0.5286458333333334 0.111328125 0.018229166666666668
0 0.02783203125 0.5638020833333334 0.0556640625 0.052083333333333336
0 0.09521484375 0.5638020833333334 0.0478515625 0.052083333333333336
0 0.1748046875 0.5638020833333334 0.080078125 0.052083333333333336
0 0.25048828125 0.5638020833333334 0.0400390625 0.052083333333333336
0 0.3212890625 0.5638020833333334 0.0703125 0.052083333333333336
0 0.380859375 0.5638020833333334 0.017578125 0.052083333333333336
4 0.1787109375 0.814453125 0.357421875 0.37109375
0 0.4130859375 0.5325520833333334 0.046875 0.026041666666666668
0 0.4833984375 0.5325520833333334 0.095703125 0.026041666666666668
0 0.599609375 0.5325520833333334 0.138671875 0.026041666666666668
0 0.7412109375 0.5325520833333334 0.146484375 0.026041666666666668
0 0.8359375 0.5397135416666666 0.044921875 0.040364583333333336
0 0.96337890625 0.5325520833333334 0.0732421875 0.026041666666666668
2 0.51220703125 0.833984375 0.2451171875 0.02734375
2 0.47119140625 0.9290364583333334 0.1630859375 0.10286458333333333