4 0.23974609375 0.15950520833333334 0.4794921875 0.3190104166666667
0 0.23974609375 0.11067708333333333 0.4794921875 0.22135416666666666
7 0.16552734375 0.087890625 0.3310546875 0.07421875
6 0.04541015625 0.17708333333333334 0.0908203125 0.020833333333333332
4 0.09521484375 0.2799479166666667 0.1904296875 0.078125
0 0.09521484375 0.2799479166666667 0.1904296875 0.078125
4 0.3095703125 0.2799479166666667 0.216796875 0.078125
0 0.3095703125 0.2799479166666667 0.216796875 0.078125
7 0.62841796875 0.06901041666666667 0.2978515625 0.0546875
6 0.51806640625 0.08333333333333333 0.0380859375 0.026041666666666668
7 0.5830078125 0.08333333333333333 0.091796875 0.026041666666666668
7 0.6640625 0.08333333333333333 0.0703125 0.026041666666666668
7 0.63232421875 0.11197916666666667 0.3056640625 0.08333333333333333
0 0.64599609375 0.23111979166666666 0.3330078125 0.06901041666666667
7 0.587890625 0.23177083333333334 0.12109375 0.020833333333333332
0 0.64599609375 0.3020833333333333 0.3330078125 0.033854166666666664
7 0.587890625 0.314453125 0.138671875 0.009114583333333334
4 0.919921875 0.15950520833333334 0.16015625 0.3190104166666667
2 0.23974609375 0.4563802083333333 0.4794921875 0.06380208333333333
1 0.18408203125 0.5657552083333334 0.3681640625 0.07421875
2 0.0966796875 0.8346354166666666 0.193359375 0.0234375
2 0.234375 0.8346354166666666 0.0859375 0.0234375
2 0.283203125 0.8346354166666666 0.013671875 0.0234375
2 0.1611328125 0.8736979166666666 0.322265625 0.0234375
2 0.3671875 0.8736979166666666 0.09375 0.0234375
2 0.4208984375 0.8736979166666666 0.013671875 0.0234375
4 0.05419921875 0.96875 0.1083984375 0.0625
0 0.05419921875 0.96875 0.1083984375 0.0625
4 0.2060546875 0.96875 0.169921875 0.0625
0 0.2060546875 0.96875 0.169921875 0.0625
4 0.38818359375 0.96875 0.1708984375 0.0625
0 0.38818359375 0.96875 0.1708984375 0.0625
2 0.55322265625 0.5950520833333334 0.1474609375 0.16145833333333334
7 0.55322265625 0.80078125 0.1474609375 0.125