4 0.3447265625 0.15559895833333334 0.689453125 0.3111979166666667
0 0.3447265625 0.10416666666666667 0.689453125 0.20833333333333334
2 0.15380859375 0.020833333333333332 0.2998046875 0.041666666666666664
7 0.2900390625 0.07486979166666667 0.572265625 0.07421875
6 0.07568359375 0.1640625 0.1083984375 0.020833333333333332
7 0.14306640625 0.1640625 0.0068359375 0.020833333333333332
6 0.24560546875 0.1640625 0.1806640625 0.020833333333333332
4 0.10400390625 0.2936197916666667 0.2080078125 0.13151041666666666
0 0.10400390625 0.2936197916666667 0.2080078125 0.13151041666666666
4 0.3271484375 0.2936197916666667 0.216796875 0.13151041666666666
0 0.3271484375 0.2936197916666667 0.216796875 0.13151041666666666
4 0.5546875 0.2936197916666667 0.216796875 0.13151041666666666
0 0.5546875 0.2936197916666667 0.216796875 0.13151041666666666
6 0.890625 0.03515625 0.08203125 0.026041666666666668
6 0.70703125 0.1875 0.02734375 0.0625
6 0.82373046875 0.1875 0.1357421875 0.0625
6 0.95263671875 0.1875 0.0517578125 0.0625
0 0.09765625 0.3802083333333333 0.1953125 0.033854166666666664
7 0.005859375 0.4153645833333333 0.01171875 0.026041666666666668
0 0.09765625 0.4153645833333333 0.1953125 0.033854166666666664
7 0.060546875 0.4505208333333333 0.12109375 0.026041666666666668
0 0.09765625 0.4505208333333333 0.1953125 0.033854166666666664
7 0.07568359375 0.4856770833333333 0.1513671875 0.026041666666666668
0 0.09765625 0.4856770833333333 0.1953125 0.033854166666666664
7 0.07568359375 0.5208333333333334 0.1513671875 0.026041666666666668
0 0.09765625 0.5208333333333334 0.1953125 0.033854166666666664
7 0.048828125 0.5559895833333334 0.09765625 0.026041666666666668
0 0.09765625 0.5559895833333334 0.1953125 0.033854166666666664
7 0.04833984375 0.5911458333333334 0.0966796875 0.026041666666666668
0 0.09765625 0.5911458333333334 0.1953125 0.033854166666666664
7 0.046875 0.6263020833333334 0.09375 0.026041666666666668
0 0.09765625 0.6263020833333334 0.1953125 0.033854166666666664
7 0.046875 0.6614583333333334 0.09375 0.026041666666666668
0 0.09765625 0.6614583333333334 0.1953125 0.033854166666666664
7 0.04296875 0.6966145833333334 0.0859375 0.026041666666666668
0 0.09765625 0.6966145833333334 0.1953125 0.033854166666666664
7 0.0361328125 0.7317708333333334 0.072265625 0.026041666666666668
0 0.09765625 0.7317708333333334 0.1953125 0.033854166666666664
7 0.03759765625 0.7669270833333334 0.0751953125 0.026041666666666668
0 0.09765625 0.7669270833333334 0.1953125 0.033854166666666664
3 0.09765625 0.8990885416666666 0.1953125 0.20182291666666666
7 0.45703125 0.392578125 0.46484375 0.037760416666666664
7 0.45703125 0.4908854166666667 0.46484375 0.109375
6 0.46337890625 0.5319010416666666 0.1162109375 0.02734375
7 0.60546875 0.5319010416666666 0.16796875 0.02734375
7 0.34130859375 0.5787760416666666 0.2333984375 0.02734375
6 0.48583984375 0.5787760416666666 0.0556640625 0.02734375
7 0.45703125 0.6608072916666666 0.46484375 0.19140625
6 0.3193359375 0.7428385416666666 0.056640625 0.02734375
3 0.45703125 0.892578125 0.46484375 0.21484375
7 0.0146484375 0.3684895833333333 0.029296875 0.018229166666666668
7 0.19287109375 0.3684895833333333 0.0791015625 0.018229166666666668
7 0.1162109375 0.4114583333333333 0.232421875 0.041666666666666664
7 0.75439453125 0.455078125 0.1298828125 0.045572916666666664
0 0.7568359375 0.4192708333333333 0.134765625 0.1171875
6 0.89599609375 0.4524739583333333 0.0849609375 0.03515625
6 0.98779296875 0.4524739583333333 0.0244140625 0.03515625
4 0.8447265625 0.5546875 0.310546875 0.1171875
0 0.8447265625 0.5546875 0.310546875 0.1171875
2 0.8447265625 0.8092447916666666 0.310546875 0.3815104166666667
2 0.8447265625 0.8092447916666666 0.310546875 0.3815104166666667
4 0.8447265625 0.8391927083333334 0.310546875 0.3216145833333333
0 0.8447265625 0.8391927083333334 0.310546875 0.3216145833333333