2 0.37890625 0.013671875 0.4609375 0.02734375
4 0.12060546875 0.263671875 0.2412109375 0.3190104166666667
4 0.12060546875 0.263671875 0.2412109375 0.3190104166666667
0 0.10595703125 0.380859375 0.2119140625 0.055989583333333336
6 0.03662109375 0.447265625 0.0732421875 0.024739583333333332
4 0.16015625 0.4459635416666667 0.015625 0.022135416666666668
7 0.181640625 0.44921875 0.017578125 0.020833333333333332
4 0.2099609375 0.447265625 0.015625 0.022135416666666668
7 0.23193359375 0.44921875 0.0185546875 0.020833333333333332
4 0.4130859375 0.263671875 0.3046875 0.3190104166666667
4 0.4130859375 0.263671875 0.3046875 0.3190104166666667
0 0.40576171875 0.380859375 0.2607421875 0.055989583333333336
4 0.2705078125 0.4485677083333333 0.01953125 0.02734375
6 0.32568359375 0.447265625 0.0810546875 0.024739583333333332
4 0.490234375 0.4459635416666667 0.015625 0.022135416666666668
7 0.51220703125 0.44921875 0.0185546875 0.020833333333333332
4 0.541015625 0.447265625 0.015625 0.022135416666666668
7 0.5595703125 0.44921875 0.01171875 0.020833333333333332
4 0.5947265625 0.4485677083333333 0.01953125 0.02734375
3 0.8046875 0.125 0.390625 0.25
2 0.63818359375 0.3157552083333333 0.0576171875 0.01953125
2 0.8046875 0.37890625 0.390625 0.0546875
2 0.8046875 0.4296875 0.390625 0.026041666666666668
0 0.076171875 0.5045572916666666 0.15234375 0.029947916666666668
4 0.0029296875 0.5006510416666666 0.005859375 0.022135416666666668
0 0.00732421875 0.5078125 0.0146484375 0.036458333333333336
4 0.06884765625 0.5045572916666666 0.0947265625 0.029947916666666668
0 0.10009765625 0.5110677083333334 0.1572265625 0.04296875
7 0.12353515625 0.4967447916666667 0.0126953125 0.014322916666666666
0 0.1240234375 0.5110677083333334 0.076171875 0.014322916666666666
7 0.57275390625 0.494140625 0.0732421875 0.009114583333333334
0 0.568359375 0.51171875 0.08203125 0.044270833333333336
7 0.57275390625 0.5078125 0.0732421875 0.020833333333333332
7 0.25341796875 0.505859375 0.1142578125 0.032552083333333336
7 0.5009765625 0.501953125 0.021484375 0.024739583333333332
1 0.5009765625 0.5078125 0.044921875 0.036458333333333336
1 0.4052734375 0.5071614583333334 0.1484375 0.03515625
7 0.56884765625 0.57421875 0.0810546875 0.0390625
0 0.568359375 0.5748697916666666 0.08203125 0.04296875
7 0.55859375 0.6171875 0.083984375 0.015625
4 0.00244140625 0.5651041666666666 0.0048828125 0.028645833333333332
0 0.07861328125 0.5657552083333334 0.1572265625 0.05078125
7 0.08251953125 0.5546875 0.1494140625 0.018229166666666668
7 0.04736328125 0.5768229166666666 0.0791015625 0.026041666666666668
0 0.23681640625 0.5638020833333334 0.1162109375 0.033854166666666664
0 0.34716796875 0.5638020833333334 0.1005859375 0.033854166666666664
0 0.470703125 0.5638020833333334 0.142578125 0.033854166666666664
0 0.21533203125 0.62109375 0.0732421875 0.033854166666666664
0 0.279296875 0.62109375 0.05078125 0.033854166666666664
0 0.365234375 0.62109375 0.1171875 0.033854166666666664
0 0.46923828125 0.62109375 0.0869140625 0.033854166666666664
0 0.53564453125 0.62109375 0.0419921875 0.033854166666666664
0 0.2109375 0.6783854166666666 0.064453125 0.033854166666666664
0 0.298828125 0.6783854166666666 0.107421875 0.033854166666666664
0 0.4140625 0.6783854166666666 0.119140625 0.033854166666666664
0 0.24169921875 0.7356770833333334 0.1259765625 0.033854166666666664
0 0.3349609375 0.7356770833333334 0.056640625 0.033854166666666664
0 0.42333984375 0.7356770833333334 0.1162109375 0.033854166666666664
7 0.3046875 0.6204427083333334 0.609375 0.01953125
6 0.01318359375 0.8138020833333334 0.0263671875 0.06770833333333333
0 0.0244140625 0.8138020833333334 0.048828125 0.3255208333333333
7 0.380859375 0.99609375 0.45703125 0.0078125
7 0.82470703125 0.50390625 0.1044921875 0.028645833333333332
0 0.82470703125 0.5149739583333334 0.1044921875 0.05078125
7 0.9423828125 0.50390625 0.087890625 0.028645833333333332
0 0.9423828125 0.5149739583333334 0.087890625 0.05078125
7 0.7412109375 0.5716145833333334 0.212890625 0.020833333333333332
7 0.8046875 0.5865885416666666 0.390625 0.061197916666666664
6 0.8046875 0.6184895833333334 0.390625 0.059895833333333336
2 0.8046875 0.8404947916666666 0.390625 0.07942708333333333
7 0.9091796875 0.9186197916666666 0.181640625 0.03515625