4 0.0498046875 0.08268229166666667 0.099609375 0.08463541666666667
0 0.0498046875 0.115234375 0.099609375 0.022135416666666668
4 0.0498046875 0.08268229166666667 0.099609375 0.08463541666666667
4 0.0498046875 0.08268229166666667 0.099609375 0.08463541666666667
2 0.04248046875 0.08268229166666667 0.0849609375 0.048177083333333336
4 0.18212890625 0.08268229166666667 0.1474609375 0.08463541666666667
0 0.18212890625 0.115234375 0.1474609375 0.022135416666666668
4 0.18212890625 0.08268229166666667 0.1474609375 0.08463541666666667
2 0.18212890625 0.08268229166666667 0.1181640625 0.048177083333333336
4 0.33837890625 0.08268229166666667 0.1474609375 0.08463541666666667
0 0.33837890625 0.115234375 0.1474609375 0.022135416666666668
4 0.33837890625 0.08268229166666667 0.1474609375 0.08463541666666667
2 0.33837890625 0.08268229166666667 0.1123046875 0.024739583333333332
4 0.4267578125 0.08268229166666667 0.005859375 0.024739583333333332
2 0.1455078125 0.23177083333333334 0.291015625 0.08333333333333333
2 0.1455078125 0.310546875 0.291015625 0.037760416666666664
4 0.08935546875 0.5377604166666666 0.1787109375 0.2630208333333333
4 0.08935546875 0.5377604166666666 0.1787109375 0.2630208333333333
4 0.31396484375 0.5377604166666666 0.2314453125 0.2630208333333333
4 0.31396484375 0.5377604166666666 0.2314453125 0.2630208333333333
7 0.4365234375 0.050130208333333336 0.013671875 0.03515625
7 0.54833984375 0.045572916666666664 0.0966796875 0.026041666666666668
0 0.54833984375 0.045572916666666664 0.1162109375 0.052083333333333336
6 0.46826171875 0.13151041666666666 0.0771484375 0.0625
6 0.55712890625 0.13151041666666666 0.0302734375 0.0625
6 0.62109375 0.13151041666666666 0.02734375 0.0625
6 0.73779296875 0.13151041666666666 0.1357421875 0.0625
6 0.86669921875 0.13151041666666666 0.0517578125 0.0625
7 0.9521484375 0.048177083333333336 0.095703125 0.026041666666666668
2 0.6552734375 0.4368489583333333 0.328125 0.26171875
7 0.6416015625 0.6321614583333334 0.30078125 0.07421875
7 0.89892578125 0.4850260416666667 0.0302734375 0.02734375
7 0.2158203125 0.7421875 0.341796875 0.140625
7 0.2158203125 0.845703125 0.37109375 0.037760416666666664
0 0.38818359375 0.8938802083333334 0.0830078125 0.07942708333333333
0 0.18896484375 0.8938802083333334 0.2587890625 0.07942708333333333
2 0.51611328125 0.8118489583333334 0.1728515625 0.07421875
7 0.51611328125 0.916015625 0.1728515625 0.09505208333333333
4 0.8203125 0.8346354166666666 0.359375 0.3307291666666667