6 0.32177734375 0.012369791666666666 0.2119140625 0.024739583333333332
0 0.01708984375 0.072265625 0.0341796875 0.05859375
0 0.06884765625 0.072265625 0.0693359375 0.05859375
0 0.13037109375 0.072265625 0.0537109375 0.05859375
0 0.27978515625 0.0703125 0.0244140625 0.0546875
0 0.33154296875 0.0703125 0.0517578125 0.0546875
0 0.4052734375 0.0703125 0.068359375 0.0546875
0 0.46142578125 0.0703125 0.0166015625 0.0546875
7 0.064453125 0.185546875 0.05078125 0.03515625
0 0.0693359375 0.185546875 0.060546875 0.03515625
7 0.19677734375 0.185546875 0.0966796875 0.03515625
0 0.20166015625 0.185546875 0.1064453125 0.03515625
7 0.3486328125 0.185546875 0.08984375 0.03515625
0 0.353515625 0.185546875 0.099609375 0.03515625
7 0.4609375 0.185546875 0.017578125 0.03515625
0 0.4609375 0.185546875 0.017578125 0.03515625
2 0.5361328125 0.061848958333333336 0.1328125 0.02734375
7 0.8759765625 0.4036458333333333 0.248046875 0.0703125
7 0.23486328125 0.5182291666666666 0.4697265625 0.041666666666666664
4 0.0703125 0.6432291666666666 0.140625 0.15625
6 0.05224609375 0.7447916666666666 0.1044921875 0.0234375
4 0.2744140625 0.6438802083333334 0.1953125 0.15755208333333334
6 0.27294921875 0.74609375 0.1005859375 0.0234375
4 0.43896484375 0.6438802083333334 0.0615234375 0.15755208333333334
6 0.15771484375 0.8717447916666666 0.0908203125 0.022135416666666668
6 0.015625 0.9251302083333334 0.03125 0.022135416666666668
7 0.0390625 0.9251302083333334 0.017578125 0.022135416666666668
6 0.07373046875 0.9251302083333334 0.0556640625 0.022135416666666668
7 0.10888671875 0.9251302083333334 0.0166015625 0.022135416666666668
6 0.19287109375 0.9251302083333334 0.1513671875 0.022135416666666668
7 0.2763671875 0.9251302083333334 0.017578125 0.022135416666666668
6 0.32470703125 0.9251302083333334 0.0830078125 0.022135416666666668
7 0.1796875 0.943359375 0.359375 0.022135416666666668
3 0.77783203125 0.7194010416666666 0.4443359375 0.5611979166666666