2 0.169921875 0.3313802083333333 0.33984375 0.07942708333333333
6 0.14794921875 0.40234375 0.2958984375 0.052083333333333336
4 0.669921875 0.171875 0.66015625 0.34375
7 0.4560546875 0.042317708333333336 0.232421875 0.08463541666666667
7 0.38671875 0.12044270833333333 0.09375 0.029947916666666668
0 0.38623046875 0.4283854166666667 0.0927734375 0.0546875
7 0.37939453125 0.4264322916666667 0.0791015625 0.055989583333333336
4 0.50439453125 0.4283854166666667 0.0419921875 0.0546875
0 0.62939453125 0.4283854166666667 0.2919921875 0.0546875
7 0.5908203125 0.4134114583333333 0.111328125 0.029947916666666668
7 0.62548828125 0.4264322916666667 0.1806640625 0.055989583333333336
4 0.82763671875 0.4283854166666667 0.0419921875 0.0546875
0 0.9033203125 0.4283854166666667 0.193359375 0.0546875
7 0.92626953125 0.4283854166666667 0.1474609375 0.0546875
4 0.05126953125 0.92578125 0.0673828125 0.08854166666666667
6 0.2158203125 0.9114583333333334 0.224609375 0.028645833333333332
0 0.2158203125 0.9264322916666666 0.224609375 0.05859375
7 0.181640625 0.9401041666666666 0.15625 0.03125
7 0.462890625 0.5950520833333334 0.130859375 0.06510416666666667
7 0.72802734375 0.5950520833333334 0.3427734375 0.033854166666666664
7 0.9365234375 0.5950520833333334 0.076171875 0.026041666666666668
0 0.94921875 0.5950520833333334 0.1015625 0.0390625
4 0.99169921875 0.5970052083333334 0.0166015625 0.029947916666666668
2 0.669921875 0.7122395833333334 0.66015625 0.06510416666666667
2 0.6103515625 0.7877604166666666 0.267578125 0.041666666666666664
2 0.75634765625 0.7877604166666666 0.0263671875 0.041666666666666664
2 0.88427734375 0.7877604166666666 0.2314453125 0.041666666666666664
2 0.439453125 0.9850260416666666 0.19921875 0.029947916666666668
2 0.7421875 0.9850260416666666 0.228515625 0.029947916666666668