4 0.20458984375 0.16471354166666666 0.4091796875 0.3294270833333333
4 0.20458984375 0.2545572916666667 0.4091796875 0.5091145833333334
7 0.28857421875 0.224609375 0.2412109375 0.09505208333333333
6 0.2822265625 0.26171875 0.08203125 0.020833333333333332
0 0.33349609375 0.33984375 0.1513671875 0.052083333333333336
4 0.83740234375 0.2545572916666667 0.3251953125 0.5091145833333334
0 0.83740234375 0.2545572916666667 0.3251953125 0.5091145833333334
7 0.314453125 0.5501302083333334 0.189453125 0.07161458333333333
4 0.22412109375 0.8997395833333334 0.3701171875 0.20052083333333334
4 0.17578125 0.9583333333333334 0.03515625 0.08333333333333333
4 0.0546875 0.9739583333333334 0.109375 0.052083333333333336
0 0.61181640625 0.5358072916666666 0.1044921875 0.05078125
7 0.61083984375 0.6959635416666666 0.1845703125 0.022135416666666668
6 0.61181640625 0.7298177083333334 0.0712890625 0.022135416666666668