4 0.22998046875 0.20442708333333334 0.4599609375 0.4088541666666667
7 0.51953125 0.3177083333333333 0.060546875 0.0234375
0 0.51220703125 0.3177083333333333 0.0751953125 0.0546875
4 0.27490234375 0.2747395833333333 0.5498046875 0.5494791666666666
7 0.3798828125 0.3040364583333333 0.33984375 0.09505208333333333
6 0.32421875 0.3411458333333333 0.08203125 0.020833333333333332
0 0.51025390625 0.4192708333333333 0.0791015625 0.052083333333333336
0 0.380859375 0.4192708333333333 0.162109375 0.052083333333333336
1 0.9208984375 0.03125 0.158203125 0.057291666666666664
1 0.9208984375 0.091796875 0.158203125 0.048177083333333336
6 0.96435546875 0.24544270833333334 0.0712890625 0.022135416666666668
7 0.89990234375 0.3053385416666667 0.2001953125 0.022135416666666668
4 0.931640625 0.33984375 0.13671875 0.0234375
6 0.56884765625 0.537109375 0.0380859375 0.016927083333333332
6 0.62353515625 0.537109375 0.0400390625 0.016927083333333332
6 0.6748046875 0.537109375 0.033203125 0.016927083333333332
6 0.7177734375 0.537109375 0.0234375 0.016927083333333332
0 0.02978515625 0.5553385416666666 0.0380859375 0.01171875
0 0.08154296875 0.5553385416666666 0.0498046875 0.01171875
0 0.14892578125 0.5553385416666666 0.0693359375 0.01171875
0 0.2216796875 0.5553385416666666 0.060546875 0.01171875
0 0.30126953125 0.5553385416666666 0.0830078125 0.01171875
0 0.39306640625 0.5553385416666666 0.0849609375 0.01171875
0 0.48388671875 0.5553385416666666 0.0810546875 0.01171875
2 0.27490234375 0.8626302083333334 0.5498046875 0.07421875
7 0.27490234375 0.935546875 0.5498046875 0.04296875
4 0.65673828125 0.794921875 0.2138671875 0.41015625
0 0.65673828125 0.7747395833333334 0.2138671875 0.4505208333333333
3 0.70703125 0.7877604166666666 0.314453125 0.4244791666666667