7 0.2099609375 0.041666666666666664 0.392578125 0.020833333333333332
1 0.55224609375 0.04296875 0.2353515625 0.049479166666666664
7 0.341796875 0.13932291666666666 0.65625 0.09895833333333333
6 0.2333984375 0.17838541666666666 0.0859375 0.020833333333333332
7 0.32080078125 0.17838541666666666 0.0908203125 0.020833333333333332
6 0.44873046875 0.17838541666666666 0.1669921875 0.020833333333333332
7 0.53369140625 0.17838541666666666 0.0048828125 0.020833333333333332
3 0.36328125 0.3177083333333333 0.61328125 0.08333333333333333
7 0.8349609375 0.01171875 0.330078125 0.015625
4 0.166015625 0.654296875 0.33203125 0.58984375
7 0.0390625 0.9791666666666666 0.041015625 0.018229166666666668
4 0.07177734375 0.9791666666666666 0.0166015625 0.020833333333333332
7 0.27099609375 0.984375 0.1220703125 0.03125
2 0.55078125 0.421875 0.23828125 0.125
7 0.58251953125 0.5716145833333334 0.1748046875 0.028645833333333332
7 0.58056640625 0.62109375 0.1708984375 0.028645833333333332
7 0.58251953125 0.6705729166666666 0.1748046875 0.028645833333333332
0 0.55517578125 0.7760416666666666 0.2294921875 0.078125
4 0.4541015625 0.9192708333333334 0.05859375 0.078125
0 0.4541015625 0.939453125 0.09765625 0.11848958333333333
7 0.45361328125 0.98828125 0.0810546875 0.020833333333333332
4 0.58447265625 0.9192708333333334 0.0595703125 0.078125
0 0.58447265625 0.939453125 0.0986328125 0.11848958333333333
7 0.5849609375 0.98828125 0.091796875 0.020833333333333332
0 0.91943359375 0.3665364583333333 0.0419921875 0.014322916666666666
0 0.95751953125 0.3665364583333333 0.0419921875 0.014322916666666666
6 0.75537109375 0.404296875 0.1123046875 0.02734375
2 0.79248046875 0.5123697916666666 0.1181640625 0.01953125
7 0.849609375 0.5891927083333334 0.232421875 0.09244791666666667
4 0.90869140625 0.625 0.0087890625 0.010416666666666666
7 0.8623046875 0.6920572916666666 0.2578125 0.06901041666666667
4 0.93701171875 0.7161458333333334 0.0087890625 0.010416666666666666
7 0.86181640625 0.794921875 0.2568359375 0.09244791666666667
4 0.91259765625 0.8307291666666666 0.0087890625 0.010416666666666666
2 0.80419921875 0.9609375 0.0986328125 0.026041666666666668