7 0.357421875 0.006510416666666667 0.205078125 0.013020833333333334
4 0.7353515625 0.0390625 0.107421875 0.0546875
0 0.7353515625 0.0390625 0.107421875 0.0546875
2 0.53857421875 0.24479166666666666 0.1572265625 0.028645833333333332
6 0.310546875 0.27734375 0.08203125 0.026041666666666668
7 0.05419921875 0.34375 0.0966796875 0.026041666666666668
0 0.05615234375 0.34375 0.1123046875 0.052083333333333336
6 0.06298828125 0.4296875 0.0302734375 0.0625
6 0.126953125 0.4296875 0.02734375 0.0625
6 0.24365234375 0.4296875 0.1357421875 0.0625
6 0.37255859375 0.4296875 0.0517578125 0.0625
7 0.43505859375 0.3463541666666667 0.0498046875 0.026041666666666668
2 0.16259765625 0.7350260416666666 0.3251953125 0.26171875
7 0.14892578125 0.9466145833333334 0.2978515625 0.10677083333333333
7 0.40478515625 0.783203125 0.0302734375 0.02734375
6 0.50146484375 0.2916666666666667 0.0830078125 0.06510416666666667
6 0.65283203125 0.2916666666666667 0.0947265625 0.06510416666666667
6 0.810546875 0.2916666666666667 0.09765625 0.06510416666666667
6 0.96044921875 0.2916666666666667 0.0791015625 0.06510416666666667
4 0.7294921875 0.552734375 0.48828125 0.45703125
0 0.72998046875 0.552734375 0.5400390625 0.45703125
4 0.5029296875 0.693359375 0.0625 0.08463541666666667
4 0.97802734375 0.4055989583333333 0.0439453125 0.06380208333333333
4 0.9267578125 0.361328125 0.0234375 0.032552083333333336
2 0.72998046875 0.84765625 0.5400390625 0.03125
2 0.72998046875 0.8919270833333334 0.5400390625 0.03125