4 0.158203125 0.16276041666666666 0.15625 0.20833333333333334
7 0.15869140625 0.3059895833333333 0.1455078125 0.020833333333333332
2 0.158203125 0.359375 0.1953125 0.028645833333333332
2 0.40771484375 0.0859375 0.2841796875 0.033854166666666664
7 0.36669921875 0.12890625 0.2021484375 0.020833333333333332
7 0.40771484375 0.15494791666666666 0.2841796875 0.020833333333333332
7 0.34423828125 0.20703125 0.1572265625 0.020833333333333332
7 0.48583984375 0.20703125 0.1279296875 0.020833333333333332
7 0.30322265625 0.23697916666666666 0.0751953125 0.020833333333333332
1 0.4453125 0.23697916666666666 0.208984375 0.033854166666666664
7 0.283203125 0.2799479166666667 0.015625 0.020833333333333332
2 0.42529296875 0.3359375 0.2490234375 0.0859375
2 0.42529296875 0.4192708333333333 0.2490234375 0.08072916666666667
2 0.77490234375 0.2779947916666667 0.4501953125 0.07421875
7 0.77490234375 0.3509114583333333 0.4501953125 0.04296875
7 0.7578125 0.4446614583333333 0.166015625 0.029947916666666668
0 0.7578125 0.43359375 0.1953125 0.052083333333333336
0 0.0537109375 0.4733072916666667 0.107421875 0.02734375
0 0.0537109375 0.5052083333333334 0.107421875 0.033854166666666664
7 0.0166015625 0.5403645833333334 0.033203125 0.026041666666666668
0 0.0537109375 0.5403645833333334 0.107421875 0.033854166666666664
7 0.03173828125 0.5755208333333334 0.0634765625 0.026041666666666668
0 0.0537109375 0.5755208333333334 0.107421875 0.033854166666666664
7 0.03173828125 0.6106770833333334 0.0634765625 0.026041666666666668
0 0.0537109375 0.6106770833333334 0.107421875 0.033854166666666664
0 0.0537109375 0.6458333333333334 0.107421875 0.033854166666666664
0 0.0537109375 0.6809895833333334 0.107421875 0.033854166666666664
0 0.0537109375 0.7161458333333334 0.107421875 0.033854166666666664
0 0.0537109375 0.7513020833333334 0.107421875 0.033854166666666664
0 0.0537109375 0.7864583333333334 0.107421875 0.033854166666666664
0 0.0537109375 0.8216145833333334 0.107421875 0.033854166666666664
0 0.0537109375 0.8567708333333334 0.107421875 0.033854166666666664
7 0.34326171875 0.482421875 0.4130859375 0.037760416666666664
7 0.34326171875 0.5807291666666666 0.4130859375 0.109375
6 0.37548828125 0.6217447916666666 0.1162109375 0.02734375
7 0.49169921875 0.6217447916666666 0.1162109375 0.02734375
7 0.25341796875 0.6686197916666666 0.2333984375 0.02734375
6 0.39794921875 0.6686197916666666 0.0556640625 0.02734375
7 0.34326171875 0.7506510416666666 0.4130859375 0.19140625
6 0.2314453125 0.8326822916666666 0.056640625 0.02734375
3 0.34326171875 0.9375 0.4130859375 0.125
7 0.072265625 0.5013020833333334 0.14453125 0.041666666666666664
4 0.77490234375 0.7298177083333334 0.4501953125 0.5403645833333334
6 0.634765625 0.48046875 0.169921875 0.033854166666666664
4 0.74853515625 0.7434895833333334 0.3974609375 0.5026041666666666
3 0.83447265625 0.916015625 0.3310546875 0.16796875
1 0.9814453125 0.5162760416666666 0.037109375 0.07161458333333333
7 0.57177734375 0.5026041666666666 0.0439453125 0.020833333333333332
0 0.57666015625 0.521484375 0.0537109375 0.055989583333333336
0 0.65380859375 0.521484375 0.1025390625 0.055989583333333336
4 0.677734375 0.626953125 0.244140625 0.13411458333333334
0 0.677734375 0.626953125 0.244140625 0.13411458333333334
7 0.67236328125 0.6516927083333334 0.2255859375 0.07421875
4 0.8994140625 0.626953125 0.201171875 0.13411458333333334
0 0.8994140625 0.626953125 0.201171875 0.13411458333333334
7 0.9013671875 0.6516927083333334 0.197265625 0.07421875
4 0.677734375 0.7604166666666666 0.244140625 0.13541666666666666
0 0.677734375 0.7604166666666666 0.244140625 0.13541666666666666
6 0.67236328125 0.7858072916666666 0.2255859375 0.07421875
4 0.8994140625 0.7604166666666666 0.201171875 0.13541666666666666
0 0.8994140625 0.7604166666666666 0.201171875 0.13541666666666666
6 0.9013671875 0.7858072916666666 0.197265625 0.07421875
2 0.599609375 0.9108072916666666 0.03515625 0.022135416666666668
4 0.5986328125 0.9661458333333334 0.064453125 0.06770833333333333
0 0.59033203125 0.9661458333333334 0.0810546875 0.06770833333333333
2 0.6953125 0.9075520833333334 0.09765625 0.0234375
4 0.69921875 0.9596354166666666 0.1171875 0.06510416666666667
2 0.8515625 0.9075520833333334 0.154296875 0.026041666666666668
4 0.88427734375 0.9635416666666666 0.2314453125 0.07291666666666667
0 0.88427734375 0.9635416666666666 0.2314453125 0.07291666666666667