2 0.31494140625 0.08984375 0.6083984375 0.06770833333333333
7 0.31494140625 0.18098958333333334 0.6083984375 0.07291666666666667
0 0.3291015625 0.2747395833333333 0.1796875 0.052083333333333336
7 0.23779296875 0.34765625 0.1767578125 0.03125
7 0.40966796875 0.3470052083333333 0.1669921875 0.02734375
0 0.41748046875 0.34765625 0.1826171875 0.020833333333333332
4 0.5029296875 0.3502604166666667 0.01171875 0.010416666666666666
4 0.31494140625 0.4817708333333333 0.6083984375 0.17447916666666666
4 0.82275390625 0.0032552083333333335 0.0224609375 0.006510416666666667
7 0.8955078125 0.004557291666666667 0.02734375 0.009114583333333334
0 0.8955078125 0.008463541666666666 0.048828125 0.016927083333333332
4 0.9443359375 0.008463541666666666 0.029296875 0.016927083333333332
0 0.9443359375 0.008463541666666666 0.029296875 0.016927083333333332
4 0.9833984375 0.008463541666666666 0.029296875 0.016927083333333332
2 0.80859375 0.19661458333333334 0.37890625 0.06510416666666667
7 0.80859375 0.2545572916666667 0.37890625 0.032552083333333336
0 0.69287109375 0.3678385416666667 0.1162109375 0.040364583333333336
1 0.71240234375 0.478515625 0.1865234375 0.07942708333333333
7 0.8779296875 0.4225260416666667 0.11328125 0.01953125
7 0.90234375 0.4654947916666667 0.162109375 0.02734375
7 0.90234375 0.4915364583333333 0.162109375 0.02734375
5 0.86376953125 0.5436197916666666 0.2685546875 0.02734375
4 0.3095703125 0.6419270833333334 0.619140625 0.14583333333333334
6 0.0146484375 0.7434895833333334 0.029296875 0.018229166666666668
6 0.24951171875 0.7766927083333334 0.4990234375 0.022135416666666668
0 0.0546875 0.8821614583333334 0.068359375 0.032552083333333336
0 0.1533203125 0.8821614583333334 0.068359375 0.032552083333333336
0 0.2451171875 0.8821614583333334 0.0546875 0.032552083333333336
0 0.3505859375 0.8821614583333334 0.095703125 0.032552083333333336
0 0.4765625 0.8821614583333334 0.095703125 0.032552083333333336
0 0.58642578125 0.8736979166666666 0.0654296875 0.041666666666666664
7 0.21728515625 0.9928385416666666 0.4345703125 0.014322916666666666
7 0.7294921875 0.68359375 0.220703125 0.22916666666666666
7 0.939453125 0.7298177083333334 0.12109375 0.3216145833333333
7 0.89794921875 0.6946614583333334 0.0302734375 0.040364583333333336
0 0.89794921875 0.6888020833333334 0.0361328125 0.0390625
7 0.89794921875 0.7220052083333334 0.0244140625 0.014322916666666666
7 0.94189453125 0.6946614583333334 0.0341796875 0.040364583333333336
0 0.94189453125 0.6888020833333334 0.0400390625 0.0390625
7 0.9423828125 0.7220052083333334 0.01953125 0.014322916666666666
7 0.98583984375 0.6946614583333334 0.0283203125 0.040364583333333336
0 0.984375 0.6888020833333334 0.03125 0.0390625
7 0.986328125 0.7220052083333334 0.0234375 0.014322916666666666
1 0.94287109375 0.7877604166666666 0.1142578125 0.0390625
2 0.8095703125 0.97265625 0.380859375 0.033854166666666664