2 0.3046875 0.024088541666666668 0.369140625 0.048177083333333336
2 0.259765625 0.08723958333333333 0.458984375 0.0390625
2 0.31298828125 0.138671875 0.3525390625 0.024739583333333332
0 0.3203125 0.203125 0.310546875 0.049479166666666664
0 0.3203125 0.19596354166666666 0.310546875 0.09244791666666667
7 0.3203125 0.267578125 0.177734375 0.024739583333333332
7 0.3203125 0.3196614583333333 0.29296875 0.024739583333333332
0 0.3203125 0.3541666666666667 0.1640625 0.018229166666666668
2 0.24462890625 0.4733072916666667 0.4892578125 0.01171875
0 0.60009765625 0.03515625 0.1376953125 0.06510416666666667
0 0.73876953125 0.03515625 0.1396484375 0.06510416666666667
0 0.87939453125 0.03515625 0.1416015625 0.06510416666666667
0 0.97509765625 0.03515625 0.0498046875 0.06510416666666667
7 0.64404296875 0.19140625 0.3095703125 0.033854166666666664
7 0.8359375 0.19140625 0.076171875 0.026041666666666668
0 0.85546875 0.19140625 0.115234375 0.0390625
4 0.89794921875 0.193359375 0.0302734375 0.029947916666666668
2 0.74462890625 0.30859375 0.5107421875 0.06510416666666667
2 0.56640625 0.3841145833333333 0.154296875 0.041666666666666664
2 0.65576171875 0.3841145833333333 0.0263671875 0.041666666666666664
2 0.78759765625 0.3841145833333333 0.2392578125 0.041666666666666664
2 0.08154296875 0.595703125 0.1630859375 0.02734375
2 0.04052734375 0.6907552083333334 0.0810546875 0.10286458333333333
7 0.40087890625 0.951171875 0.1767578125 0.09765625
2 0.8037109375 0.5266927083333334 0.138671875 0.09505208333333333
1 0.5595703125 0.490234375 0.140625 0.022135416666666668
1 0.64794921875 0.490234375 0.0322265625 0.022135416666666668
1 0.6826171875 0.490234375 0.03125 0.022135416666666668
0 0.57666015625 0.5149739583333334 0.0888671875 0.01953125
7 0.50244140625 0.6497395833333334 0.0263671875 0.018229166666666668
6 0.544921875 0.6497395833333334 0.060546875 0.018229166666666668
7 0.57958984375 0.6497395833333334 0.0107421875 0.018229166666666668
6 0.607421875 0.6497395833333334 0.046875 0.018229166666666668
7 0.513671875 0.7571614583333334 0.048828125 0.01953125
4 0.5751953125 0.7376302083333334 0.076171875 0.05078125
6 0.55908203125 0.830078125 0.0732421875 0.01953125
6 0.638671875 0.830078125 0.025390625 0.01953125
6 0.693359375 0.830078125 0.025390625 0.01953125
6 0.75439453125 0.830078125 0.0380859375 0.01953125
6 0.83349609375 0.830078125 0.0595703125 0.01953125
6 0.62109375 0.8899739583333334 0.263671875 0.01953125
6 0.57763671875 0.9264322916666666 0.1767578125 0.01953125