2 0.1201171875 0.041015625 0.17578125 0.08203125
2 0.14599609375 0.087890625 0.2919921875 0.17578125
7 0.1015625 0.251953125 0.203125 0.037760416666666664
7 0.13818359375 0.318359375 0.2412109375 0.037760416666666664
7 0.07177734375 0.384765625 0.1435546875 0.037760416666666664
7 0.05517578125 0.5071614583333334 0.1103515625 0.032552083333333336
0 0.1767578125 0.5071614583333334 0.353515625 0.032552083333333336
4 0.1328125 0.5045572916666666 0.015625 0.01953125
0 0.10986328125 0.6119791666666666 0.1630859375 0.0546875
4 0.37841796875 0.189453125 0.0830078125 0.37890625
7 0.14794921875 0.5677083333333334 0.2958984375 0.049479166666666664
6 0.083984375 0.580078125 0.044921875 0.024739583333333332
7 0.1494140625 0.5924479166666666 0.298828125 0.049479166666666664
0 0.021484375 0.6048177083333334 0.04296875 0.024739583333333332
7 0.1650390625 0.6158854166666666 0.330078125 0.046875
7 0.38720703125 0.5924479166666666 0.0654296875 0.044270833333333336
0 0.5166015625 0.11653645833333333 0.046875 0.03515625
0 0.978515625 0.11653645833333333 0.04296875 0.03515625
0 0.8720703125 0.11653645833333333 0.13671875 0.03515625
1 0.74658203125 0.18359375 0.5068359375 0.059895833333333336
7 0.52685546875 0.2565104166666667 0.0380859375 0.0234375
3 0.2099609375 0.6861979166666666 0.419921875 0.09375
2 0.2099609375 0.8509114583333334 0.419921875 0.08463541666666667
4 0.17626953125 0.9576822916666666 0.2138671875 0.08463541666666667
4 0.3603515625 0.9576822916666666 0.119140625 0.08463541666666667
4 0.81298828125 0.7083333333333334 0.0673828125 0.08854166666666667
2 0.7919921875 0.8489583333333334 0.416015625 0.15625
7 0.79443359375 0.97265625 0.4111328125 0.0546875
7 0.84033203125 0.98828125 0.0556640625 0.0234375