3 0.23974609375 0.11067708333333333 0.4794921875 0.22135416666666666
2 0.23974609375 0.3502604166666667 0.4794921875 0.0546875
2 0.06298828125 0.4010416666666667 0.1259765625 0.026041666666666668
4 0.5185546875 0.2819010416666667 0.078125 0.33984375
0 0.5185546875 0.28125 0.078125 0.3385416666666667
4 0.5146484375 0.2734375 0.0703125 0.3203125
0 0.5185546875 0.28125 0.078125 0.3385416666666667
4 0.51025390625 0.2662760416666667 0.0615234375 0.33984375
0 0.5185546875 0.28125 0.078125 0.3385416666666667
0 0.5185546875 0.48828125 0.078125 0.0234375
4 0.6943359375 0.2955729166666667 0.1796875 0.3125
0 0.6943359375 0.294921875 0.1796875 0.3111979166666667
4 0.68603515625 0.287109375 0.1806640625 0.3111979166666667
0 0.6943359375 0.294921875 0.1796875 0.3111979166666667
4 0.67919921875 0.2799479166666667 0.1806640625 0.3098958333333333
0 0.6943359375 0.294921875 0.1796875 0.3111979166666667
0 0.6943359375 0.48828125 0.1796875 0.0234375
4 0.91552734375 0.2805989583333333 0.1689453125 0.33984375
0 0.91552734375 0.2805989583333333 0.1689453125 0.33984375
4 0.90380859375 0.265625 0.1806640625 0.3411458333333333
0 0.91552734375 0.2805989583333333 0.1689453125 0.33984375
4 0.9111328125 0.2727864583333333 0.177734375 0.3424479166666667
0 0.91552734375 0.2805989583333333 0.1689453125 0.33984375
0 0.91552734375 0.48828125 0.1689453125 0.0234375
4 0.23974609375 0.6315104166666666 0.4794921875 0.203125
0 0.23974609375 0.6451822916666666 0.4794921875 0.14192708333333334
3 0.23974609375 0.818359375 0.4794921875 0.11848958333333333
2 0.10205078125 0.9765625 0.2041015625 0.028645833333333332
7 0.361328125 0.9772135416666666 0.236328125 0.029947916666666668
2 0.73974609375 0.5494791666666666 0.5205078125 0.0390625
2 0.60205078125 0.6119791666666666 0.2451171875 0.041666666666666664
2 0.73681640625 0.6119791666666666 0.0263671875 0.041666666666666664
2 0.86865234375 0.6119791666666666 0.2392578125 0.041666666666666664
2 0.72265625 0.8203125 0.228515625 0.052083333333333336
0 0.72265625 0.8880208333333334 0.228515625 0.1875
7 0.71044921875 0.916015625 0.2041015625 0.13411458333333334
2 0.962890625 0.8203125 0.07421875 0.052083333333333336
0 0.962890625 0.8971354166666666 0.07421875 0.20572916666666666
7 0.962890625 0.9244791666666666 0.07421875 0.15104166666666666