3 0.267578125 0.1484375 0.53515625 0.296875
2 0.2685546875 0.42578125 0.537109375 0.0546875
7 0.984375 0.0234375 0.03125 0.026041666666666668
0 0.9697265625 0.03125 0.060546875 0.0625
0 0.6005859375 0.03125 0.09765625 0.0625
0 0.67431640625 0.03125 0.0498046875 0.0625
0 0.7607421875 0.03125 0.0625 0.0625
0 0.83544921875 0.03125 0.0869140625 0.0625
0 0.9091796875 0.03125 0.060546875 0.0625
2 0.77490234375 0.10677083333333333 0.4501953125 0.036458333333333336
4 0.66943359375 0.2643229166666667 0.2138671875 0.18489583333333334
6 0.58935546875 0.3860677083333333 0.0537109375 0.024739583333333332
2 0.6630859375 0.439453125 0.201171875 0.06901041666666667
7 0.62744140625 0.498046875 0.0791015625 0.024739583333333332
7 0.615234375 0.5397135416666666 0.080078125 0.024739583333333332
6 0.67333984375 0.5540364583333334 0.1962890625 0.05078125
7 0.6240234375 0.591796875 0.09765625 0.014322916666666666
6 0.6748046875 0.5924479166666666 0.19921875 0.013020833333333334
4 0.89697265625 0.2643229166666667 0.2060546875 0.18489583333333334
6 0.8125 0.3860677083333333 0.037109375 0.024739583333333332
2 0.89697265625 0.45703125 0.2060546875 0.10416666666666667
7 0.8466796875 0.5305989583333334 0.080078125 0.024739583333333332
6 0.9033203125 0.5592447916666666 0.193359375 0.07942708333333333
7 0.30859375 0.6712239583333334 0.482421875 0.01953125
2 0.08935546875 0.7662760416666666 0.1787109375 0.03515625
4 0.08935546875 0.8984375 0.1787109375 0.203125
0 0.08935546875 0.8984375 0.1787109375 0.203125
2 0.37109375 0.7838541666666666 0.26953125 0.0703125
4 0.37109375 0.916015625 0.26953125 0.16796875
0 0.37109375 0.916015625 0.26953125 0.16796875
4 0.59521484375 0.634765625 0.0908203125 0.029947916666666668
4 0.59521484375 0.6725260416666666 0.0908203125 0.029947916666666668
4 0.59521484375 0.7102864583333334 0.0908203125 0.029947916666666668
4 0.59521484375 0.748046875 0.0908203125 0.029947916666666668
4 0.59521484375 0.7858072916666666 0.0908203125 0.029947916666666668
2 0.59423828125 0.8268229166666666 0.0888671875 0.0234375
2 0.57080078125 0.869140625 0.0419921875 0.01953125
0 0.57763671875 0.8697916666666666 0.0556640625 0.020833333333333332
6 0.630859375 0.869140625 0.025390625 0.01953125
0 0.57763671875 0.90625 0.0556640625 0.020833333333333332
6 0.630859375 0.9055989583333334 0.025390625 0.01953125
2 0.564453125 0.9420572916666666 0.029296875 0.01953125
0 0.57763671875 0.9427083333333334 0.0556640625 0.020833333333333332
6 0.630859375 0.9420572916666666 0.025390625 0.01953125
0 0.57763671875 0.9791666666666666 0.0556640625 0.020833333333333332
6 0.630859375 0.978515625 0.025390625 0.01953125
7 0.70703125 0.6432291666666666 0.095703125 0.036458333333333336
7 0.80224609375 0.6432291666666666 0.0966796875 0.036458333333333336
7 0.89794921875 0.6432291666666666 0.0966796875 0.036458333333333336
7 0.97265625 0.6432291666666666 0.0546875 0.036458333333333336
4 0.830078125 0.8313802083333334 0.33984375 0.3372395833333333
0 0.830078125 0.8313802083333334 0.33984375 0.3372395833333333