0 0.02392578125 0.011067708333333334 0.0478515625 0.022135416666666668
0 0.080078125 0.011067708333333334 0.064453125 0.022135416666666668
0 0.14501953125 0.011067708333333334 0.0654296875 0.022135416666666668
0 0.20703125 0.011067708333333334 0.05859375 0.022135416666666668
0 0.26904296875 0.011067708333333334 0.0654296875 0.022135416666666668
4 0.224609375 0.185546875 0.44921875 0.3268229166666667
0 0.224609375 0.185546875 0.44921875 0.3268229166666667
4 0.548828125 0.14518229166666666 0.19921875 0.2903645833333333
4 0.552734375 0.150390625 0.20703125 0.30078125
4 0.55517578125 0.15364583333333334 0.2119140625 0.3072916666666667
4 0.55712890625 0.15625 0.2158203125 0.3125
4 0.55859375 0.158203125 0.21875 0.31640625
4 0.5595703125 0.15950520833333334 0.220703125 0.3190104166666667
4 0.560546875 0.16080729166666666 0.22265625 0.3216145833333333
4 0.56103515625 0.16145833333333334 0.2236328125 0.3229166666666667
4 0.5615234375 0.162109375 0.224609375 0.32421875
4 0.56201171875 0.16276041666666666 0.2255859375 0.3255208333333333
3 0.28564453125 0.6614583333333334 0.3271484375 0.6197916666666666
7 0.04638671875 0.4947916666666667 0.0927734375 0.234375
7 0.04638671875 0.802734375 0.0927734375 0.2643229166666667
7 0.04638671875 0.9817708333333334 0.0927734375 0.0234375
4 0.50146484375 0.4140625 0.0107421875 0.10416666666666667
3 0.75634765625 0.4166666666666667 0.4873046875 0.1171875
6 0.48193359375 0.5104166666666666 0.0654296875 0.020833333333333332
4 0.52587890625 0.58203125 0.1533203125 0.041666666666666664
0 0.52587890625 0.58203125 0.1533203125 0.041666666666666664