4 0.23974609375 0.20442708333333334 0.4794921875 0.4088541666666667
0 0.23974609375 0.20442708333333334 0.4794921875 0.4088541666666667
4 0.4443359375 0.2740885416666667 0.05859375 0.07942708333333333
7 0.68359375 0.24674479166666666 0.408203125 0.01953125
6 0.90625 0.24674479166666666 0.033203125 0.01953125
2 0.58544921875 0.359375 0.2119140625 0.0703125
3 0.8681640625 0.353515625 0.263671875 0.11067708333333333
0 0.10595703125 0.6256510416666666 0.2119140625 0.3346354166666667
2 0.05908203125 0.7376302083333334 0.1181640625 0.061197916666666664
0 0.345703125 0.6256510416666666 0.267578125 0.3346354166666667
6 0.2578125 0.697265625 0.033203125 0.01953125
7 0.31005859375 0.6985677083333334 0.0478515625 0.016927083333333332
2 0.3603515625 0.7376302083333334 0.23828125 0.061197916666666664
7 0.17138671875 0.7747395833333334 0.0068359375 0.018229166666666668
7 0.18017578125 0.7747395833333334 0.0107421875 0.018229166666666668
7 0.1923828125 0.7747395833333334 0.013671875 0.018229166666666668
4 0.19482421875 0.6256510416666666 0.0224609375 0.053385416666666664
0 0.19482421875 0.6256510416666666 0.0439453125 0.10546875
2 0.09912109375 0.9186197916666666 0.1982421875 0.024739583333333332
0 0.10400390625 0.978515625 0.2080078125 0.04296875
7 0.349609375 0.88671875 0.18359375 0.0390625
7 0.3876953125 0.9453125 0.18359375 0.020833333333333332
7 0.4072265625 0.9713541666666666 0.14453125 0.020833333333333332
6 0.576171875 0.443359375 0.193359375 0.022135416666666668
7 0.77197265625 0.443359375 0.2021484375 0.022135416666666668
6 0.9365234375 0.443359375 0.126953125 0.022135416666666668
7 0.73974609375 0.634765625 0.5205078125 0.12109375
6 0.4912109375 0.7220052083333334 0.0234375 0.022135416666666668
7 0.50341796875 0.7591145833333334 0.0478515625 0.020833333333333332
6 0.6064453125 0.7591145833333334 0.16015625 0.020833333333333332
7 0.79736328125 0.7591145833333334 0.2216796875 0.020833333333333332
6 0.953125 0.7591145833333334 0.09375 0.020833333333333332
7 0.63134765625 0.8723958333333334 0.3037109375 0.020833333333333332
1 0.90576171875 0.8736979166666666 0.1884765625 0.049479166666666664
7 0.73974609375 0.9602864583333334 0.5205078125 0.07942708333333333