4 0.22998046875 0.08333333333333333 0.4599609375 0.16666666666666666
7 0.3056640625 0.212890625 0.193359375 0.02734375
0 0.28857421875 0.21354166666666666 0.3212890625 0.0546875
6 0.17724609375 0.3893229166666667 0.1591796875 0.041666666666666664
7 0.27880859375 0.4934895833333333 0.3623046875 0.07291666666666667
2 0.58837890625 0.12174479166666667 0.2568359375 0.03515625
4 0.58837890625 0.3411458333333333 0.2568359375 0.3776041666666667
0 0.58837890625 0.3411458333333333 0.2568359375 0.3776041666666667
2 0.88720703125 0.12174479166666667 0.2255859375 0.03515625
4 0.89794921875 0.30859375 0.2041015625 0.3125
0 0.88720703125 0.30859375 0.2255859375 0.3125
7 0.7822265625 0.484375 0.015625 0.018229166666666668
7 0.806640625 0.4876302083333333 0.03515625 0.029947916666666668
7 0.83056640625 0.484375 0.0146484375 0.018229166666666668
7 0.88720703125 0.5201822916666666 0.2255859375 0.01953125
4 0.22998046875 0.6471354166666666 0.4599609375 0.234375
7 0.13525390625 0.61328125 0.2705078125 0.0625
0 0.1435546875 0.61328125 0.287109375 0.06510416666666667
7 0.09423828125 0.6920572916666666 0.1884765625 0.022135416666666668
0 0.09423828125 0.6927083333333334 0.1884765625 0.0234375
2 0.21826171875 0.8248697916666666 0.4365234375 0.048177083333333336
4 0.05517578125 0.943359375 0.1103515625 0.11328125
0 0.05517578125 0.943359375 0.1103515625 0.11328125
2 0.171875 0.9205729166666666 0.091796875 0.0234375
7 0.2734375 0.9713541666666666 0.294921875 0.057291666666666664
4 0.4541015625 0.8899739583333334 0.00390625 0.006510416666666667
0 0.4541015625 0.8899739583333334 0.00390625 0.006510416666666667
4 0.6611328125 0.7115885416666666 0.40234375 0.3502604166666667
2 0.65625 0.8541666666666666 0.392578125 0.028645833333333332
0 0.80126953125 0.9251302083333334 0.1025390625 0.03515625
0 0.79345703125 0.9694010416666666 0.1201171875 0.055989583333333336
7 0.65625 0.939453125 0.392578125 0.06380208333333333
2 0.947265625 0.5481770833333334 0.10546875 0.020833333333333332
0 0.91015625 0.5859375 0.03125 0.041666666666666664
0 0.9462890625 0.5859375 0.03125 0.041666666666666664
0 0.982421875 0.5859375 0.03125 0.041666666666666664
3 0.947265625 0.8151041666666666 0.10546875 0.3697916666666667