4 0.169921875 0.2506510416666667 0.33984375 0.5013020833333334
7 0.1044921875 0.5475260416666666 0.193359375 0.02734375
0 0.1240234375 0.5481770833333334 0.248046875 0.0546875
0 0.47705078125 0.021484375 0.2744140625 0.04296875
1 0.95654296875 0.021484375 0.0869140625 0.04296875
0 0.4111328125 0.10807291666666667 0.142578125 0.07291666666666667
0 0.5419921875 0.10807291666666667 0.119140625 0.07291666666666667
0 0.73046875 0.10807291666666667 0.2578125 0.07291666666666667
4 0.5927734375 0.4016927083333333 0.505859375 0.5143229166666666
2 0.390625 0.61328125 0.1015625 0.036458333333333336
7 0.51611328125 0.6484375 0.3525390625 0.020833333333333332
7 0.7333984375 0.6484375 0.083984375 0.020833333333333332
7 0.78076171875 0.6484375 0.0126953125 0.020833333333333332
2 0.93212890625 0.19921875 0.1357421875 0.03125
7 0.92236328125 0.25390625 0.1552734375 0.046875
7 0.9189453125 0.322265625 0.0625 0.022135416666666668
0 0.92236328125 0.322265625 0.1162109375 0.05859375
2 0.93212890625 0.4453125 0.1357421875 0.03125
7 0.93212890625 0.490234375 0.1357421875 0.02734375
7 0.169921875 0.7200520833333334 0.33984375 0.08333333333333333
2 0.169921875 0.8776041666666666 0.33984375 0.0234375
4 0.07958984375 0.9739583333333334 0.0634765625 0.052083333333333336
0 0.142578125 0.9739583333333334 0.189453125 0.052083333333333336
7 0.14501953125 0.966796875 0.0380859375 0.037760416666666664
5 0.181640625 0.9934895833333334 0.111328125 0.013020833333333334
4 0.32177734375 0.9739583333333334 0.0361328125 0.052083333333333336
7 0.76318359375 0.6875 0.1396484375 0.0390625
0 0.76318359375 0.6881510416666666 0.1416015625 0.04296875
7 0.7236328125 0.73046875 0.083984375 0.015625
6 0.80517578125 0.73046875 0.0751953125 0.015625
4 0.87255859375 0.6809895833333334 0.2548828125 0.044270833333333336
0 0.87255859375 0.6809895833333334 0.2548828125 0.044270833333333336
0 0.40185546875 0.6770833333333334 0.1162109375 0.033854166666666664
0 0.51220703125 0.6770833333333334 0.1005859375 0.033854166666666664
0 0.6357421875 0.6770833333333334 0.142578125 0.033854166666666664
0 0.38037109375 0.734375 0.0732421875 0.033854166666666664
0 0.4443359375 0.734375 0.05078125 0.033854166666666664
0 0.5302734375 0.734375 0.1171875 0.033854166666666664
0 0.63427734375 0.734375 0.0869140625 0.033854166666666664
0 0.70068359375 0.734375 0.0419921875 0.033854166666666664
0 0.3759765625 0.7916666666666666 0.064453125 0.033854166666666664
0 0.4638671875 0.7916666666666666 0.107421875 0.033854166666666664
0 0.5791015625 0.7916666666666666 0.119140625 0.033854166666666664
0 0.40673828125 0.8489583333333334 0.1259765625 0.033854166666666664
0 0.5 0.8489583333333334 0.056640625 0.033854166666666664
0 0.58837890625 0.8489583333333334 0.1162109375 0.033854166666666664
7 0.6279296875 0.7337239583333334 0.576171875 0.01953125