7 0.05859375 0.026041666666666668 0.1171875 0.0234375
0 0.083984375 0.026041666666666668 0.16796875 0.052083333333333336
7 0.05859375 0.078125 0.1171875 0.0234375
0 0.083984375 0.078125 0.16796875 0.052083333333333336
7 0.05859375 0.13020833333333334 0.1171875 0.0234375
0 0.083984375 0.13020833333333334 0.16796875 0.052083333333333336
7 0.05859375 0.18229166666666666 0.1171875 0.0234375
0 0.083984375 0.18229166666666666 0.16796875 0.052083333333333336
7 0.05859375 0.234375 0.1171875 0.0234375
0 0.083984375 0.234375 0.16796875 0.052083333333333336
7 0.05859375 0.2864583333333333 0.1171875 0.0234375
0 0.083984375 0.2864583333333333 0.16796875 0.052083333333333336
7 0.05859375 0.3385416666666667 0.1171875 0.0234375
0 0.083984375 0.3385416666666667 0.16796875 0.052083333333333336
7 0.05859375 0.390625 0.1171875 0.0234375
0 0.083984375 0.390625 0.16796875 0.052083333333333336
0 0.083984375 0.427734375 0.16796875 0.022135416666666668
0 0.27783203125 0.029296875 0.0634765625 0.022135416666666668
0 0.27783203125 0.083984375 0.0634765625 0.022135416666666668
0 0.27783203125 0.138671875 0.0634765625 0.022135416666666668
0 0.27783203125 0.193359375 0.0634765625 0.022135416666666668
0 0.27783203125 0.248046875 0.0634765625 0.022135416666666668
0 0.27783203125 0.302734375 0.0634765625 0.022135416666666668
0 0.27783203125 0.357421875 0.0634765625 0.022135416666666668
0 0.27783203125 0.412109375 0.0634765625 0.022135416666666668
3 0.15478515625 0.41015625 0.3095703125 0.057291666666666664
4 0.79248046875 0.13802083333333334 0.0947265625 0.125
7 0.79296875 0.2421875 0.404296875 0.036458333333333336
7 0.7880859375 0.3333333333333333 0.39453125 0.07291666666666667
0 0.86279296875 0.3606770833333333 0.1025390625 0.03125
0 0.68798828125 0.4303385416666667 0.1943359375 0.016927083333333332
0 0.8974609375 0.4303385416666667 0.1953125 0.016927083333333332
4 0.3544921875 0.310546875 0.025390625 0.048177083333333336
2 0.427734375 0.3704427083333333 0.171875 0.032552083333333336
7 0.50341796875 0.40625 0.3232421875 0.026041666666666668
4 0.830078125 0.310546875 0.025390625 0.048177083333333336
2 0.90869140625 0.3704427083333333 0.1826171875 0.032552083333333336
7 0.90869140625 0.40625 0.1826171875 0.026041666666666668
6 0.17333984375 0.4446614583333333 0.0869140625 0.01171875
6 0.2744140625 0.4446614583333333 0.0703125 0.01171875
4 0.15478515625 0.6555989583333334 0.3095703125 0.3033854166666667
2 0.15478515625 0.9186197916666666 0.3095703125 0.16276041666666666
0 0.15478515625 0.9186197916666666 0.3095703125 0.16276041666666666
7 0.3271484375 0.4466145833333333 0.03125 0.015625
7 0.32177734375 0.5 0.0244140625 0.06510416666666667
1 0.55810546875 0.4459635416666667 0.1806640625 0.014322916666666666
1 0.6669921875 0.4420572916666667 0.015625 0.006510416666666667
4 0.75634765625 0.4420572916666667 0.0087890625 0.006510416666666667
0 0.75634765625 0.4505208333333333 0.0419921875 0.0234375
4 0.796875 0.4420572916666667 0.017578125 0.006510416666666667
0 0.79736328125 0.4505208333333333 0.0419921875 0.0234375
4 0.837890625 0.4420572916666667 0.015625 0.006510416666666667
0 0.837890625 0.4505208333333333 0.041015625 0.0234375
4 0.87890625 0.4420572916666667 0.013671875 0.006510416666666667
0 0.87939453125 0.4505208333333333 0.0419921875 0.0234375
4 0.919921875 0.4420572916666667 0.015625 0.006510416666666667
0 0.92041015625 0.4505208333333333 0.0419921875 0.0234375
7 0.7763671875 0.4993489583333333 0.04296875 0.01953125
4 0.3583984375 0.5032552083333334 0.09765625 0.037760416666666664
7 0.4365234375 0.5032552083333334 0.029296875 0.040364583333333336
0 0.4716796875 0.5032552083333334 0.12890625 0.07161458333333333
7 0.4912109375 0.5032552083333334 0.060546875 0.040364583333333336
3 0.65478515625 0.7252604166666666 0.6904296875 0.3255208333333333
2 0.326171875 0.9303385416666666 0.033203125 0.024739583333333332
2 0.384765625 0.9303385416666666 0.083984375 0.024739583333333332
4 0.3994140625 0.9817708333333334 0.1796875 0.036458333333333336
0 0.4091796875 0.9817708333333334 0.19921875 0.036458333333333336
6 0.95751953125 0.9895833333333334 0.0849609375 0.020833333333333332
4 0.732421875 0.7194010416666666 0.53515625 0.5611979166666666
0 0.732421875 0.7194010416666666 0.53515625 0.5611979166666666