3 0.16455078125 0.052734375 0.3291015625 0.10546875
1 0.0751953125 0.17317708333333334 0.150390625 0.052083333333333336
7 0.2265625 0.17317708333333334 0.103515625 0.0234375
4 0.3095703125 0.17057291666666666 0.0234375 0.03125
7 0.15087890625 0.3326822916666667 0.0361328125 0.01953125
7 0.24755859375 0.3326822916666667 0.0341796875 0.01953125
4 0.3583984375 0.004557291666666667 0.0234375 0.009114583333333334
0 0.361328125 0.026692708333333332 0.064453125 0.053385416666666664
7 0.3583984375 0.026041666666666668 0.029296875 0.018229166666666668
4 0.3583984375 0.08984375 0.0234375 0.03125
0 0.361328125 0.1015625 0.064453125 0.09635416666666667
7 0.3583984375 0.12239583333333333 0.03125 0.018229166666666668
7 0.48583984375 0.052083333333333336 0.1298828125 0.03125
4 0.55908203125 0.1953125 0.2841796875 0.21354166666666666
0 0.55908203125 0.1953125 0.2841796875 0.21354166666666666
7 0.6767578125 0.2858072916666667 0.033203125 0.016927083333333332
4 0.4345703125 0.3430989583333333 0.03515625 0.048177083333333336
0 0.4345703125 0.3430989583333333 0.03515625 0.048177083333333336
2 0.57080078125 0.345703125 0.2138671875 0.053385416666666664
0 0.57080078125 0.345703125 0.2138671875 0.053385416666666664
4 0.85791015625 0.1953125 0.2841796875 0.21354166666666666
0 0.85791015625 0.1953125 0.2841796875 0.21354166666666666
7 0.97607421875 0.2858072916666667 0.0341796875 0.016927083333333332
4 0.73388671875 0.3430989583333333 0.0361328125 0.048177083333333336
0 0.73388671875 0.3430989583333333 0.0361328125 0.048177083333333336
2 0.8701171875 0.345703125 0.21484375 0.053385416666666664
0 0.8701171875 0.345703125 0.21484375 0.053385416666666664
4 0.2529296875 0.3860677083333333 0.015625 0.014322916666666666
4 0.2841796875 0.3860677083333333 0.015625 0.014322916666666666
4 0.314453125 0.3860677083333333 0.015625 0.014322916666666666
0 0.06689453125 0.3971354166666667 0.1240234375 0.036458333333333336
7 0.1591796875 0.3860677083333333 0.0390625 0.014322916666666666
0 0.1640625 0.3971354166666667 0.072265625 0.036458333333333336
4 0.1845703125 0.3834635416666667 0.0078125 0.009114583333333334
6 0.10400390625 0.5032552083333334 0.2080078125 0.10546875
0 0.29296875 0.5032552083333334 0.072265625 0.08203125
3 0.16455078125 0.68359375 0.3291015625 0.1171875
2 0.02783203125 0.826171875 0.0556640625 0.037760416666666664
4 0.296875 0.9322916666666666 0.064453125 0.13541666666666666
0 0.296875 0.9322916666666666 0.064453125 0.13541666666666666
2 0.49951171875 0.4205729166666667 0.3408203125 0.08333333333333333
7 0.49951171875 0.4993489583333333 0.3408203125 0.03515625
0 0.41357421875 0.5774739583333334 0.1689453125 0.061197916666666664
4 0.3857421875 0.6666666666666666 0.017578125 0.026041666666666668
0 0.4296875 0.666015625 0.13671875 0.055989583333333336
7 0.44189453125 0.666015625 0.0810546875 0.029947916666666668
4 0.8349609375 0.5579427083333334 0.330078125 0.3580729166666667
4 0.66455078125 0.794921875 0.6708984375 0.024739583333333332
2 0.638671875 0.923828125 0.619140625 0.048177083333333336
2 0.9775390625 0.923828125 0.044921875 0.048177083333333336
2 0.3642578125 0.9759114583333334 0.0703125 0.048177083333333336
2 0.43359375 0.9759114583333334 0.0703125 0.048177083333333336
2 0.541015625 0.9759114583333334 0.130859375 0.048177083333333336
2 0.806640625 0.9759114583333334 0.38671875 0.048177083333333336