1 0.2001953125 0.037109375 0.138671875 0.06380208333333333
1 0.2001953125 0.099609375 0.138671875 0.06380208333333333
1 0.2001953125 0.16276041666666666 0.138671875 0.06510416666666667
1 0.2001953125 0.23177083333333334 0.138671875 0.049479166666666664
6 0.25146484375 0.2766927083333333 0.0361328125 0.016927083333333332
7 0.21044921875 0.3053385416666667 0.1181640625 0.016927083333333332
6 0.2353515625 0.3131510416666667 0.068359375 0.032552083333333336
7 0.2529296875 0.3209635416666667 0.033203125 0.016927083333333332
4 0.20166015625 0.4557291666666667 0.1357421875 0.059895833333333336
4 0.634765625 0.271484375 0.73046875 0.53515625
7 0.28759765625 0.08138020833333333 0.0361328125 0.024739583333333332
2 0.41064453125 0.18359375 0.2822265625 0.08854166666666667
7 0.41064453125 0.3046875 0.2822265625 0.13020833333333334
7 0.34130859375 0.4055989583333333 0.1435546875 0.029947916666666668
7 0.09765625 0.9303385416666666 0.1953125 0.024739583333333332
2 0.134765625 0.6080729166666666 0.26953125 0.08333333333333333
2 0.134765625 0.6901041666666666 0.26953125 0.08333333333333333
7 0.134765625 0.76953125 0.26953125 0.4609375
3 0.634765625 0.6009114583333334 0.73046875 0.12369791666666667
2 0.634765625 0.7805989583333334 0.73046875 0.08463541666666667
4 0.35986328125 0.9225260416666666 0.1806640625 0.15494791666666666
4 0.57470703125 0.9225260416666666 0.2138671875 0.15494791666666666
4 0.80615234375 0.9225260416666666 0.2138671875 0.15494791666666666
0 0.80615234375 0.990234375 0.2138671875 0.01953125
4 0.96533203125 0.9225260416666666 0.0693359375 0.15494791666666666