4 0.03857421875 0.07682291666666667 0.0771484375 0.15364583333333334
0 0.03857421875 0.07682291666666667 0.0771484375 0.15364583333333334
4 0.3681640625 0.07682291666666667 0.54296875 0.15364583333333334
0 0.3681640625 0.07682291666666667 0.54296875 0.15364583333333334
0 0.3671875 0.18098958333333334 0.0078125 0.010416666666666666
0 0.384765625 0.18098958333333334 0.0078125 0.010416666666666666
0 0.40234375 0.18098958333333334 0.0078125 0.010416666666666666
0 0.419921875 0.18098958333333334 0.0078125 0.010416666666666666
0 0.4375 0.18098958333333334 0.0078125 0.010416666666666666
0 0.455078125 0.18098958333333334 0.0078125 0.010416666666666666
0 0.47265625 0.18098958333333334 0.0078125 0.010416666666666666
0 0.490234375 0.18098958333333334 0.0078125 0.010416666666666666
2 0.2802734375 0.2623697916666667 0.560546875 0.032552083333333336
4 0.03369140625 0.35546875 0.0673828125 0.13020833333333334
0 0.0478515625 0.3997395833333333 0.095703125 0.21875
2 0.04296875 0.4518229166666667 0.0859375 0.03125
6 0.00927734375 0.4791666666666667 0.0185546875 0.015625
6 0.08203125 0.4791666666666667 0.119140625 0.015625
6 0.17333984375 0.4791666666666667 0.0576171875 0.015625
7 0.04296875 0.5032552083333334 0.0859375 0.01171875
4 0.17333984375 0.35546875 0.0986328125 0.13020833333333334
0 0.1728515625 0.3997395833333333 0.15625 0.21875
2 0.1728515625 0.4518229166666667 0.13671875 0.03125
7 0.1728515625 0.4850260416666667 0.13671875 0.022135416666666668
4 0.32763671875 0.35546875 0.0986328125 0.13020833333333334
0 0.328125 0.3997395833333333 0.15625 0.21875
2 0.328125 0.4518229166666667 0.13671875 0.03125
6 0.3193359375 0.4791666666666667 0.119140625 0.015625
7 0.328125 0.5032552083333334 0.13671875 0.01171875
4 0.48291015625 0.35546875 0.0986328125 0.13020833333333334
0 0.48291015625 0.3997395833333333 0.1552734375 0.21875
2 0.48291015625 0.4518229166666667 0.1357421875 0.03125
6 0.44970703125 0.4791666666666667 0.0693359375 0.015625
7 0.48291015625 0.5032552083333334 0.1357421875 0.01171875
4 0.81982421875 0.22135416666666666 0.3603515625 0.4427083333333333
6 0.69775390625 0.4713541666666667 0.1162109375 0.018229166666666668
6 0.81982421875 0.5013020833333334 0.3603515625 0.015625
7 0.03369140625 0.62890625 0.0673828125 0.020833333333333332
2 0.0458984375 0.6822916666666666 0.091796875 0.028645833333333332
3 0.0458984375 0.8658854166666666 0.091796875 0.2604166666666667
7 0.18017578125 0.5299479166666666 0.1572265625 0.020833333333333332
7 0.3671875 0.5299479166666666 0.21875 0.020833333333333332
7 0.13916015625 0.5598958333333334 0.0751953125 0.020833333333333332
1 0.28564453125 0.5598958333333334 0.2177734375 0.033854166666666664
7 0.119140625 0.6028645833333334 0.015625 0.020833333333333332
2 0.38818359375 0.6588541666666666 0.5029296875 0.0859375
2 0.38818359375 0.7447916666666666 0.5029296875 0.0859375
7 0.1171875 0.8294270833333334 0.01171875 0.020833333333333332
7 0.18798828125 0.8567708333333334 0.1025390625 0.015625
6 0.25732421875 0.8567708333333334 0.0380859375 0.015625
7 0.1171875 0.9153645833333334 0.01171875 0.020833333333333332
7 0.15478515625 0.94921875 0.0361328125 0.020833333333333332
0 0.373046875 0.9498697916666666 0.39453125 0.022135416666666668
3 0.81982421875 0.7545572916666666 0.3603515625 0.4908854166666667
2 0.71533203125 0.517578125 0.1513671875 0.016927083333333332
2 0.81982421875 0.59765625 0.3603515625 0.041666666666666664
2 0.705078125 0.701171875 0.130859375 0.12109375
0 0.70654296875 0.7018229166666666 0.1337890625 0.125
7 0.6474609375 0.7923177083333334 0.005859375 0.01953125
7 0.705078125 0.8053385416666666 0.130859375 0.045572916666666664
2 0.90283203125 0.701171875 0.1943359375 0.12109375
0 0.90283203125 0.7018229166666666 0.1943359375 0.125
7 0.83837890625 0.7923177083333334 0.0654296875 0.01953125
7 0.8818359375 0.7923177083333334 0.005859375 0.01953125
7 0.90283203125 0.8053385416666666 0.1943359375 0.045572916666666664