4 0.2646484375 0.2506510416666667 0.529296875 0.5013020833333334
4 0.92919921875 0.005208333333333333 0.0166015625 0.010416666666666666
0 0.96044921875 0.00390625 0.0791015625 0.0078125
7 0.97216796875 0.004557291666666667 0.0556640625 0.009114583333333334
2 0.7861328125 0.20182291666666666 0.3515625 0.0390625
7 0.7861328125 0.2630208333333333 0.3515625 0.036458333333333336
1 0.7861328125 0.3072916666666667 0.3515625 0.052083333333333336
0 0.7861328125 0.3893229166666667 0.3515625 0.046875
0 0.7861328125 0.4583333333333333 0.095703125 0.026041666666666668
7 0.7861328125 0.5169270833333334 0.041015625 0.026041666666666668
1 0.45556640625 0.5462239583333334 0.1474609375 0.032552083333333336
0 0.05126953125 0.6178385416666666 0.1005859375 0.061197916666666664
0 0.15625 0.6178385416666666 0.109375 0.061197916666666664
0 0.267578125 0.6178385416666666 0.11328125 0.061197916666666664
0 0.384765625 0.6178385416666666 0.12109375 0.061197916666666664
0 0.4833984375 0.6178385416666666 0.076171875 0.061197916666666664
2 0.2646484375 0.8352864583333334 0.529296875 0.06380208333333333
1 0.2646484375 0.9446614583333334 0.529296875 0.07421875
5 0.5849609375 0.5690104166666666 0.111328125 0.026041666666666668
2 0.7646484375 0.7057291666666666 0.470703125 0.041666666666666664
4 0.60107421875 0.8645833333333334 0.1435546875 0.234375
4 0.78125 0.8645833333333334 0.185546875 0.234375
4 0.94482421875 0.8645833333333334 0.1103515625 0.234375