3 0.2626953125 0.049479166666666664 0.43359375 0.09895833333333333
4 0.23974609375 0.29296875 0.4794921875 0.3333333333333333
0 0.23974609375 0.29296875 0.4794921875 0.3333333333333333
4 0.64013671875 0.010416666666666666 0.0400390625 0.020833333333333332
7 0.833984375 0.00390625 0.33203125 0.0078125
4 0.90087890625 0.2109375 0.0673828125 0.08854166666666667
2 0.8359375 0.3515625 0.328125 0.15625
7 0.2197265625 0.482421875 0.439453125 0.029947916666666668
6 0.458984375 0.4856770833333333 0.041015625 0.020833333333333332
7 0.17578125 0.5358072916666666 0.3515625 0.022135416666666668
6 0.36767578125 0.5358072916666666 0.0322265625 0.022135416666666668
7 0.4306640625 0.5358072916666666 0.09765625 0.022135416666666668
4 0.04541015625 0.6985677083333334 0.0908203125 0.2669270833333333
0 0.04541015625 0.6985677083333334 0.0908203125 0.2669270833333333
7 0.04541015625 0.8079427083333334 0.0908203125 0.048177083333333336
4 0.04541015625 0.9153645833333334 0.0908203125 0.16927083333333334
0 0.04541015625 0.9153645833333334 0.0908203125 0.16927083333333334
4 0.28466796875 0.7825520833333334 0.3896484375 0.4348958333333333
0 0.28466796875 0.7825520833333334 0.3896484375 0.4348958333333333
7 0.4990234375 0.4635416666666667 0.0390625 0.0078125
7 0.53125 0.4635416666666667 0.025390625 0.0078125
7 0.52099609375 0.4778645833333333 0.0830078125 0.036458333333333336
7 0.513671875 0.49609375 0.068359375 0.028645833333333332
7 0.51611328125 0.517578125 0.0732421875 0.04296875
7 0.49072265625 0.5319010416666666 0.0224609375 0.014322916666666666
6 0.70166015625 0.466796875 0.1533203125 0.014322916666666666
6 0.72900390625 0.5677083333333334 0.0341796875 0.015625
6 0.80419921875 0.5677083333333334 0.0927734375 0.015625
6 0.896484375 0.5677083333333334 0.06640625 0.015625
6 0.966796875 0.5677083333333334 0.05078125 0.015625