7 0.24462890625 0.0078125 0.4892578125 0.015625
7 0.24462890625 0.046223958333333336 0.4892578125 0.022135416666666668
7 0.24462890625 0.087890625 0.4892578125 0.022135416666666668
7 0.24462890625 0.22135416666666666 0.4892578125 0.041666666666666664
4 0.12841796875 0.3463541666666667 0.1962890625 0.15625
6 0.12744140625 0.4479166666666667 0.1259765625 0.0234375
4 0.3603515625 0.3470052083333333 0.1953125 0.15755208333333334
6 0.35888671875 0.44921875 0.1005859375 0.0234375
6 0.65283203125 0.0032552083333333335 0.0712890625 0.006510416666666667
7 0.66455078125 0.017578125 0.3505859375 0.03515625
0 0.93017578125 0.111328125 0.1396484375 0.029947916666666668
7 0.52392578125 0.16471354166666666 0.0185546875 0.029947916666666668
0 0.52392578125 0.16471354166666666 0.0380859375 0.045572916666666664
7 0.57568359375 0.16471354166666666 0.0302734375 0.029947916666666668
0 0.57568359375 0.16471354166666666 0.0498046875 0.045572916666666664
7 0.64306640625 0.16471354166666666 0.0498046875 0.029947916666666668
0 0.64306640625 0.16471354166666666 0.0693359375 0.045572916666666664
7 0.7158203125 0.16471354166666666 0.041015625 0.029947916666666668
0 0.7158203125 0.16471354166666666 0.060546875 0.045572916666666664
7 0.79541015625 0.16471354166666666 0.0634765625 0.029947916666666668
0 0.79541015625 0.16471354166666666 0.0830078125 0.045572916666666664
7 0.88720703125 0.16471354166666666 0.0654296875 0.029947916666666668
0 0.88720703125 0.16471354166666666 0.0849609375 0.045572916666666664
7 0.9736328125 0.16471354166666666 0.052734375 0.029947916666666668
0 0.96875 0.16471354166666666 0.0625 0.045572916666666664
2 0.74462890625 0.4889322916666667 0.5107421875 0.07421875
0 0.03955078125 0.5846354166666666 0.0791015625 0.0234375
0 0.03955078125 0.6067708333333334 0.0791015625 0.0234375
0 0.03955078125 0.62890625 0.0791015625 0.0234375
0 0.03955078125 0.6510416666666666 0.0791015625 0.0234375
0 0.03955078125 0.6731770833333334 0.0791015625 0.0234375
0 0.03955078125 0.6953125 0.0791015625 0.0234375
0 0.03955078125 0.7174479166666666 0.0791015625 0.0234375
0 0.03955078125 0.7395833333333334 0.0791015625 0.0234375
0 0.03955078125 0.76171875 0.0791015625 0.0234375
0 0.03955078125 0.7838541666666666 0.0791015625 0.0234375
0 0.03955078125 0.8059895833333334 0.0791015625 0.0234375
0 0.03955078125 0.828125 0.0791015625 0.0234375
0 0.03955078125 0.8489583333333334 0.0791015625 0.020833333333333332
0 0.03955078125 0.8684895833333334 0.0791015625 0.020833333333333332
2 0.29052734375 0.6041666666666666 0.3974609375 0.059895833333333336
2 0.29052734375 0.6354166666666666 0.3974609375 0.059895833333333336
4 0.3408203125 0.71484375 0.064453125 0.08333333333333333
2 0.29052734375 0.79296875 0.3974609375 0.020833333333333332
7 0.19140625 0.8294270833333334 0.19921875 0.020833333333333332
6 0.30859375 0.8294270833333334 0.03515625 0.020833333333333332
7 0.33984375 0.8294270833333334 0.029296875 0.020833333333333332
6 0.37158203125 0.8294270833333334 0.0380859375 0.020833333333333332
7 0.29052734375 0.8391927083333334 0.3974609375 0.040364583333333336
2 0.29052734375 0.8919270833333334 0.3974609375 0.020833333333333332
7 0.2529296875 0.9270833333333334 0.322265625 0.020833333333333332
7 0.45166015625 0.9270833333333334 0.0751953125 0.020833333333333332
7 0.12060546875 0.9466145833333334 0.0576171875 0.020833333333333332
7 0.15185546875 0.9466145833333334 0.0048828125 0.020833333333333332
4 0.3408203125 0.9778645833333334 0.064453125 0.044270833333333336
2 0.720703125 0.5787760416666666 0.462890625 0.07942708333333333
2 0.720703125 0.6555989583333334 0.462890625 0.037760416666666664
4 0.6875 0.8756510416666666 0.3046875 0.24869791666666666
4 0.6875 0.8756510416666666 0.3046875 0.24869791666666666
4 0.9296875 0.8756510416666666 0.140625 0.24869791666666666
4 0.9296875 0.8756510416666666 0.140625 0.24869791666666666