7 0.32177734375 0.043619791666666664 0.5556640625 0.022135416666666668
7 0.322265625 0.08528645833333333 0.578125 0.022135416666666668
7 0.32275390625 0.126953125 0.5673828125 0.022135416666666668
7 0.3095703125 0.2604166666666667 0.619140625 0.041666666666666664
4 0.03662109375 0.3860677083333333 0.0732421875 0.15755208333333334
6 0.0146484375 0.48828125 0.029296875 0.0234375
4 0.20751953125 0.3854166666666667 0.1962890625 0.15625
6 0.20654296875 0.4869791666666667 0.1259765625 0.0234375
4 0.439453125 0.3860677083333333 0.1953125 0.15755208333333334
6 0.43798828125 0.48828125 0.1005859375 0.0234375
4 0.59619140625 0.3860677083333333 0.0458984375 0.15755208333333334
4 0.74365234375 0.18098958333333334 0.0673828125 0.08854166666666667
2 0.79638671875 0.3216145833333333 0.3544921875 0.15625
7 0.7939453125 0.4466145833333333 0.349609375 0.057291666666666664
7 0.77099609375 0.4622395833333333 0.0556640625 0.026041666666666668
1 0.1630859375 0.51953125 0.267578125 0.020833333333333332
1 0.1630859375 0.5618489583333334 0.267578125 0.048177083333333336
0 0.25 0.6080729166666666 0.09375 0.020833333333333332
6 0.16259765625 0.7154947916666666 0.0927734375 0.022135416666666668
7 0.16943359375 0.775390625 0.3388671875 0.022135416666666668
4 0.1630859375 0.8098958333333334 0.224609375 0.0234375
4 0.4404296875 0.99609375 0.021484375 0.0078125
1 0.53662109375 0.99609375 0.1650390625 0.0078125
2 0.8095703125 0.5885416666666666 0.380859375 0.15885416666666666
4 0.6474609375 0.9609375 0.0234375 0.03125
0 0.6474609375 0.9609375 0.0234375 0.03125
4 0.8095703125 0.7545572916666666 0.380859375 0.4908854166666667
7 0.77001953125 0.7259114583333334 0.3017578125 0.029947916666666668