0 0.01318359375 0.037760416666666664 0.0263671875 0.07552083333333333
0 0.060546875 0.037760416666666664 0.068359375 0.07552083333333333
0 0.12890625 0.037760416666666664 0.068359375 0.07552083333333333
0 0.197265625 0.037760416666666664 0.068359375 0.07552083333333333
0 0.265625 0.037760416666666664 0.068359375 0.07552083333333333
0 0.333984375 0.037760416666666664 0.068359375 0.07552083333333333
0 0.40234375 0.037760416666666664 0.068359375 0.07552083333333333
7 0.47802734375 0.036458333333333336 0.0537109375 0.026041666666666668
0 0.486328125 0.037760416666666664 0.099609375 0.07552083333333333
4 0.51513671875 0.037109375 0.0126953125 0.01171875
0 0.5810546875 0.037760416666666664 0.037109375 0.07552083333333333
4 0.26611328125 0.3352864583333333 0.5322265625 0.4674479166666667
6 0.26611328125 0.4537760416666667 0.5322265625 0.20963541666666666
0 0.26611328125 0.11067708333333333 0.5322265625 0.018229166666666668
4 0.5654296875 0.3352864583333333 0.068359375 0.4674479166666667
6 0.5654296875 0.4537760416666667 0.068359375 0.20963541666666666
0 0.5654296875 0.11067708333333333 0.068359375 0.018229166666666668
4 0.48291015625 0.3684895833333333 0.0595703125 0.08072916666666667
7 0.58349609375 0.11328125 0.0322265625 0.0234375
1 0.58349609375 0.16341145833333334 0.0322265625 0.045572916666666664
1 0.58349609375 0.22200520833333334 0.0322265625 0.045572916666666664
0 0.58349609375 0.279296875 0.0322265625 0.04296875
0 0.58349609375 0.328125 0.0322265625 0.0234375
2 0.58544921875 0.4166666666666667 0.0283203125 0.03125
6 0.65185546875 0.043619791666666664 0.1044921875 0.07942708333333333
6 0.78564453125 0.043619791666666664 0.0400390625 0.07942708333333333
6 0.9013671875 0.043619791666666664 0.068359375 0.07942708333333333
0 0.7802734375 0.3118489583333333 0.361328125 0.45703125
7 0.7626953125 0.22786458333333334 0.3046875 0.13020833333333334
7 0.7626953125 0.3313802083333333 0.3046875 0.06380208333333333
7 0.7626953125 0.4212239583333333 0.3046875 0.055989583333333336
4 0.6044921875 0.16471354166666666 0.009765625 0.06380208333333333
4 0.2998046875 0.7845052083333334 0.599609375 0.4309895833333333
7 0.251953125 0.716796875 0.458984375 0.2955729166666667
7 0.36669921875 0.6438802083333334 0.2001953125 0.07682291666666667
7 0.24658203125 0.7135416666666666 0.1533203125 0.078125
7 0.32861328125 0.7141927083333334 0.0107421875 0.07682291666666667
0 0.3095703125 0.8391927083333334 0.361328125 0.053385416666666664
3 0.7998046875 0.7845052083333334 0.400390625 0.4309895833333333
2 0.7998046875 0.6276041666666666 0.400390625 0.059895833333333336
7 0.7216796875 0.6256510416666666 0.244140625 0.02734375
0 0.8837890625 0.6263020833333334 0.08203125 0.028645833333333332
7 0.92578125 0.6256510416666666 0.00390625 0.02734375
2 0.7998046875 0.71875 0.400390625 0.041666666666666664
2 0.62451171875 0.822265625 0.0498046875 0.12109375
0 0.625 0.8229166666666666 0.05078125 0.125
7 0.62353515625 0.9264322916666666 0.0478515625 0.045572916666666664
2 0.78369140625 0.822265625 0.2021484375 0.12109375
0 0.78369140625 0.8229166666666666 0.2021484375 0.125
7 0.71533203125 0.9134114583333334 0.0654296875 0.01953125
7 0.7587890625 0.9134114583333334 0.005859375 0.01953125
7 0.7822265625 0.9264322916666666 0.19921875 0.045572916666666664
7 0.96875 0.7903645833333334 0.0625 0.020833333333333332
0 0.95849609375 0.8079427083333334 0.0830078125 0.09505208333333333