4 0.2705078125 0.1796875 0.541015625 0.359375
7 0.62060546875 0.103515625 0.1416015625 0.024739583333333332
0 0.759765625 0.103515625 0.419921875 0.07682291666666667
2 0.77490234375 0.2565104166666667 0.4501953125 0.015625
2 0.77490234375 0.2994791666666667 0.4501953125 0.0546875
4 0.77490234375 0.189453125 0.4501953125 0.33984375
4 0.77490234375 0.189453125 0.4501953125 0.33984375
4 0.89892578125 0.12825520833333334 0.2021484375 0.21744791666666666
4 0.96142578125 0.18880208333333334 0.0771484375 0.13020833333333334
4 0.27490234375 0.5859375 0.5498046875 0.453125
2 0.08203125 0.3854166666666667 0.1640625 0.052083333333333336
7 0.08203125 0.48828125 0.1640625 0.13020833333333334
4 0.09619140625 0.8971354166666666 0.0419921875 0.0546875
0 0.22119140625 0.8971354166666666 0.2919921875 0.0546875
7 0.1826171875 0.8821614583333334 0.111328125 0.029947916666666668
7 0.21728515625 0.8951822916666666 0.1806640625 0.055989583333333336
4 0.41943359375 0.8971354166666666 0.0419921875 0.0546875
0 0.47412109375 0.8971354166666666 0.1513671875 0.0546875
7 0.4970703125 0.8971354166666666 0.10546875 0.0546875
7 0.59326171875 0.392578125 0.0869140625 0.029947916666666668
7 0.77490234375 0.5045572916666666 0.4501953125 0.12109375
6 0.5986328125 0.591796875 0.09765625 0.022135416666666668
6 0.6640625 0.591796875 0.02734375 0.022135416666666668
7 0.6259765625 0.62890625 0.15234375 0.020833333333333332
6 0.78125 0.62890625 0.16015625 0.020833333333333332
7 0.9306640625 0.62890625 0.138671875 0.020833333333333332
7 0.76171875 0.7421875 0.392578125 0.020833333333333332
7 0.78271484375 0.83984375 0.4345703125 0.09895833333333333
6 0.78515625 0.87890625 0.0859375 0.020833333333333332
7 0.87255859375 0.87890625 0.0908203125 0.020833333333333332
6 0.95849609375 0.87890625 0.0830078125 0.020833333333333332