0 0.1318359375 0.029296875 0.142578125 0.05859375
0 0.25537109375 0.029947916666666668 0.0673828125 0.059895833333333336
7 0.18896484375 0.050130208333333336 0.1181640625 0.037760416666666664
0 0.18896484375 0.050130208333333336 0.1181640625 0.08463541666666667
7 0.26806640625 0.050130208333333336 0.0419921875 0.037760416666666664
0 0.26806640625 0.050130208333333336 0.0419921875 0.08463541666666667
4 0.14453125 0.40625 0.2890625 0.546875
4 0.61962890625 0.09895833333333333 0.0673828125 0.08854166666666667
2 0.6201171875 0.23958333333333334 0.458984375 0.15625
7 0.6201171875 0.3645833333333333 0.44921875 0.057291666666666664
7 0.64697265625 0.3802083333333333 0.0556640625 0.026041666666666668
7 0.61962890625 0.4674479166666667 0.1455078125 0.026041666666666668
0 0.6201171875 0.4674479166666667 0.193359375 0.059895833333333336
7 0.51806640625 0.6692708333333334 0.4580078125 0.020833333333333332
4 0.89990234375 0.6770833333333334 0.0185546875 0.005208333333333333
2 0.14453125 0.7024739583333334 0.2890625 0.045572916666666664
7 0.14453125 0.7506510416666666 0.2890625 0.032552083333333336
0 0.06640625 0.8639322916666666 0.126953125 0.040364583333333336
0 0.1767578125 0.8639322916666666 0.076171875 0.040364583333333336
0 0.25634765625 0.8639322916666666 0.0654296875 0.040364583333333336
1 0.10693359375 0.9674479166666666 0.1904296875 0.06510416666666667
1 0.24609375 0.9674479166666666 0.0859375 0.06510416666666667
0 0.38330078125 0.68359375 0.1884765625 0.0078125
7 0.59228515625 0.6848958333333334 0.2041015625 0.010416666666666666
0 0.591796875 0.68359375 0.228515625 0.0078125
0 0.81982421875 0.68359375 0.2275390625 0.0078125
6 0.34033203125 0.79296875 0.1025390625 0.10416666666666667
4 0.34033203125 0.76171875 0.1025390625 0.041666666666666664
0 0.34033203125 0.76171875 0.1025390625 0.041666666666666664
0 0.43359375 0.7545572916666666 0.052734375 0.02734375
0 0.54443359375 0.7545572916666666 0.1259765625 0.02734375
0 0.68017578125 0.7545572916666666 0.1025390625 0.02734375
0 0.77783203125 0.7545572916666666 0.0498046875 0.02734375
0 0.83984375 0.7545572916666666 0.03125 0.02734375
4 0.87890625 0.7513020833333334 0.015625 0.020833333333333332
0 0.87890625 0.7513020833333334 0.015625 0.020833333333333332
4 0.587890625 0.9225260416666666 0.59765625 0.15494791666666666
0 0.587890625 0.9225260416666666 0.59765625 0.15494791666666666