7 0.12890625 0.099609375 0.2578125 0.10807291666666667
0 0.1044921875 0.220703125 0.208984375 0.055989583333333336
7 0.07373046875 0.22005208333333334 0.1474609375 0.020833333333333332
7 0.1044921875 0.2779947916666667 0.208984375 0.022135416666666668
1 0.1044921875 0.3391927083333333 0.208984375 0.06380208333333333
1 0.1044921875 0.4016927083333333 0.208984375 0.06380208333333333
1 0.1044921875 0.46484375 0.208984375 0.06510416666666667
1 0.1044921875 0.5338541666666666 0.208984375 0.049479166666666664
6 0.06298828125 0.5787760416666666 0.0888671875 0.016927083333333332
7 0.07373046875 0.607421875 0.1474609375 0.016927083333333332
6 0.0947265625 0.609375 0.189453125 0.020833333333333332
7 0.0537109375 0.6171875 0.064453125 0.005208333333333333
6 0.11181640625 0.6171875 0.0537109375 0.005208333333333333
1 0.88525390625 0.07096354166666667 0.2294921875 0.053385416666666664
0 0.47509765625 0.15299479166666666 0.0302734375 0.061197916666666664
0 0.544921875 0.15299479166666666 0.109375 0.061197916666666664
0 0.65625 0.15299479166666666 0.11328125 0.061197916666666664
0 0.7734375 0.15299479166666666 0.12109375 0.061197916666666664
0 0.8720703125 0.15299479166666666 0.076171875 0.061197916666666664
0 0.9423828125 0.15299479166666666 0.064453125 0.061197916666666664
7 0.9921875 0.15299479166666666 0.015625 0.022135416666666668
0 0.9873046875 0.15299479166666666 0.025390625 0.061197916666666664
2 0.72998046875 0.3704427083333333 0.5400390625 0.06380208333333333
1 0.72998046875 0.4798177083333333 0.5400390625 0.07421875
2 0.12158203125 0.6953125 0.2431640625 0.07552083333333333
2 0.1240234375 0.7897135416666666 0.248046875 0.08203125
1 0.1240234375 0.904296875 0.248046875 0.055989583333333336
4 0.72998046875 0.8098958333333334 0.5400390625 0.3802083333333333
4 0.72998046875 0.8098958333333334 0.5400390625 0.3802083333333333
7 0.734375 0.6438802083333334 0.34375 0.037760416666666664
1 0.734375 0.701171875 0.33984375 0.048177083333333336
6 0.6337890625 0.7578125 0.138671875 0.020833333333333332
6 0.603515625 0.8046875 0.078125 0.020833333333333332
1 0.853515625 0.873046875 0.10546875 0.04296875