4 0.24169921875 0.052083333333333336 0.4833984375 0.10416666666666667
6 0.16357421875 0.166015625 0.3271484375 0.022135416666666668
0 0.0078125 0.271484375 0.015625 0.032552083333333336
0 0.0732421875 0.271484375 0.0546875 0.032552083333333336
0 0.1787109375 0.271484375 0.095703125 0.032552083333333336
0 0.3046875 0.271484375 0.095703125 0.032552083333333336
0 0.4326171875 0.2630208333333333 0.1015625 0.041666666666666664
0 0.49951171875 0.2630208333333333 0.0205078125 0.041666666666666664
7 0.3984375 0.4192708333333333 0.22265625 0.018229166666666668
7 0.13134765625 0.3854166666666667 0.2626953125 0.020833333333333332
7 0.154296875 0.4127604166666667 0.30859375 0.020833333333333332
7 0.1689453125 0.4401041666666667 0.337890625 0.020833333333333332
0 0.4365234375 0.4270833333333333 0.119140625 0.033854166666666664
6 0.59423828125 0.06966145833333333 0.1689453125 0.022135416666666668
0 0.84912109375 0.040364583333333336 0.3017578125 0.08072916666666667
6 0.85791015625 0.06966145833333333 0.2802734375 0.022135416666666668
2 0.59765625 0.20703125 0.17578125 0.020833333333333332
6 0.59765625 0.2942708333333333 0.17578125 0.06510416666666667
0 0.59765625 0.3606770833333333 0.17578125 0.19791666666666666
4 0.59765625 0.3997395833333333 0.17578125 0.11979166666666667
2 0.8623046875 0.20703125 0.275390625 0.020833333333333332
0 0.763671875 0.2864583333333333 0.078125 0.0390625
0 0.8720703125 0.2864583333333333 0.119140625 0.0390625
0 0.763671875 0.3385416666666667 0.078125 0.0390625
0 0.8447265625 0.3385416666666667 0.064453125 0.0390625
0 0.9189453125 0.3385416666666667 0.064453125 0.0390625
0 0.7568359375 0.390625 0.064453125 0.0390625
0 0.837890625 0.390625 0.078125 0.0390625
0 0.79345703125 0.44140625 0.1376953125 0.036458333333333336
0 0.91064453125 0.44140625 0.0791015625 0.036458333333333336
4 0.21875 0.4850260416666667 0.169921875 0.037760416666666664
0 0.21875 0.4850260416666667 0.169921875 0.037760416666666664
2 0.3623046875 0.6438802083333334 0.19140625 0.040364583333333336
2 0.3486328125 0.6751302083333334 0.1640625 0.040364583333333336
7 0.38818359375 0.716796875 0.2431640625 0.024739583333333332
0 0.33349609375 0.771484375 0.1337890625 0.045572916666666664
4 0.2080078125 0.87109375 0.013671875 0.018229166666666668
4 0.2373046875 0.87109375 0.013671875 0.018229166666666668
4 0.2666015625 0.87109375 0.013671875 0.018229166666666668
4 0.2958984375 0.87109375 0.013671875 0.018229166666666668
6 0.0419921875 0.9479166666666666 0.083984375 0.028645833333333332
0 0.0419921875 0.962890625 0.083984375 0.05859375
4 0.14306640625 0.958984375 0.0673828125 0.08203125
6 0.294921875 0.9479166666666666 0.19921875 0.028645833333333332
0 0.294921875 0.962890625 0.19921875 0.05859375
7 0.24609375 0.9765625 0.1015625 0.03125
4 0.46337890625 0.958984375 0.0673828125 0.08203125
4 0.662109375 0.6783854166666666 0.3046875 0.4375
0 0.662109375 0.6783854166666666 0.3046875 0.4375
7 0.662109375 0.8723958333333334 0.3046875 0.049479166666666664
4 0.90673828125 0.544921875 0.1865234375 0.17057291666666666
0 0.90673828125 0.544921875 0.1865234375 0.17057291666666666
7 0.90673828125 0.6061197916666666 0.1865234375 0.048177083333333336
4 0.90673828125 0.7630208333333334 0.1865234375 0.2682291666666667
0 0.90673828125 0.7630208333333334 0.1865234375 0.2682291666666667
7 0.90673828125 0.8723958333333334 0.1865234375 0.049479166666666664
4 0.76171875 0.9602864583333334 0.4765625 0.07942708333333333
0 0.76171875 0.9602864583333334 0.4765625 0.07942708333333333