2 0.271484375 0.029947916666666668 0.54296875 0.0546875
7 0.28564453125 0.10091145833333333 0.5712890625 0.07942708333333333
6 0.00634765625 0.15169270833333334 0.0126953125 0.016927083333333332
7 0.0166015625 0.150390625 0.009765625 0.024739583333333332
6 0.03173828125 0.15169270833333334 0.0224609375 0.016927083333333332
7 0.046875 0.150390625 0.009765625 0.024739583333333332
6 0.0625 0.15169270833333334 0.0234375 0.016927083333333332
7 0.078125 0.150390625 0.009765625 0.024739583333333332
6 0.09814453125 0.15169270833333334 0.0322265625 0.016927083333333332
2 0.27734375 0.20833333333333334 0.5546875 0.03125
2 0.27734375 0.23828125 0.5546875 0.03125
2 0.27734375 0.2682291666666667 0.5546875 0.03125
2 0.27734375 0.2981770833333333 0.5546875 0.03125
0 0.53662109375 0.32421875 0.0693359375 0.0234375
4 0.4814453125 0.08919270833333333 0.240234375 0.17838541666666666
2 0.478515625 0.20182291666666666 0.234375 0.0234375
7 0.48046875 0.251953125 0.23828125 0.06640625
6 0.46533203125 0.2734375 0.0634765625 0.020833333333333332
4 0.65380859375 0.09895833333333333 0.0693359375 0.15104166666666666
0 0.65380859375 0.09895833333333333 0.0693359375 0.15104166666666666
7 0.62841796875 0.18815104166666666 0.0185546875 0.024739583333333332
4 0.65380859375 0.287109375 0.0693359375 0.10546875
0 0.65380859375 0.287109375 0.0693359375 0.10546875
2 0.873046875 0.005208333333333333 0.25390625 0.010416666666666666
4 0.873046875 0.181640625 0.25390625 0.31640625
0 0.873046875 0.181640625 0.25390625 0.31640625
2 0.3046875 0.6022135416666666 0.328125 0.26171875
7 0.291015625 0.8430989583333334 0.30078125 0.16536458333333334
0 0.2001953125 0.9869791666666666 0.119140625 0.026041666666666668
7 0.54833984375 0.650390625 0.0302734375 0.02734375
2 0.8095703125 0.669921875 0.380859375 0.66015625
1 0.64453125 0.3639322916666667 0.05078125 0.048177083333333336
0 0.72265625 0.3639322916666667 0.05859375 0.024739583333333332
6 0.62890625 0.419921875 0.01953125 0.01953125
6 0.67578125 0.419921875 0.046875 0.01953125
6 0.74853515625 0.419921875 0.0693359375 0.01953125
6 0.82177734375 0.419921875 0.0478515625 0.01953125
6 0.9072265625 0.419921875 0.095703125 0.01953125
4 0.97412109375 0.4166666666666667 0.0068359375 0.036458333333333336
4 0.97412109375 0.3548177083333333 0.0068359375 0.029947916666666668
4 0.63623046875 0.48046875 0.0341796875 0.059895833333333336
0 0.64453125 0.4934895833333333 0.05078125 0.0859375
6 0.64453125 0.5227864583333334 0.05078125 0.02734375
4 0.708984375 0.48046875 0.044921875 0.059895833333333336
0 0.708984375 0.4934895833333333 0.078125 0.0859375
6 0.708984375 0.5227864583333334 0.078125 0.02734375
4 0.787109375 0.48046875 0.044921875 0.059895833333333336
0 0.787109375 0.4934895833333333 0.078125 0.0859375
6 0.787109375 0.5227864583333334 0.078125 0.02734375
4 0.865234375 0.48046875 0.044921875 0.059895833333333336
0 0.865234375 0.4934895833333333 0.078125 0.0859375
6 0.865234375 0.5227864583333334 0.078125 0.02734375
4 0.943359375 0.48046875 0.044921875 0.059895833333333336
0 0.943359375 0.4934895833333333 0.078125 0.0859375
6 0.943359375 0.5227864583333334 0.078125 0.02734375
0 0.63916015625 0.8046875 0.0126953125 0.018229166666666668
0 0.65576171875 0.8046875 0.0126953125 0.018229166666666668
0 0.67236328125 0.8046875 0.0126953125 0.018229166666666668
0 0.68896484375 0.8046875 0.0126953125 0.018229166666666668
0 0.70556640625 0.8046875 0.0126953125 0.018229166666666668
0 0.72216796875 0.8046875 0.0126953125 0.018229166666666668
0 0.73876953125 0.8046875 0.0126953125 0.018229166666666668
0 0.75537109375 0.8046875 0.0126953125 0.018229166666666668
4 0.6953125 0.685546875 0.15234375 0.2747395833333333
4 0.88525390625 0.685546875 0.2294921875 0.2747395833333333
0 0.76123046875 0.6790364583333334 0.0302734375 0.040364583333333336
4 0.693359375 0.9329427083333334 0.1484375 0.08203125
0 0.6943359375 0.9342447916666666 0.150390625 0.08463541666666667
2 0.68408203125 0.994140625 0.1005859375 0.01171875
4 0.88232421875 0.578125 0.1923828125 0.059895833333333336
2 0.82470703125 0.6438802083333334 0.0595703125 0.024739583333333332
0 0.935546875 0.640625 0.060546875 0.03125
0 0.8818359375 0.830078125 0.19140625 0.33984375
4 0.9462890625 0.50390625 0.05859375 0.078125
0 0.9462890625 0.5078125 0.05859375 0.0859375
4 0.79833984375 0.732421875 0.3583984375 0.53515625
4 0.9482421875 0.9765625 0.103515625 0.046875