7 0.291015625 0.038411458333333336 0.58203125 0.07682291666666667
6 0.01171875 0.087890625 0.0234375 0.016927083333333332
7 0.02734375 0.08658854166666667 0.009765625 0.024739583333333332
6 0.04248046875 0.087890625 0.0224609375 0.016927083333333332
7 0.0576171875 0.08658854166666667 0.009765625 0.024739583333333332
6 0.0732421875 0.087890625 0.0234375 0.016927083333333332
7 0.0888671875 0.08658854166666667 0.009765625 0.024739583333333332
6 0.10888671875 0.087890625 0.0322265625 0.016927083333333332
2 0.28271484375 0.14453125 0.5654296875 0.03125
2 0.28271484375 0.17447916666666666 0.5654296875 0.03125
2 0.28271484375 0.20442708333333334 0.5654296875 0.03125
2 0.28271484375 0.234375 0.5654296875 0.03125
0 0.54736328125 0.2604166666666667 0.0693359375 0.0234375
2 0.05908203125 0.3248697916666667 0.1181640625 0.022135416666666668
0 0.1396484375 0.4270833333333333 0.279296875 0.0390625
4 0.48779296875 0.4108072916666667 0.2626953125 0.13671875
0 0.48779296875 0.4108072916666667 0.2626953125 0.13671875
4 0.4990234375 0.4108072916666667 0.240234375 0.13671875
0 0.4990234375 0.4108072916666667 0.240234375 0.13671875
4 0.51025390625 0.4108072916666667 0.2177734375 0.13671875
0 0.51025390625 0.4108072916666667 0.2177734375 0.13671875
4 0.521484375 0.4108072916666667 0.1953125 0.13671875
0 0.521484375 0.4108072916666667 0.1953125 0.13671875
4 0.53271484375 0.4108072916666667 0.1728515625 0.13671875
0 0.53271484375 0.4108072916666667 0.1728515625 0.13671875
4 0.4921875 0.057291666666666664 0.240234375 0.11458333333333333
2 0.4892578125 0.13802083333333334 0.234375 0.0234375
7 0.4912109375 0.18815104166666666 0.23828125 0.06640625
6 0.47607421875 0.20963541666666666 0.0634765625 0.020833333333333332
0 0.61083984375 0.3483072916666667 0.0166015625 0.040364583333333336
4 0.79931640625 0.14518229166666666 0.3603515625 0.2903645833333333
4 0.8095703125 0.4231770833333333 0.380859375 0.059895833333333336
2 0.02685546875 0.5065104166666666 0.0537109375 0.036458333333333336
0 0.02685546875 0.5091145833333334 0.0537109375 0.041666666666666664
2 0.099609375 0.5065104166666666 0.078125 0.036458333333333336
0 0.099609375 0.5091145833333334 0.078125 0.041666666666666664
2 0.1845703125 0.5065104166666666 0.078125 0.036458333333333336
0 0.1845703125 0.5091145833333334 0.078125 0.041666666666666664
2 0.26953125 0.5065104166666666 0.078125 0.036458333333333336
0 0.26953125 0.5091145833333334 0.078125 0.041666666666666664
2 0.3544921875 0.5065104166666666 0.078125 0.036458333333333336
0 0.3544921875 0.5091145833333334 0.078125 0.041666666666666664
2 0.439453125 0.5065104166666666 0.078125 0.036458333333333336
0 0.439453125 0.5091145833333334 0.078125 0.041666666666666664
2 0.5244140625 0.5065104166666666 0.078125 0.036458333333333336
0 0.5244140625 0.5091145833333334 0.078125 0.041666666666666664
2 0.5947265625 0.5065104166666666 0.048828125 0.036458333333333336
0 0.5947265625 0.5091145833333334 0.048828125 0.041666666666666664
6 0.0546875 0.5436197916666666 0.109375 0.022135416666666668
6 0.234375 0.5436197916666666 0.19140625 0.022135416666666668
6 0.482421875 0.5436197916666666 0.240234375 0.022135416666666668
7 0.05419921875 0.5950520833333334 0.0966796875 0.036458333333333336
7 0.14990234375 0.5950520833333334 0.0966796875 0.036458333333333336
7 0.24560546875 0.5950520833333334 0.0966796875 0.036458333333333336
7 0.3408203125 0.5950520833333334 0.095703125 0.036458333333333336
4 0.19384765625 0.8072916666666666 0.3876953125 0.3854166666666667
0 0.19384765625 0.8072916666666666 0.3876953125 0.3854166666666667
7 0.43359375 0.5950520833333334 0.0703125 0.036458333333333336
7 0.50390625 0.5950520833333334 0.0703125 0.036458333333333336
7 0.57421875 0.5950520833333334 0.0703125 0.036458333333333336
4 0.51416015625 0.73828125 0.2099609375 0.22135416666666666
0 0.51416015625 0.73828125 0.2099609375 0.22135416666666666
7 0.43359375 0.89453125 0.0703125 0.036458333333333336
7 0.50390625 0.89453125 0.0703125 0.036458333333333336
7 0.57421875 0.89453125 0.0703125 0.036458333333333336
4 0.51416015625 0.9635416666666666 0.2099609375 0.07291666666666667
0 0.51416015625 0.9635416666666666 0.2099609375 0.07291666666666667
2 0.78125 0.5865885416666666 0.32421875 0.14453125