1 0.86181640625 0.005859375 0.1689453125 0.01171875
6 0.8212890625 0.024088541666666668 0.025390625 0.01953125
7 0.837890625 0.024088541666666668 0.009765625 0.01953125
6 0.888671875 0.024088541666666668 0.09375 0.01953125
7 0.724609375 0.09505208333333333 0.55078125 0.0703125
1 0.51611328125 0.1640625 0.1337890625 0.026041666666666668
1 0.61474609375 0.1640625 0.0576171875 0.028645833333333332
1 0.697265625 0.1640625 0.1015625 0.028645833333333332
1 0.78369140625 0.1640625 0.0654296875 0.028645833333333332
7 0.724609375 0.2584635416666667 0.55078125 0.022135416666666668
6 0.4853515625 0.3678385416666667 0.072265625 0.022135416666666668
7 0.724609375 0.4381510416666667 0.55078125 0.04296875
6 0.4697265625 0.509765625 0.041015625 0.022135416666666668
7 0.626953125 0.509765625 0.275390625 0.022135416666666668
2 0.724609375 0.5559895833333334 0.55078125 0.026041666666666668
2 0.21875 0.662109375 0.4375 0.18619791666666666
2 0.21875 0.8346354166666666 0.4375 0.1171875
0 0.0849609375 0.9674479166666666 0.169921875 0.06510416666666667
7 0.724609375 0.779296875 0.55078125 0.4205729166666667
7 0.67529296875 0.9856770833333334 0.0322265625 0.020833333333333332
1 0.84521484375 0.98046875 0.3095703125 0.0390625