7 0.03564453125 0.022135416666666668 0.0712890625 0.03125
7 0.02294921875 0.06380208333333333 0.0458984375 0.03125
7 0.134765625 0.10546875 0.26953125 0.041666666666666664
7 0.134765625 0.14713541666666666 0.26953125 0.041666666666666664
7 0.01220703125 0.203125 0.0244140625 0.0390625
7 0.0693359375 0.203125 0.08984375 0.0390625
0 0.03759765625 0.3014322916666667 0.0751953125 0.07682291666666667
7 0.1298828125 0.3802083333333333 0.181640625 0.03125
7 0.634765625 0.09049479166666667 0.73046875 0.08463541666666667
6 0.55224609375 0.119140625 0.0693359375 0.02734375
7 0.79345703125 0.119140625 0.4130859375 0.02734375
6 0.634765625 0.13346354166666666 0.73046875 0.055989583333333336
7 0.3466796875 0.14778645833333334 0.00390625 0.02734375
1 0.31689453125 0.275390625 0.0947265625 0.06640625
1 0.439453125 0.275390625 0.12890625 0.06640625
5 0.31640625 0.4212239583333333 0.09375 0.029947916666666668
0 0.38671875 0.4837239583333333 0.234375 0.06640625
7 0.634765625 0.3541666666666667 0.73046875 0.3307291666666667
2 0.7451171875 0.3014322916666667 0.365234375 0.17317708333333334
7 0.7451171875 0.4440104166666667 0.365234375 0.059895833333333336
7 0.87646484375 0.4544270833333333 0.0068359375 0.015625
7 0.8974609375 0.4596354166666667 0.03515625 0.028645833333333332
4 0.134765625 0.6647135416666666 0.26953125 0.2903645833333333
4 0.134765625 0.77734375 0.26953125 0.06510416666666667
7 0.134765625 0.77734375 0.26953125 0.06510416666666667
4 0.04248046875 0.8619791666666666 0.0478515625 0.059895833333333336
7 0.0751953125 0.9329427083333334 0.150390625 0.06380208333333333
7 0.0751953125 0.982421875 0.150390625 0.03515625
7 0.23779296875 0.857421875 0.0634765625 0.05078125
2 0.24072265625 0.9505208333333334 0.0576171875 0.0546875
7 0.35400390625 0.52734375 0.0302734375 0.015625
7 0.37646484375 0.52734375 0.0166015625 0.015625
7 0.42333984375 0.52734375 0.0791015625 0.015625
7 0.4765625 0.52734375 0.029296875 0.015625
7 0.529296875 0.52734375 0.076171875 0.015625
7 0.6640625 0.52734375 0.197265625 0.015625
7 0.79443359375 0.52734375 0.0654296875 0.015625
7 0.61474609375 0.546875 0.5517578125 0.0546875
6 0.5615234375 0.5638020833333334 0.076171875 0.020833333333333332
7 0.63330078125 0.5638020833333334 0.0693359375 0.020833333333333332
7 0.6171875 0.6100260416666666 0.556640625 0.040364583333333336
2 0.6171875 0.658203125 0.556640625 0.024739583333333332
7 0.4501953125 0.6953125 0.14453125 0.020833333333333332
6 0.5478515625 0.6953125 0.052734375 0.020833333333333332
7 0.58935546875 0.6953125 0.0302734375 0.020833333333333332
7 0.62158203125 0.6953125 0.0361328125 0.020833333333333332
7 0.65185546875 0.6953125 0.0283203125 0.020833333333333332
7 0.6875 0.6953125 0.04296875 0.020833333333333332
7 0.74462890625 0.6953125 0.0751953125 0.020833333333333332
7 0.43115234375 0.71484375 0.1064453125 0.020833333333333332
7 0.65625 0.734375 0.478515625 0.020833333333333332
7 0.65625 0.7734375 0.478515625 0.059895833333333336
7 0.453125 0.8125 0.150390625 0.020833333333333332
7 0.54248046875 0.8125 0.0302734375 0.020833333333333332
7 0.6318359375 0.822265625 0.5078125 0.040364583333333336
7 0.63671875 0.8515625 0.517578125 0.020833333333333332
7 0.63671875 0.87109375 0.517578125 0.020833333333333332
7 0.63671875 0.890625 0.517578125 0.020833333333333332
7 0.63671875 0.91015625 0.517578125 0.020833333333333332
7 0.63671875 0.9296875 0.517578125 0.020833333333333332
7 0.63671875 0.94921875 0.517578125 0.020833333333333332
7 0.63671875 0.96875 0.517578125 0.020833333333333332
7 0.35400390625 0.9973958333333334 0.0302734375 0.005208333333333333
7 0.5888671875 0.9973958333333334 0.44140625 0.005208333333333333