2 0.2724609375 0.034505208333333336 0.333984375 0.06901041666666667
2 0.2470703125 0.087890625 0.283203125 0.07161458333333333
7 0.24169921875 0.14908854166666666 0.2724609375 0.02734375
7 0.2060546875 0.177734375 0.201171875 0.02734375
0 0.22265625 0.2526041666666667 0.234375 0.059895833333333336
4 0.63623046875 0.06315104166666667 0.3935546875 0.12630208333333334
2 0.63134765625 0.09375 0.3837890625 0.028645833333333332
0 0.77197265625 0.16471354166666666 0.1025390625 0.03515625
0 0.76416015625 0.208984375 0.1201171875 0.055989583333333336
7 0.63134765625 0.17903645833333334 0.3837890625 0.06380208333333333
7 0.498046875 0.2701822916666667 0.037109375 0.01953125
0 0.47509765625 0.267578125 0.0107421875 0.014322916666666666
7 0.55810546875 0.2701822916666667 0.0849609375 0.01953125
0 0.49072265625 0.267578125 0.0107421875 0.014322916666666666
0 0.50634765625 0.267578125 0.0107421875 0.014322916666666666
0 0.52197265625 0.267578125 0.0107421875 0.014322916666666666
0 0.53759765625 0.267578125 0.0107421875 0.014322916666666666
0 0.55322265625 0.267578125 0.0107421875 0.014322916666666666
0 0.56884765625 0.267578125 0.0107421875 0.014322916666666666
3 0.9326171875 0.14453125 0.134765625 0.2890625
2 0.62255859375 0.3411458333333333 0.2861328125 0.0234375
4 0.501953125 0.39453125 0.048828125 0.049479166666666664
2 0.587890625 0.380859375 0.103515625 0.022135416666666668
7 0.609375 0.4055989583333333 0.146484375 0.02734375
2 0.89453125 0.3411458333333333 0.2109375 0.0234375
4 0.8203125 0.3977864583333333 0.06640625 0.04296875
2 0.92724609375 0.3873697916666667 0.1240234375 0.01953125
3 0.2197265625 0.7096354166666666 0.439453125 0.5807291666666666
0 0.115234375 0.4309895833333333 0.23046875 0.0234375
0 0.34716796875 0.4309895833333333 0.1083984375 0.0234375
2 0.2197265625 0.5794270833333334 0.439453125 0.059895833333333336
7 0.0703125 0.5774739583333334 0.140625 0.02734375
0 0.1806640625 0.578125 0.08203125 0.028645833333333332
7 0.22265625 0.5774739583333334 0.00390625 0.02734375
7 0.37890625 0.578125 0.005859375 0.0234375
7 0.3974609375 0.578125 0.0078125 0.0234375
2 0.20849609375 0.6705729166666666 0.4169921875 0.041666666666666664
2 0.0908203125 0.7740885416666666 0.181640625 0.12109375
0 0.0908203125 0.7747395833333334 0.181640625 0.125
7 0.0224609375 0.865234375 0.044921875 0.01953125
7 0.0556640625 0.865234375 0.005859375 0.01953125
7 0.08935546875 0.8782552083333334 0.1787109375 0.045572916666666664
7 0.2958984375 0.7421875 0.123046875 0.020833333333333332
0 0.2998046875 0.759765625 0.171875 0.09505208333333333
7 0.63427734375 0.4518229166666667 0.3896484375 0.0234375
7 0.87109375 0.4518229166666667 0.080078125 0.0234375
0 0.87109375 0.4518229166666667 0.080078125 0.0234375
7 0.47021484375 0.5416666666666666 0.0615234375 0.0234375
0 0.47607421875 0.5416666666666666 0.0732421875 0.0546875
7 0.61181640625 0.5416666666666666 0.1748046875 0.0234375
0 0.61181640625 0.5416666666666666 0.1982421875 0.0546875
7 0.75048828125 0.5416666666666666 0.0556640625 0.0234375
0 0.75048828125 0.5416666666666666 0.0791015625 0.0546875
7 0.82177734375 0.5416666666666666 0.0400390625 0.0234375
0 0.82177734375 0.5416666666666666 0.0634765625 0.0546875
7 0.93896484375 0.541015625 0.1220703125 0.024739583333333332
0 0.9306640625 0.5416666666666666 0.138671875 0.0546875
0 0.48388671875 0.6529947916666666 0.0888671875 0.03515625
7 0.4990234375 0.6490885416666666 0.048828125 0.024739583333333332
7 0.52685546875 0.7252604166666666 0.1748046875 0.020833333333333332
0 0.53857421875 0.7369791666666666 0.1982421875 0.09114583333333333
7 0.52685546875 0.7473958333333334 0.1748046875 0.0234375
7 0.767578125 0.7252604166666666 0.216796875 0.020833333333333332
0 0.767578125 0.7369791666666666 0.263671875 0.09114583333333333
7 0.767578125 0.7473958333333334 0.216796875 0.0234375
7 0.9755859375 0.7369791666666666 0.046875 0.0234375
0 0.95556640625 0.7369791666666666 0.0888671875 0.059895833333333336
2 0.5283203125 0.9114583333333334 0.177734375 0.1171875