2 0.22998046875 0.24088541666666666 0.4599609375 0.018229166666666668
7 0.22998046875 0.224609375 0.4599609375 0.05078125
6 0.01025390625 0.23893229166666666 0.0205078125 0.022135416666666668
7 0.0263671875 0.23893229166666666 0.01171875 0.022135416666666668
6 0.11181640625 0.23893229166666666 0.1591796875 0.022135416666666668
0 0.03515625 0.23697916666666666 0.0703125 0.026041666666666668
0 0.31396484375 0.23697916666666666 0.2919921875 0.026041666666666668
7 0.98291015625 0.029947916666666668 0.0341796875 0.026041666666666668
0 0.96826171875 0.034505208333333336 0.0634765625 0.06901041666666667
0 0.50439453125 0.034505208333333336 0.0888671875 0.06901041666666667
0 0.59765625 0.034505208333333336 0.09765625 0.06901041666666667
0 0.67138671875 0.034505208333333336 0.0498046875 0.06901041666666667
0 0.7578125 0.034505208333333336 0.0625 0.06901041666666667
0 0.83251953125 0.034505208333333336 0.0869140625 0.06901041666666667
0 0.90625 0.034505208333333336 0.060546875 0.06901041666666667
2 0.72998046875 0.11328125 0.5400390625 0.036458333333333336
4 0.66650390625 0.21419270833333334 0.2138671875 0.07161458333333333
4 0.8955078125 0.21419270833333334 0.208984375 0.07161458333333333
7 0.25390625 0.3463541666666667 0.044921875 0.020833333333333332
0 0.25390625 0.3463541666666667 0.068359375 0.057291666666666664
7 0.283203125 0.4244791666666667 0.1015625 0.020833333333333332
0 0.283203125 0.4244791666666667 0.126953125 0.059895833333333336
4 0.3291015625 0.5052083333333334 0.0234375 0.0234375
0 0.3291015625 0.50390625 0.0234375 0.078125
7 0.3642578125 0.5032552083333334 0.0078125 0.01953125
0 0.3642578125 0.50390625 0.0078125 0.078125
7 0.30712890625 0.5807291666666666 0.0966796875 0.020833333333333332
0 0.30712890625 0.5807291666666666 0.1220703125 0.059895833333333336
7 0.4384765625 0.279296875 0.0390625 0.05859375
2 0.12841796875 0.380859375 0.2568359375 0.040364583333333336
2 0.12841796875 0.4192708333333333 0.2568359375 0.026041666666666668
4 0.0498046875 0.5104166666666666 0.0390625 0.052083333333333336
2 0.05029296875 0.5598958333333334 0.1005859375 0.026041666666666668
1 0.07275390625 0.6686197916666666 0.1455078125 0.02734375
7 0.09375 0.759765625 0.103515625 0.02734375
7 0.09375 0.7838541666666666 0.103515625 0.0234375
7 0.11962890625 0.861328125 0.0712890625 0.032552083333333336
0 0.11962890625 0.8619791666666666 0.1494140625 0.06510416666666667
2 0.5341796875 0.287109375 0.1484375 0.07421875
2 0.66455078125 0.287109375 0.1123046875 0.07421875
2 0.81103515625 0.287109375 0.1806640625 0.07421875
6 0.4658203125 0.3736979166666667 0.01171875 0.03125
7 0.58349609375 0.3736979166666667 0.2236328125 0.03125
6 0.48291015625 0.4153645833333333 0.0458984375 0.03125
7 0.587890625 0.4153645833333333 0.1640625 0.03125
7 0.7138671875 0.45703125 0.5078125 0.041666666666666664
7 0.7138671875 0.4986979166666667 0.5078125 0.041666666666666664
7 0.49462890625 0.5546875 0.0693359375 0.0390625
7 0.5576171875 0.5546875 0.056640625 0.0390625
7 0.59814453125 0.5546875 0.0126953125 0.0390625
7 0.62646484375 0.5546875 0.0439453125 0.0390625
7 0.693359375 0.5546875 0.08984375 0.0390625
0 0.57958984375 0.6529947916666666 0.2392578125 0.07682291666666667
7 0.5615234375 0.7317708333333334 0.203125 0.03125
7 0.75390625 0.7317708333333334 0.181640625 0.03125