7 0.693359375 0.01953125 0.046875 0.026041666666666668
0 0.68603515625 0.029296875 0.0908203125 0.05859375
0 0.0244140625 0.029296875 0.048828125 0.05859375
0 0.09423828125 0.029296875 0.0908203125 0.05859375
0 0.1962890625 0.029296875 0.11328125 0.05859375
0 0.3017578125 0.029296875 0.09765625 0.05859375
0 0.37548828125 0.029296875 0.0498046875 0.05859375
0 0.4619140625 0.029296875 0.0625 0.05859375
0 0.53662109375 0.029296875 0.0869140625 0.05859375
0 0.6103515625 0.029296875 0.060546875 0.05859375
2 0.36572265625 0.10286458333333333 0.7314453125 0.036458333333333336
4 0.123046875 0.2884114583333333 0.24609375 0.24088541666666666
0 0.123046875 0.2884114583333333 0.24609375 0.24088541666666666
4 0.37060546875 0.2604166666666667 0.2138671875 0.18489583333333334
6 0.29052734375 0.3821614583333333 0.0537109375 0.024739583333333332
4 0.60205078125 0.2604166666666667 0.2138671875 0.18489583333333334
6 0.513671875 0.3821614583333333 0.037109375 0.024739583333333332
0 0.9638671875 0.05859375 0.072265625 0.005208333333333333
2 0.826171875 0.17252604166666666 0.173828125 0.07682291666666667
2 0.93896484375 0.16731770833333334 0.0419921875 0.05859375
2 0.857421875 0.2506510416666667 0.236328125 0.07682291666666667
7 0.86962890625 0.3756510416666667 0.2607421875 0.06640625
4 0.24658203125 0.52734375 0.4931640625 0.23697916666666666
7 0.62353515625 0.44921875 0.2314453125 0.08072916666666667
7 0.630859375 0.5546875 0.216796875 0.0234375
0 0.62353515625 0.5546875 0.2314453125 0.0546875
2 0.19384765625 0.919921875 0.3212890625 0.16015625
4 0.56591796875 0.9010416666666666 0.3466796875 0.19791666666666666
4 0.36962890625 0.7044270833333334 0.7392578125 0.5911458333333334
7 0.4912109375 0.541015625 0.49609375 0.09505208333333333
6 0.357421875 0.578125 0.08203125 0.020833333333333332
0 0.5849609375 0.65625 0.162109375 0.052083333333333336
0 0.4140625 0.65625 0.162109375 0.052083333333333336
4 0.77734375 0.5677083333333334 0.076171875 0.049479166666666664
0 0.8603515625 0.5768229166666666 0.021484375 0.03125
0 0.94921875 0.5768229166666666 0.08984375 0.03125
0 0.7998046875 0.6341145833333334 0.0703125 0.052083333333333336
0 0.88232421875 0.6341145833333334 0.0537109375 0.052083333333333336
0 0.96484375 0.6341145833333334 0.0703125 0.052083333333333336
4 0.86962890625 0.8463541666666666 0.2607421875 0.3072916666666667
0 0.86962890625 0.8463541666666666 0.2607421875 0.3072916666666667