7 0.24462890625 0.009114583333333334 0.4892578125 0.018229166666666668
3 0.24462890625 0.09114583333333333 0.4892578125 0.1171875
6 0.31005859375 0.17513020833333334 0.0595703125 0.022135416666666668
7 0.400390625 0.17513020833333334 0.07421875 0.022135416666666668
0 0.40625 0.17513020833333334 0.0859375 0.022135416666666668
7 0.14111328125 0.17513020833333334 0.0478515625 0.022135416666666668
7 0.205078125 0.17513020833333334 0.080078125 0.022135416666666668
0 0.2109375 0.17513020833333334 0.091796875 0.022135416666666668
6 0.05322265625 0.17513020833333334 0.0810546875 0.022135416666666668
0 0.0390625 0.24088541666666666 0.078125 0.078125
0 0.134765625 0.24088541666666666 0.11328125 0.078125
0 0.240234375 0.24088541666666666 0.09765625 0.078125
0 0.31396484375 0.24088541666666666 0.0498046875 0.078125
0 0.400390625 0.24088541666666666 0.0625 0.078125
0 0.46044921875 0.24088541666666666 0.0576171875 0.078125
2 0.24462890625 0.32421875 0.4892578125 0.036458333333333336
4 0.30908203125 0.4290364583333333 0.2138671875 0.07942708333333333
2 0.5205078125 0.0390625 0.0625 0.0703125
4 0.5205078125 0.267578125 0.0625 0.3606770833333333
0 0.5205078125 0.267578125 0.0625 0.3606770833333333
2 0.744140625 0.021484375 0.26953125 0.03515625
4 0.744140625 0.25 0.26953125 0.3958333333333333
0 0.744140625 0.25 0.26953125 0.3958333333333333
2 0.96826171875 0.390625 0.0634765625 0.0703125
3 0.9619140625 0.15169270833333334 0.076171875 0.3033854166666667
7 0.01416015625 0.8190104166666666 0.0283203125 0.052083333333333336
7 0.296875 0.4947916666666667 0.2109375 0.028645833333333332
0 0.28076171875 0.6002604166666666 0.2880859375 0.078125
4 0.150390625 0.7434895833333334 0.05859375 0.078125
0 0.150390625 0.763671875 0.09765625 0.11848958333333333
7 0.14990234375 0.8125 0.0810546875 0.020833333333333332
4 0.28076171875 0.7434895833333334 0.0595703125 0.078125
0 0.28076171875 0.763671875 0.0986328125 0.11848958333333333
7 0.28125 0.8125 0.091796875 0.020833333333333332
4 0.4111328125 0.7434895833333334 0.05859375 0.078125
0 0.4111328125 0.763671875 0.09765625 0.11848958333333333
7 0.41162109375 0.8125 0.0771484375 0.020833333333333332
2 0.248046875 0.958984375 0.271484375 0.05078125
7 0.74462890625 0.6399739583333334 0.5107421875 0.3424479166666667
1 0.6328125 0.80859375 0.287109375 0.052083333333333336
0 0.828125 0.80859375 0.10546875 0.052083333333333336
2 0.74462890625 0.9498697916666666 0.5107421875 0.10026041666666667