3 0.259765625 0.038411458333333336 0.51953125 0.07682291666666667
7 0.02490234375 0.11197916666666667 0.0498046875 0.020833333333333332
0 0.03173828125 0.11328125 0.0634765625 0.033854166666666664
7 0.0908203125 0.11197916666666667 0.04296875 0.020833333333333332
0 0.0947265625 0.11328125 0.0625 0.033854166666666664
7 0.16650390625 0.11197916666666667 0.0693359375 0.020833333333333332
0 0.17041015625 0.11328125 0.0888671875 0.033854166666666664
7 0.23583984375 0.11197916666666667 0.0302734375 0.020833333333333332
0 0.23974609375 0.11328125 0.0498046875 0.033854166666666664
0 0.291015625 0.11328125 0.052734375 0.033854166666666664
0 0.3623046875 0.11328125 0.08984375 0.033854166666666664
1 0.46728515625 0.11328125 0.1044921875 0.046875
0 0.43115234375 0.115234375 0.0244140625 0.04296875
6 0.06787109375 0.20638020833333334 0.1005859375 0.024739583333333332
2 0.0546875 0.3092447916666667 0.109375 0.022135416666666668
6 0.009765625 0.3346354166666667 0.01953125 0.020833333333333332
4 0.037109375 0.333984375 0.01171875 0.016927083333333332
7 0.0498046875 0.3346354166666667 0.01171875 0.020833333333333332
4 0.06298828125 0.333984375 0.0126953125 0.016927083333333332
7 0.07470703125 0.3346354166666667 0.0087890625 0.020833333333333332
2 0.0986328125 0.376953125 0.197265625 0.022135416666666668
4 0.01123046875 0.4016927083333333 0.0126953125 0.016927083333333332
7 0.0283203125 0.40234375 0.01953125 0.020833333333333332
2 0.103515625 0.455078125 0.20703125 0.04296875
6 0.009765625 0.4908854166666667 0.01953125 0.020833333333333332
4 0.037109375 0.490234375 0.01171875 0.016927083333333332
7 0.05322265625 0.4908854166666667 0.0185546875 0.020833333333333332
4 0.06982421875 0.490234375 0.0126953125 0.016927083333333332
7 0.08544921875 0.4908854166666667 0.0166015625 0.020833333333333332
2 0.119140625 0.5436197916666666 0.23828125 0.04296875
6 0.0126953125 0.5794270833333334 0.025390625 0.020833333333333332
4 0.04296875 0.5787760416666666 0.01171875 0.016927083333333332
7 0.05859375 0.5794270833333334 0.017578125 0.020833333333333332
4 0.07470703125 0.5787760416666666 0.0126953125 0.016927083333333332
7 0.08984375 0.5794270833333334 0.015625 0.020833333333333332
4 0.0029296875 0.646484375 0.005859375 0.016927083333333332
7 0.0205078125 0.6471354166666666 0.02734375 0.020833333333333332
4 0.04150390625 0.646484375 0.0126953125 0.016927083333333332
7 0.05908203125 0.6471354166666666 0.0205078125 0.020833333333333332
2 0.06591796875 0.689453125 0.1318359375 0.022135416666666668
6 0.01220703125 0.71484375 0.0244140625 0.020833333333333332
4 0.0419921875 0.7141927083333334 0.01171875 0.016927083333333332
7 0.05859375 0.71484375 0.01953125 0.020833333333333332
4 0.07568359375 0.7141927083333334 0.0126953125 0.016927083333333332
7 0.09130859375 0.71484375 0.0166015625 0.020833333333333332
7 0.2333984375 0.76953125 0.037109375 0.018229166666666668
0 0.2373046875 0.76953125 0.044921875 0.018229166666666668
3 0.42529296875 0.35546875 0.1884765625 0.3255208333333333
3 0.42529296875 0.6653645833333334 0.1884765625 0.2682291666666667
7 0.759765625 0.08919270833333333 0.48046875 0.14713541666666666
7 0.759765625 0.21028645833333334 0.48046875 0.14713541666666666
2 0.5888671875 0.357421875 0.138671875 0.053385416666666664
2 0.75341796875 0.3470052083333333 0.1943359375 0.08723958333333333
2 0.92529296875 0.357421875 0.1494140625 0.053385416666666664
1 0.74951171875 0.4576822916666667 0.4599609375 0.08463541666666667
2 0.759765625 0.525390625 0.48046875 0.024739583333333332
7 0.8115234375 0.6204427083333334 0.376953125 0.032552083333333336
6 0.8583984375 0.6783854166666666 0.142578125 0.020833333333333332
0 0.85791015625 0.6783854166666666 0.2451171875 0.044270833333333336
6 0.857421875 0.7291666666666666 0.1953125 0.020833333333333332
0 0.85791015625 0.7291666666666666 0.2451171875 0.044270833333333336
7 0.86279296875 0.7942708333333334 0.2314453125 0.010416666666666666
4 0.259765625 0.8997395833333334 0.51953125 0.20052083333333334
7 0.0673828125 0.8580729166666666 0.134765625 0.06770833333333333
2 0.259765625 0.93359375 0.51953125 0.036458333333333336
7 0.259765625 0.9700520833333334 0.51953125 0.036458333333333336
7 0.759765625 0.8216145833333334 0.48046875 0.044270833333333336
6 0.5673828125 0.8333333333333334 0.0859375 0.020833333333333332
7 0.65478515625 0.8333333333333334 0.0908203125 0.020833333333333332
6 0.78271484375 0.8333333333333334 0.1669921875 0.020833333333333332
7 0.86767578125 0.8333333333333334 0.0048828125 0.020833333333333332
3 0.759765625 0.9654947916666666 0.48046875 0.06901041666666667