4 0.224609375 0.18033854166666666 0.44921875 0.3606770833333333
7 0.037109375 0.2799479166666667 0.07421875 0.020833333333333332
0 0.04736328125 0.2786458333333333 0.0947265625 0.046875
4 0.0771484375 0.279296875 0.005859375 0.014322916666666666
2 0.52978515625 0.103515625 0.1611328125 0.09505208333333333
7 0.224609375 0.59765625 0.44921875 0.17708333333333334
7 0.20751953125 0.6822916666666666 0.0322265625 0.020833333333333332
1 0.3359375 0.68359375 0.2265625 0.052083333333333336
2 0.224609375 0.8255208333333334 0.44921875 0.1015625
2 0.224609375 0.9147135416666666 0.44921875 0.055989583333333336
0 0.400390625 0.9869791666666666 0.09765625 0.026041666666666668
4 0.724609375 0.5859375 0.55078125 0.1171875
0 0.724609375 0.5859375 0.55078125 0.1171875
0 0.466796875 0.7096354166666666 0.03515625 0.078125
0 0.5185546875 0.7096354166666666 0.068359375 0.078125
0 0.5869140625 0.7096354166666666 0.068359375 0.078125
0 0.6552734375 0.7096354166666666 0.068359375 0.078125
0 0.7236328125 0.7096354166666666 0.068359375 0.078125
0 0.7919921875 0.7096354166666666 0.068359375 0.078125
0 0.8603515625 0.7096354166666666 0.068359375 0.078125
0 0.9287109375 0.7096354166666666 0.068359375 0.078125
7 0.98876953125 0.7096354166666666 0.0224609375 0.026041666666666668
0 0.9814453125 0.7096354166666666 0.037109375 0.078125
4 0.724609375 0.8873697916666666 0.55078125 0.22526041666666666
0 0.724609375 0.7838541666666666 0.55078125 0.018229166666666668