2 0.14453125 0.087890625 0.2890625 0.04296875
1 0.14453125 0.22981770833333334 0.2890625 0.055989583333333336
4 0.14453125 0.3548177083333333 0.2890625 0.14973958333333334
4 0.77490234375 0.17708333333333334 0.0947265625 0.125
7 0.775390625 0.28125 0.404296875 0.036458333333333336
7 0.7705078125 0.3723958333333333 0.39453125 0.07291666666666667
0 0.84521484375 0.3997395833333333 0.1025390625 0.03125
4 0.3369140625 0.349609375 0.025390625 0.048177083333333336
2 0.41015625 0.4095052083333333 0.171875 0.032552083333333336
4 0.8125 0.349609375 0.025390625 0.048177083333333336
2 0.89697265625 0.4095052083333333 0.1943359375 0.032552083333333336
7 0.1708984375 0.435546875 0.08203125 0.01171875
7 0.14453125 0.5299479166666666 0.2890625 0.1171875
2 0.12939453125 0.9231770833333334 0.2587890625 0.15364583333333334
0 0.3046875 0.4440104166666667 0.03125 0.028645833333333332
0 0.97314453125 0.4440104166666667 0.0537109375 0.028645833333333332
0 0.90869140625 0.4440104166666667 0.0751953125 0.028645833333333332
0 0.830078125 0.4440104166666667 0.083984375 0.028645833333333332
0 0.7548828125 0.4440104166666667 0.068359375 0.028645833333333332
6 0.685546875 0.4427083333333333 0.041015625 0.018229166666666668
0 0.68505859375 0.4440104166666667 0.0732421875 0.028645833333333332
2 0.80859375 0.6953125 0.138671875 0.1953125
1 0.4619140625 0.6979166666666666 0.345703125 0.044270833333333336
1 0.65283203125 0.69921875 0.0322265625 0.041666666666666664
1 0.6875 0.69921875 0.03125 0.041666666666666664
0 0.58154296875 0.7337239583333334 0.0888671875 0.01953125
1 0.29443359375 0.736328125 0.0107421875 0.016927083333333332
7 0.34521484375 0.7395833333333334 0.0849609375 0.015625
7 0.48876953125 0.8684895833333334 0.0634765625 0.018229166666666668
6 0.5498046875 0.8684895833333334 0.060546875 0.018229166666666668
7 0.58447265625 0.8684895833333334 0.0107421875 0.018229166666666668
6 0.6123046875 0.8684895833333334 0.046875 0.018229166666666668
7 0.50830078125 0.9759114583333334 0.0693359375 0.01953125
4 0.580078125 0.9563802083333334 0.076171875 0.05078125