3 0.29296875 0.041666666666666664 0.4921875 0.08333333333333333
2 0.26953125 0.17643229166666666 0.5390625 0.04296875
1 0.27490234375 0.318359375 0.5283203125 0.055989583333333336
0 0.017578125 0.4055989583333333 0.03515625 0.037760416666666664
4 0.26953125 0.4641927083333333 0.5390625 0.19140625
7 0.76953125 0.054036458333333336 0.4609375 0.053385416666666664
6 0.84814453125 0.0703125 0.1689453125 0.020833333333333332
0 0.68359375 0.17122395833333334 0.255859375 0.061197916666666664
2 0.560546875 0.3444010416666667 0.04296875 0.045572916666666664
2 0.62646484375 0.3444010416666667 0.0908203125 0.045572916666666664
2 0.79736328125 0.3444010416666667 0.2529296875 0.045572916666666664
1 0.7431640625 0.4140625 0.408203125 0.059895833333333336
0 0.984375 0.419921875 0.03125 0.07161458333333333
2 0.0751953125 0.6315104166666666 0.150390625 0.09375
7 0.0751953125 0.69921875 0.150390625 0.03125
4 0.3447265625 0.7376302083333334 0.388671875 0.35546875
4 0.93408203125 0.798828125 0.1318359375 0.40234375
0 0.935546875 0.8001302083333334 0.12890625 0.3997395833333333
2 0.68994140625 0.748046875 0.3017578125 0.20963541666666666
7 0.6904296875 0.9322916666666666 0.302734375 0.11458333333333333