1 0.125 0.042317708333333336 0.25 0.07421875
2 0.125 0.3111979166666667 0.25 0.0234375
2 0.125 0.3502604166666667 0.25 0.0234375
2 0.435546875 0.078125 0.37109375 0.15625
0 0.31591796875 0.23111979166666666 0.1318359375 0.06380208333333333
0 0.47412109375 0.23111979166666666 0.1357421875 0.06380208333333333
4 0.8232421875 0.189453125 0.353515625 0.37890625
0 0.244140625 0.4401041666666667 0.01171875 0.026041666666666668
0 0.01904296875 0.5182291666666666 0.0380859375 0.028645833333333332
0 0.08935546875 0.5182291666666666 0.0576171875 0.028645833333333332
0 0.1787109375 0.5182291666666666 0.078125 0.028645833333333332
7 0.125 0.6171875 0.25 0.16666666666666666
2 0.125 0.837890625 0.25 0.014322916666666666
0 0.017578125 0.8626302083333334 0.03515625 0.024739583333333332
2 0.017578125 0.8626302083333334 0.03515625 0.024739583333333332
0 0.36474609375 0.3932291666666667 0.1826171875 0.0234375
0 0.36474609375 0.4153645833333333 0.1826171875 0.0234375
0 0.36474609375 0.4375 0.1826171875 0.0234375
0 0.36474609375 0.4596354166666667 0.1826171875 0.0234375
0 0.36474609375 0.4817708333333333 0.1826171875 0.0234375
0 0.36474609375 0.50390625 0.1826171875 0.0234375
0 0.36474609375 0.5260416666666666 0.1826171875 0.0234375
0 0.36474609375 0.5481770833333334 0.1826171875 0.0234375
0 0.36474609375 0.5703125 0.1826171875 0.0234375
0 0.36474609375 0.5911458333333334 0.1826171875 0.020833333333333332
0 0.36474609375 0.6106770833333334 0.1826171875 0.020833333333333332
2 0.70654296875 0.3932291666666667 0.4755859375 0.028645833333333332
4 0.7177734375 0.45703125 0.064453125 0.08333333333333333
2 0.7177734375 0.53515625 0.498046875 0.020833333333333332
7 0.568359375 0.5716145833333334 0.19921875 0.020833333333333332
6 0.685546875 0.5716145833333334 0.03515625 0.020833333333333332
7 0.716796875 0.5716145833333334 0.029296875 0.020833333333333332
6 0.74853515625 0.5716145833333334 0.0380859375 0.020833333333333332
7 0.7158203125 0.5813802083333334 0.494140625 0.040364583333333336
2 0.7177734375 0.6341145833333334 0.498046875 0.020833333333333332
7 0.6298828125 0.6692708333333334 0.322265625 0.020833333333333332
7 0.83642578125 0.6692708333333334 0.0908203125 0.020833333333333332
6 0.89306640625 0.6705729166666666 0.0263671875 0.0234375
7 0.49755859375 0.6888020833333334 0.0576171875 0.020833333333333332
7 0.52880859375 0.6888020833333334 0.0048828125 0.020833333333333332
4 0.7177734375 0.7395833333333334 0.064453125 0.08333333333333333
4 0.625 0.814453125 0.72265625 0.022135416666666668
7 0.625 0.8515625 0.72265625 0.015625