2 0.2998046875 0.055338541666666664 0.599609375 0.06380208333333333
1 0.2294921875 0.16471354166666666 0.458984375 0.07421875
2 0.14208984375 0.4303385416666667 0.2841796875 0.016927083333333332
2 0.3251953125 0.4303385416666667 0.0859375 0.016927083333333332
2 0.3740234375 0.4303385416666667 0.013671875 0.016927083333333332
7 0.7998046875 0.4290364583333333 0.400390625 0.01953125
2 0.7998046875 0.109375 0.400390625 0.08333333333333333
2 0.7998046875 0.19140625 0.400390625 0.08333333333333333
7 0.7998046875 0.21940104166666666 0.400390625 0.4388020833333333
0 0.3212890625 0.4583333333333333 0.29296875 0.0390625
0 0.01318359375 0.52734375 0.0263671875 0.052083333333333336
0 0.10302734375 0.52734375 0.1455078125 0.052083333333333336
0 0.2265625 0.52734375 0.09375 0.052083333333333336
0 0.3447265625 0.52734375 0.134765625 0.052083333333333336
0 0.47314453125 0.52734375 0.1142578125 0.052083333333333336
0 0.56689453125 0.52734375 0.0654296875 0.052083333333333336
2 0.107421875 0.7903645833333334 0.21484375 0.4192708333333333
4 0.12890625 0.9212239583333334 0.2578125 0.15755208333333334
0 0.12890625 0.9212239583333334 0.2578125 0.15755208333333334
2 0.375 0.611328125 0.1796875 0.061197916666666664
6 0.37451171875 0.6575520833333334 0.0478515625 0.015625
7 0.375 0.6790364583333334 0.01953125 0.024739583333333332
2 0.37548828125 0.7623697916666666 0.1865234375 0.061197916666666664
6 0.37451171875 0.80859375 0.0869140625 0.015625
7 0.375 0.830078125 0.025390625 0.024739583333333332
2 0.375 0.9134114583333334 0.173828125 0.061197916666666664
6 0.37548828125 0.9596354166666666 0.0869140625 0.015625
7 0.375 0.9811197916666666 0.01953125 0.024739583333333332
3 0.54833984375 0.79296875 0.1025390625 0.4140625
7 0.8388671875 0.4856770833333333 0.322265625 0.09375
7 0.818359375 0.59765625 0.251953125 0.0234375
0 0.83251953125 0.59765625 0.3095703125 0.0546875
4 0.7998046875 0.9225260416666666 0.400390625 0.15494791666666666
4 0.7998046875 0.7194010416666666 0.400390625 0.5611979166666666
7 0.76220703125 0.583984375 0.3251953125 0.09505208333333333
0 0.7548828125 0.69921875 0.162109375 0.052083333333333336
0 0.63232421875 0.69921875 0.0654296875 0.052083333333333336