7 0.1611328125 0.044270833333333336 0.2421875 0.03125
7 0.36962890625 0.08333333333333333 0.6591796875 0.026041666666666668
6 0.07373046875 0.13020833333333334 0.0673828125 0.020833333333333332
2 0.13916015625 0.24153645833333334 0.2783203125 0.03515625
7 0.349609375 0.2760416666666667 0.69921875 0.026041666666666668
1 0.17333984375 0.359375 0.3466796875 0.06770833333333333
7 0.64404296875 0.359375 0.0478515625 0.020833333333333332
0 0.63720703125 0.359375 0.1240234375 0.06770833333333333
7 0.67919921875 0.359375 0.0166015625 0.020833333333333332
7 0.69287109375 0.359375 0.0126953125 0.020833333333333332
5 0.07177734375 0.4322916666666667 0.1435546875 0.026041666666666668
7 0.64599609375 0.09440104166666667 0.1064453125 0.045572916666666664
4 0.849609375 0.2727864583333333 0.30078125 0.43359375
7 0.71337890625 0.13346354166666666 0.0283203125 0.024739583333333332
2 0.83642578125 0.23567708333333334 0.2744140625 0.08854166666666667
7 0.83642578125 0.3567708333333333 0.2744140625 0.13020833333333334
7 0.76708984375 0.4576822916666667 0.1357421875 0.029947916666666668
4 0.140625 0.703125 0.28125 0.4270833333333333
2 0.49755859375 0.5651041666666666 0.4033203125 0.0625
7 0.49755859375 0.6881510416666666 0.4033203125 0.14453125
7 0.4365234375 0.8255208333333334 0.251953125 0.0234375
0 0.45068359375 0.8255208333333334 0.3095703125 0.0546875
4 0.349609375 0.7447916666666666 0.69921875 0.5104166666666666
7 0.287109375 0.8118489583333334 0.51171875 0.09505208333333333
6 0.1455078125 0.8489583333333334 0.08203125 0.020833333333333332
0 0.373046875 0.9270833333333334 0.162109375 0.052083333333333336
0 0.2021484375 0.9270833333333334 0.162109375 0.052083333333333336
4 0.849609375 0.6959635416666666 0.30078125 0.4127604166666667
7 0.7880859375 0.578125 0.177734375 0.13020833333333334
4 0.80908203125 0.9798177083333334 0.0419921875 0.040364583333333336
0 0.89404296875 0.9798177083333334 0.2119140625 0.040364583333333336
7 0.8955078125 0.9720052083333334 0.111328125 0.029947916666666668
7 0.919921875 0.978515625 0.16015625 0.04296875