2 0.06982421875 0.07747395833333333 0.1396484375 0.03515625
7 0.349609375 0.11197916666666667 0.69921875 0.026041666666666668
1 0.10400390625 0.1953125 0.2080078125 0.06770833333333333
7 0.50537109375 0.1953125 0.0478515625 0.020833333333333332
0 0.56787109375 0.1953125 0.2626953125 0.06770833333333333
7 0.54052734375 0.1953125 0.0166015625 0.020833333333333332
7 0.57763671875 0.1953125 0.0595703125 0.020833333333333332
7 0.61962890625 0.1953125 0.0166015625 0.020833333333333332
7 0.6474609375 0.1953125 0.04296875 0.020833333333333332
2 0.349609375 0.4049479166666667 0.69921875 0.041666666666666664
4 0.1455078125 0.4830729166666667 0.185546875 0.07291666666666667
4 0.3466796875 0.4830729166666667 0.185546875 0.07291666666666667
4 0.5478515625 0.4830729166666667 0.185546875 0.07291666666666667
7 0.7109375 0.03125 0.0234375 0.018229166666666668
7 0.74365234375 0.03125 0.0302734375 0.018229166666666668
7 0.767578125 0.031901041666666664 0.0078125 0.016927083333333332
7 0.865234375 0.03125 0.0234375 0.018229166666666668
7 0.9013671875 0.03125 0.0390625 0.018229166666666668
7 0.94189453125 0.03125 0.0302734375 0.018229166666666668
7 0.9658203125 0.031901041666666664 0.0078125 0.016927083333333332
6 0.92138671875 0.11328125 0.0966796875 0.06510416666666667
6 0.9521484375 0.11328125 0.03515625 0.06510416666666667
4 0.88916015625 0.11979166666666667 0.1611328125 0.036458333333333336
0 0.88916015625 0.12109375 0.1611328125 0.0390625
0 0.71826171875 0.19466145833333334 0.0380859375 0.03515625
0 0.78173828125 0.19466145833333334 0.0869140625 0.03515625
0 0.8818359375 0.19466145833333334 0.111328125 0.03515625
4 0.951171875 0.1953125 0.029296875 0.044270833333333336
0 0.95068359375 0.19596354166666666 0.0341796875 0.045572916666666664
6 0.73828125 0.2604166666666667 0.072265625 0.018229166666666668
4 0.96337890625 0.2591145833333333 0.0185546875 0.0234375
3 0.77783203125 0.3880208333333333 0.1572265625 0.1171875
4 0.13232421875 0.650390625 0.2646484375 0.26171875
4 0.13232421875 0.650390625 0.2646484375 0.26171875
0 0.11767578125 0.7389322916666666 0.2353515625 0.055989583333333336
6 0.04833984375 0.8053385416666666 0.0966796875 0.024739583333333332
4 0.18359375 0.8040364583333334 0.015625 0.022135416666666668
7 0.205078125 0.8072916666666666 0.017578125 0.020833333333333332
4 0.2333984375 0.8053385416666666 0.015625 0.022135416666666668
7 0.25537109375 0.8072916666666666 0.0185546875 0.020833333333333332
4 0.4365234375 0.650390625 0.3046875 0.26171875
4 0.4365234375 0.650390625 0.3046875 0.26171875
0 0.42919921875 0.7389322916666666 0.2607421875 0.055989583333333336
4 0.2939453125 0.806640625 0.01953125 0.02734375
6 0.34912109375 0.8053385416666666 0.0810546875 0.024739583333333332
4 0.513671875 0.8040364583333334 0.015625 0.022135416666666668
7 0.53564453125 0.8072916666666666 0.0185546875 0.020833333333333332
4 0.564453125 0.8053385416666666 0.015625 0.022135416666666668
7 0.5830078125 0.8072916666666666 0.01171875 0.020833333333333332
4 0.65380859375 0.650390625 0.0908203125 0.26171875
4 0.65380859375 0.650390625 0.0908203125 0.26171875
0 0.6611328125 0.751953125 0.076171875 0.029947916666666668
4 0.6181640625 0.806640625 0.01953125 0.02734375
6 0.666015625 0.8053385416666666 0.06640625 0.024739583333333332
4 0.13232421875 0.9322916666666666 0.2646484375 0.13541666666666666
4 0.13232421875 0.9322916666666666 0.2646484375 0.13541666666666666
4 0.4365234375 0.9322916666666666 0.3046875 0.13541666666666666
4 0.4365234375 0.9322916666666666 0.3046875 0.13541666666666666
4 0.65380859375 0.9322916666666666 0.0908203125 0.13541666666666666
4 0.65380859375 0.9322916666666666 0.0908203125 0.13541666666666666
1 0.849609375 0.5696614583333334 0.30078125 0.05859375
0 0.849609375 0.822265625 0.30078125 0.3346354166666667
2 0.8232421875 0.9342447916666666 0.248046875 0.061197916666666664
7 0.99853515625 0.9713541666666666 0.0029296875 0.018229166666666668