4 0.24072265625 0.23828125 0.4814453125 0.4427083333333333
0 0.24072265625 0.23828125 0.4814453125 0.4427083333333333
3 0.54541015625 0.1796875 0.0888671875 0.3255208333333333
0 0.54541015625 0.3958333333333333 0.0888671875 0.0546875
4 0.794921875 0.19791666666666666 0.41015625 0.3958333333333333
7 0.71875 0.125 0.2578125 0.25
7 0.73291015625 0.033854166666666664 0.2001953125 0.06770833333333333
7 0.6396484375 0.09895833333333333 0.099609375 0.078125
7 0.69482421875 0.099609375 0.0107421875 0.07682291666666667
0 0.72314453125 0.224609375 0.2666015625 0.053385416666666664
4 0.232421875 0.8307291666666666 0.46484375 0.3385416666666667
2 0.20263671875 0.9680989583333334 0.4052734375 0.06380208333333333
0 0.20263671875 0.9680989583333334 0.4052734375 0.06380208333333333
4 0.794921875 0.7259114583333334 0.41015625 0.5325520833333334