4 0.2978515625 0.232421875 0.595703125 0.46484375
0 0.2978515625 0.232421875 0.595703125 0.46484375
2 0.2841796875 0.5032552083333334 0.568359375 0.032552083333333336
4 0.81982421875 0.10546875 0.3603515625 0.2109375
0 0.81982421875 0.10546875 0.3603515625 0.2109375
7 0.97119140625 0.12239583333333333 0.0576171875 0.0234375
7 0.96484375 0.15755208333333334 0.0703125 0.0234375
7 0.98388671875 0.19270833333333334 0.0322265625 0.0234375
2 0.736328125 0.2721354166666667 0.193359375 0.033854166666666664
6 0.80078125 0.275390625 0.025390625 0.01953125
2 0.73583984375 0.3196614583333333 0.1923828125 0.024739583333333332
6 0.71923828125 0.37109375 0.1591796875 0.041666666666666664
6 0.71533203125 0.4752604166666667 0.1513671875 0.041666666666666664
2 0.93115234375 0.2740885416666667 0.1376953125 0.024739583333333332
6 0.92822265625 0.3196614583333333 0.1103515625 0.01953125
6 0.92578125 0.3444010416666667 0.10546875 0.01953125
6 0.90185546875 0.3704427083333333 0.0576171875 0.01953125
2 0.93115234375 0.45703125 0.1376953125 0.0234375
4 0.9267578125 0.50390625 0.146484375 0.03125
0 0.865234375 0.50390625 0.025390625 0.03125
4 0.8955078125 0.50390625 0.025390625 0.03125
0 0.8955078125 0.50390625 0.025390625 0.03125
4 0.92578125 0.50390625 0.025390625 0.03125
0 0.92578125 0.50390625 0.025390625 0.03125
4 0.9560546875 0.50390625 0.025390625 0.03125
0 0.9560546875 0.50390625 0.025390625 0.03125
4 0.98681640625 0.50390625 0.0263671875 0.03125
0 0.98681640625 0.50390625 0.0263671875 0.03125
7 0.33203125 0.9752604166666666 0.615234375 0.049479166666666664
6 0.26611328125 0.9921875 0.0751953125 0.015625
7 0.3056640625 0.9921875 0.00390625 0.015625
7 0.19482421875 0.60546875 0.3408203125 0.125
0 0.091796875 0.7408854166666666 0.134765625 0.0625
0 0.81982421875 0.5631510416666666 0.3603515625 0.07161458333333333
0 0.81982421875 0.7610677083333334 0.3603515625 0.4778645833333333
4 0.81982421875 0.7610677083333334 0.3603515625 0.4778645833333333