2 0.07763671875 0.056640625 0.1552734375 0.11328125
0 0.0380859375 0.18815104166666666 0.076171875 0.06380208333333333
4 0.3251953125 0.16471354166666666 0.2890625 0.3294270833333333
2 0.52978515625 0.07877604166666667 0.1201171875 0.037760416666666664
4 0.619140625 0.22330729166666666 0.298828125 0.21223958333333334
0 0.619140625 0.22330729166666666 0.298828125 0.21223958333333334
4 0.89599609375 0.19075520833333334 0.1943359375 0.14713541666666666
0 0.89599609375 0.19075520833333334 0.1943359375 0.14713541666666666
2 0.86572265625 0.3111979166666667 0.1337890625 0.036458333333333336
7 0.0419921875 0.337890625 0.083984375 0.016927083333333332
0 0.0419921875 0.3528645833333333 0.083984375 0.046875
7 0.1572265625 0.337890625 0.068359375 0.016927083333333332
0 0.1572265625 0.3528645833333333 0.068359375 0.046875
7 0.28564453125 0.337890625 0.1103515625 0.016927083333333332
0 0.28564453125 0.3528645833333333 0.1103515625 0.046875
7 0.4130859375 0.337890625 0.06640625 0.016927083333333332
0 0.4130859375 0.3528645833333333 0.06640625 0.046875
7 0.5107421875 0.33984375 0.078125 0.020833333333333332
0 0.5107421875 0.3404947916666667 0.078125 0.01953125
7 0.66064453125 0.33984375 0.1767578125 0.020833333333333332
0 0.66064453125 0.3404947916666667 0.1767578125 0.01953125
7 0.837890625 0.33984375 0.130859375 0.020833333333333332
0 0.837890625 0.3404947916666667 0.130859375 0.01953125
7 0.962890625 0.33984375 0.07421875 0.020833333333333332
0 0.962890625 0.3404947916666667 0.07421875 0.01953125
7 0.5048828125 0.4602864583333333 0.0625 0.024739583333333332
0 0.513671875 0.4609375 0.087890625 0.041666666666666664
7 0.62060546875 0.4602864583333333 0.0380859375 0.024739583333333332
0 0.62060546875 0.4609375 0.0810546875 0.041666666666666664
3 0.73486328125 0.6868489583333334 0.5302734375 0.6263020833333334
0 0.73486328125 0.6868489583333334 0.5302734375 0.6263020833333334