4 0.50927734375 0.021484375 0.0166015625 0.022135416666666668
0 0.5595703125 0.020182291666666668 0.1171875 0.01953125
7 0.56103515625 0.020833333333333332 0.0732421875 0.020833333333333332
2 0.3662109375 0.22395833333333334 0.3515625 0.0390625
7 0.3662109375 0.28515625 0.3515625 0.036458333333333336
1 0.3662109375 0.3294270833333333 0.3515625 0.052083333333333336
0 0.3662109375 0.4114583333333333 0.3515625 0.046875
0 0.3662109375 0.48046875 0.095703125 0.026041666666666668
7 0.3662109375 0.5390625 0.041015625 0.026041666666666668
4 0.216796875 0.6106770833333334 0.017578125 0.0234375
0 0.3662109375 0.6067708333333334 0.3515625 0.044270833333333336
7 0.37060546875 0.6106770833333334 0.1181640625 0.026041666666666668
4 0.82470703125 0.072265625 0.3505859375 0.14453125
4 0.82470703125 0.3854166666666667 0.3505859375 0.4817708333333333
2 0.82470703125 0.203125 0.3505859375 0.044270833333333336
7 0.80908203125 0.2421875 0.3193359375 0.028645833333333332
2 0.82470703125 0.3190104166666667 0.3505859375 0.06770833333333333
2 0.82470703125 0.3958333333333333 0.3505859375 0.033854166666666664
2 0.82470703125 0.4557291666666667 0.3505859375 0.033854166666666664
7 0.7998046875 0.5247395833333334 0.279296875 0.052083333333333336
0 0.80224609375 0.5247395833333334 0.3056640625 0.052083333333333336
7 0.7998046875 0.5716145833333334 0.25390625 0.018229166666666668
2 0.095703125 0.751953125 0.19140625 0.14453125
2 0.73876953125 0.6516927083333334 0.1787109375 0.03515625
4 0.73876953125 0.8411458333333334 0.1787109375 0.3177083333333333
0 0.73876953125 0.8411458333333334 0.1787109375 0.3177083333333333
3 0.9365234375 0.78125 0.126953125 0.3046875