0 0.30078125 0.018229166666666668 0.138671875 0.036458333333333336
0 0.30078125 0.12434895833333333 0.29296875 0.08984375
0 0.08251953125 0.21875 0.1455078125 0.052083333333333336
0 0.2060546875 0.21875 0.09375 0.052083333333333336
0 0.32421875 0.21875 0.134765625 0.052083333333333336
0 0.45263671875 0.21875 0.1142578125 0.052083333333333336
0 0.5732421875 0.21875 0.119140625 0.052083333333333336
2 0.3544921875 0.302734375 0.1796875 0.061197916666666664
6 0.35400390625 0.3489583333333333 0.0478515625 0.015625
7 0.3544921875 0.3639322916666667 0.01953125 0.01171875
7 0.8447265625 0.044270833333333336 0.310546875 0.08854166666666667
6 0.8447265625 0.18489583333333334 0.310546875 0.3697916666666667
3 0.88720703125 0.06380208333333333 0.2255859375 0.1171875
4 0.81298828125 0.24283854166666666 0.1806640625 0.13151041666666666
0 0.8095703125 0.2532552083333333 0.16015625 0.13151041666666666
4 0.3447265625 0.6796875 0.689453125 0.6197916666666666
0 0.3447265625 0.6282552083333334 0.689453125 0.5169270833333334
7 0.021484375 0.5833333333333334 0.04296875 0.026041666666666668
6 0.06005859375 0.6165364583333334 0.1201171875 0.022135416666666668
2 0.10693359375 0.6848958333333334 0.2138671875 0.0703125
7 0.2431640625 0.7532552083333334 0.486328125 0.07421875
6 0.02001953125 0.8424479166666666 0.0400390625 0.020833333333333332
7 0.05322265625 0.8424479166666666 0.0068359375 0.020833333333333332
6 0.15576171875 0.8424479166666666 0.1806640625 0.020833333333333332
4 0.05908203125 0.953125 0.1181640625 0.09375
0 0.05908203125 0.953125 0.1181640625 0.09375
4 0.2373046875 0.953125 0.216796875 0.09375
0 0.2373046875 0.953125 0.216796875 0.09375
4 0.46484375 0.953125 0.216796875 0.09375
0 0.46484375 0.953125 0.216796875 0.09375
7 0.6337890625 0.9186197916666666 0.111328125 0.024739583333333332
4 0.73876953125 0.580078125 0.0986328125 0.4205729166666667
7 0.70361328125 0.7591145833333334 0.0283203125 0.020833333333333332
7 0.72314453125 0.7591145833333334 0.0126953125 0.020833333333333332
7 0.8935546875 0.37890625 0.212890625 0.018229166666666668
7 0.861328125 0.4329427083333333 0.0625 0.022135416666666668
0 0.86474609375 0.4329427083333333 0.1162109375 0.05859375
7 0.982421875 0.4329427083333333 0.03515625 0.022135416666666668
0 0.970703125 0.4329427083333333 0.05859375 0.05859375
2 0.9033203125 0.5559895833333334 0.193359375 0.03125
7 0.9033203125 0.6009114583333334 0.193359375 0.02734375
6 0.96142578125 0.6484375 0.0771484375 0.020833333333333332
6 0.96142578125 0.6861979166666666 0.0771484375 0.020833333333333332
6 0.96142578125 0.7239583333333334 0.0771484375 0.020833333333333332
6 0.7548828125 0.857421875 0.130859375 0.022135416666666668
6 0.93408203125 0.857421875 0.1318359375 0.022135416666666668
7 0.923828125 0.9921875 0.15234375 0.015625