6 0.0859375 0.004557291666666667 0.08203125 0.009114583333333334
6 0.0234375 0.06705729166666667 0.046875 0.05859375
6 0.10791015625 0.06705729166666667 0.0517578125 0.05859375
6 0.1826171875 0.06705729166666667 0.02734375 0.05859375
6 0.36572265625 0.06575520833333333 0.0478515625 0.05859375
4 0.25244140625 0.3522135416666667 0.2744140625 0.5533854166666666
4 0.28466796875 0.4192708333333333 0.1904296875 0.08333333333333333
7 0.236328125 0.51953125 0.140625 0.028645833333333332
7 0.419921875 0.10481770833333333 0.060546875 0.045572916666666664
0 0.4521484375 0.2845052083333333 0.125 0.20442708333333334
7 0.4228515625 0.4954427083333333 0.06640625 0.022135416666666668
0 0.44873046875 0.4954427083333333 0.1181640625 0.048177083333333336
7 0.46240234375 0.4954427083333333 0.0146484375 0.022135416666666668
0 0.69580078125 0.08854166666666667 0.1904296875 0.06510416666666667
7 0.642578125 0.162109375 0.0703125 0.022135416666666668
0 0.69580078125 0.162109375 0.1904296875 0.045572916666666664
7 0.67529296875 0.232421875 0.1357421875 0.022135416666666668
0 0.69580078125 0.232421875 0.1904296875 0.045572916666666664
7 0.66357421875 0.3125 0.1123046875 0.06510416666666667
0 0.69580078125 0.3125 0.1904296875 0.08854166666666667
7 0.673828125 0.40234375 0.1328125 0.06510416666666667
0 0.69580078125 0.40234375 0.1904296875 0.08854166666666667
7 0.6650390625 0.482421875 0.115234375 0.022135416666666668
0 0.69580078125 0.482421875 0.1904296875 0.045572916666666664
7 0.65283203125 0.5625 0.0908203125 0.06510416666666667
0 0.69580078125 0.5625 0.1904296875 0.08854166666666667
4 0.90478515625 0.12174479166666667 0.1708984375 0.14192708333333334
0 0.90478515625 0.12174479166666667 0.1708984375 0.14192708333333334
2 0.90478515625 0.271484375 0.1396484375 0.10546875
0 0.90478515625 0.271484375 0.1396484375 0.10546875
7 0.90478515625 0.466796875 0.1396484375 0.24088541666666666
4 0.095703125 0.8385416666666666 0.19140625 0.3229166666666667
2 0.08447265625 0.9850260416666666 0.1689453125 0.029947916666666668
4 0.2900390625 0.8385416666666666 0.19921875 0.3229166666666667
2 0.3037109375 0.9850260416666666 0.171875 0.029947916666666668
1 0.67138671875 0.6490885416666666 0.5400390625 0.040364583333333336
1 0.97998046875 0.6497395833333334 0.0400390625 0.041666666666666664
6 0.40625 0.703125 0.033203125 0.020833333333333332
6 0.46142578125 0.703125 0.0517578125 0.020833333333333332
6 0.52490234375 0.703125 0.0517578125 0.020833333333333332
6 0.595703125 0.703125 0.064453125 0.020833333333333332
6 0.65380859375 0.703125 0.0263671875 0.020833333333333332
6 0.70458984375 0.703125 0.0517578125 0.020833333333333332
6 0.7626953125 0.703125 0.0390625 0.020833333333333332
6 0.82080078125 0.703125 0.0517578125 0.020833333333333332
6 0.90966796875 0.703125 0.1025390625 0.020833333333333332
6 0.98681640625 0.703125 0.0263671875 0.020833333333333332
2 0.4189453125 0.7786458333333334 0.05859375 0.036458333333333336
0 0.4189453125 0.78125 0.05859375 0.041666666666666664
2 0.494140625 0.7786458333333334 0.078125 0.036458333333333336
0 0.494140625 0.78125 0.078125 0.041666666666666664
2 0.5791015625 0.7786458333333334 0.078125 0.036458333333333336
0 0.5791015625 0.78125 0.078125 0.041666666666666664
2 0.6640625 0.7786458333333334 0.078125 0.036458333333333336
0 0.6640625 0.78125 0.078125 0.041666666666666664
2 0.7490234375 0.7786458333333334 0.078125 0.036458333333333336
0 0.7490234375 0.78125 0.078125 0.041666666666666664
2 0.833984375 0.7786458333333334 0.078125 0.036458333333333336
0 0.833984375 0.78125 0.078125 0.041666666666666664
2 0.9189453125 0.7786458333333334 0.078125 0.036458333333333336
0 0.9189453125 0.78125 0.078125 0.041666666666666664
2 0.982421875 0.7786458333333334 0.03515625 0.036458333333333336
0 0.982421875 0.78125 0.03515625 0.041666666666666664
6 0.49267578125 0.8157552083333334 0.1923828125 0.022135416666666668
6 0.7138671875 0.8157552083333334 0.19140625 0.022135416666666668
6 0.9208984375 0.8157552083333334 0.158203125 0.022135416666666668
7 0.4384765625 0.8671875 0.095703125 0.036458333333333336
7 0.53369140625 0.8671875 0.0966796875 0.036458333333333336
7 0.62939453125 0.8671875 0.0966796875 0.036458333333333336
7 0.72509765625 0.8671875 0.0966796875 0.036458333333333336
7 0.8203125 0.8671875 0.095703125 0.036458333333333336
4 0.62939453125 0.943359375 0.4755859375 0.11328125
0 0.62939453125 0.943359375 0.4755859375 0.11328125
7 0.9130859375 0.8671875 0.0703125 0.036458333333333336
7 0.97412109375 0.8671875 0.0517578125 0.036458333333333336