4 0.02734375 0.049479166666666664 0.015625 0.020833333333333332
0 0.02734375 0.049479166666666664 0.015625 0.020833333333333332
4 0.1220703125 0.048177083333333336 0.09765625 0.020833333333333332
0 0.1220703125 0.048177083333333336 0.09765625 0.020833333333333332
4 0.40380859375 0.048177083333333336 0.1025390625 0.044270833333333336
0 0.4111328125 0.048177083333333336 0.1171875 0.044270833333333336
0 0.14404296875 0.12760416666666666 0.0322265625 0.028645833333333332
0 0.2080078125 0.12760416666666666 0.052734375 0.028645833333333332
0 0.28564453125 0.12760416666666666 0.0576171875 0.028645833333333332
0 0.35595703125 0.12760416666666666 0.0400390625 0.028645833333333332
0 0.45947265625 0.12760416666666666 0.1240234375 0.028645833333333332
0 0.57275390625 0.12760416666666666 0.0576171875 0.028645833333333332
7 0.3095703125 0.2265625 0.619140625 0.16666666666666666
6 0.037109375 0.3912760416666667 0.07421875 0.024739583333333332
7 0.17236328125 0.3899739583333333 0.0498046875 0.024739583333333332
2 0.3095703125 0.447265625 0.619140625 0.014322916666666666
2 0.0205078125 0.4720052083333333 0.041015625 0.022135416666666668
0 0.03955078125 0.4720052083333333 0.0791015625 0.03515625
2 0.05517578125 0.4720052083333333 0.0087890625 0.01171875
2 0.15869140625 0.4720052083333333 0.0341796875 0.024739583333333332
0 0.171875 0.4720052083333333 0.09375 0.024739583333333332
2 0.2001953125 0.4720052083333333 0.037109375 0.024739583333333332
2 0.283203125 0.4720052083333333 0.0546875 0.024739583333333332
0 0.29638671875 0.4720052083333333 0.1142578125 0.024739583333333332
2 0.3349609375 0.4720052083333333 0.037109375 0.024739583333333332
2 0.43212890625 0.4720052083333333 0.0830078125 0.024739583333333332
0 0.4462890625 0.4720052083333333 0.14453125 0.024739583333333332
2 0.4990234375 0.4720052083333333 0.0390625 0.024739583333333332
4 0.50634765625 0.6354166666666666 0.2255859375 0.22916666666666666
0 0.5078125 0.63671875 0.22265625 0.2265625
7 0.0234375 0.548828125 0.046875 0.016927083333333332
2 0.18310546875 0.658203125 0.3662109375 0.18359375
7 0.64794921875 0.0546875 0.0380859375 0.0234375
0 0.6484375 0.055338541666666664 0.0390625 0.07421875
7 0.71875 0.0546875 0.041015625 0.0234375
0 0.71826171875 0.055338541666666664 0.0400390625 0.07421875
7 0.7890625 0.0546875 0.041015625 0.0234375
0 0.7890625 0.055338541666666664 0.041015625 0.07421875
7 0.87158203125 0.0546875 0.0634765625 0.0234375
0 0.87158203125 0.055338541666666664 0.0634765625 0.07421875
7 0.95849609375 0.0546875 0.0498046875 0.0234375
0 0.95849609375 0.055338541666666664 0.0498046875 0.07421875
0 0.62890625 0.12369791666666667 0.01953125 0.046875
0 0.66748046875 0.12369791666666667 0.0595703125 0.046875
0 0.72265625 0.12369791666666667 0.052734375 0.046875
0 0.7841796875 0.12369791666666667 0.072265625 0.046875
0 0.84228515625 0.12369791666666667 0.0458984375 0.046875
0 0.90673828125 0.12369791666666667 0.0849609375 0.046875
0 0.97265625 0.12369791666666667 0.048828125 0.046875
4 0.8095703125 0.3157552083333333 0.380859375 0.32421875
2 0.8095703125 0.23111979166666666 0.380859375 0.07161458333333333
2 0.8095703125 0.2858072916666667 0.380859375 0.040364583333333336
1 0.81591796875 0.3756510416666667 0.3681640625 0.07942708333333333
2 0.8095703125 0.587890625 0.380859375 0.055989583333333336
7 0.8095703125 0.6516927083333334 0.380859375 0.032552083333333336
4 0.6611328125 0.71875 0.078125 0.0625
4 0.7568359375 0.71875 0.078125 0.0625
4 0.8525390625 0.71875 0.078125 0.0625
4 0.9482421875 0.71875 0.078125 0.0625
4 0.3095703125 0.875 0.619140625 0.25
0 0.3095703125 0.875 0.619140625 0.25
6 0.0361328125 0.794921875 0.072265625 0.022135416666666668
2 0.0830078125 0.86328125 0.166015625 0.0703125
7 0.21923828125 0.931640625 0.4384765625 0.07421875
7 0.9287109375 0.77734375 0.12890625 0.044270833333333336
0 0.9130859375 0.7838541666666666 0.173828125 0.06770833333333333
4 0.8095703125 0.9518229166666666 0.380859375 0.09635416666666667