7 0.33447265625 0.07291666666666667 0.4892578125 0.11979166666666667
4 0.3466796875 0.37890625 0.46484375 0.3046875
7 0.78955078125 0.018229166666666668 0.4208984375 0.036458333333333336
6 0.78955078125 0.294921875 0.4208984375 0.58984375
3 0.78955078125 0.03515625 0.4208984375 0.0703125
0 0.921875 0.23502604166666666 0.064453125 0.06380208333333333
0 0.97705078125 0.23502604166666666 0.0458984375 0.06380208333333333
2 0.7294921875 0.4420572916666667 0.30078125 0.2955729166666667
2 0.71240234375 0.4908854166666667 0.2666015625 0.16666666666666666
4 0.978515625 0.3365885416666667 0.04296875 0.07682291666666667
1 0.978515625 0.4244791666666667 0.04296875 0.052083333333333336
1 0.97265625 0.509765625 0.01171875 0.016927083333333332
7 0.99169921875 0.5091145833333334 0.0166015625 0.018229166666666668
6 0.97021484375 0.5729166666666666 0.0595703125 0.020833333333333332
6 0.12646484375 0.720703125 0.0693359375 0.03515625
7 0.21142578125 0.720703125 0.1025390625 0.03515625
7 0.28271484375 0.720703125 0.0419921875 0.03515625
7 0.33544921875 0.798828125 0.4873046875 0.19140625
0 0.1484375 0.9388020833333334 0.11328125 0.033854166666666664
0 0.25830078125 0.9388020833333334 0.0947265625 0.033854166666666664
2 0.84765625 0.712890625 0.162109375 0.037760416666666664
4 0.7939453125 0.8756510416666666 0.412109375 0.24869791666666666
0 0.7939453125 0.8756510416666666 0.412109375 0.24869791666666666