7 0.19970703125 0.1328125 0.3994140625 0.057291666666666664
7 0.19970703125 0.22135416666666666 0.3994140625 0.11979166666666667
4 0.19970703125 0.4772135416666667 0.3994140625 0.20442708333333334
2 0.5771484375 0.026041666666666668 0.35546875 0.052083333333333336
2 0.54150390625 0.078125 0.2841796875 0.07291666666666667
2 0.52880859375 0.13736979166666666 0.2587890625 0.029947916666666668
2 0.48828125 0.16861979166666666 0.177734375 0.029947916666666668
7 0.5166015625 0.24283854166666666 0.15234375 0.029947916666666668
0 0.53662109375 0.24348958333333334 0.2744140625 0.06510416666666667
7 0.84716796875 0.5572916666666666 0.1748046875 0.026041666666666668
0 0.84716796875 0.5553385416666666 0.2158203125 0.048177083333333336
0 0.98193359375 0.5553385416666666 0.0361328125 0.048177083333333336
1 0.12890625 0.6067708333333334 0.19140625 0.0546875
7 0.31982421875 0.5872395833333334 0.1591796875 0.015625
7 0.31982421875 0.607421875 0.1591796875 0.02734375
0 0.037109375 0.7506510416666666 0.07421875 0.07942708333333333
4 0.02294921875 0.7513020833333334 0.0361328125 0.046875
5 0.27392578125 0.6595052083333334 0.2509765625 0.02734375
4 0.783203125 0.587890625 0.43359375 0.016927083333333332
0 0.783203125 0.5944010416666666 0.43359375 0.029947916666666668
4 0.783203125 0.587890625 0.43359375 0.016927083333333332
6 0.43359375 0.6354166666666666 0.0625 0.020833333333333332
6 0.52978515625 0.6354166666666666 0.0791015625 0.020833333333333332
6 0.6484375 0.6354166666666666 0.10546875 0.020833333333333332
6 0.77392578125 0.6354166666666666 0.0947265625 0.020833333333333332
6 0.884765625 0.6354166666666666 0.076171875 0.020833333333333332
6 0.974609375 0.6354166666666666 0.05078125 0.020833333333333332
4 0.50927734375 0.8014322916666666 0.2197265625 0.21744791666666666
6 0.822265625 0.732421875 0.35546875 0.01953125
2 0.822265625 0.787109375 0.35546875 0.07161458333333333
7 0.822265625 0.857421875 0.35546875 0.05078125
7 0.427734375 0.96484375 0.056640625 0.015625