7 0.259765625 0.057291666666666664 0.51953125 0.11458333333333333
7 0.11376953125 0.19466145833333334 0.0498046875 0.024739583333333332
2 0.259765625 0.251953125 0.51953125 0.014322916666666666
2 0.10009765625 0.2766927083333333 0.0341796875 0.024739583333333332
0 0.11328125 0.2766927083333333 0.09375 0.024739583333333332
2 0.1416015625 0.2766927083333333 0.037109375 0.024739583333333332
2 0.224609375 0.2766927083333333 0.0546875 0.024739583333333332
0 0.23779296875 0.2766927083333333 0.1142578125 0.024739583333333332
2 0.2763671875 0.2766927083333333 0.037109375 0.024739583333333332
2 0.37353515625 0.2766927083333333 0.0830078125 0.024739583333333332
0 0.3876953125 0.2766927083333333 0.14453125 0.024739583333333332
2 0.4404296875 0.2766927083333333 0.0390625 0.024739583333333332
2 0.15380859375 0.419921875 0.3076171875 0.09765625
0 0.73486328125 0.0078125 0.1259765625 0.015625
0 0.861328125 0.0078125 0.126953125 0.015625
7 0.91796875 0.041666666666666664 0.03515625 0.052083333333333336
4 0.943359375 0.041666666666666664 0.01171875 0.015625
0 0.568359375 0.041666666666666664 0.080078125 0.052083333333333336
0 0.64404296875 0.041666666666666664 0.0400390625 0.052083333333333336
0 0.71484375 0.041666666666666664 0.0703125 0.052083333333333336
0 0.7900390625 0.041666666666666664 0.048828125 0.052083333333333336
0 0.853515625 0.041666666666666664 0.046875 0.052083333333333336
0 0.92138671875 0.041666666666666664 0.0576171875 0.052083333333333336
0 0.98291015625 0.041666666666666664 0.0341796875 0.052083333333333336
7 0.98046875 0.041666666666666664 0.0390625 0.052083333333333336
4 0.63525390625 0.2877604166666667 0.2314453125 0.3619791666666667
4 0.8896484375 0.1953125 0.220703125 0.17708333333333334
2 0.81787109375 0.314453125 0.0771484375 0.024739583333333332
2 0.8828125 0.3391927083333333 0.20703125 0.02734375
2 0.8896484375 0.419921875 0.220703125 0.09765625
0 0.8896484375 0.41015625 0.220703125 0.1171875
2 0.24169921875 0.4798177083333333 0.4755859375 0.022135416666666668
4 0.2529296875 0.5403645833333334 0.064453125 0.08333333333333333
2 0.2529296875 0.6184895833333334 0.498046875 0.020833333333333332
7 0.103515625 0.6549479166666666 0.19921875 0.020833333333333332
6 0.220703125 0.6549479166666666 0.03515625 0.020833333333333332
7 0.251953125 0.6549479166666666 0.029296875 0.020833333333333332
6 0.28369140625 0.6549479166666666 0.0380859375 0.020833333333333332
7 0.2509765625 0.6647135416666666 0.494140625 0.040364583333333336
2 0.2529296875 0.7174479166666666 0.498046875 0.020833333333333332
7 0.1650390625 0.7526041666666666 0.322265625 0.020833333333333332
7 0.37158203125 0.7526041666666666 0.0908203125 0.020833333333333332
6 0.42822265625 0.75390625 0.0263671875 0.0234375
7 0.03271484375 0.7721354166666666 0.0576171875 0.020833333333333332
7 0.06396484375 0.7721354166666666 0.0048828125 0.020833333333333332
4 0.2529296875 0.8229166666666666 0.064453125 0.08333333333333333
4 0.259765625 0.8977864583333334 0.51953125 0.022135416666666668
7 0.259765625 0.9348958333333334 0.51953125 0.015625
7 0.759765625 0.6015625 0.48046875 0.265625
4 0.759765625 0.5677083333333334 0.48046875 0.19791666666666666
4 0.65478515625 0.5013020833333334 0.2705078125 0.06510416666666667
2 0.759765625 0.5716145833333334 0.48046875 0.041666666666666664
0 0.56640625 0.6536458333333334 0.09375 0.057291666666666664
4 0.623046875 0.8658854166666666 0.20703125 0.2682291666666667
4 0.86279296875 0.8658854166666666 0.2744140625 0.2682291666666667