4 0.224609375 0.15559895833333334 0.44921875 0.3111979166666667
7 0.224609375 0.10091145833333333 0.44921875 0.07942708333333333
7 0.224609375 0.16080729166666666 0.44921875 0.04296875
0 0.185546875 0.3313802083333333 0.0078125 0.01171875
0 0.208984375 0.3313802083333333 0.0078125 0.01171875
0 0.232421875 0.3313802083333333 0.0078125 0.01171875
0 0.255859375 0.3313802083333333 0.0078125 0.01171875
4 0.310546875 0.3365885416666667 0.0234375 0.032552083333333336
0 0.306640625 0.3313802083333333 0.0234375 0.032552083333333336
7 0.224609375 0.451171875 0.44921875 0.19661458333333334
7 0.12890625 0.4466145833333333 0.2265625 0.0625
7 0.12890625 0.5188802083333334 0.2265625 0.061197916666666664
7 0.353515625 0.4466145833333333 0.19140625 0.0625
7 0.353515625 0.5188802083333334 0.19140625 0.061197916666666664
2 0.724609375 0.072265625 0.55078125 0.07942708333333333
7 0.72314453125 0.150390625 0.2958984375 0.03515625
6 0.93505859375 0.150390625 0.1298828125 0.03515625
0 0.8095703125 0.23111979166666666 0.1484375 0.05859375
4 0.62451171875 0.4798177083333333 0.3505859375 0.13932291666666666
0 0.62451171875 0.4798177083333333 0.3505859375 0.13932291666666666
2 0.90966796875 0.478515625 0.1806640625 0.08463541666666667
0 0.90966796875 0.478515625 0.1806640625 0.08463541666666667
7 0.724609375 0.4791666666666667 0.55078125 0.140625
1 0.31103515625 0.5579427083333334 0.2763671875 0.016927083333333332
0 0.10986328125 0.6536458333333334 0.1904296875 0.06770833333333333
0 0.31787109375 0.6536458333333334 0.2216796875 0.06770833333333333
4 0.224609375 0.84375 0.44921875 0.3125
4 0.62548828125 0.5807291666666666 0.0673828125 0.0625
2 0.65234375 0.7083333333333334 0.40625 0.15625
7 0.64990234375 0.8333333333333334 0.4013671875 0.057291666666666664
7 0.65283203125 0.8489583333333334 0.0556640625 0.026041666666666668
7 0.62548828125 0.9361979166666666 0.1455078125 0.026041666666666668
0 0.6259765625 0.9361979166666666 0.193359375 0.059895833333333336