6 0.033203125 0.013020833333333334 0.06640625 0.026041666666666668
6 0.12744140625 0.013020833333333334 0.0517578125 0.026041666666666668
6 0.2021484375 0.013020833333333334 0.02734375 0.026041666666666668
6 0.38720703125 0.012369791666666666 0.0517578125 0.024739583333333332
4 0.28173828125 0.2825520833333333 0.2939453125 0.5546875
4 0.30419921875 0.3489583333333333 0.1904296875 0.08333333333333333
7 0.255859375 0.44921875 0.140625 0.028645833333333332
7 0.439453125 0.4140625 0.01953125 0.026041666666666668
7 0.439453125 0.5364583333333334 0.01953125 0.026041666666666668
4 0.4287109375 0.19205729166666666 0.041015625 0.29296875
7 0.4375 0.3131510416666667 0.0234375 0.022135416666666668
7 0.4375 0.3326822916666667 0.0234375 0.022135416666666668
0 0.4375 0.3645833333333333 0.0234375 0.036458333333333336
0 0.4375 0.4153645833333333 0.0234375 0.057291666666666664
7 0.43798828125 0.494140625 0.0224609375 0.016927083333333332
0 0.435546875 0.4837239583333333 0.02734375 0.08463541666666667
0 0.46630859375 0.10286458333333333 0.0341796875 0.028645833333333332
0 0.64697265625 0.10286458333333333 0.1435546875 0.028645833333333332
0 0.791015625 0.10286458333333333 0.076171875 0.028645833333333332
0 0.90576171875 0.10286458333333333 0.0849609375 0.028645833333333332
0 0.9912109375 0.1015625 0.017578125 0.041666666666666664
2 0.5224609375 0.3450520833333333 0.146484375 0.041666666666666664
2 0.5224609375 0.439453125 0.146484375 0.08723958333333333
4 0.81396484375 0.3463541666666667 0.3720703125 0.4270833333333333
4 0.82470703125 0.3567708333333333 0.3505859375 0.40625
4 0.82470703125 0.3567708333333333 0.3505859375 0.40625
4 0.82177734375 0.3567708333333333 0.3564453125 0.40625
7 0.224609375 0.609375 0.44921875 0.09895833333333333
0 0.037109375 0.703125 0.07421875 0.033854166666666664
0 0.12744140625 0.703125 0.0947265625 0.033854166666666664
7 0.00830078125 0.9348958333333334 0.0166015625 0.015625
6 0.0615234375 0.9348958333333334 0.044921875 0.015625
6 0.12646484375 0.9348958333333334 0.0380859375 0.015625
6 0.17919921875 0.9348958333333334 0.0224609375 0.015625
6 0.2294921875 0.9348958333333334 0.03125 0.015625
6 0.27685546875 0.9348958333333334 0.0185546875 0.015625
6 0.3212890625 0.9348958333333334 0.0234375 0.015625
6 0.3671875 0.9348958333333334 0.0234375 0.015625
6 0.41259765625 0.9348958333333334 0.0224609375 0.015625
4 0.9384765625 0.7845052083333334 0.123046875 0.3684895833333333
0 0.6767578125 0.7252604166666666 0.341796875 0.25
7 0.6767578125 0.9329427083333334 0.341796875 0.13411458333333334