7 0.31103515625 0.046223958333333336 0.2568359375 0.08463541666666667
4 0.23388671875 0.3229166666666667 0.4111328125 0.171875
7 0.45361328125 0.21028645833333334 0.0283203125 0.016927083333333332
4 0.6328125 0.11979166666666667 0.28515625 0.21354166666666666
0 0.6328125 0.11979166666666667 0.28515625 0.21354166666666666
7 0.75048828125 0.21028645833333334 0.0341796875 0.016927083333333332
4 0.50830078125 0.267578125 0.0361328125 0.048177083333333336
0 0.50830078125 0.267578125 0.0361328125 0.048177083333333336
2 0.64453125 0.2701822916666667 0.21484375 0.053385416666666664
0 0.64453125 0.2701822916666667 0.21484375 0.053385416666666664
0 0.55517578125 0.3157552083333333 0.0361328125 0.024739583333333332
7 0.578125 0.3391927083333333 0.08203125 0.024739583333333332
7 0.6572265625 0.3391927083333333 0.078125 0.024739583333333332
4 0.89501953125 0.11979166666666667 0.2099609375 0.21354166666666666
0 0.89501953125 0.11979166666666667 0.2099609375 0.21354166666666666
4 0.80810546875 0.267578125 0.0361328125 0.048177083333333336
0 0.80810546875 0.267578125 0.0361328125 0.048177083333333336
2 0.91845703125 0.2701822916666667 0.1630859375 0.053385416666666664
0 0.91845703125 0.2701822916666667 0.1630859375 0.053385416666666664
0 0.90576171875 0.3157552083333333 0.1376953125 0.024739583333333332
4 0.9833984375 0.3151041666666667 0.013671875 0.018229166666666668
7 0.8779296875 0.3391927083333333 0.08203125 0.024739583333333332
7 0.95703125 0.3391927083333333 0.078125 0.024739583333333332
7 0.021484375 0.421875 0.04296875 0.020833333333333332
7 0.02099609375 0.4420572916666667 0.0419921875 0.01953125
0 0.1220703125 0.4322916666666667 0.1015625 0.041666666666666664
0 0.0107421875 0.5182291666666666 0.021484375 0.028645833333333332
0 0.0888671875 0.5182291666666666 0.06640625 0.028645833333333332
0 0.19140625 0.5182291666666666 0.0703125 0.028645833333333332
0 0.37890625 0.5182291666666666 0.12109375 0.028645833333333332
2 0.16943359375 0.7604166666666666 0.3388671875 0.041666666666666664
2 0.16943359375 0.8548177083333334 0.3388671875 0.08723958333333333
0 0.01611328125 0.9407552083333334 0.0322265625 0.048177083333333336
0 0.107421875 0.9407552083333334 0.12109375 0.048177083333333336
0 0.7197265625 0.6888020833333334 0.560546875 0.5598958333333334
7 0.6845703125 0.9055989583333334 0.490234375 0.053385416666666664
0 0.8759765625 0.9205729166666666 0.09375 0.026041666666666668
0 0.8896484375 0.9921875 0.107421875 0.015625