0 0.080078125 0.032552083333333336 0.16015625 0.0390625
0 0.2255859375 0.029947916666666668 0.072265625 0.033854166666666664
0 0.314453125 0.029947916666666668 0.05859375 0.033854166666666664
0 0.4521484375 0.029947916666666668 0.169921875 0.033854166666666664
0 0.5751953125 0.029947916666666668 0.029296875 0.033854166666666664
2 0.294921875 0.24609375 0.58984375 0.06510416666666667
7 0.3564453125 0.3372395833333333 0.466796875 0.06510416666666667
4 0.9853515625 0.018880208333333332 0.01953125 0.022135416666666668
0 0.95849609375 0.0234375 0.0830078125 0.046875
7 0.95849609375 0.076171875 0.0830078125 0.022135416666666668
1 0.95849609375 0.13736979166666666 0.0830078125 0.06380208333333333
1 0.95849609375 0.19986979166666666 0.0830078125 0.06380208333333333
1 0.95849609375 0.2630208333333333 0.0830078125 0.06510416666666667
1 0.95849609375 0.33203125 0.0830078125 0.049479166666666664
7 0.294921875 0.861328125 0.58984375 0.024739583333333332
7 0.294921875 0.9427083333333334 0.58984375 0.0703125
6 0.25927734375 0.9680989583333334 0.0791015625 0.01953125
2 0.294921875 0.5390625 0.58984375 0.08333333333333333
2 0.294921875 0.62109375 0.58984375 0.08333333333333333
7 0.294921875 0.6848958333333334 0.58984375 0.6302083333333334
7 0.80615234375 0.4016927083333333 0.3876953125 0.05078125
3 0.794921875 0.7239583333333334 0.41015625 0.3255208333333333
4 0.75732421875 0.9537760416666666 0.3349609375 0.09244791666666667
0 0.75830078125 0.9537760416666666 0.3369140625 0.09244791666666667