4 0.27587890625 0.068359375 0.5517578125 0.13671875
2 0.26416015625 0.2766927083333333 0.5283203125 0.22005208333333334
0 0.26416015625 0.2766927083333333 0.5283203125 0.22005208333333334
4 0.7998046875 0.20182291666666666 0.400390625 0.4036458333333333
0 0.7998046875 0.150390625 0.400390625 0.30078125
7 0.75537109375 0.16731770833333334 0.3115234375 0.07421875
6 0.63525390625 0.2565104166666667 0.0712890625 0.020833333333333332
4 0.68505859375 0.3899739583333333 0.1708984375 0.13932291666666666
0 0.68505859375 0.3899739583333333 0.1708984375 0.13932291666666666
4 0.8896484375 0.3899739583333333 0.216796875 0.13932291666666666
0 0.8896484375 0.3899739583333333 0.216796875 0.13932291666666666
0 0.09423828125 0.4622395833333333 0.0126953125 0.005208333333333333
4 0.0029296875 0.484375 0.005859375 0.026041666666666668
7 0.0478515625 0.48828125 0.07421875 0.033854166666666664
0 0.0498046875 0.4973958333333333 0.099609375 0.052083333333333336
7 0.0234375 0.513671875 0.025390625 0.016927083333333332
7 0.09228515625 0.4973958333333333 0.0146484375 0.052083333333333336
7 0.0478515625 0.5546875 0.07421875 0.033854166666666664
0 0.0498046875 0.5729166666666666 0.099609375 0.0703125
7 0.02490234375 0.580078125 0.0283203125 0.016927083333333332
7 0.04052734375 0.580078125 0.0029296875 0.016927083333333332
7 0.0400390625 0.5983072916666666 0.05859375 0.016927083333333332
7 0.09228515625 0.5729166666666666 0.0146484375 0.0703125
4 0.0029296875 0.6419270833333334 0.005859375 0.0390625
7 0.0478515625 0.630859375 0.07421875 0.016927083333333332
0 0.0498046875 0.6490885416666666 0.099609375 0.053385416666666664
7 0.02490234375 0.6477864583333334 0.0283203125 0.016927083333333332
7 0.04052734375 0.6477864583333334 0.0029296875 0.016927083333333332
7 0.04052734375 0.666015625 0.0595703125 0.016927083333333332
7 0.09228515625 0.6490885416666666 0.0146484375 0.053385416666666664
4 0.0029296875 0.7037760416666666 0.005859375 0.02734375
7 0.0478515625 0.6985677083333334 0.07421875 0.016927083333333332
0 0.0498046875 0.7076822916666666 0.099609375 0.03515625
7 0.0234375 0.7154947916666666 0.025390625 0.016927083333333332
7 0.0390625 0.7154947916666666 0.005859375 0.016927083333333332
7 0.05908203125 0.7154947916666666 0.0341796875 0.016927083333333332
7 0.09228515625 0.7076822916666666 0.0146484375 0.03515625
4 0.0029296875 0.7591145833333334 0.005859375 0.0390625
7 0.0478515625 0.748046875 0.07421875 0.016927083333333332
0 0.0498046875 0.7591145833333334 0.099609375 0.0390625
7 0.02392578125 0.7649739583333334 0.0263671875 0.016927083333333332
7 0.0400390625 0.7649739583333334 0.005859375 0.016927083333333332
7 0.06298828125 0.7649739583333334 0.0400390625 0.016927083333333332
7 0.09228515625 0.7591145833333334 0.0146484375 0.0390625
4 0.0029296875 0.8125 0.005859375 0.0390625
7 0.0478515625 0.8098958333333334 0.07421875 0.033854166666666664
0 0.0498046875 0.8190104166666666 0.099609375 0.052083333333333336
7 0.0234375 0.8352864583333334 0.025390625 0.016927083333333332
4 0.09228515625 0.7994791666666666 0.0068359375 0.0078125
4 0.0029296875 0.87890625 0.005859375 0.0390625
7 0.0478515625 0.8763020833333334 0.07421875 0.033854166666666664
0 0.0498046875 0.8854166666666666 0.099609375 0.052083333333333336
7 0.02392578125 0.9016927083333334 0.0263671875 0.016927083333333332
7 0.0400390625 0.9016927083333334 0.005859375 0.016927083333333332
7 0.06103515625 0.9016927083333334 0.0361328125 0.016927083333333332
7 0.09228515625 0.8854166666666666 0.0146484375 0.052083333333333336
7 0.0478515625 0.951171875 0.07421875 0.05078125
0 0.0498046875 0.962890625 0.099609375 0.07421875
7 0.02392578125 0.9850260416666666 0.0263671875 0.016927083333333332
7 0.03857421875 0.9850260416666666 0.0029296875 0.016927083333333332
7 0.03759765625 0.9973958333333334 0.0537109375 0.005208333333333333
4 0.09228515625 0.9322916666666666 0.0068359375 0.0078125
2 0.18701171875 0.5052083333333334 0.1025390625 0.018229166666666668
2 0.25 0.544921875 0.2265625 0.022135416666666668
6 0.16796875 0.5703125 0.0625 0.020833333333333332
6 0.240234375 0.5703125 0.06640625 0.020833333333333332
4 0.291015625 0.5696614583333334 0.01171875 0.016927083333333332
7 0.3037109375 0.5703125 0.01171875 0.020833333333333332
4 0.31689453125 0.5696614583333334 0.0126953125 0.016927083333333332
7 0.32861328125 0.5703125 0.0087890625 0.020833333333333332
2 0.2939453125 0.6126302083333334 0.314453125 0.022135416666666668
6 0.15380859375 0.6380208333333334 0.0341796875 0.020833333333333332
6 0.193359375 0.6380208333333334 0.029296875 0.020833333333333332
4 0.2255859375 0.6373697916666666 0.01171875 0.016927083333333332
7 0.2451171875 0.6380208333333334 0.025390625 0.020833333333333332
4 0.26513671875 0.6373697916666666 0.0126953125 0.016927083333333332
7 0.2822265625 0.6380208333333334 0.01953125 0.020833333333333332
2 0.298828125 0.6907552083333334 0.32421875 0.04296875
6 0.16796875 0.7265625 0.0625 0.020833333333333332
6 0.240234375 0.7265625 0.06640625 0.020833333333333332
4 0.291015625 0.7259114583333334 0.01171875 0.016927083333333332
7 0.30712890625 0.7265625 0.0185546875 0.020833333333333332
4 0.32373046875 0.7259114583333334 0.0126953125 0.016927083333333332
7 0.33935546875 0.7265625 0.0166015625 0.020833333333333332
2 0.314453125 0.779296875 0.35546875 0.04296875
6 0.16796875 0.8151041666666666 0.0625 0.020833333333333332
6 0.2431640625 0.8151041666666666 0.072265625 0.020833333333333332
4 0.296875 0.814453125 0.01171875 0.016927083333333332
7 0.3125 0.8151041666666666 0.017578125 0.020833333333333332
4 0.32861328125 0.814453125 0.0126953125 0.016927083333333332
7 0.34375 0.8151041666666666 0.015625 0.020833333333333332
2 0.20947265625 0.857421875 0.1455078125 0.022135416666666668
6 0.16796875 0.8828125 0.0625 0.020833333333333332
6 0.2216796875 0.8828125 0.029296875 0.020833333333333332
4 0.25390625 0.8821614583333334 0.01171875 0.016927083333333332
7 0.2744140625 0.8828125 0.02734375 0.020833333333333332
4 0.29541015625 0.8821614583333334 0.0126953125 0.016927083333333332
7 0.31298828125 0.8828125 0.0205078125 0.020833333333333332
2 0.26123046875 0.9251302083333334 0.2490234375 0.022135416666666668
6 0.166015625 0.9505208333333334 0.05859375 0.020833333333333332
6 0.24072265625 0.9505208333333334 0.0751953125 0.020833333333333332
4 0.2958984375 0.9498697916666666 0.01171875 0.016927083333333332
7 0.3125 0.9505208333333334 0.01953125 0.020833333333333332
4 0.32958984375 0.9498697916666666 0.0126953125 0.016927083333333332
7 0.34521484375 0.9505208333333334 0.0166015625 0.020833333333333332
2 0.19921875 0.998046875 0.126953125 0.00390625
7 0.4873046875 0.998046875 0.037109375 0.00390625
0 0.4912109375 0.998046875 0.044921875 0.00390625
4 0.7861328125 0.7688802083333334 0.373046875 0.4622395833333333
2 0.75634765625 0.8684895833333334 0.3134765625 0.11197916666666667
0 0.75634765625 0.8684895833333334 0.3134765625 0.11197916666666667
0 0.75634765625 0.9544270833333334 0.3134765625 0.03125