4 0.0546875 0.15299479166666666 0.109375 0.3059895833333333
0 0.0546875 0.15234375 0.109375 0.3046875
4 0.05078125 0.14388020833333334 0.1015625 0.2877604166666667
0 0.0546875 0.15234375 0.109375 0.3046875
4 0.04638671875 0.14518229166666666 0.0927734375 0.2903645833333333
0 0.0546875 0.15234375 0.109375 0.3046875
0 0.0546875 0.3424479166666667 0.109375 0.0234375
4 0.24609375 0.15299479166666666 0.1796875 0.3059895833333333
0 0.24609375 0.15234375 0.1796875 0.3046875
4 0.23779296875 0.1484375 0.1806640625 0.296875
0 0.24609375 0.15234375 0.1796875 0.3046875
4 0.23095703125 0.14453125 0.1806640625 0.2890625
0 0.24609375 0.15234375 0.1796875 0.3046875
0 0.24609375 0.3424479166666667 0.1796875 0.0234375
4 0.47265625 0.15234375 0.1796875 0.3046875
0 0.47265625 0.15234375 0.1796875 0.3046875
4 0.45556640625 0.14518229166666666 0.1806640625 0.2903645833333333
0 0.47265625 0.15234375 0.1796875 0.3046875
4 0.46435546875 0.14908854166666666 0.1806640625 0.2981770833333333
0 0.47265625 0.15234375 0.1796875 0.3046875
0 0.47265625 0.3424479166666667 0.1796875 0.0234375
4 0.65966796875 0.15299479166666666 0.1005859375 0.3059895833333333
0 0.65966796875 0.15234375 0.1005859375 0.3046875
4 0.65087890625 0.14518229166666666 0.1181640625 0.2903645833333333
0 0.65966796875 0.15234375 0.1005859375 0.3046875
4 0.6552734375 0.1484375 0.109375 0.296875
0 0.65966796875 0.15234375 0.1005859375 0.3046875
0 0.65966796875 0.3424479166666667 0.1005859375 0.0234375
2 0.40771484375 0.4290364583333333 0.2392578125 0.07942708333333333
2 0.40771484375 0.5078125 0.5458984375 0.09114583333333333
2 0.40771484375 0.634765625 0.4775390625 0.17578125
4 0.396484375 0.9186197916666666 0.626953125 0.16276041666666666
4 0.85498046875 0.6946614583333334 0.2900390625 0.6106770833333334
2 0.85498046875 0.6282552083333334 0.2900390625 0.20442708333333334
7 0.830078125 0.7727864583333334 0.240234375 0.08203125