4 0.4267578125 0.053385416666666664 0.09375 0.10677083333333333
1 0.4267578125 0.15625 0.267578125 0.057291666666666664
1 0.4267578125 0.216796875 0.267578125 0.048177083333333336
0 0.513671875 0.2630208333333333 0.09375 0.020833333333333332
6 0.42626953125 0.3704427083333333 0.0927734375 0.022135416666666668
4 0.8349609375 0.15625 0.330078125 0.3125
4 0.8349609375 0.2799479166666667 0.330078125 0.06510416666666667
7 0.8349609375 0.2799479166666667 0.330078125 0.06510416666666667
4 0.84619140625 0.3619791666666667 0.0478515625 0.0546875
0 0.01806640625 0.4108072916666667 0.0361328125 0.04296875
0 0.11962890625 0.4108072916666667 0.0595703125 0.04296875
0 0.22216796875 0.4108072916666667 0.0380859375 0.04296875
0 0.3232421875 0.4108072916666667 0.056640625 0.04296875
0 0.44091796875 0.4108072916666667 0.0712890625 0.04296875
4 0.54931640625 0.4108072916666667 0.0380859375 0.04296875
0 0.640625 0.4108072916666667 0.037109375 0.04296875
7 0.46875 0.4661458333333333 0.052734375 0.028645833333333332
0 0.58349609375 0.4661458333333333 0.1318359375 0.028645833333333332
4 0.1708984375 0.6497395833333334 0.087890625 0.1171875
2 0.17041015625 0.7890625 0.2392578125 0.09114583333333333
2 0.2216796875 0.8736979166666666 0.443359375 0.09114583333333333
2 0.20458984375 0.9563802083333334 0.4091796875 0.08723958333333333
4 0.87158203125 0.720703125 0.2568359375 0.52734375