4 0.396484375 0.09114583333333333 0.09375 0.125
1 0.38134765625 0.203125 0.2373046875 0.057291666666666664
1 0.38134765625 0.263671875 0.2373046875 0.048177083333333336
0 0.46826171875 0.3098958333333333 0.0634765625 0.020833333333333332
0 0.52294921875 0.048177083333333336 0.0244140625 0.044270833333333336
0 0.61767578125 0.048177083333333336 0.1103515625 0.044270833333333336
0 0.75341796875 0.048177083333333336 0.1044921875 0.044270833333333336
0 0.86669921875 0.048177083333333336 0.0673828125 0.044270833333333336
0 0.94482421875 0.048177083333333336 0.0322265625 0.044270833333333336
0 0.994140625 0.048177083333333336 0.01171875 0.044270833333333336
7 0.5732421875 0.10807291666666667 0.146484375 0.07291666666666667
0 0.75 0.10807291666666667 0.5 0.07552083333333333
7 0.736328125 0.083984375 0.10546875 0.01171875
7 0.68798828125 0.10221354166666667 0.0283203125 0.02734375
7 0.68798828125 0.12044270833333333 0.0283203125 0.01171875
6 0.70556640625 0.103515625 0.0087890625 0.029947916666666668
7 0.72021484375 0.10221354166666667 0.0224609375 0.02734375
7 0.72021484375 0.12044270833333333 0.0224609375 0.01171875
6 0.73486328125 0.103515625 0.0087890625 0.029947916666666668
7 0.751953125 0.10221354166666667 0.02734375 0.02734375
7 0.751953125 0.12044270833333333 0.02734375 0.01171875
6 0.76904296875 0.103515625 0.0087890625 0.029947916666666668
7 0.78515625 0.10221354166666667 0.025390625 0.02734375
7 0.78515625 0.12044270833333333 0.025390625 0.01171875
0 0.75 0.244140625 0.5 0.19140625
2 0.23779296875 0.46875 0.4755859375 0.046875
2 0.23779296875 0.5305989583333334 0.4755859375 0.024739583333333332
4 0.27294921875 0.6497395833333334 0.0673828125 0.0546875
1 0.1591796875 0.6497395833333334 0.318359375 0.07291666666666667
7 0.08740234375 0.7135416666666666 0.1748046875 0.026041666666666668
5 0.080078125 0.7805989583333334 0.16015625 0.07421875
0 0.09521484375 0.9576822916666666 0.1298828125 0.08463541666666667
0 0.25341796875 0.9576822916666666 0.1298828125 0.08463541666666667
0 0.4111328125 0.9576822916666666 0.12890625 0.08463541666666667
7 0.75 0.35546875 0.5 0.026041666666666668
7 0.75 0.5481770833333334 0.5 0.026041666666666668
7 0.70166015625 0.6315104166666666 0.0478515625 0.020833333333333332
0 0.76904296875 0.6315104166666666 0.2724609375 0.06770833333333333
7 0.73681640625 0.6315104166666666 0.0166015625 0.020833333333333332
7 0.77392578125 0.6315104166666666 0.0595703125 0.020833333333333332
7 0.81591796875 0.6315104166666666 0.0166015625 0.020833333333333332
7 0.84375 0.6315104166666666 0.04296875 0.020833333333333332
7 0.97021484375 0.6315104166666666 0.0595703125 0.028645833333333332
0 0.95458984375 0.6315104166666666 0.0908203125 0.06770833333333333
2 0.75 0.8411458333333334 0.5 0.041666666666666664
4 0.56787109375 0.94140625 0.1357421875 0.1171875
4 0.744140625 0.94140625 0.185546875 0.1171875
4 0.92626953125 0.94140625 0.1474609375 0.1171875
7 0.8251953125 0.3665364583333333 0.349609375 0.045572916666666664