0 0.14501953125 0.030598958333333332 0.1103515625 0.061197916666666664
7 0.2646484375 0.22981770833333334 0.529296875 0.4596354166666667
4 0.2646484375 0.2591145833333333 0.529296875 0.4010416666666667
4 0.080078125 0.3756510416666667 0.16015625 0.14192708333333334
7 0.55908203125 0.14778645833333334 0.0498046875 0.024739583333333332
2 0.7646484375 0.205078125 0.470703125 0.014322916666666666
2 0.5458984375 0.22981770833333334 0.033203125 0.024739583333333332
0 0.5673828125 0.22981770833333334 0.076171875 0.024739583333333332
2 0.5869140625 0.22981770833333334 0.037109375 0.024739583333333332
2 0.669921875 0.22981770833333334 0.0546875 0.024739583333333332
0 0.68310546875 0.22981770833333334 0.1142578125 0.024739583333333332
2 0.7216796875 0.22981770833333334 0.037109375 0.024739583333333332
2 0.81884765625 0.22981770833333334 0.0830078125 0.024739583333333332
0 0.8330078125 0.22981770833333334 0.14453125 0.024739583333333332
2 0.8857421875 0.22981770833333334 0.0390625 0.024739583333333332
2 0.64111328125 0.3919270833333333 0.2236328125 0.13541666666666666
0 0.38916015625 0.5325520833333334 0.0830078125 0.005208333333333333
4 0.08837890625 0.4765625 0.1767578125 0.033854166666666664
0 0.24658203125 0.4680989583333333 0.0595703125 0.016927083333333332
0 0.32373046875 0.4680989583333333 0.0771484375 0.016927083333333332
0 0.41796875 0.4680989583333333 0.095703125 0.016927083333333332
2 0.1669921875 0.646484375 0.33203125 0.07682291666666667
2 0.35888671875 0.6412760416666666 0.0419921875 0.05859375
2 0.1982421875 0.724609375 0.39453125 0.07682291666666667
7 0.2255859375 0.869140625 0.44921875 0.10546875
7 0.0078125 0.9713541666666666 0.013671875 0.028645833333333332
6 0.14794921875 0.9713541666666666 0.2685546875 0.028645833333333332
2 0.7451171875 0.6614583333333334 0.431640625 0.2864583333333333
7 0.70751953125 0.8509114583333334 0.3564453125 0.07161458333333333
7 0.5830078125 0.9739583333333334 0.107421875 0.044270833333333336
0 0.60205078125 0.966796875 0.1455078125 0.06640625