1 0.1142578125 0.013020833333333334 0.228515625 0.026041666666666668
1 0.3408203125 0.013020833333333334 0.205078125 0.026041666666666668
1 0.47265625 0.013020833333333334 0.0390625 0.026041666666666668
2 0.0751953125 0.287109375 0.150390625 0.14453125
2 0.763671875 0.24544270833333334 0.26953125 0.03515625
4 0.763671875 0.3326822916666667 0.26953125 0.11328125
0 0.763671875 0.3326822916666667 0.26953125 0.11328125
2 0.28955078125 0.4186197916666667 0.5791015625 0.05859375
2 0.40869140625 0.4908854166666667 0.3408203125 0.07291666666666667
7 0.28564453125 0.5514322916666666 0.0439453125 0.02734375
7 0.34423828125 0.5520833333333334 0.0751953125 0.033854166666666664
7 0.3935546875 0.5514322916666666 0.025390625 0.02734375
7 0.4267578125 0.5520833333333334 0.041015625 0.033854166666666664
7 0.498046875 0.5514322916666666 0.103515625 0.02734375
6 0.552734375 0.5475260416666666 0.005859375 0.016927083333333332
6 0.373046875 0.6002604166666666 0.115234375 0.033854166666666664
6 0.4775390625 0.6002604166666666 0.048828125 0.033854166666666664
7 0.2998046875 0.7252604166666666 0.55859375 0.5494791666666666
7 0.7880859375 0.41015625 0.41796875 0.041666666666666664
1 0.65087890625 0.4986979166666667 0.1435546875 0.052083333333333336
7 0.73486328125 0.498046875 0.0263671875 0.05078125
7 0.82421875 0.4993489583333333 0.07421875 0.037760416666666664
0 0.80419921875 0.501953125 0.1142578125 0.037760416666666664
2 0.78955078125 0.642578125 0.4208984375 0.05078125
0 0.7880859375 0.5944010416666666 0.41796875 0.055989583333333336
2 0.6044921875 0.6634114583333334 0.05078125 0.029947916666666668
2 0.76904296875 0.6634114583333334 0.1416015625 0.029947916666666668
0 0.9736328125 0.9029947916666666 0.046875 0.029947916666666668
7 0.81787109375 0.7493489583333334 0.2392578125 0.061197916666666664
6 0.822265625 0.7805989583333334 0.248046875 0.061197916666666664
7 0.82275390625 0.8118489583333334 0.2490234375 0.061197916666666664
6 0.8349609375 0.8430989583333334 0.2734375 0.061197916666666664
7 0.76806640625 0.8587239583333334 0.0048828125 0.029947916666666668