4 0.349609375 0.11197916666666667 0.27734375 0.036458333333333336
0 0.34375 0.2109375 0.134765625 0.0546875
0 0.48974609375 0.2109375 0.0986328125 0.0546875
6 0.298828125 0.3567708333333333 0.17578125 0.036458333333333336
6 0.419921875 0.3567708333333333 0.037109375 0.036458333333333336
4 0.63037109375 0.23372395833333334 0.1826171875 0.3059895833333333
2 0.849609375 0.08528645833333333 0.1953125 0.15234375
6 0.78759765625 0.18619791666666666 0.0712890625 0.020833333333333332
2 0.833984375 0.2545572916666667 0.1640625 0.053385416666666664
6 0.79541015625 0.3059895833333333 0.0869140625 0.020833333333333332
2 0.84716796875 0.38671875 0.1904296875 0.078125
6 0.78955078125 0.4505208333333333 0.0751953125 0.020833333333333332
2 0.74658203125 0.5201822916666666 0.4150390625 0.02734375
7 0.04736328125 0.8450520833333334 0.0947265625 0.2864583333333333
7 0.23046875 0.7200520833333334 0.193359375 0.0390625
7 0.31103515625 0.8509114583333334 0.3544921875 0.2981770833333333
7 0.15283203125 0.884765625 0.0302734375 0.040364583333333336
0 0.15283203125 0.87890625 0.0361328125 0.0390625
7 0.15283203125 0.912109375 0.0244140625 0.014322916666666666
7 0.19677734375 0.884765625 0.0341796875 0.040364583333333336
0 0.19677734375 0.87890625 0.0400390625 0.0390625
7 0.197265625 0.912109375 0.01953125 0.014322916666666666
7 0.24169921875 0.884765625 0.0302734375 0.040364583333333336
0 0.24169921875 0.87890625 0.0361328125 0.0390625
7 0.2412109375 0.912109375 0.0234375 0.014322916666666666
7 0.28369140625 0.884765625 0.0302734375 0.040364583333333336
0 0.28369140625 0.87890625 0.0361328125 0.0390625
7 0.283203125 0.912109375 0.01953125 0.014322916666666666
7 0.32568359375 0.884765625 0.0302734375 0.040364583333333336
0 0.32568359375 0.87890625 0.0361328125 0.0390625
7 0.32568359375 0.912109375 0.0224609375 0.014322916666666666
7 0.36767578125 0.884765625 0.0302734375 0.040364583333333336
0 0.36767578125 0.87890625 0.0361328125 0.0390625
7 0.3681640625 0.912109375 0.0234375 0.014322916666666666
7 0.412109375 0.884765625 0.03515625 0.040364583333333336
0 0.412109375 0.87890625 0.041015625 0.0390625
7 0.41259765625 0.912109375 0.0224609375 0.014322916666666666
7 0.45751953125 0.884765625 0.0302734375 0.040364583333333336
0 0.45751953125 0.87890625 0.0361328125 0.0390625
7 0.45703125 0.912109375 0.0234375 0.014322916666666666
7 0.49951171875 0.884765625 0.0302734375 0.040364583333333336
0 0.49951171875 0.87890625 0.0361328125 0.0390625
7 0.49951171875 0.912109375 0.0244140625 0.014322916666666666
1 0.29833984375 0.9778645833333334 0.3154296875 0.0390625
0 0.49169921875 0.9778645833333334 0.0458984375 0.0390625
7 0.84521484375 0.5690104166666666 0.3095703125 0.018229166666666668
4 0.76953125 0.7799479166666666 0.4609375 0.4401041666666667
2 0.822265625 0.9641927083333334 0.35546875 0.07161458333333333