4 0.3681640625 0.12760416666666666 0.27734375 0.036458333333333336
0 0.3623046875 0.2265625 0.134765625 0.0546875
0 0.5263671875 0.2265625 0.134765625 0.0546875
6 0.3173828125 0.3723958333333333 0.17578125 0.036458333333333336
6 0.4384765625 0.3723958333333333 0.037109375 0.036458333333333336
4 0.58251953125 0.3704427083333333 0.0947265625 0.040364583333333336
2 0.6904296875 0.16731770833333334 0.12109375 0.03515625
4 0.6904296875 0.3684895833333333 0.12109375 0.3411458333333333
0 0.6904296875 0.3684895833333333 0.12109375 0.3411458333333333
2 0.904296875 0.5201822916666666 0.19140625 0.037760416666666664
3 0.89794921875 0.2864583333333333 0.2041015625 0.3255208333333333
7 0.89794921875 0.4622395833333333 0.2041015625 0.015625
0 0.2392578125 0.6145833333333334 0.478515625 0.15104166666666666
7 0.04296875 0.595703125 0.05859375 0.016927083333333332
2 0.1923828125 0.634765625 0.384765625 0.061197916666666664
6 0.5244140625 0.5944010416666666 0.033203125 0.01953125
7 0.57666015625 0.595703125 0.0478515625 0.016927083333333332
2 0.56884765625 0.634765625 0.1220703125 0.061197916666666664
7 0.43798828125 0.671875 0.0068359375 0.018229166666666668
7 0.44677734375 0.671875 0.0107421875 0.018229166666666668
7 0.458984375 0.671875 0.013671875 0.018229166666666668
0 0.46142578125 0.5572916666666666 0.0439453125 0.036458333333333336
2 0.232421875 0.8157552083333334 0.46484375 0.024739583333333332
0 0.2373046875 0.8912760416666666 0.474609375 0.07421875
0 0.2373046875 0.970703125 0.474609375 0.05859375
7 0.5771484375 0.7838541666666666 0.10546875 0.0390625
7 0.59619140625 0.8424479166666666 0.0673828125 0.020833333333333332
7 0.77587890625 0.69140625 0.2919921875 0.0703125
7 0.77587890625 0.7571614583333334 0.2919921875 0.037760416666666664
1 0.751953125 0.833984375 0.244140625 0.06640625