4 0.099609375 0.14518229166666666 0.19921875 0.2903645833333333
0 0.19970703125 0.14518229166666666 0.3994140625 0.2903645833333333
7 0.314453125 0.08138020833333333 0.169921875 0.06380208333333333
7 0.314453125 0.17122395833333334 0.169921875 0.055989583333333336
2 0.19970703125 0.3567708333333333 0.3994140625 0.03125
2 0.19970703125 0.4010416666666667 0.3994140625 0.03125
2 0.537109375 0.15625 0.275390625 0.3125
2 0.537109375 0.3919270833333333 0.275390625 0.1171875
4 0.84375 0.2760416666666667 0.3125 0.4114583333333333
7 0.0244140625 0.548828125 0.048828125 0.01953125
0 0.0322265625 0.548828125 0.064453125 0.05859375
1 0.24462890625 0.548828125 0.3095703125 0.05859375
7 0.1494140625 0.8463541666666666 0.298828125 0.0703125
7 0.1494140625 0.912109375 0.298828125 0.037760416666666664
1 0.12548828125 0.9778645833333334 0.2509765625 0.044270833333333336
4 0.43701171875 0.681640625 0.0751953125 0.36328125
4 0.7490234375 0.681640625 0.501953125 0.36328125
6 0.58447265625 0.8919270833333334 0.1376953125 0.018229166666666668
6 0.7578125 0.9251302083333334 0.484375 0.022135416666666668
4 0.478515625 0.5703125 0.0390625 0.0625