6 0.13720703125 0.0026041666666666665 0.0673828125 0.005208333333333333
7 0.337890625 0.0026041666666666665 0.3359375 0.005208333333333333
6 0.548828125 0.0026041666666666665 0.0859375 0.005208333333333333
7 0.59326171875 0.0026041666666666665 0.0048828125 0.005208333333333333
4 0.1259765625 0.046223958333333336 0.216796875 0.09244791666666667
0 0.1259765625 0.046223958333333336 0.216796875 0.09244791666666667
2 0.4306640625 0.036458333333333336 0.3125 0.044270833333333336
1 0.69580078125 0.035807291666666664 0.1279296875 0.053385416666666664
6 0.0732421875 0.154296875 0.1015625 0.07942708333333333
6 0.23388671875 0.154296875 0.0947265625 0.07942708333333333
6 0.3916015625 0.154296875 0.09765625 0.07942708333333333
6 0.59033203125 0.154296875 0.1767578125 0.07942708333333333
6 0.75 0.154296875 0.01953125 0.07942708333333333
4 0.310546875 0.3717447916666667 0.48828125 0.35546875
0 0.388671875 0.3717447916666667 0.7421875 0.35546875
7 0.67236328125 0.3385416666666667 0.1748046875 0.13020833333333334
7 0.67236328125 0.4420572916666667 0.1748046875 0.06380208333333333
7 0.67236328125 0.5266927083333334 0.1748046875 0.045572916666666664
4 0.083984375 0.53515625 0.0625 0.028645833333333332
4 0.560546875 0.275390625 0.046875 0.06380208333333333
4 0.5078125 0.23111979166666666 0.0234375 0.032552083333333336
2 0.8798828125 0.044921875 0.240234375 0.06640625
7 0.8798828125 0.3359375 0.240234375 0.041666666666666664
4 0.86767578125 0.4615885416666667 0.1962890625 0.15755208333333334
4 0.4228515625 0.7174479166666666 0.27734375 0.036458333333333336
0 0.4169921875 0.81640625 0.134765625 0.0546875
0 0.5810546875 0.81640625 0.134765625 0.0546875
6 0.3720703125 0.9622395833333334 0.17578125 0.036458333333333336
6 0.4931640625 0.9622395833333334 0.037109375 0.036458333333333336
4 0.65185546875 0.9602864583333334 0.1240234375 0.040364583333333336
2 0.859375 0.619140625 0.19921875 0.13932291666666666
7 0.85693359375 0.7356770833333334 0.1943359375 0.057291666666666664
7 0.77197265625 0.7513020833333334 0.0244140625 0.026041666666666668
7 0.78076171875 0.8385416666666666 0.0419921875 0.026041666666666668
0 0.79296875 0.8385416666666666 0.06640625 0.059895833333333336