0 0.02001953125 0.024739583333333332 0.0400390625 0.049479166666666664
7 0.111328125 0.020182291666666668 0.1171875 0.032552083333333336
0 0.26611328125 0.024088541666666668 0.4267578125 0.032552083333333336
7 0.30126953125 0.0234375 0.2646484375 0.03125
7 0.23974609375 0.10026041666666667 0.4794921875 0.059895833333333336
6 0.0693359375 0.197265625 0.11328125 0.05078125
1 0.3056640625 0.19791666666666666 0.34765625 0.052083333333333336
2 0.23974609375 0.341796875 0.4794921875 0.05078125
0 0.23974609375 0.2936197916666667 0.4794921875 0.055989583333333336
6 0.0166015625 0.4368489583333333 0.033203125 0.029947916666666668
6 0.0771484375 0.4720052083333333 0.154296875 0.029947916666666668
2 0.28955078125 0.3626302083333333 0.2294921875 0.029947916666666668
6 0.22705078125 0.4368489583333333 0.0556640625 0.029947916666666668
6 0.23095703125 0.4720052083333333 0.0634765625 0.029947916666666668
2 0.51513671875 0.045572916666666664 0.0712890625 0.0390625
0 0.85986328125 0.045572916666666664 0.0380859375 0.08072916666666667
0 0.947265625 0.045572916666666664 0.05859375 0.08072916666666667
2 0.73974609375 0.18619791666666666 0.5205078125 0.09895833333333333
2 0.66357421875 0.2799479166666667 0.3681640625 0.09895833333333333
2 0.623046875 0.4016927083333333 0.083984375 0.040364583333333336
7 0.654296875 0.4381510416666667 0.146484375 0.032552083333333336
7 0.67236328125 0.4694010416666667 0.1826171875 0.032552083333333336
2 0.9404296875 0.4016927083333333 0.119140625 0.040364583333333336
7 0.9404296875 0.4381510416666667 0.119140625 0.032552083333333336
7 0.9404296875 0.4694010416666667 0.119140625 0.032552083333333336
3 0.30322265625 0.716796875 0.3525390625 0.4544270833333333
7 0.048828125 0.775390625 0.09765625 0.2643229166666667
7 0.048828125 0.9544270833333334 0.09765625 0.0234375
7 0.51611328125 0.7877604166666666 0.0732421875 0.052083333333333336
0 0.80517578125 0.5690104166666666 0.2880859375 0.078125
4 0.6748046875 0.7122395833333334 0.05859375 0.078125
0 0.6748046875 0.732421875 0.09765625 0.11848958333333333
7 0.67431640625 0.78125 0.0810546875 0.020833333333333332
4 0.80517578125 0.7122395833333334 0.0595703125 0.078125
0 0.80517578125 0.732421875 0.0986328125 0.11848958333333333
7 0.8056640625 0.78125 0.091796875 0.020833333333333332
4 0.935546875 0.7122395833333334 0.05859375 0.078125
0 0.935546875 0.732421875 0.09765625 0.11848958333333333
7 0.93603515625 0.78125 0.0771484375 0.020833333333333332
2 0.7724609375 0.927734375 0.271484375 0.05078125