6 0.04833984375 0.011067708333333334 0.0966796875 0.022135416666666668
6 0.10888671875 0.042317708333333336 0.2177734375 0.029947916666666668
6 0.109375 0.08984375 0.21875 0.0546875
6 0.04443359375 0.13736979166666666 0.0888671875 0.029947916666666668
6 0.05517578125 0.17252604166666666 0.1103515625 0.029947916666666668
6 0.29052734375 0.011067708333333334 0.0556640625 0.022135416666666668
6 0.29443359375 0.042317708333333336 0.0634765625 0.029947916666666668
6 0.33154296875 0.07747395833333333 0.1376953125 0.029947916666666668
6 0.32763671875 0.11263020833333333 0.1298828125 0.029947916666666668
6 0.31591796875 0.14778645833333334 0.1064453125 0.029947916666666668
2 0.04638671875 0.2532552083333333 0.0927734375 0.029947916666666668
0 0.03271484375 0.3216145833333333 0.0654296875 0.03125
0 0.1201171875 0.3216145833333333 0.099609375 0.03125
7 0.08642578125 0.3723958333333333 0.1728515625 0.03125
4 0.1826171875 0.3723958333333333 0.013671875 0.026041666666666668
2 0.3232421875 0.2532552083333333 0.16015625 0.029947916666666668
6 0.3720703125 0.3274739583333333 0.21484375 0.029947916666666668
6 0.3720703125 0.3626302083333333 0.21484375 0.029947916666666668
6 0.359375 0.3860677083333333 0.189453125 0.006510416666666667
2 0.64599609375 0.014973958333333334 0.3330078125 0.029947916666666668
4 0.58984375 0.248046875 0.220703125 0.2825520833333333
4 0.58984375 0.248046875 0.220703125 0.2825520833333333
0 0.5751953125 0.3723958333333333 0.19140625 0.033854166666666664
4 0.85986328125 0.248046875 0.2802734375 0.2825520833333333
4 0.85986328125 0.248046875 0.2802734375 0.2825520833333333
0 0.7998046875 0.3854166666666667 0.130859375 0.0078125
0 0.01904296875 0.4192708333333333 0.0380859375 0.0546875
0 0.07568359375 0.4192708333333333 0.0751953125 0.0546875
0 0.14990234375 0.4192708333333333 0.0732421875 0.0546875
7 0.20556640625 0.4186197916666667 0.0263671875 0.024739583333333332
0 0.20556640625 0.4192708333333333 0.0380859375 0.0546875
0 0.25341796875 0.4192708333333333 0.0576171875 0.0546875
0 0.43798828125 0.4134114583333333 0.0830078125 0.04296875
0 0.14404296875 0.478515625 0.2880859375 0.02734375
2 0.08251953125 0.7649739583333334 0.1650390625 0.23046875
7 0.73974609375 0.4446614583333333 0.5205078125 0.08463541666666667
6 0.50830078125 0.4733072916666667 0.0576171875 0.02734375
7 0.7548828125 0.4733072916666667 0.435546875 0.02734375
6 0.73974609375 0.4876302083333333 0.5205078125 0.055989583333333336
7 0.73974609375 0.771484375 0.5205078125 0.45703125
2 0.6953125 0.6555989583333334 0.365234375 0.17317708333333334
7 0.6953125 0.7981770833333334 0.365234375 0.059895833333333336
7 0.82666015625 0.80859375 0.0068359375 0.015625
7 0.84765625 0.8138020833333334 0.03515625 0.028645833333333332
0 0.6005859375 0.9016927083333334 0.17578125 0.06640625