2 0.17529296875 0.011067708333333334 0.3505859375 0.022135416666666668
2 0.177734375 0.07877604166666667 0.35546875 0.08203125
1 0.177734375 0.193359375 0.35546875 0.055989583333333336
4 0.296875 0.3828125 0.275390625 0.033854166666666664
0 0.296875 0.3828125 0.275390625 0.033854166666666664
1 0.82470703125 0.06901041666666667 0.3505859375 0.057291666666666664
0 0.68798828125 0.15104166666666666 0.0771484375 0.0625
0 0.77587890625 0.15104166666666666 0.1005859375 0.0625
0 0.87548828125 0.15104166666666666 0.1005859375 0.0625
0 0.96240234375 0.15104166666666666 0.0751953125 0.0625
7 0.82470703125 0.216796875 0.3505859375 0.029947916666666668
7 0.82470703125 0.2701822916666667 0.3505859375 0.022135416666666668
4 0.73779296875 0.349609375 0.1767578125 0.10026041666666667
0 0.73779296875 0.349609375 0.1767578125 0.10026041666666667
6 0.32666015625 0.4114583333333333 0.2119140625 0.0234375
0 0.01953125 0.470703125 0.0390625 0.05859375
0 0.07373046875 0.470703125 0.0693359375 0.05859375
0 0.13525390625 0.470703125 0.0537109375 0.05859375
0 0.28466796875 0.46875 0.0244140625 0.0546875
0 0.33642578125 0.46875 0.0517578125 0.0546875
0 0.41015625 0.46875 0.068359375 0.0546875
0 0.4736328125 0.46875 0.03125 0.0546875
1 0.58349609375 0.46875 0.1318359375 0.041666666666666664
7 0.0693359375 0.583984375 0.05078125 0.03515625
0 0.07421875 0.583984375 0.060546875 0.03515625
7 0.20166015625 0.583984375 0.0966796875 0.03515625
0 0.20654296875 0.583984375 0.1064453125 0.03515625
7 0.353515625 0.583984375 0.08984375 0.03515625
0 0.3583984375 0.583984375 0.099609375 0.03515625
7 0.49560546875 0.583984375 0.0771484375 0.03515625
0 0.50048828125 0.583984375 0.0869140625 0.03515625
7 0.62109375 0.583984375 0.056640625 0.03515625
0 0.62109375 0.583984375 0.056640625 0.03515625
2 0.1279296875 0.927734375 0.255859375 0.07942708333333333
6 0.091796875 0.986328125 0.18359375 0.02734375
4 0.87109375 0.4153645833333333 0.017578125 0.0234375
0 0.927734375 0.4153645833333333 0.14453125 0.0234375
7 0.93994140625 0.4140625 0.1201171875 0.0234375
6 0.8857421875 0.46875 0.052734375 0.0546875
4 0.92138671875 0.4557291666666667 0.0166015625 0.020833333333333332
7 0.93359375 0.46875 0.005859375 0.0546875
6 0.9677734375 0.46875 0.064453125 0.0546875
1 0.87548828125 0.4908854166666667 0.0166015625 0.020833333333333332
1 0.9462890625 0.4915364583333333 0.107421875 0.037760416666666664
7 0.68212890625 0.5559895833333334 0.0654296875 0.0234375
0 0.68798828125 0.556640625 0.0771484375 0.03515625
7 0.759765625 0.5559895833333334 0.03515625 0.0234375
0 0.76513671875 0.556640625 0.0458984375 0.03515625
4 0.716796875 0.7786458333333334 0.134765625 0.2552083333333333
2 0.7138671875 0.9296875 0.12890625 0.0234375
7 0.7158203125 0.9733072916666666 0.1328125 0.053385416666666664
6 0.66455078125 0.9954427083333334 0.0302734375 0.009114583333333334
2 0.869140625 0.634765625 0.162109375 0.022135416666666668
4 0.89404296875 0.7786458333333334 0.2119140625 0.2552083333333333
2 0.89404296875 0.9420572916666666 0.2119140625 0.048177083333333336
7 0.89404296875 0.9856770833333334 0.2119140625 0.028645833333333332