0 0.06884765625 0.013020833333333334 0.1376953125 0.026041666666666668
4 0.31982421875 0.1953125 0.6396484375 0.328125
7 0.44775390625 0.2688802083333333 0.3837890625 0.18098958333333334
7 0.56982421875 0.2845052083333333 0.1396484375 0.07682291666666667
7 0.47998046875 0.3372395833333333 0.1533203125 0.044270833333333336
7 0.56201171875 0.337890625 0.0107421875 0.04296875
7 0.71044921875 0.08854166666666667 0.1416015625 0.10677083333333333
7 0.71142578125 0.19401041666666666 0.1435546875 0.036458333333333336
7 0.71142578125 0.2643229166666667 0.1435546875 0.036458333333333336
7 0.71142578125 0.3235677083333333 0.1435546875 0.07161458333333333
1 0.91796875 0.016276041666666668 0.1640625 0.032552083333333336
1 0.91796875 0.08072916666666667 0.1640625 0.057291666666666664
1 0.91796875 0.15755208333333334 0.1640625 0.057291666666666664
0 0.87255859375 0.20833333333333334 0.0732421875 0.0390625
1 0.91796875 0.296875 0.1640625 0.06510416666666667
2 0.29150390625 0.40234375 0.5830078125 0.033854166666666664
7 0.0751953125 0.4453125 0.150390625 0.020833333333333332
7 0.14404296875 0.4713541666666667 0.2880859375 0.020833333333333332
7 0.052734375 0.5234375 0.10546875 0.020833333333333332
7 0.2138671875 0.5234375 0.21875 0.020833333333333332
7 0.01171875 0.5533854166666666 0.0234375 0.020833333333333332
1 0.13232421875 0.5533854166666666 0.2177734375 0.033854166666666664
2 0.28955078125 0.65234375 0.5791015625 0.0859375
2 0.27099609375 0.73828125 0.5419921875 0.0859375
7 0.04296875 0.8502604166666666 0.0859375 0.015625
6 0.10400390625 0.8502604166666666 0.0380859375 0.015625
7 0.009765625 0.9427083333333334 0.01953125 0.020833333333333332
0 0.2197265625 0.943359375 0.39453125 0.022135416666666668
0 0.73095703125 0.4895833333333333 0.1298828125 0.057291666666666664
0 0.869140625 0.4895833333333333 0.146484375 0.057291666666666664
4 0.9794921875 0.4895833333333333 0.03515625 0.046875