3 0.2099609375 0.20638020833333334 0.419921875 0.4127604166666667
0 0.2099609375 0.20638020833333334 0.419921875 0.4127604166666667
4 0.14892578125 0.4368489583333333 0.2099609375 0.12630208333333334
0 0.14892578125 0.4368489583333333 0.2099609375 0.12630208333333334
4 0.3564453125 0.4368489583333333 0.126953125 0.12630208333333334
0 0.3564453125 0.4368489583333333 0.126953125 0.12630208333333334
3 0.7265625 0.17252604166666666 0.546875 0.3450520833333333
4 0.736328125 0.4348958333333333 0.52734375 0.13020833333333334
0 0.736328125 0.4348958333333333 0.52734375 0.13020833333333334
7 0.2099609375 0.5104166666666666 0.419921875 0.020833333333333332
7 0.2099609375 0.6002604166666666 0.419921875 0.03125
7 0.2099609375 0.6341145833333334 0.419921875 0.026041666666666668
0 0.31591796875 0.98828125 0.2080078125 0.0234375
0 0.5859375 0.5748697916666666 0.29296875 0.08984375
0 0.4912109375 0.6692708333333334 0.09375 0.052083333333333336
0 0.609375 0.6692708333333334 0.134765625 0.052083333333333336
0 0.73779296875 0.6692708333333334 0.1142578125 0.052083333333333336
0 0.8583984375 0.6692708333333334 0.119140625 0.052083333333333336
2 0.6396484375 0.7532552083333334 0.1796875 0.061197916666666664
6 0.63916015625 0.7994791666666666 0.0478515625 0.015625
7 0.6396484375 0.8209635416666666 0.01953125 0.024739583333333332
2 0.64013671875 0.904296875 0.1865234375 0.061197916666666664
6 0.63916015625 0.9505208333333334 0.0869140625 0.015625
7 0.6396484375 0.9720052083333334 0.025390625 0.024739583333333332
3 0.880859375 0.8639322916666666 0.23828125 0.2721354166666667