4 0.28955078125 0.16080729166666666 0.5791015625 0.3216145833333333
7 0.212890625 0.072265625 0.42578125 0.08203125
7 0.109375 0.22916666666666666 0.099609375 0.03125
0 0.109375 0.22981770833333334 0.1484375 0.07161458333333333
2 0.13037109375 0.4225260416666667 0.2607421875 0.040364583333333336
0 0.0927734375 0.4791666666666667 0.185546875 0.020833333333333332
4 0.0927734375 0.4791666666666667 0.185546875 0.020833333333333332
7 0.0615234375 0.4524739583333333 0.123046875 0.024739583333333332
6 0.16357421875 0.4524739583333333 0.0830078125 0.024739583333333332
7 0.21923828125 0.4524739583333333 0.0302734375 0.024739583333333332
6 0.27392578125 0.4524739583333333 0.0810546875 0.024739583333333332
7 0.31591796875 0.4524739583333333 0.0048828125 0.024739583333333332
4 0.572265625 0.4498697916666667 0.013671875 0.045572916666666664
4 0.41259765625 0.5299479166666666 0.0673828125 0.0546875
1 0.22900390625 0.5299479166666666 0.4580078125 0.07291666666666667
7 0.1572265625 0.59375 0.314453125 0.026041666666666668
5 0.15625 0.6608072916666666 0.287109375 0.07421875
0 0.0771484375 0.8763020833333334 0.12890625 0.16145833333333334
0 0.23486328125 0.8763020833333334 0.1298828125 0.16145833333333334
0 0.39306640625 0.8763020833333334 0.1298828125 0.16145833333333334
0 0.53271484375 0.8763020833333334 0.0927734375 0.16145833333333334
0 0.59912109375 0.5071614583333334 0.0380859375 0.03515625
0 0.66455078125 0.5071614583333334 0.0947265625 0.03515625
3 0.6259765625 0.533203125 0.09375 0.08723958333333333
4 0.8134765625 0.5286458333333334 0.05859375 0.078125
2 0.92626953125 0.54296875 0.1474609375 0.10677083333333333
0 0.92626953125 0.552734375 0.1474609375 0.022135416666666668
6 0.79541015625 0.6178385416666666 0.0869140625 0.022135416666666668
7 0.84423828125 0.6184895833333334 0.0048828125 0.0390625
6 0.89453125 0.6178385416666666 0.087890625 0.022135416666666668
7 0.94287109375 0.6184895833333334 0.0048828125 0.0390625
6 0.97412109375 0.6178385416666666 0.0517578125 0.022135416666666668
3 0.78955078125 0.828125 0.4208984375 0.3255208333333333