4 0.375 0.328125 0.75 0.5416666666666666
2 0.375 0.330078125 0.75 0.20442708333333334
7 0.3427734375 0.474609375 0.6328125 0.08203125
4 0.875 0.2994791666666667 0.25 0.5989583333333334
7 0.814453125 0.07552083333333333 0.12890625 0.06770833333333333
2 0.875 0.15104166666666666 0.25 0.036458333333333336
7 0.875 0.1875 0.25 0.036458333333333336
1 0.875 0.2721354166666667 0.25 0.0703125
6 0.76513671875 0.3430989583333333 0.0302734375 0.022135416666666668
6 0.82373046875 0.3430989583333333 0.0712890625 0.022135416666666668
6 0.90869140625 0.3430989583333333 0.0849609375 0.022135416666666668
6 0.9775390625 0.3430989583333333 0.0390625 0.022135416666666668
7 0.94482421875 0.5885416666666666 0.1103515625 0.020833333333333332
6 0.0390625 0.6256510416666666 0.033203125 0.053385416666666664
0 0.0390625 0.6901041666666666 0.078125 0.18229166666666666
2 0.17333984375 0.8248697916666666 0.2685546875 0.03515625
4 0.1728515625 0.927734375 0.26953125 0.14453125
0 0.17333984375 0.927734375 0.2685546875 0.14453125
2 0.5 0.8248697916666666 0.26953125 0.03515625
4 0.5 0.927734375 0.26953125 0.14453125
0 0.5 0.927734375 0.26953125 0.14453125
7 0.875 0.6145833333333334 0.25 0.03125
7 0.865234375 0.6686197916666666 0.23046875 0.01953125
6 0.84033203125 0.7076822916666666 0.1806640625 0.01953125
7 0.7587890625 0.810546875 0.017578125 0.014322916666666666
6 0.80712890625 0.8098958333333334 0.0654296875 0.015625