7 0.3046875 0.4069010416666667 0.609375 0.024739583333333332
7 0.3046875 0.48828125 0.609375 0.0703125
6 0.22119140625 0.513671875 0.0791015625 0.01953125
2 0.3046875 0.08463541666666667 0.609375 0.08333333333333333
2 0.3046875 0.16666666666666666 0.609375 0.08333333333333333
7 0.3046875 0.294921875 0.609375 0.58984375
2 0.8046875 0.037760416666666664 0.390625 0.0625
2 0.892578125 0.11197916666666667 0.21484375 0.07291666666666667
7 0.83251953125 0.17252604166666666 0.0439453125 0.02734375
7 0.89111328125 0.17317708333333334 0.0751953125 0.033854166666666664
7 0.9404296875 0.17252604166666666 0.025390625 0.02734375
7 0.9736328125 0.17317708333333334 0.041015625 0.033854166666666664
6 0.919921875 0.22135416666666666 0.115234375 0.033854166666666664
7 0.8046875 0.3307291666666667 0.390625 0.5182291666666666
2 0.162109375 0.6393229166666666 0.32421875 0.09895833333333333
0 0.04248046875 0.763671875 0.0849609375 0.06380208333333333
0 0.17724609375 0.763671875 0.1357421875 0.06380208333333333
4 0.4794921875 0.767578125 0.259765625 0.35546875
4 0.779296875 0.83203125 0.33984375 0.3359375
0 0.779296875 0.83203125 0.33984375 0.3359375