7 0.26513671875 0.275390625 0.5302734375 0.024739583333333332
7 0.25634765625 0.3567708333333333 0.5126953125 0.0703125
6 0.11669921875 0.3821614583333333 0.0791015625 0.01953125
2 0.27490234375 0.038411458333333336 0.5498046875 0.07682291666666667
7 0.27490234375 0.22981770833333334 0.5498046875 0.4596354166666667
2 0.77734375 0.028645833333333332 0.341796875 0.057291666666666664
7 0.65380859375 0.08138020833333333 0.0439453125 0.02734375
7 0.71240234375 0.08203125 0.0751953125 0.033854166666666664
7 0.76171875 0.08138020833333333 0.025390625 0.02734375
7 0.794921875 0.08203125 0.041015625 0.033854166666666664
7 0.8662109375 0.08138020833333333 0.103515625 0.02734375
6 0.9208984375 0.07747395833333333 0.005859375 0.016927083333333332
6 0.7412109375 0.13020833333333334 0.115234375 0.033854166666666664
6 0.845703125 0.13020833333333334 0.048828125 0.033854166666666664
7 0.77490234375 0.22981770833333334 0.4501953125 0.4596354166666667
0 0.015625 0.484375 0.03125 0.049479166666666664
0 0.0791015625 0.484375 0.064453125 0.049479166666666664
0 0.15087890625 0.484375 0.0478515625 0.049479166666666664
0 0.23046875 0.484375 0.080078125 0.049479166666666664
0 0.30615234375 0.484375 0.0400390625 0.049479166666666664
0 0.376953125 0.484375 0.0703125 0.049479166666666664
0 0.4521484375 0.484375 0.048828125 0.049479166666666664
0 0.515625 0.484375 0.046875 0.049479166666666664
4 0.20654296875 0.734375 0.4130859375 0.3723958333333333
2 0.20654296875 0.9921875 0.4130859375 0.015625
0 0.20654296875 0.982421875 0.4130859375 0.03515625
4 0.49560546875 0.63671875 0.1083984375 0.17708333333333334
2 0.47998046875 0.755859375 0.0771484375 0.024739583333333332
2 0.49560546875 0.7805989583333334 0.1083984375 0.02734375
2 0.49560546875 0.880859375 0.1083984375 0.13671875
0 0.49560546875 0.87109375 0.1083984375 0.15625
2 0.77490234375 0.5266927083333334 0.4501953125 0.04296875
1 0.75048828125 0.6686197916666666 0.4013671875 0.055989583333333336
4 0.77490234375 0.8196614583333334 0.4501953125 0.20182291666666666