2 0.26171875 0.3723958333333333 0.5234375 0.3671875
2 0.205078125 0.3515625 0.41015625 0.140625
7 0.26318359375 0.4322916666666667 0.5263671875 0.044270833333333336
0 0.0234375 0.5201822916666666 0.046875 0.07161458333333333
7 0.62255859375 0.030598958333333332 0.1435546875 0.024739583333333332
0 0.6328125 0.029296875 0.16796875 0.053385416666666664
4 0.7646484375 0.3489583333333333 0.470703125 0.4505208333333333
6 0.2646484375 0.5885416666666666 0.529296875 0.018229166666666668
1 0.0361328125 0.7115885416666666 0.072265625 0.06640625
0 0.0361328125 0.919921875 0.072265625 0.06640625
7 0.2646484375 0.8125 0.529296875 0.375
2 0.3134765625 0.7376302083333334 0.365234375 0.17317708333333334
7 0.3134765625 0.8802083333333334 0.365234375 0.059895833333333336
7 0.44482421875 0.890625 0.0068359375 0.015625
7 0.4658203125 0.8958333333333334 0.03515625 0.028645833333333332
0 0.21875 0.9752604166666666 0.17578125 0.049479166666666664
0 0.84033203125 0.5846354166666666 0.1337890625 0.010416666666666666
4 0.71484375 0.6666666666666666 0.013671875 0.018229166666666668
4 0.744140625 0.6666666666666666 0.013671875 0.018229166666666668
4 0.7734375 0.6666666666666666 0.013671875 0.018229166666666668
4 0.802734375 0.6666666666666666 0.013671875 0.018229166666666668
6 0.56005859375 0.7434895833333334 0.0615234375 0.028645833333333332
0 0.56005859375 0.7584635416666666 0.0615234375 0.05859375
4 0.64990234375 0.7578125 0.0673828125 0.08854166666666667
6 0.8017578125 0.7434895833333334 0.19921875 0.028645833333333332
0 0.8017578125 0.7584635416666666 0.19921875 0.05859375
7 0.7529296875 0.7721354166666666 0.1015625 0.03125
4 0.96826171875 0.7578125 0.0634765625 0.08854166666666667
4 0.7587890625 0.9420572916666666 0.287109375 0.11588541666666667
0 0.7587890625 0.9420572916666666 0.287109375 0.11588541666666667