0 0.0380859375 0.03515625 0.076171875 0.0703125
0 0.11865234375 0.03515625 0.0849609375 0.0703125
0 0.19189453125 0.03515625 0.0615234375 0.0703125
0 0.267578125 0.03515625 0.08984375 0.0703125
7 0.34521484375 0.03125 0.0419921875 0.028645833333333332
0 0.35009765625 0.03515625 0.0751953125 0.0703125
0 0.416015625 0.03515625 0.056640625 0.0703125
0 0.4951171875 0.03515625 0.1015625 0.0703125
4 0.27490234375 0.2552083333333333 0.5498046875 0.3671875
2 0.27490234375 0.26171875 0.5498046875 0.06770833333333333
2 0.27490234375 0.3470052083333333 0.5498046875 0.05078125
7 0.27490234375 0.408203125 0.5498046875 0.032552083333333336
2 0.77490234375 0.021484375 0.4501953125 0.04296875
7 0.77490234375 0.11067708333333333 0.4501953125 0.08333333333333333
2 0.77490234375 0.2682291666666667 0.4501953125 0.0234375
2 0.63916015625 0.4309895833333333 0.1787109375 0.015625
4 0.80908203125 0.3802083333333333 0.0634765625 0.08333333333333333
0 0.8720703125 0.388671875 0.189453125 0.10026041666666667
7 0.87451171875 0.357421875 0.0380859375 0.037760416666666664
5 0.9111328125 0.3912760416666667 0.111328125 0.02734375
6 0.904296875 0.431640625 0.09765625 0.014322916666666666
0 0.21728515625 0.6673177083333334 0.4345703125 0.3346354166666667
7 0.01416015625 0.740234375 0.0283203125 0.016927083333333332
2 0.17041015625 0.779296875 0.3408203125 0.061197916666666664
0 0.4921875 0.6673177083333334 0.115234375 0.3346354166666667
6 0.48046875 0.7389322916666666 0.033203125 0.01953125
7 0.529296875 0.740234375 0.041015625 0.016927083333333332
2 0.5068359375 0.779296875 0.0859375 0.061197916666666664
7 0.39404296875 0.81640625 0.0068359375 0.018229166666666668
7 0.40283203125 0.81640625 0.0107421875 0.018229166666666668
7 0.4150390625 0.81640625 0.013671875 0.018229166666666668
4 0.41748046875 0.6673177083333334 0.0224609375 0.053385416666666664
0 0.41748046875 0.6673177083333334 0.0439453125 0.10546875
2 0.21044921875 0.9602864583333334 0.4208984375 0.024739583333333332
7 0.51513671875 0.9283854166666666 0.0693359375 0.0390625
4 0.9140625 0.5872395833333334 0.171875 0.296875
4 0.91796875 0.5924479166666666 0.1640625 0.3072916666666667
4 0.92041015625 0.595703125 0.1591796875 0.3138020833333333
4 0.92236328125 0.5983072916666666 0.1552734375 0.3190104166666667
4 0.923828125 0.6002604166666666 0.15234375 0.3229166666666667
4 0.9248046875 0.6015625 0.150390625 0.3255208333333333
4 0.92578125 0.6028645833333334 0.1484375 0.328125
4 0.92626953125 0.603515625 0.1474609375 0.3294270833333333
4 0.9267578125 0.6041666666666666 0.146484375 0.3307291666666667
4 0.92724609375 0.6048177083333334 0.1455078125 0.33203125
4 0.974609375 0.9225260416666666 0.05078125 0.024739583333333332
4 0.76416015625 0.5052083333333334 0.1826171875 0.1328125