0 0.060546875 0.013020833333333334 0.12109375 0.026041666666666668
0 0.30029296875 0.013020833333333334 0.0849609375 0.026041666666666668
0 0.38525390625 0.013020833333333334 0.0849609375 0.026041666666666668
0 0.45849609375 0.013020833333333334 0.0615234375 0.026041666666666668
0 0.5341796875 0.013020833333333334 0.08984375 0.026041666666666668
0 0.6044921875 0.013020833333333334 0.05078125 0.026041666666666668
4 0.31494140625 0.283203125 0.6298828125 0.51171875
2 0.31494140625 0.21744791666666666 0.6298828125 0.06770833333333333
2 0.31494140625 0.302734375 0.6298828125 0.05078125
7 0.31494140625 0.3639322916666667 0.6298828125 0.032552083333333336
0 0.09619140625 0.5052083333333334 0.1923828125 0.06770833333333333
7 0.42529296875 0.53125 0.4091796875 0.015625
6 0.66015625 0.072265625 0.060546875 0.022135416666666668
6 0.70703125 0.072265625 0.02734375 0.022135416666666668
7 0.6875 0.109375 0.115234375 0.020833333333333332
6 0.82421875 0.109375 0.16015625 0.020833333333333332
7 0.9521484375 0.109375 0.095703125 0.020833333333333332
7 0.81494140625 0.22265625 0.3701171875 0.020833333333333332
7 0.81494140625 0.3203125 0.3701171875 0.09895833333333333
6 0.828125 0.359375 0.0859375 0.020833333333333332
7 0.91552734375 0.359375 0.0908203125 0.020833333333333332
6 0.97998046875 0.359375 0.0400390625 0.020833333333333332
3 0.82568359375 0.498046875 0.3486328125 0.08203125
2 0.22705078125 0.6015625 0.3408203125 0.125
7 0.22705078125 0.7890625 0.3408203125 0.125
0 0.1240234375 0.9244791666666666 0.134765625 0.0625
1 0.86181640625 0.5826822916666666 0.2763671875 0.053385416666666664
0 0.64794921875 0.6647135416666666 0.0361328125 0.061197916666666664
0 0.7265625 0.6647135416666666 0.12109375 0.061197916666666664
0 0.8251953125 0.6647135416666666 0.076171875 0.061197916666666664
0 0.8955078125 0.6647135416666666 0.064453125 0.061197916666666664
7 0.95263671875 0.6647135416666666 0.0302734375 0.022135416666666668
0 0.95849609375 0.6647135416666666 0.0615234375 0.061197916666666664
2 0.81494140625 0.8821614583333334 0.3701171875 0.06380208333333333
1 0.80029296875 0.9772135416666666 0.3408203125 0.045572916666666664