0 0.25 0.014973958333333334 0.5 0.029947916666666668
0 0.435546875 0.310546875 0.095703125 0.03515625
0 0.302734375 0.310546875 0.13671875 0.03515625
1 0.25 0.3684895833333333 0.5 0.041666666666666664
7 0.75 0.06380208333333333 0.5 0.12760416666666666
0 0.615234375 0.02734375 0.17578125 0.0546875
4 0.57958984375 0.296875 0.1591796875 0.18489583333333334
0 0.58056640625 0.296875 0.1611328125 0.18489583333333334
4 0.77685546875 0.296875 0.2275390625 0.18489583333333334
0 0.77734375 0.296875 0.232421875 0.18489583333333334
4 0.94775390625 0.296875 0.1044921875 0.18489583333333334
0 0.9462890625 0.296875 0.107421875 0.18489583333333334
2 0.25 0.4309895833333333 0.5 0.015625
2 0.25 0.4739583333333333 0.5 0.0546875
4 0.0556640625 0.64453125 0.111328125 0.171875
0 0.0556640625 0.64453125 0.111328125 0.171875
7 0.04931640625 0.64453125 0.0986328125 0.020833333333333332
4 0.193359375 0.64453125 0.12890625 0.171875
0 0.193359375 0.64453125 0.12890625 0.171875
7 0.193359375 0.64453125 0.103515625 0.020833333333333332
4 0.33984375 0.64453125 0.12890625 0.171875
0 0.33984375 0.64453125 0.12890625 0.171875
7 0.33984375 0.64453125 0.103515625 0.020833333333333332
4 0.4609375 0.64453125 0.078125 0.171875
0 0.4609375 0.64453125 0.078125 0.171875
7 0.46728515625 0.64453125 0.0654296875 0.020833333333333332
0 0.2275390625 0.8411458333333334 0.1328125 0.052083333333333336
7 0.2275390625 0.9114583333333334 0.251953125 0.03125
4 0.25 0.6946614583333334 0.5 0.6106770833333334
4 0.25 0.6946614583333334 0.5 0.6106770833333334
2 0.69970703125 0.6360677083333334 0.3994140625 0.14453125
0 0.53076171875 0.75 0.0615234375 0.033854166666666664