0 0.33740234375 0.19075520833333334 0.0849609375 0.03515625
0 0.2099609375 0.19075520833333334 0.13671875 0.03515625
1 0.18994140625 0.2578125 0.3798828125 0.059895833333333336
4 0.53662109375 0.259765625 0.3134765625 0.51953125
2 0.7998046875 0.011067708333333334 0.154296875 0.022135416666666668
2 0.85498046875 0.109375 0.2900390625 0.11458333333333333
0 0.76611328125 0.130859375 0.1123046875 0.07161458333333333
0 0.91064453125 0.130859375 0.1787109375 0.07161458333333333
2 0.85498046875 0.24739583333333334 0.2900390625 0.11458333333333333
0 0.74365234375 0.2688802083333333 0.0673828125 0.07161458333333333
0 0.88818359375 0.2688802083333333 0.2236328125 0.07161458333333333
2 0.85498046875 0.3854166666666667 0.2900390625 0.11458333333333333
0 0.751953125 0.4069010416666667 0.083984375 0.07161458333333333
0 0.896484375 0.4069010416666667 0.20703125 0.07161458333333333
2 0.7998046875 0.4856770833333333 0.154296875 0.028645833333333332
2 0.18994140625 0.8893229166666666 0.3798828125 0.08333333333333333
2 0.18994140625 0.96484375 0.3798828125 0.0703125
7 0.18994140625 0.759765625 0.3798828125 0.48046875
4 0.44970703125 0.6979166666666666 0.1396484375 0.265625
0 0.44970703125 0.7213541666666666 0.1396484375 0.3125
6 0.43994140625 0.8665364583333334 0.1201171875 0.022135416666666668
4 0.67919921875 0.6985677083333334 0.3193359375 0.2669270833333333
0 0.67919921875 0.7220052083333334 0.3193359375 0.3138020833333333
6 0.67919921875 0.8678385416666666 0.2802734375 0.022135416666666668
4 0.91943359375 0.6985677083333334 0.1611328125 0.2669270833333333
0 0.91943359375 0.7220052083333334 0.1611328125 0.3138020833333333
6 0.92919921875 0.8678385416666666 0.1416015625 0.022135416666666668