7 0.51171875 0.12044270833333333 0.076171875 0.022135416666666668
2 0.27490234375 0.3151041666666667 0.5498046875 0.033854166666666664
2 0.2099609375 0.4251302083333333 0.19921875 0.08723958333333333
4 0.5009765625 0.3997395833333333 0.09765625 0.041666666666666664
0 0.5009765625 0.3997395833333333 0.09765625 0.041666666666666664
2 0.45458984375 0.4251302083333333 0.1904296875 0.08723958333333333
3 0.04052734375 0.2571614583333333 0.0810546875 0.4231770833333333
7 0.57666015625 0.014973958333333334 0.0537109375 0.029947916666666668
7 0.6494140625 0.014973958333333334 0.08984375 0.029947916666666668
7 0.72802734375 0.014973958333333334 0.0654296875 0.029947916666666668
7 0.57666015625 0.048177083333333336 0.0537109375 0.036458333333333336
7 0.6494140625 0.048177083333333336 0.08984375 0.036458333333333336
7 0.72802734375 0.048177083333333336 0.0654296875 0.036458333333333336
7 0.57666015625 0.08463541666666667 0.0537109375 0.036458333333333336
7 0.6494140625 0.08463541666666667 0.08984375 0.036458333333333336
7 0.72802734375 0.08463541666666667 0.0654296875 0.036458333333333336
7 0.66455078125 0.14973958333333334 0.2294921875 0.020833333333333332
7 0.7802734375 0.14973958333333334 0.00390625 0.020833333333333332
7 0.57666015625 0.19401041666666666 0.0537109375 0.036458333333333336
7 0.6494140625 0.19401041666666666 0.08984375 0.036458333333333336
7 0.72802734375 0.19401041666666666 0.0654296875 0.036458333333333336
7 0.57666015625 0.23046875 0.0537109375 0.036458333333333336
7 0.6494140625 0.23046875 0.08984375 0.036458333333333336
7 0.72802734375 0.23046875 0.0654296875 0.036458333333333336
7 0.57666015625 0.2669270833333333 0.0537109375 0.036458333333333336
7 0.6494140625 0.2669270833333333 0.08984375 0.036458333333333336
7 0.72802734375 0.2669270833333333 0.0654296875 0.036458333333333336
2 0.77490234375 0.314453125 0.4501953125 0.024739583333333332
7 0.5673828125 0.3528645833333333 0.03515625 0.020833333333333332
7 0.5986328125 0.3528645833333333 0.029296875 0.020833333333333332
7 0.6513671875 0.3528645833333333 0.076171875 0.020833333333333332
7 0.7861328125 0.3528645833333333 0.197265625 0.020833333333333332
7 0.91650390625 0.3528645833333333 0.0654296875 0.020833333333333332
7 0.77490234375 0.3723958333333333 0.4501953125 0.059895833333333336
6 0.68359375 0.3919270833333333 0.076171875 0.020833333333333332
7 0.75537109375 0.3919270833333333 0.0693359375 0.020833333333333332
7 0.77490234375 0.4381510416666667 0.4501953125 0.040364583333333336
7 0.23193359375 0.552734375 0.4638671875 0.01953125
6 0.482421875 0.552734375 0.033203125 0.01953125
2 0.1337890625 0.6653645833333334 0.267578125 0.0703125
4 0.1337890625 0.8567708333333334 0.267578125 0.2864583333333333
0 0.1337890625 0.8567708333333334 0.267578125 0.2864583333333333
2 0.4375 0.9908854166666666 0.224609375 0.018229166666666668
3 0.43115234375 0.7669270833333334 0.2373046875 0.3255208333333333
7 0.5283203125 0.94140625 0.04296875 0.015625
0 0.5283203125 0.9427083333333334 0.04296875 0.018229166666666668
0 0.6435546875 0.4856770833333333 0.11328125 0.033854166666666664
0 0.75341796875 0.4856770833333333 0.0947265625 0.033854166666666664
7 0.578125 0.7174479166666666 0.01171875 0.015625
7 0.61279296875 0.7174479166666666 0.0595703125 0.015625
6 0.6875 0.7174479166666666 0.044921875 0.015625
6 0.75244140625 0.7174479166666666 0.0380859375 0.015625
6 0.80517578125 0.7174479166666666 0.0224609375 0.015625
6 0.85546875 0.7174479166666666 0.03125 0.015625
6 0.90283203125 0.7174479166666666 0.0185546875 0.015625
6 0.947265625 0.7174479166666666 0.0234375 0.015625
6 0.99072265625 0.7174479166666666 0.0185546875 0.015625