7 0.3681640625 0.07421875 0.263671875 0.018229166666666668
2 0.3681640625 0.16145833333333334 0.263671875 0.11197916666666667
7 0.30810546875 0.2545572916666667 0.1435546875 0.022135416666666668
7 0.39208984375 0.2545572916666667 0.0283203125 0.022135416666666668
2 0.626953125 0.06770833333333333 0.25390625 0.0703125
4 0.626953125 0.21744791666666666 0.25390625 0.203125
0 0.626953125 0.21744791666666666 0.25390625 0.203125
2 0.90576171875 0.050130208333333336 0.1884765625 0.03515625
4 0.90576171875 0.19986979166666666 0.1884765625 0.23828125
0 0.90576171875 0.19986979166666666 0.1884765625 0.23828125
6 0.0927734375 0.3248697916666667 0.08203125 0.01171875
6 0.02685546875 0.388671875 0.0537109375 0.05859375
6 0.11474609375 0.388671875 0.0517578125 0.05859375
6 0.189453125 0.388671875 0.02734375 0.05859375
6 0.37451171875 0.3873697916666667 0.0517578125 0.05859375
0 0.4697265625 0.3873697916666667 0.060546875 0.05859375
4 0.26904296875 0.6985677083333334 0.2939453125 0.6028645833333334
4 0.29150390625 0.7408854166666666 0.1904296875 0.08333333333333333
7 0.2431640625 0.8411458333333334 0.140625 0.028645833333333332
7 0.455078125 0.5559895833333334 0.08984375 0.026041666666666668
4 0.45166015625 0.6927083333333334 0.0966796875 0.20052083333333334
2 0.45849609375 0.7825520833333334 0.0830078125 0.0390625
7 0.43017578125 0.8059895833333334 0.0263671875 0.026041666666666668
4 0.4677734375 0.8059895833333334 0.064453125 0.0234375
7 0.45849609375 0.830078125 0.0830078125 0.032552083333333336
2 0.45849609375 0.9049479166666666 0.0830078125 0.0390625
7 0.43017578125 0.9283854166666666 0.0263671875 0.026041666666666668
4 0.45947265625 0.9296875 0.0478515625 0.0234375
7 0.45849609375 0.9524739583333334 0.0830078125 0.032552083333333336
4 0.44775390625 0.583984375 0.1044921875 0.29296875
2 0.45654296875 0.685546875 0.0869140625 0.032552083333333336
7 0.4248046875 0.705078125 0.0234375 0.022135416666666668
4 0.4599609375 0.7063802083333334 0.060546875 0.01953125
7 0.45458984375 0.724609375 0.0830078125 0.022135416666666668
7 0.48681640625 0.724609375 0.0263671875 0.022135416666666668
7 0.4501953125 0.7545572916666666 0.0390625 0.01953125
0 0.45068359375 0.7565104166666666 0.0751953125 0.036458333333333336
0 0.443359375 0.8072916666666666 0.060546875 0.057291666666666664
0 0.49365234375 0.8072916666666666 0.0126953125 0.057291666666666664
7 0.43017578125 0.8860677083333334 0.0322265625 0.016927083333333332
0 0.43212890625 0.8756510416666666 0.0458984375 0.08463541666666667
7 0.48046875 0.8860677083333334 0.0390625 0.016927083333333332
0 0.47900390625 0.8756510416666666 0.0419921875 0.08463541666666667
7 0.4541015625 0.958984375 0.091796875 0.06901041666666667
2 0.75 0.357421875 0.5 0.02734375
7 0.50390625 0.3971354166666667 0.0078125 0.020833333333333332
7 0.63671875 0.3971354166666667 0.259765625 0.020833333333333332
7 0.6298828125 0.43359375 0.259765625 0.020833333333333332
7 0.7607421875 0.43359375 0.00390625 0.020833333333333332
7 0.5244140625 0.4791666666666667 0.048828125 0.036458333333333336
7 0.5849609375 0.4791666666666667 0.0703125 0.036458333333333336
7 0.666015625 0.4791666666666667 0.08984375 0.036458333333333336
7 0.74462890625 0.4791666666666667 0.0654296875 0.036458333333333336
6 0.5205078125 0.515625 0.041015625 0.020833333333333332
7 0.5849609375 0.515625 0.0703125 0.036458333333333336
7 0.666015625 0.515625 0.08984375 0.036458333333333336
7 0.74462890625 0.515625 0.0654296875 0.036458333333333336
6 0.5205078125 0.5520833333333334 0.041015625 0.020833333333333332
7 0.5849609375 0.5520833333333334 0.0703125 0.036458333333333336
7 0.666015625 0.5520833333333334 0.08984375 0.036458333333333336
7 0.74462890625 0.5520833333333334 0.0654296875 0.036458333333333336
7 0.64794921875 0.6171875 0.2958984375 0.020833333333333332
7 0.796875 0.6171875 0.00390625 0.020833333333333332
7 0.5244140625 0.6614583333333334 0.048828125 0.036458333333333336
7 0.5849609375 0.6614583333333334 0.0703125 0.036458333333333336
7 0.666015625 0.6614583333333334 0.08984375 0.036458333333333336
7 0.74462890625 0.6614583333333334 0.0654296875 0.036458333333333336
6 0.5205078125 0.6979166666666666 0.041015625 0.020833333333333332
7 0.5849609375 0.6979166666666666 0.0703125 0.036458333333333336
7 0.666015625 0.6979166666666666 0.08984375 0.036458333333333336
7 0.74462890625 0.6979166666666666 0.0654296875 0.036458333333333336
6 0.5205078125 0.734375 0.041015625 0.020833333333333332
7 0.5849609375 0.734375 0.0703125 0.036458333333333336
7 0.666015625 0.734375 0.08984375 0.036458333333333336
7 0.74462890625 0.734375 0.0654296875 0.036458333333333336
2 0.75 0.7819010416666666 0.5 0.024739583333333332
7 0.50390625 0.8203125 0.0078125 0.020833333333333332
7 0.51513671875 0.8203125 0.0166015625 0.020833333333333332
7 0.56201171875 0.8203125 0.0791015625 0.020833333333333332
7 0.615234375 0.8203125 0.029296875 0.020833333333333332
7 0.66796875 0.8203125 0.076171875 0.020833333333333332
7 0.802734375 0.8203125 0.197265625 0.020833333333333332
7 0.93310546875 0.8203125 0.0654296875 0.020833333333333332
7 0.75 0.83984375 0.5 0.059895833333333336
6 0.7001953125 0.859375 0.076171875 0.020833333333333332
7 0.77197265625 0.859375 0.0693359375 0.020833333333333332
7 0.75 0.9055989583333334 0.5 0.040364583333333336
2 0.75 0.9537760416666666 0.5 0.024739583333333332
7 0.5888671875 0.990234375 0.14453125 0.01953125
6 0.6865234375 0.990234375 0.052734375 0.01953125
7 0.72802734375 0.990234375 0.0302734375 0.01953125
7 0.76025390625 0.990234375 0.0361328125 0.01953125
7 0.79052734375 0.990234375 0.0283203125 0.01953125
7 0.826171875 0.990234375 0.04296875 0.01953125
7 0.88330078125 0.990234375 0.0751953125 0.01953125