7 0.181640625 0.050130208333333336 0.294921875 0.10026041666666667
6 0.07421875 0.15104166666666666 0.080078125 0.026041666666666668
7 0.1328125 0.15104166666666666 0.021484375 0.026041666666666668
0 0.2431640625 0.1484375 0.171875 0.052083333333333336
2 0.0595703125 0.23958333333333334 0.0546875 0.018229166666666668
2 0.0703125 0.26171875 0.076171875 0.026041666666666668
1 0.23193359375 0.25 0.1943359375 0.036458333333333336
2 0.23876953125 0.3723958333333333 0.1806640625 0.03125
2 0.66455078125 0.009114583333333334 0.6708984375 0.018229166666666668
0 0.64892578125 0.07486979166666667 0.1044921875 0.05078125
7 0.64794921875 0.23502604166666666 0.1845703125 0.022135416666666668
6 0.64892578125 0.2688802083333333 0.0712890625 0.022135416666666668
2 0.17578125 0.9140625 0.26953125 0.0703125
0 0.17578125 0.9856770833333334 0.267578125 0.028645833333333332
0 0.17578125 0.9850260416666666 0.26953125 0.029947916666666668
3 0.17529296875 0.6640625 0.2939453125 0.3255208333333333
7 0.27685546875 0.8385416666666666 0.0634765625 0.015625
0 0.28369140625 0.83984375 0.0771484375 0.018229166666666668
4 0.31494140625 0.83984375 0.0146484375 0.015625
0 0.59423828125 0.482421875 0.1181640625 0.02734375
0 0.68994140625 0.482421875 0.0751953125 0.02734375
0 0.791015625 0.482421875 0.12890625 0.02734375
0 0.91162109375 0.482421875 0.1142578125 0.02734375
4 0.53759765625 0.7682291666666666 0.4169921875 0.4635416666666667
2 0.8525390625 0.5559895833333334 0.154296875 0.028645833333333332
2 0.88134765625 0.6575520833333334 0.2373046875 0.11458333333333333
0 0.81884765625 0.6790364583333334 0.1123046875 0.07161458333333333
0 0.93701171875 0.6790364583333334 0.1259765625 0.07161458333333333
2 0.88134765625 0.7955729166666666 0.2373046875 0.11458333333333333
0 0.79638671875 0.8170572916666666 0.0673828125 0.07161458333333333
0 0.91455078125 0.8170572916666666 0.1708984375 0.07161458333333333
2 0.88134765625 0.93359375 0.2373046875 0.11458333333333333
0 0.8046875 0.955078125 0.083984375 0.07161458333333333
0 0.9228515625 0.955078125 0.154296875 0.07161458333333333