4 0.29443359375 0.171875 0.0947265625 0.125
7 0.294921875 0.2760416666666667 0.404296875 0.036458333333333336
7 0.2900390625 0.3671875 0.39453125 0.07291666666666667
0 0.36474609375 0.39453125 0.1025390625 0.03125
7 0.18994140625 0.484375 0.1630859375 0.03125
0 0.18994140625 0.484375 0.1943359375 0.057291666666666664
7 0.3994140625 0.484375 0.1640625 0.03125
0 0.3994140625 0.484375 0.1953125 0.057291666666666664
7 0.08349609375 0.4401041666666667 0.1669921875 0.026041666666666668
4 0.33203125 0.3444010416666667 0.025390625 0.048177083333333336
2 0.41650390625 0.404296875 0.1943359375 0.032552083333333336
7 0.474609375 0.4401041666666667 0.310546875 0.026041666666666668
2 0.78857421875 0.022786458333333332 0.1943359375 0.037760416666666664
4 0.84521484375 0.3229166666666667 0.3095703125 0.46875
2 0.875 0.4192708333333333 0.25 0.11197916666666667
0 0.875 0.4192708333333333 0.25 0.11197916666666667
0 0.875 0.5052083333333334 0.25 0.03125
2 0.09521484375 0.6334635416666666 0.1904296875 0.02734375
4 0.31103515625 0.8470052083333334 0.6220703125 0.3059895833333333
2 0.30859375 0.984375 0.5078125 0.03125
0 0.30859375 0.984375 0.5078125 0.03125
0 0.6962890625 0.6321614583333334 0.046875 0.024739583333333332
0 0.80517578125 0.6321614583333334 0.0634765625 0.024739583333333332
0 0.92041015625 0.6321614583333334 0.0595703125 0.024739583333333332
0 0.89599609375 0.6731770833333334 0.2080078125 0.026041666666666668
6 0.791015625 0.73046875 0.072265625 0.020833333333333332
7 0.9130859375 0.73046875 0.173828125 0.020833333333333332
2 0.81494140625 0.875 0.3701171875 0.0625
2 0.900390625 0.94921875 0.19921875 0.07291666666666667
7 0.81494140625 0.9544270833333334 0.3701171875 0.09114583333333333