2 0.259765625 0.21484375 0.51953125 0.4296875
2 0.259765625 0.21484375 0.51953125 0.4296875
6 0.0234375 0.234375 0.046875 0.026041666666666668
2 0.13134765625 0.267578125 0.2626953125 0.04296875
0 0.015625 0.3561197916666667 0.03125 0.053385416666666664
4 0.173828125 0.103515625 0.34765625 0.20703125
0 0.173828125 0.103515625 0.34765625 0.20703125
7 0.30517578125 0.173828125 0.0849609375 0.06640625
6 0.4267578125 0.05078125 0.115234375 0.026041666666666668
2 0.4443359375 0.12825520833333334 0.150390625 0.13151041666666666
6 0.39453125 0.4036458333333333 0.05078125 0.026041666666666668
4 0.443359375 0.3033854166666667 0.15234375 0.16145833333333334
0 0.443359375 0.3033854166666667 0.15234375 0.16145833333333334
1 0.92333984375 0.024088541666666668 0.1533203125 0.048177083333333336
0 0.54296875 0.103515625 0.046875 0.061197916666666664
0 0.62109375 0.103515625 0.109375 0.061197916666666664
0 0.732421875 0.103515625 0.11328125 0.061197916666666664
0 0.849609375 0.103515625 0.12109375 0.061197916666666664
0 0.9482421875 0.103515625 0.076171875 0.061197916666666664
0 0.9931640625 0.103515625 0.013671875 0.061197916666666664
2 0.759765625 0.3209635416666667 0.48046875 0.06380208333333333
1 0.759765625 0.4114583333333333 0.48046875 0.036458333333333336
4 0.259765625 0.6458333333333334 0.51953125 0.4322916666666667
2 0.259765625 0.5 0.51953125 0.140625
7 0.259765625 0.6126302083333334 0.51953125 0.08203125
7 0.2607421875 0.76953125 0.099609375 0.03125
0 0.2607421875 0.7701822916666666 0.1484375 0.07161458333333333
2 0.2060546875 0.962890625 0.412109375 0.040364583333333336
7 0.14111328125 0.990234375 0.2666015625 0.01953125
6 0.31494140625 0.990234375 0.0830078125 0.01953125
7 0.37060546875 0.990234375 0.0302734375 0.01953125
6 0.42529296875 0.990234375 0.0810546875 0.01953125
7 0.46728515625 0.990234375 0.0048828125 0.01953125
4 0.99072265625 0.7877604166666666 0.0185546875 0.4244791666666667
4 0.67529296875 0.5904947916666666 0.3115234375 0.3216145833333333
6 0.56640625 0.775390625 0.09375 0.01953125
4 0.92529296875 0.4602864583333333 0.1494140625 0.061197916666666664
6 0.9306640625 0.5279947916666666 0.138671875 0.045572916666666664
4 0.92529296875 0.6731770833333334 0.1494140625 0.15625
6 0.9306640625 0.8014322916666666 0.138671875 0.07161458333333333
0 0.5517578125 0.8997395833333334 0.0234375 0.033854166666666664
0 0.6083984375 0.8997395833333334 0.0234375 0.033854166666666664
0 0.6650390625 0.8997395833333334 0.0234375 0.033854166666666664
0 0.7216796875 0.8997395833333334 0.0234375 0.033854166666666664
4 0.7275390625 0.970703125 0.20703125 0.05859375
0 0.7275390625 0.970703125 0.20703125 0.05859375