7 0.1513671875 0.024739583333333332 0.212890625 0.020833333333333332
7 0.37451171875 0.039713541666666664 0.7099609375 0.061197916666666664
6 0.37451171875 0.07161458333333333 0.7099609375 0.059895833333333336
2 0.36669921875 0.2936197916666667 0.7255859375 0.07942708333333333
7 0.37646484375 0.3717447916666667 0.2958984375 0.03515625
6 0.6103515625 0.3717447916666667 0.173828125 0.03515625
6 0.78564453125 0.0078125 0.0712890625 0.015625
6 0.87158203125 0.0078125 0.0556640625 0.015625
0 0.9609375 0.013020833333333334 0.078125 0.026041666666666668
2 0.86474609375 0.14908854166666666 0.2705078125 0.07942708333333333
2 0.82763671875 0.2669270833333333 0.1962890625 0.0625
2 0.451171875 0.4928385416666667 0.19140625 0.040364583333333336
2 0.4375 0.5240885416666666 0.1640625 0.040364583333333336
7 0.5263671875 0.5657552083333334 0.341796875 0.024739583333333332
0 0.42236328125 0.6204427083333334 0.1337890625 0.045572916666666664
4 0.296875 0.7200520833333334 0.013671875 0.018229166666666668
4 0.326171875 0.7200520833333334 0.013671875 0.018229166666666668
4 0.35546875 0.7200520833333334 0.013671875 0.018229166666666668
4 0.384765625 0.7200520833333334 0.013671875 0.018229166666666668
6 0.08642578125 0.796875 0.1728515625 0.028645833333333332
0 0.08642578125 0.8118489583333334 0.1728515625 0.05859375
7 0.05224609375 0.8255208333333334 0.1044921875 0.03125
4 0.23193359375 0.8111979166666666 0.0673828125 0.08854166666666667
6 0.3837890625 0.796875 0.19921875 0.028645833333333332
0 0.3837890625 0.8118489583333334 0.19921875 0.05859375
7 0.3349609375 0.8255208333333334 0.1015625 0.03125
4 0.55224609375 0.8111979166666666 0.0673828125 0.08854166666666667
6 0.6669921875 0.796875 0.125 0.028645833333333332
0 0.6669921875 0.8118489583333334 0.125 0.05859375
7 0.6669921875 0.8255208333333334 0.125 0.03125
4 0.08447265625 0.96875 0.1689453125 0.0625
0 0.08447265625 0.96875 0.1689453125 0.0625
4 0.3408203125 0.96875 0.287109375 0.0625
0 0.3408203125 0.96875 0.287109375 0.0625
4 0.62109375 0.96875 0.216796875 0.0625
0 0.62109375 0.96875 0.216796875 0.0625
0 0.79248046875 0.4772135416666667 0.1259765625 0.061197916666666664
0 0.9345703125 0.4772135416666667 0.130859375 0.061197916666666664
7 0.7705078125 0.6243489583333334 0.08203125 0.045572916666666664
0 0.802734375 0.8040364583333334 0.146484375 0.20442708333333334
0 0.98095703125 0.6080729166666666 0.0380859375 0.06510416666666667
7 0.984375 0.681640625 0.03125 0.022135416666666668
0 0.98095703125 0.681640625 0.0380859375 0.045572916666666664
7 0.984375 0.751953125 0.03125 0.022135416666666668
0 0.98095703125 0.751953125 0.0380859375 0.045572916666666664
7 0.984375 0.83203125 0.03125 0.06510416666666667
0 0.98095703125 0.83203125 0.0380859375 0.08854166666666667
7 0.984375 0.921875 0.03125 0.06510416666666667
0 0.98095703125 0.921875 0.0380859375 0.08854166666666667