4 0.357421875 0.19401041666666666 0.083984375 0.125
7 0.2802734375 0.2981770833333333 0.23828125 0.036458333333333336
7 0.2802734375 0.3893229166666667 0.23828125 0.07291666666666667
7 0.25830078125 0.5065104166666666 0.1630859375 0.03125
0 0.25830078125 0.5065104166666666 0.1943359375 0.057291666666666664
2 0.19970703125 0.009765625 0.3994140625 0.01953125
2 0.0419921875 0.4264322916666667 0.083984375 0.032552083333333336
7 0.11767578125 0.4622395833333333 0.2353515625 0.026041666666666668
4 0.3935546875 0.3665364583333333 0.01171875 0.048177083333333336
4 0.59619140625 0.025390625 0.3935546875 0.05078125
0 0.59619140625 0.025390625 0.3935546875 0.05078125
3 0.69970703125 0.14713541666666666 0.6005859375 0.1171875
7 0.43017578125 0.259765625 0.0615234375 0.05859375
7 0.5078125 0.2610677083333333 0.09375 0.055989583333333336
7 0.62158203125 0.259765625 0.1337890625 0.05859375
7 0.7333984375 0.2610677083333333 0.08984375 0.055989583333333336
7 0.845703125 0.259765625 0.134765625 0.05859375
7 0.69970703125 0.294921875 0.6005859375 0.12369791666666667
7 0.60302734375 0.3873697916666667 0.4072265625 0.029947916666666668
6 0.8466796875 0.3873697916666667 0.080078125 0.029947916666666668
7 0.8916015625 0.3873697916666667 0.009765625 0.029947916666666668
6 0.9248046875 0.3873697916666667 0.056640625 0.029947916666666668
7 0.9580078125 0.3873697916666667 0.009765625 0.029947916666666668
6 0.9814453125 0.3873697916666667 0.037109375 0.029947916666666668
4 0.5927734375 0.5325520833333334 0.38671875 0.15364583333333334
0 0.5927734375 0.5325520833333334 0.38671875 0.15364583333333334
4 0.91259765625 0.5325520833333334 0.1748046875 0.15364583333333334
0 0.91259765625 0.5325520833333334 0.1748046875 0.15364583333333334
2 0.13916015625 0.623046875 0.2783203125 0.024739583333333332
7 0.07275390625 0.6614583333333334 0.1455078125 0.020833333333333332
7 0.17724609375 0.6614583333333334 0.0654296875 0.020833333333333332
7 0.13671875 0.6809895833333334 0.2734375 0.059895833333333336
7 0.025390625 0.7005208333333334 0.05078125 0.020833333333333332
7 0.13916015625 0.7467447916666666 0.2783203125 0.040364583333333336
2 0.13916015625 0.794921875 0.2783203125 0.024739583333333332
7 0.01123046875 0.83203125 0.0224609375 0.020833333333333332
7 0.03466796875 0.83203125 0.0283203125 0.020833333333333332
7 0.0703125 0.83203125 0.04296875 0.020833333333333332
7 0.12744140625 0.83203125 0.0751953125 0.020833333333333332
7 0.13916015625 0.87109375 0.2783203125 0.020833333333333332
7 0.13916015625 0.91015625 0.2783203125 0.059895833333333336
7 0.13427734375 0.958984375 0.2685546875 0.040364583333333336
7 0.13916015625 0.98828125 0.2783203125 0.020833333333333332
0 0.60498046875 0.6178385416666666 0.0556640625 0.016927083333333332
0 0.70166015625 0.6178385416666666 0.1357421875 0.016927083333333332
0 0.80908203125 0.6178385416666666 0.0771484375 0.016927083333333332
7 0.8134765625 0.61328125 0.068359375 0.0078125
0 0.8828125 0.6178385416666666 0.068359375 0.016927083333333332
0 0.958984375 0.6178385416666666 0.08203125 0.016927083333333332
7 0.7021484375 0.6666666666666666 0.109375 0.0390625
0 0.7021484375 0.6673177083333334 0.111328125 0.04296875
7 0.6748046875 0.7096354166666666 0.078125 0.015625
6 0.74267578125 0.7096354166666666 0.0517578125 0.015625
4 0.81396484375 0.6569010416666666 0.3720703125 0.05078125
0 0.81396484375 0.6569010416666666 0.3720703125 0.05078125
0 0.4169921875 0.65625 0.03515625 0.033854166666666664
0 0.48095703125 0.65625 0.0888671875 0.033854166666666664
0 0.56689453125 0.65625 0.0791015625 0.033854166666666664
0 0.4521484375 0.7135416666666666 0.10546875 0.033854166666666664
0 0.525390625 0.7135416666666666 0.037109375 0.033854166666666664
0 0.4267578125 0.7708333333333334 0.0546875 0.033854166666666664
6 0.9794921875 0.8450520833333334 0.033203125 0.06770833333333333
0 0.97021484375 0.8411458333333334 0.0595703125 0.3177083333333333