6 0.10009765625 0.04296875 0.0693359375 0.026041666666666668
6 0.28466796875 0.04296875 0.0771484375 0.026041666666666668
6 0.46826171875 0.04296875 0.0673828125 0.026041666666666668
4 0.224609375 0.2421875 0.125 0.16666666666666666
0 0.224609375 0.2421875 0.125 0.16666666666666666
2 0.2548828125 0.37890625 0.509765625 0.0234375
0 0.22509765625 0.447265625 0.1044921875 0.05078125
7 0.22412109375 0.607421875 0.1845703125 0.022135416666666668
6 0.22509765625 0.6412760416666666 0.0712890625 0.022135416666666668
7 0.67431640625 0.19596354166666666 0.3095703125 0.01953125
6 0.876953125 0.19596354166666666 0.08984375 0.01953125
2 0.720703125 0.287109375 0.26953125 0.02734375
4 0.720703125 0.4915364583333333 0.26953125 0.35546875
0 0.720703125 0.4915364583333333 0.26953125 0.35546875
2 0.95654296875 0.6471354166666666 0.0869140625 0.044270833333333336
3 0.9501953125 0.41015625 0.099609375 0.3255208333333333
3 0.2548828125 0.8346354166666666 0.509765625 0.3307291666666667
2 0.17138671875 0.8671875 0.3427734375 0.265625
0 0.171875 0.8671875 0.34375 0.265625
4 0.171875 0.8671875 0.34375 0.265625
2 0.46533203125 0.7604166666666666 0.0888671875 0.052083333333333336
0 0.46533203125 0.9140625 0.0888671875 0.171875
4 0.46533203125 0.9140625 0.0888671875 0.171875
4 0.71875 0.69921875 0.322265625 0.059895833333333336
0 0.55029296875 0.740234375 0.0576171875 0.024739583333333332
0 0.63037109375 0.740234375 0.0615234375 0.024739583333333332
0 0.70654296875 0.740234375 0.0498046875 0.024739583333333332
0 0.7763671875 0.740234375 0.05078125 0.024739583333333332
0 0.8896484375 0.740234375 0.134765625 0.024739583333333332
4 0.72119140625 0.89453125 0.3935546875 0.2109375