2 0.2646484375 0.03125 0.529296875 0.0234375
0 0.18310546875 0.099609375 0.1044921875 0.05078125
7 0.18212890625 0.259765625 0.1845703125 0.022135416666666668
6 0.18310546875 0.2936197916666667 0.0712890625 0.022135416666666668
2 0.0791015625 0.5794270833333334 0.158203125 0.018229166666666668
2 0.2890625 0.5794270833333334 0.216796875 0.018229166666666668
2 0.474609375 0.5794270833333334 0.109375 0.018229166666666668
7 0.5712890625 0.033854166666666664 0.083984375 0.0234375
0 0.5771484375 0.033854166666666664 0.095703125 0.0546875
7 0.72412109375 0.033854166666666664 0.1748046875 0.0234375
0 0.72412109375 0.033854166666666664 0.1982421875 0.0546875
7 0.86279296875 0.033854166666666664 0.0556640625 0.0234375
0 0.86279296875 0.033854166666666664 0.0791015625 0.0546875
7 0.93408203125 0.033854166666666664 0.0400390625 0.0234375
0 0.93408203125 0.033854166666666664 0.0634765625 0.0546875
7 0.5517578125 0.14518229166666666 0.044921875 0.03515625
0 0.5849609375 0.14518229166666666 0.111328125 0.03515625
7 0.611328125 0.14127604166666666 0.048828125 0.024739583333333332
7 0.6279296875 0.21744791666666666 0.197265625 0.020833333333333332
0 0.6396484375 0.22916666666666666 0.220703125 0.09114583333333333
7 0.6279296875 0.23958333333333334 0.197265625 0.0234375
7 0.8798828125 0.21744791666666666 0.216796875 0.020833333333333332
0 0.8740234375 0.22916666666666666 0.251953125 0.09114583333333333
7 0.8798828125 0.23958333333333334 0.216796875 0.0234375
2 0.62939453125 0.4036458333333333 0.2001953125 0.1171875
7 0.58056640625 0.5533854166666666 0.0615234375 0.026041666666666668
0 0.68212890625 0.5579427083333334 0.2958984375 0.08203125
4 0.2646484375 0.7838541666666666 0.529296875 0.3697916666666667
3 0.7646484375 0.7565104166666666 0.470703125 0.3151041666666667