3 0.21044921875 0.15299479166666666 0.4208984375 0.3059895833333333
6 0.24853515625 0.4095052083333333 0.2880859375 0.024739583333333332
4 0.1201171875 0.21940104166666666 0.240234375 0.4388020833333333
0 0.1201171875 0.21940104166666666 0.240234375 0.4388020833333333
6 0.5439453125 0.0078125 0.095703125 0.015625
6 0.70703125 0.0078125 0.09765625 0.015625
6 0.8642578125 0.0078125 0.08984375 0.015625
4 0.705078125 0.2265625 0.53125 0.3880208333333333
0 0.705078125 0.3326822916666667 0.53125 0.14192708333333334
0 0.0205078125 0.4733072916666667 0.041015625 0.06901041666666667
0 0.0751953125 0.4733072916666667 0.068359375 0.06901041666666667
0 0.1435546875 0.4733072916666667 0.068359375 0.06901041666666667
0 0.2119140625 0.4733072916666667 0.068359375 0.06901041666666667
0 0.2802734375 0.4733072916666667 0.068359375 0.06901041666666667
0 0.3486328125 0.4733072916666667 0.068359375 0.06901041666666667
0 0.4111328125 0.4733072916666667 0.056640625 0.06901041666666667
6 0.03271484375 0.873046875 0.0654296875 0.01953125
6 0.03125 0.9173177083333334 0.0625 0.01953125
4 0.2197265625 0.7669270833333334 0.439453125 0.4661458333333333
6 0.2197265625 0.8860677083333334 0.439453125 0.20963541666666666
0 0.2197265625 0.54296875 0.439453125 0.018229166666666668
4 0.03173828125 0.80078125 0.0595703125 0.08072916666666667
4 0.791015625 0.6158854166666666 0.1171875 0.049479166666666664
7 0.76025390625 0.705078125 0.0634765625 0.02734375
7 0.822265625 0.7057291666666666 0.0625 0.028645833333333332
7 0.791015625 0.7330729166666666 0.16796875 0.028645833333333332
0 0.791015625 0.8079427083333334 0.29296875 0.045572916666666664
0 0.791015625 0.8665364583333334 0.29296875 0.048177083333333336