6 0.037109375 0.010416666666666666 0.0703125 0.020833333333333332
6 0.1357421875 0.010416666666666666 0.06640625 0.020833333333333332
7 0.18359375 0.061848958333333336 0.3671875 0.022135416666666668
7 0.40771484375 0.0625 0.0751953125 0.026041666666666668
0 0.4208984375 0.0625 0.1015625 0.028645833333333332
4 0.45849609375 0.056640625 0.0185546875 0.024739583333333332
4 0.18994140625 0.2760416666666667 0.0673828125 0.08854166666666667
2 0.2099609375 0.4140625 0.419921875 0.15104166666666666
2 0.83544921875 0.026692708333333332 0.3291015625 0.053385416666666664
7 0.83544921875 0.08658854166666667 0.3291015625 0.048177083333333336
7 0.83544921875 0.13346354166666666 0.3291015625 0.02734375
6 0.83544921875 0.18880208333333334 0.3291015625 0.049479166666666664
6 0.83544921875 0.2565104166666667 0.3291015625 0.049479166666666664
4 0.8251953125 0.4114583333333333 0.30859375 0.15625
0 0.67138671875 0.3326822916666667 0.0009765625 0.0013020833333333333
0 0.99853515625 0.3326822916666667 0.0009765625 0.0013020833333333333
0 0.47509765625 0.5104166666666666 0.2685546875 0.041666666666666664
4 0.42041015625 0.6881510416666666 0.1318359375 0.05859375
4 0.548828125 0.6881510416666666 0.12109375 0.05859375
0 0.09716796875 0.8248697916666666 0.0341796875 0.045572916666666664
0 0.14306640625 0.8248697916666666 0.0341796875 0.045572916666666664
0 0.18896484375 0.8248697916666666 0.0341796875 0.045572916666666664
0 0.23486328125 0.8248697916666666 0.0341796875 0.045572916666666664
0 0.28076171875 0.8248697916666666 0.0341796875 0.045572916666666664
0 0.32666015625 0.8248697916666666 0.0341796875 0.045572916666666664
0 0.37255859375 0.8248697916666666 0.0341796875 0.045572916666666664
0 0.41845703125 0.8248697916666666 0.0341796875 0.045572916666666664
0 0.46435546875 0.8248697916666666 0.0341796875 0.045572916666666664
0 0.51025390625 0.8248697916666666 0.0341796875 0.045572916666666664
0 0.55615234375 0.8248697916666666 0.0341796875 0.045572916666666664
0 0.59716796875 0.8248697916666666 0.0244140625 0.045572916666666664
0 0.46875 0.8756510416666666 0.03515625 0.045572916666666664
0 0.5146484375 0.8756510416666666 0.03515625 0.045572916666666664
0 0.14404296875 0.8932291666666666 0.0712890625 0.026041666666666668
0 0.22314453125 0.8932291666666666 0.0712890625 0.026041666666666668
0 0.27978515625 0.8932291666666666 0.0263671875 0.026041666666666668
0 0.36181640625 0.8932291666666666 0.1220703125 0.026041666666666668
0 0.46533203125 0.8932291666666666 0.0693359375 0.026041666666666668
0 0.5439453125 0.8932291666666666 0.072265625 0.026041666666666668
0 0.4873046875 0.9283854166666666 0.060546875 0.026041666666666668
7 0.10595703125 0.9908854166666666 0.0576171875 0.018229166666666668
0 0.154296875 0.9791666666666666 0.0390625 0.041666666666666664
4 0.6494140625 0.5104166666666666 0.080078125 0.041666666666666664
0 0.6494140625 0.521484375 0.080078125 0.022135416666666668
4 0.6494140625 0.5104166666666666 0.080078125 0.041666666666666664
2 0.634765625 0.4954427083333333 0.05078125 0.01171875
4 0.77197265625 0.5104166666666666 0.1474609375 0.041666666666666664
0 0.77197265625 0.521484375 0.1474609375 0.022135416666666668
4 0.77197265625 0.5104166666666666 0.1474609375 0.041666666666666664
2 0.77197265625 0.4954427083333333 0.0947265625 0.01171875
4 0.92724609375 0.5104166666666666 0.1455078125 0.041666666666666664
0 0.92724609375 0.521484375 0.1455078125 0.022135416666666668
4 0.92724609375 0.5104166666666666 0.1455078125 0.041666666666666664
4 0.92724609375 0.5104166666666666 0.1455078125 0.041666666666666664
2 0.92822265625 0.5013020833333334 0.1181640625 0.0234375
2 0.83203125 0.6380208333333334 0.3359375 0.08333333333333333
2 0.83203125 0.716796875 0.3359375 0.037760416666666664
4 0.68310546875 0.90625 0.1474609375 0.1875
4 0.68310546875 0.90625 0.1474609375 0.1875
4 0.88818359375 0.90625 0.2236328125 0.1875
4 0.88818359375 0.90625 0.2236328125 0.1875