4 0.25439453125 0.11393229166666667 0.4501953125 0.22786458333333334
2 0.25927734375 0.1953125 0.4404296875 0.028645833333333332
7 0.25927734375 0.2805989583333333 0.4404296875 0.06380208333333333
7 0.369140625 0.3717447916666667 0.037109375 0.01953125
0 0.34619140625 0.369140625 0.0107421875 0.014322916666666666
7 0.42919921875 0.3717447916666667 0.0849609375 0.01953125
0 0.36181640625 0.369140625 0.0107421875 0.014322916666666666
0 0.37744140625 0.369140625 0.0107421875 0.014322916666666666
0 0.39306640625 0.369140625 0.0107421875 0.014322916666666666
0 0.40869140625 0.369140625 0.0107421875 0.014322916666666666
0 0.42431640625 0.369140625 0.0107421875 0.014322916666666666
0 0.43994140625 0.369140625 0.0107421875 0.014322916666666666
2 0.18408203125 0.4401041666666667 0.2861328125 0.018229166666666668
2 0.4150390625 0.4401041666666667 0.12890625 0.018229166666666668
0 0.599609375 0.035807291666666664 0.240234375 0.06640625
6 0.56103515625 0.09830729166666667 0.1630859375 0.02734375
6 0.55712890625 0.142578125 0.1552734375 0.02734375
7 0.73974609375 0.10286458333333333 0.5205078125 0.20572916666666666
7 0.88916015625 0.013020833333333334 0.2216796875 0.026041666666666668
0 0.8662109375 0.099609375 0.17578125 0.06640625
4 0.57861328125 0.3658854166666667 0.1982421875 0.16666666666666666
0 0.580078125 0.3658854166666667 0.201171875 0.16666666666666666
4 0.79638671875 0.3658854166666667 0.2275390625 0.16666666666666666
0 0.7958984375 0.3658854166666667 0.232421875 0.16666666666666666
4 0.95703125 0.3658854166666667 0.0859375 0.16666666666666666
0 0.9560546875 0.3658854166666667 0.087890625 0.16666666666666666
6 0.46826171875 0.4537760416666667 0.0224609375 0.009114583333333334
6 0.4267578125 0.4537760416666667 0.041015625 0.009114583333333334
6 0.36572265625 0.4537760416666667 0.0615234375 0.009114583333333334
7 0.08203125 0.4915364583333333 0.08984375 0.024739583333333332
7 0.19189453125 0.4915364583333333 0.0537109375 0.024739583333333332
0 0.287109375 0.4921875 0.060546875 0.0625
0 0.40966796875 0.4928385416666667 0.1396484375 0.045572916666666664
2 0.23974609375 0.5794270833333334 0.4794921875 0.026041666666666668
2 0.23974609375 0.6315104166666666 0.4794921875 0.052083333333333336
7 0.23974609375 0.6868489583333334 0.4794921875 0.032552083333333336
7 0.23974609375 0.7623697916666666 0.4794921875 0.053385416666666664
6 0.22802734375 0.7786458333333334 0.1689453125 0.020833333333333332
0 0.095703125 0.8795572916666666 0.19140625 0.061197916666666664
7 0.68115234375 0.4563802083333333 0.1396484375 0.014322916666666666
0 0.8056640625 0.4563802083333333 0.388671875 0.014322916666666666
7 0.87548828125 0.4563802083333333 0.2490234375 0.014322916666666666
6 0.4951171875 0.5182291666666666 0.03125 0.026041666666666668
6 0.55810546875 0.5182291666666666 0.0458984375 0.026041666666666668
6 0.62646484375 0.5182291666666666 0.0517578125 0.026041666666666668
6 0.6865234375 0.5182291666666666 0.029296875 0.026041666666666668
0 0.763671875 0.5182291666666666 0.05078125 0.028645833333333332
0 0.8251953125 0.5182291666666666 0.04296875 0.028645833333333332
3 0.583984375 0.8203125 0.208984375 0.359375
0 0.8564453125 0.703125 0.287109375 0.125
7 0.77294921875 0.78125 0.1201171875 0.0234375
7 0.880859375 0.78125 0.095703125 0.0234375
7 0.72802734375 0.8203125 0.0244140625 0.028645833333333332
0 0.7626953125 0.82421875 0.099609375 0.028645833333333332
7 0.77783203125 0.8248697916666666 0.0693359375 0.01953125
3 0.8662109375 0.8229166666666666 0.068359375 0.026041666666666668
3 0.94970703125 0.8229166666666666 0.0595703125 0.026041666666666668
7 0.8564453125 0.9329427083333334 0.287109375 0.13411458333333334
4 0.80029296875 0.9609375 0.1748046875 0.078125
7 0.94921875 0.93359375 0.1015625 0.0234375
0 0.94921875 0.974609375 0.1015625 0.05078125