1 0.23974609375 0.048177083333333336 0.3466796875 0.044270833333333336
1 0.43115234375 0.049479166666666664 0.0322265625 0.041666666666666664
1 0.4658203125 0.049479166666666664 0.03125 0.041666666666666664
0 0.35986328125 0.083984375 0.0888671875 0.01953125
1 0.07177734375 0.08658854166666667 0.0126953125 0.016927083333333332
7 0.12353515625 0.08984375 0.0849609375 0.015625
7 0.26708984375 0.21875 0.0634765625 0.018229166666666668
6 0.328125 0.21875 0.060546875 0.018229166666666668
7 0.36279296875 0.21875 0.0107421875 0.018229166666666668
6 0.390625 0.21875 0.046875 0.018229166666666668
7 0.28662109375 0.326171875 0.0693359375 0.01953125
4 0.3583984375 0.306640625 0.076171875 0.05078125
6 0.046875 0.3990885416666667 0.087890625 0.01953125
6 0.19873046875 0.3990885416666667 0.1552734375 0.01953125
6 0.34228515625 0.3990885416666667 0.0732421875 0.01953125
6 0.421875 0.3990885416666667 0.025390625 0.01953125
6 0.4765625 0.3990885416666667 0.025390625 0.01953125
6 0.52880859375 0.3990885416666667 0.0205078125 0.01953125
7 0.1875 0.458984375 0.150390625 0.01953125
6 0.3984375 0.458984375 0.275390625 0.01953125
7 0.2353515625 0.4876302083333333 0.072265625 0.00390625
6 0.359375 0.4876302083333333 0.1796875 0.00390625
4 0.69189453125 0.13020833333333334 0.3056640625 0.2604166666666667
2 0.68017578125 0.3899739583333333 0.2822265625 0.19921875
0 0.68017578125 0.3899739583333333 0.2822265625 0.19921875
2 0.9423828125 0.00390625 0.115234375 0.0078125
7 0.9423828125 0.07486979166666667 0.115234375 0.09244791666666667
7 0.9423828125 0.177734375 0.115234375 0.06901041666666667
7 0.9423828125 0.2805989583333333 0.115234375 0.09244791666666667
2 0.953125 0.4466145833333333 0.09375 0.026041666666666668
4 0.271484375 0.7447916666666666 0.53515625 0.5104166666666666
7 0.6728515625 0.5221354166666666 0.1171875 0.0234375
0 0.6650390625 0.5221354166666666 0.234375 0.052083333333333336
7 0.6728515625 0.57421875 0.1171875 0.0234375
0 0.6650390625 0.57421875 0.234375 0.052083333333333336
7 0.6728515625 0.6263020833333334 0.1171875 0.0234375
0 0.6650390625 0.6263020833333334 0.234375 0.052083333333333336
7 0.6728515625 0.6783854166666666 0.1171875 0.0234375
0 0.6650390625 0.6783854166666666 0.234375 0.052083333333333336
7 0.6728515625 0.73046875 0.1171875 0.0234375
0 0.6650390625 0.73046875 0.234375 0.052083333333333336
7 0.6728515625 0.7825520833333334 0.1171875 0.0234375
0 0.6650390625 0.7825520833333334 0.234375 0.052083333333333336
7 0.6728515625 0.8346354166666666 0.1171875 0.0234375
0 0.6650390625 0.8346354166666666 0.234375 0.052083333333333336
7 0.6728515625 0.88671875 0.1171875 0.0234375
0 0.6650390625 0.88671875 0.234375 0.052083333333333336
7 0.6728515625 0.9388020833333334 0.1171875 0.0234375
0 0.6650390625 0.9388020833333334 0.234375 0.052083333333333336
7 0.6728515625 0.9895833333333334 0.1171875 0.020833333333333332
0 0.6650390625 0.982421875 0.234375 0.03515625
7 0.880859375 0.521484375 0.041015625 0.01953125
7 0.94091796875 0.521484375 0.0302734375 0.01953125
0 0.8935546875 0.5748697916666666 0.06640625 0.022135416666666668
0 0.962890625 0.5748697916666666 0.07421875 0.022135416666666668
0 0.8935546875 0.6295572916666666 0.06640625 0.022135416666666668
0 0.962890625 0.6295572916666666 0.07421875 0.022135416666666668
0 0.8935546875 0.6842447916666666 0.06640625 0.022135416666666668
0 0.962890625 0.6842447916666666 0.07421875 0.022135416666666668
0 0.8935546875 0.7389322916666666 0.06640625 0.022135416666666668
0 0.962890625 0.7389322916666666 0.07421875 0.022135416666666668
0 0.8935546875 0.7936197916666666 0.06640625 0.022135416666666668
0 0.962890625 0.7936197916666666 0.07421875 0.022135416666666668
0 0.8935546875 0.8483072916666666 0.06640625 0.022135416666666668
0 0.962890625 0.8483072916666666 0.07421875 0.022135416666666668
0 0.8935546875 0.9029947916666666 0.06640625 0.022135416666666668
0 0.962890625 0.9029947916666666 0.07421875 0.022135416666666668
0 0.8935546875 0.9576822916666666 0.06640625 0.022135416666666668
0 0.962890625 0.9576822916666666 0.07421875 0.022135416666666668