0 0.5107421875 0.014322916666666666 0.083984375 0.028645833333333332
0 0.435546875 0.014322916666666666 0.068359375 0.028645833333333332
6 0.3662109375 0.013020833333333334 0.041015625 0.018229166666666668
0 0.36572265625 0.014322916666666666 0.0732421875 0.028645833333333332
2 0.4892578125 0.265625 0.138671875 0.1953125
1 0.15771484375 0.2682291666666667 0.3154296875 0.044270833333333336
1 0.33349609375 0.26953125 0.0322265625 0.041666666666666664
1 0.3681640625 0.26953125 0.03125 0.041666666666666664
0 0.26220703125 0.3040364583333333 0.0888671875 0.01953125
7 0.0341796875 0.3098958333333333 0.068359375 0.015625
7 0.16943359375 0.4388020833333333 0.0634765625 0.018229166666666668
6 0.23046875 0.4388020833333333 0.060546875 0.018229166666666668
7 0.26513671875 0.4388020833333333 0.0107421875 0.018229166666666668
6 0.29296875 0.4388020833333333 0.046875 0.018229166666666668
7 0.18896484375 0.5462239583333334 0.0693359375 0.01953125
4 0.2607421875 0.5266927083333334 0.076171875 0.05078125
6 0.10107421875 0.619140625 0.1552734375 0.01953125
6 0.24462890625 0.619140625 0.0732421875 0.01953125
6 0.32421875 0.619140625 0.025390625 0.01953125
6 0.37890625 0.619140625 0.025390625 0.01953125
6 0.43994140625 0.619140625 0.0380859375 0.01953125
6 0.51904296875 0.619140625 0.0595703125 0.01953125
4 0.78466796875 0.23958333333333334 0.4306640625 0.4791666666666667
0 0.689453125 0.5260416666666666 0.240234375 0.036458333333333336
7 0.96826171875 0.525390625 0.0634765625 0.02734375
0 0.927734375 0.5260416666666666 0.14453125 0.0546875
1 0.1015625 0.6940104166666666 0.203125 0.06770833333333333
7 0.50048828125 0.6940104166666666 0.0478515625 0.020833333333333332
0 0.50048828125 0.6940104166666666 0.1376953125 0.06770833333333333
7 0.53564453125 0.6940104166666666 0.0166015625 0.020833333333333332
7 0.55615234375 0.6940104166666666 0.0263671875 0.020833333333333332
2 0.28466796875 0.9036458333333334 0.5693359375 0.041666666666666664
4 0.140625 0.97265625 0.185546875 0.0546875
4 0.341796875 0.97265625 0.185546875 0.0546875