4 0.13525390625 0.14908854166666666 0.2705078125 0.2799479166666667
0 0.13525390625 0.14908854166666666 0.2705078125 0.2799479166666667
2 0.833984375 0.06901041666666667 0.33203125 0.13802083333333334
7 0.83642578125 0.18489583333333334 0.3271484375 0.057291666666666664
7 0.92431640625 0.20052083333333334 0.0556640625 0.026041666666666668
7 0.89697265625 0.2819010416666667 0.1455078125 0.014322916666666666
0 0.8974609375 0.2734375 0.193359375 0.03125
7 0.19140625 0.33203125 0.36328125 0.020833333333333332
2 0.259765625 0.4765625 0.51953125 0.0625
2 0.1630859375 0.55078125 0.326171875 0.07291666666666667
7 0.03173828125 0.611328125 0.0439453125 0.02734375
7 0.09033203125 0.6119791666666666 0.0751953125 0.033854166666666664
7 0.1396484375 0.611328125 0.025390625 0.02734375
7 0.1728515625 0.6119791666666666 0.041015625 0.033854166666666664
7 0.244140625 0.611328125 0.103515625 0.02734375
6 0.298828125 0.607421875 0.005859375 0.016927083333333332
6 0.119140625 0.66015625 0.115234375 0.033854166666666664
6 0.2236328125 0.66015625 0.048828125 0.033854166666666664
7 0.259765625 0.7552083333333334 0.51953125 0.4895833333333333
4 0.759765625 0.611328125 0.48046875 0.64453125
4 0.57470703125 0.6490885416666666 0.1103515625 0.061197916666666664
0 0.57470703125 0.6490885416666666 0.1103515625 0.061197916666666664
1 0.59130859375 0.8138020833333334 0.1435546875 0.06510416666666667
1 0.79833984375 0.8138020833333334 0.2724609375 0.06510416666666667
1 0.966796875 0.8138020833333334 0.06640625 0.06510416666666667