4 0.06884765625 0.026041666666666668 0.1376953125 0.044270833333333336
0 0.07373046875 0.0390625 0.1474609375 0.078125
7 0.21826171875 0.026041666666666668 0.1025390625 0.026041666666666668
0 0.21826171875 0.032552083333333336 0.1416015625 0.06510416666666667
7 0.33740234375 0.026041666666666668 0.0576171875 0.026041666666666668
0 0.33740234375 0.032552083333333336 0.0966796875 0.06510416666666667
7 0.4375 0.026041666666666668 0.064453125 0.026041666666666668
0 0.427734375 0.032552083333333336 0.083984375 0.06510416666666667
2 0.20654296875 0.28125 0.4130859375 0.07552083333333333
2 0.0830078125 0.3645833333333333 0.166015625 0.07552083333333333
2 0.21533203125 0.4459635416666667 0.4306640625 0.02734375
4 0.73486328125 0.22981770833333334 0.5302734375 0.4596354166666667
5 0.82275390625 0.09114583333333333 0.0927734375 0.026041666666666668
1 0.9345703125 0.09244791666666667 0.130859375 0.028645833333333332
5 0.82275390625 0.1484375 0.0927734375 0.026041666666666668
1 0.9345703125 0.14973958333333334 0.130859375 0.028645833333333332
6 0.79833984375 0.19661458333333334 0.0341796875 0.015625
0 0.9912109375 0.19661458333333334 0.017578125 0.0390625
1 0.87158203125 0.193359375 0.0126953125 0.016927083333333332
5 0.9228515625 0.1953125 0.083984375 0.020833333333333332
4 0.8212890625 0.283203125 0.09375 0.05078125
6 0.82080078125 0.3190104166666667 0.0595703125 0.020833333333333332
7 0.9443359375 0.2786458333333333 0.111328125 0.041666666666666664
3 0.23486328125 0.55078125 0.4697265625 0.18229166666666666
4 0.03955078125 0.6940104166666666 0.0791015625 0.0390625
0 0.03955078125 0.6927083333333334 0.0791015625 0.026041666666666668
0 0.2119140625 0.6966145833333334 0.07421875 0.018229166666666668
0 0.2783203125 0.6966145833333334 0.056640625 0.018229166666666668
0 0.34423828125 0.6966145833333334 0.0732421875 0.018229166666666668
0 0.412109375 0.6966145833333334 0.060546875 0.018229166666666668
0 0.45654296875 0.6966145833333334 0.0263671875 0.018229166666666668
0 0.01123046875 0.751953125 0.0224609375 0.01953125
0 0.06787109375 0.751953125 0.0908203125 0.01953125
0 0.14501953125 0.751953125 0.0634765625 0.01953125
0 0.205078125 0.751953125 0.056640625 0.01953125
0 0.33154296875 0.751953125 0.1962890625 0.01953125
0 0.23486328125 0.818359375 0.4697265625 0.04296875
7 0.23486328125 0.818359375 0.4697265625 0.04296875
7 0.23486328125 0.8795572916666666 0.4697265625 0.029947916666666668
0 0.23486328125 0.9322916666666666 0.4697265625 0.13541666666666666
2 0.10302734375 0.92578125 0.2060546875 0.0625
7 0.49853515625 0.4908854166666667 0.0576171875 0.059895833333333336
0 0.58544921875 0.4973958333333333 0.0869140625 0.020833333333333332
7 0.69482421875 0.4908854166666667 0.1025390625 0.059895833333333336
7 0.80322265625 0.4908854166666667 0.1142578125 0.059895833333333336
0 0.93603515625 0.4973958333333333 0.1220703125 0.020833333333333332
4 0.73486328125 0.728515625 0.5302734375 0.5377604166666666
2 0.6640625 0.6354166666666666 0.388671875 0.059895833333333336
7 0.57666015625 0.7369791666666666 0.2138671875 0.10677083333333333
0 0.52978515625 0.869140625 0.1201171875 0.07161458333333333
6 0.99267578125 0.8684895833333334 0.0146484375 0.052083333333333336
0 0.98876953125 0.8684895833333334 0.0224609375 0.03125