7 0.03466796875 0.008463541666666666 0.0693359375 0.016927083333333332
7 0.11669921875 0.008463541666666666 0.0966796875 0.016927083333333332
7 0.21240234375 0.008463541666666666 0.0966796875 0.016927083333333332
7 0.30810546875 0.008463541666666666 0.0966796875 0.016927083333333332
7 0.4033203125 0.008463541666666666 0.095703125 0.016927083333333332
4 0.22509765625 0.21354166666666666 0.4501953125 0.390625
0 0.22509765625 0.21354166666666666 0.4501953125 0.390625
4 0.10498046875 0.5013020833333334 0.2099609375 0.15625
4 0.3369140625 0.5013020833333334 0.234375 0.15625
7 0.49609375 0.008463541666666666 0.0703125 0.016927083333333332
7 0.56640625 0.008463541666666666 0.0703125 0.016927083333333332
7 0.6357421875 0.008463541666666666 0.068359375 0.016927083333333332
4 0.57080078125 0.14192708333333334 0.1982421875 0.22135416666666666
0 0.57080078125 0.14192708333333334 0.1982421875 0.22135416666666666
7 0.49609375 0.2981770833333333 0.0703125 0.036458333333333336
7 0.56640625 0.2981770833333333 0.0703125 0.036458333333333336
7 0.6357421875 0.2981770833333333 0.068359375 0.036458333333333336
4 0.57080078125 0.44140625 0.1982421875 0.22135416666666666
0 0.57080078125 0.44140625 0.1982421875 0.22135416666666666
4 0.65087890625 0.5169270833333334 0.0380859375 0.125
0 0.65087890625 0.5169270833333334 0.0380859375 0.125
4 0.8349609375 0.2897135416666667 0.330078125 0.5794270833333334
4 0.8349609375 0.2897135416666667 0.330078125 0.5794270833333334
4 0.6953125 0.16341145833333334 0.05078125 0.048177083333333336
7 0.78515625 0.22591145833333334 0.23046875 0.037760416666666664
1 0.7841796875 0.283203125 0.228515625 0.048177083333333336
1 0.84765625 0.455078125 0.10546875 0.04296875
7 0.3349609375 0.5944010416666666 0.669921875 0.029947916666666668
6 0.0107421875 0.6360677083333334 0.021484375 0.029947916666666668
6 0.0703125 0.6360677083333334 0.052734375 0.029947916666666668
6 0.1455078125 0.6360677083333334 0.05078125 0.029947916666666668
6 0.22119140625 0.6360677083333334 0.0556640625 0.029947916666666668
6 0.2802734375 0.6360677083333334 0.017578125 0.029947916666666668
0 0.0546875 0.7337239583333334 0.0703125 0.032552083333333336
6 0.16552734375 0.7337239583333334 0.0751953125 0.032552083333333336
1 0.55712890625 0.71484375 0.2255859375 0.052083333333333336
4 0.3349609375 0.8997395833333334 0.669921875 0.20052083333333334
0 0.3349609375 0.8997395833333334 0.669921875 0.20052083333333334
0 0.7353515625 0.59765625 0.130859375 0.036458333333333336
4 0.8349609375 0.8274739583333334 0.330078125 0.3450520833333333