2 0.1845703125 0.033203125 0.369140625 0.06640625
7 0.1845703125 0.10091145833333333 0.369140625 0.05078125
3 0.1845703125 0.3899739583333333 0.369140625 0.2591145833333333
7 0.9033203125 0.04296875 0.193359375 0.03125
0 0.90380859375 0.08463541666666667 0.1904296875 0.046875
0 0.9033203125 0.08463541666666667 0.193359375 0.052083333333333336
0 0.40869140625 0.16471354166666666 0.0791015625 0.061197916666666664
0 0.52880859375 0.16471354166666666 0.1396484375 0.061197916666666664
0 0.68994140625 0.16471354166666666 0.1591796875 0.061197916666666664
0 0.8271484375 0.16471354166666666 0.087890625 0.061197916666666664
0 0.939453125 0.16471354166666666 0.12109375 0.061197916666666664
0 0.50439453125 0.2955729166666667 0.1904296875 0.06510416666666667
7 0.451171875 0.369140625 0.0703125 0.022135416666666668
0 0.50439453125 0.369140625 0.1904296875 0.045572916666666664
7 0.48388671875 0.439453125 0.1357421875 0.022135416666666668
0 0.50439453125 0.439453125 0.1904296875 0.045572916666666664
7 0.47216796875 0.5032552083333334 0.1123046875 0.032552083333333336
0 0.50439453125 0.4973958333333333 0.1904296875 0.044270833333333336
4 0.71337890625 0.3287760416666667 0.1708984375 0.14192708333333334
0 0.71337890625 0.3287760416666667 0.1708984375 0.14192708333333334
2 0.71337890625 0.47265625 0.1396484375 0.09375
0 0.71337890625 0.47265625 0.1396484375 0.09375
4 0.91357421875 0.3359375 0.1728515625 0.15625
0 0.91357421875 0.3359375 0.1728515625 0.15625
2 0.92138671875 0.4798177083333333 0.1572265625 0.07942708333333333
0 0.92138671875 0.4798177083333333 0.1572265625 0.07942708333333333
0 0.3134765625 0.7428385416666666 0.095703125 0.03515625
0 0.1806640625 0.7428385416666666 0.13671875 0.03515625
1 0.1845703125 0.8098958333333334 0.369140625 0.059895833333333336
3 0.6689453125 0.765625 0.599609375 0.06510416666666667
4 0.3720703125 0.83203125 0.005859375 0.041666666666666664
6 0.43310546875 0.8255208333333334 0.1181640625 0.028645833333333332
0 0.43310546875 0.8365885416666666 0.1181640625 0.05078125
7 0.43359375 0.8528645833333334 0.0859375 0.018229166666666668
6 0.525390625 0.8255208333333334 0.068359375 0.028645833333333332
0 0.525390625 0.8365885416666666 0.068359375 0.05078125
7 0.52490234375 0.8528645833333334 0.0361328125 0.018229166666666668
6 0.5927734375 0.8255208333333334 0.068359375 0.028645833333333332
0 0.5927734375 0.8365885416666666 0.068359375 0.05078125
7 0.59326171875 0.8528645833333334 0.0302734375 0.018229166666666668
4 0.68994140625 0.83203125 0.0322265625 0.041666666666666664
6 0.77587890625 0.8255208333333334 0.1416015625 0.028645833333333332
0 0.77587890625 0.8365885416666666 0.1416015625 0.05078125
7 0.7763671875 0.8528645833333334 0.0859375 0.018229166666666668
6 0.9072265625 0.8255208333333334 0.123046875 0.028645833333333332
0 0.9072265625 0.8365885416666666 0.123046875 0.05078125
7 0.9072265625 0.8528645833333334 0.07421875 0.018229166666666668
1 0.6669921875 0.8958333333333334 0.595703125 0.0390625
7 0.9111328125 0.8971354166666666 0.029296875 0.018229166666666668
4 0.9453125 0.8958333333333334 0.03125 0.041666666666666664