7 0.31201171875 0.024088541666666668 0.4345703125 0.048177083333333336
3 0.2646484375 0.3450520833333333 0.529296875 0.3255208333333333
0 0.6796875 0.009114583333333334 0.0703125 0.018229166666666668
0 0.75634765625 0.009114583333333334 0.0791015625 0.018229166666666668
0 0.8623046875 0.009114583333333334 0.12890625 0.018229166666666668
0 0.94580078125 0.009114583333333334 0.0341796875 0.018229166666666668
0 0.67919921875 0.05859375 0.0693359375 0.033854166666666664
0 0.76171875 0.05859375 0.091796875 0.033854166666666664
0 0.82861328125 0.05859375 0.0380859375 0.033854166666666664
0 0.9013671875 0.05859375 0.103515625 0.033854166666666664
7 0.81640625 0.3248697916666667 0.3671875 0.01953125
2 0.63671875 0.419921875 0.21484375 0.03515625
4 0.63671875 0.5052083333333334 0.21484375 0.109375
0 0.63671875 0.5052083333333334 0.21484375 0.109375
2 0.90087890625 0.4375 0.1982421875 0.0703125
7 0.126953125 0.6451822916666666 0.25390625 0.10546875
6 0.04296875 0.7473958333333334 0.0859375 0.028645833333333332
6 0.08544921875 0.7942708333333334 0.1708984375 0.028645833333333332
6 0.06494140625 0.8411458333333334 0.1298828125 0.028645833333333332
6 0.05517578125 0.8880208333333334 0.1103515625 0.028645833333333332
2 0.66259765625 0.7291666666666666 0.2666015625 0.0703125
4 0.66259765625 0.888671875 0.2666015625 0.22265625
0 0.66259765625 0.888671875 0.2666015625 0.22265625
2 0.9267578125 0.7115885416666666 0.146484375 0.03515625
4 0.9267578125 0.87109375 0.146484375 0.2578125
0 0.9267578125 0.87109375 0.146484375 0.2578125