6 0.35107421875 0.018229166666666668 0.1220703125 0.020833333333333332
0 0.0400390625 0.052083333333333336 0.06640625 0.026041666666666668
0 0.11279296875 0.052083333333333336 0.0693359375 0.026041666666666668
0 0.193359375 0.052083333333333336 0.080078125 0.026041666666666668
0 0.2744140625 0.052083333333333336 0.0703125 0.026041666666666668
0 0.345703125 0.052083333333333336 0.060546875 0.026041666666666668
0 0.05908203125 0.0859375 0.0712890625 0.026041666666666668
0 0.1337890625 0.0859375 0.06640625 0.026041666666666668
0 0.193359375 0.0859375 0.04296875 0.026041666666666668
0 0.251953125 0.0859375 0.0625 0.026041666666666668
0 0.31884765625 0.0859375 0.0595703125 0.026041666666666668
0 0.3779296875 0.0859375 0.048828125 0.026041666666666668
0 0.0107421875 0.11979166666666667 0.021484375 0.026041666666666668
0 0.04833984375 0.11979166666666667 0.0419921875 0.026041666666666668
0 0.123046875 0.11979166666666667 0.095703125 0.026041666666666668
0 0.19873046875 0.11979166666666667 0.0439453125 0.026041666666666668
0 0.26220703125 0.11979166666666667 0.0712890625 0.026041666666666668
0 0.33935546875 0.11979166666666667 0.0732421875 0.026041666666666668
0 0.0361328125 0.15364583333333334 0.041015625 0.026041666666666668
0 0.08349609375 0.15364583333333334 0.0439453125 0.026041666666666668
0 0.1455078125 0.15364583333333334 0.068359375 0.026041666666666668
0 0.2119140625 0.15364583333333334 0.052734375 0.026041666666666668
0 0.2666015625 0.15364583333333334 0.046875 0.026041666666666668
0 0.33154296875 0.15364583333333334 0.0712890625 0.026041666666666668
6 0.34814453125 0.2421875 0.1279296875 0.020833333333333332
0 0.037109375 0.2760416666666667 0.05859375 0.026041666666666668
0 0.09521484375 0.2760416666666667 0.0478515625 0.026041666666666668
0 0.1650390625 0.2760416666666667 0.080078125 0.026041666666666668
0 0.24560546875 0.2760416666666667 0.0693359375 0.026041666666666668
0 0.326171875 0.2760416666666667 0.080078125 0.026041666666666668
0 0.009765625 0.3098958333333333 0.01953125 0.026041666666666668
0 0.0576171875 0.3098958333333333 0.064453125 0.026041666666666668
0 0.12255859375 0.3098958333333333 0.0556640625 0.026041666666666668
0 0.17578125 0.3098958333333333 0.0390625 0.026041666666666668
0 0.22314453125 0.3098958333333333 0.0439453125 0.026041666666666668
0 0.27392578125 0.3098958333333333 0.0478515625 0.026041666666666668
0 0.33935546875 0.3098958333333333 0.0712890625 0.026041666666666668
4 0.44580078125 0.154296875 0.0283203125 0.04296875
0 0.44189453125 0.2649739583333333 0.0361328125 0.04296875
0 0.44189453125 0.306640625 0.0361328125 0.04296875
7 0.50830078125 0.006510416666666667 0.0576171875 0.013020833333333334
0 0.50830078125 0.006510416666666667 0.0576171875 0.013020833333333334
0 0.50927734375 0.057291666666666664 0.0791015625 0.059895833333333336
0 0.59033203125 0.057291666666666664 0.0830078125 0.059895833333333336
0 0.6650390625 0.057291666666666664 0.06640625 0.059895833333333336
0 0.76025390625 0.057291666666666664 0.1240234375 0.059895833333333336
0 0.85107421875 0.057291666666666664 0.0576171875 0.059895833333333336
0 0.93994140625 0.057291666666666664 0.1201171875 0.059895833333333336
0 0.52099609375 0.10221354166666667 0.0830078125 0.032552083333333336
0 0.6396484375 0.10026041666666667 0.0859375 0.049479166666666664
0 0.72265625 0.10026041666666667 0.080078125 0.049479166666666664
0 0.82275390625 0.10026041666666667 0.1201171875 0.049479166666666664
0 0.91845703125 0.10026041666666667 0.0712890625 0.049479166666666664
0 0.97705078125 0.10026041666666667 0.0458984375 0.049479166666666664
2 0.73974609375 0.21223958333333334 0.5205078125 0.078125
2 0.73974609375 0.2708333333333333 0.5205078125 0.0390625
3 0.146484375 0.4134114583333333 0.29296875 0.10286458333333333
7 0.22998046875 0.4993489583333333 0.4599609375 0.029947916666666668
7 0.22998046875 0.5696614583333334 0.4599609375 0.029947916666666668
7 0.2470703125 0.6399739583333334 0.42578125 0.029947916666666668
7 0.2470703125 0.6686197916666666 0.42578125 0.029947916666666668
7 0.22998046875 0.7532552083333334 0.4599609375 0.05859375
7 0.22998046875 0.837890625 0.4599609375 0.029947916666666668
0 0.75732421875 0.3326822916666667 0.0869140625 0.006510416666666667
0 0.83837890625 0.3326822916666667 0.0751953125 0.006510416666666667
0 0.91162109375 0.3326822916666667 0.0712890625 0.006510416666666667
0 0.46826171875 0.390625 0.0166015625 0.059895833333333336
0 0.509765625 0.390625 0.06640625 0.059895833333333336
0 0.60498046875 0.390625 0.1240234375 0.059895833333333336
0 0.69580078125 0.390625 0.0576171875 0.059895833333333336
0 0.791015625 0.390625 0.1328125 0.059895833333333336
0 0.92626953125 0.390625 0.1376953125 0.059895833333333336
0 0.49365234375 0.43359375 0.0673828125 0.049479166666666664
0 0.5673828125 0.43359375 0.080078125 0.049479166666666664
0 0.66748046875 0.43359375 0.1201171875 0.049479166666666664
0 0.76318359375 0.43359375 0.0712890625 0.049479166666666664
0 0.85888671875 0.43359375 0.1201171875 0.049479166666666664
7 0.96630859375 0.4342447916666667 0.0654296875 0.022135416666666668
0 0.95947265625 0.43359375 0.0810546875 0.049479166666666664
2 0.72998046875 0.5455729166666666 0.5400390625 0.078125
2 0.72998046875 0.6041666666666666 0.5400390625 0.0390625
7 0.5390625 0.7018229166666666 0.158203125 0.036458333333333336
0 0.53955078125 0.7018229166666666 0.1591796875 0.0390625
7 0.78515625 0.7018229166666666 0.29296875 0.036458333333333336
0 0.78515625 0.7018229166666666 0.294921875 0.0390625
7 0.68798828125 0.8118489583333334 0.4560546875 0.024739583333333332
0 0.72998046875 0.8424479166666666 0.5400390625 0.125
2 0.68798828125 0.8404947916666666 0.4560546875 0.032552083333333336
7 0.68798828125 0.87109375 0.4560546875 0.028645833333333332