7 0.21484375 0.03125 0.4296875 0.0625
0 0.2255859375 0.15690104166666666 0.197265625 0.05859375
2 0.03662109375 0.375 0.0732421875 0.026041666666666668
2 0.2255859375 0.375 0.248046875 0.026041666666666668
2 0.40380859375 0.375 0.0517578125 0.026041666666666668
2 0.68603515625 0.16145833333333334 0.5126953125 0.09895833333333333
7 0.68603515625 0.2630208333333333 0.5126953125 0.0625
0 0.45263671875 0.3411458333333333 0.0458984375 0.052083333333333336
4 0.01953125 0.4661458333333333 0.0390625 0.078125
0 0.01953125 0.4661458333333333 0.0390625 0.078125
7 0.1025390625 0.5572916666666666 0.126953125 0.03125
0 0.1123046875 0.5572916666666666 0.146484375 0.052083333333333336
7 0.2763671875 0.5572916666666666 0.0859375 0.03125
0 0.2861328125 0.5572916666666666 0.10546875 0.052083333333333336
7 0.40771484375 0.5572916666666666 0.0439453125 0.03125
0 0.40771484375 0.5572916666666666 0.0439453125 0.052083333333333336
0 0.21484375 0.6197916666666666 0.4296875 0.0625
4 0.068359375 0.6197916666666666 0.01171875 0.015625
7 0.12109375 0.6184895833333334 0.056640625 0.020833333333333332
4 0.1591796875 0.6204427083333334 0.01953125 0.02734375
7 0.2978515625 0.6184895833333334 0.259765625 0.020833333333333332
7 0.26123046875 0.5546875 0.3369140625 0.026041666666666668
6 0.18017578125 0.7434895833333334 0.3603515625 0.08072916666666667
0 0.18798828125 0.818359375 0.3759765625 0.2721354166666667
6 0.18017578125 0.806640625 0.3603515625 0.024739583333333332
6 0.18017578125 0.88671875 0.3603515625 0.09375
6 0.85986328125 0.4049479166666667 0.0439453125 0.010416666666666666
0 0.9150390625 0.4186197916666667 0.169921875 0.037760416666666664
7 0.94091796875 0.4153645833333333 0.1181640625 0.03125
6 0.85986328125 0.4622395833333333 0.0439453125 0.018229166666666668
0 0.9150390625 0.462890625 0.169921875 0.053385416666666664
6 0.9072265625 0.4557291666666667 0.05078125 0.015625
7 0.94091796875 0.462890625 0.1181640625 0.040364583333333336
6 0.85986328125 0.5234375 0.0439453125 0.018229166666666668
0 0.9150390625 0.5240885416666666 0.169921875 0.06901041666666667
6 0.9072265625 0.5071614583333334 0.05078125 0.014322916666666666
7 0.94091796875 0.5234375 0.1181640625 0.057291666666666664
6 0.85986328125 0.5846354166666666 0.0439453125 0.018229166666666668
0 0.9150390625 0.5852864583333334 0.169921875 0.053385416666666664
7 0.94091796875 0.583984375 0.1181640625 0.037760416666666664
6 0.85986328125 0.6451822916666666 0.0439453125 0.016927083333333332
0 0.9150390625 0.6458333333333334 0.169921875 0.0703125
7 0.94091796875 0.6451822916666666 0.1181640625 0.055989583333333336
6 0.85986328125 0.7057291666666666 0.0439453125 0.018229166666666668
0 0.9150390625 0.7063802083333334 0.169921875 0.053385416666666664
6 0.9072265625 0.69921875 0.05078125 0.015625
7 0.94091796875 0.7063802083333334 0.1181640625 0.040364583333333336
6 0.85986328125 0.7669270833333334 0.0439453125 0.018229166666666668
0 0.9150390625 0.767578125 0.169921875 0.06901041666666667
7 0.94091796875 0.7669270833333334 0.1181640625 0.0546875
4 0.9150390625 0.8548177083333334 0.169921875 0.10546875
3 0.71484375 0.47265625 0.5703125 0.1171875
6 0.46240234375 0.6061197916666666 0.0576171875 0.01953125
6 0.5380859375 0.6061197916666666 0.06640625 0.01953125
6 0.62939453125 0.6061197916666666 0.0888671875 0.01953125
6 0.70458984375 0.6061197916666666 0.0341796875 0.01953125
6 0.75146484375 0.6061197916666666 0.0322265625 0.01953125
6 0.8037109375 0.6061197916666666 0.044921875 0.01953125
6 0.8583984375 0.6061197916666666 0.037109375 0.01953125
6 0.90380859375 0.6061197916666666 0.0263671875 0.01953125
6 0.95703125 0.6061197916666666 0.052734375 0.01953125
2 0.61865234375 0.7864583333333334 0.3779296875 0.24479166666666666
4 0.6201171875 0.9609375 0.380859375 0.078125
0 0.6201171875 0.9609375 0.380859375 0.078125
3 0.9150390625 0.8268229166666666 0.169921875 0.3255208333333333
4 0.6640625 0.4342447916666667 0.123046875 0.06901041666666667
2 0.6787109375 0.515625 0.498046875 0.044270833333333336
7 0.6787109375 0.6119791666666666 0.498046875 0.09895833333333333
2 0.6787109375 0.763671875 0.498046875 0.032552083333333336
0 0.6640625 0.8287760416666666 0.115234375 0.048177083333333336