7 0.08349609375 0.119140625 0.1669921875 0.14192708333333334
4 0.2841796875 0.17643229166666666 0.08984375 0.3528645833333333
2 0.54052734375 0.009765625 0.4228515625 0.01953125
0 0.54052734375 0.09049479166666667 0.4228515625 0.18098958333333334
6 0.54052734375 0.11263020833333333 0.4228515625 0.13671875
7 0.37890625 0.234375 0.013671875 0.028645833333333332
0 0.54052734375 0.23502604166666666 0.4228515625 0.05859375
7 0.47705078125 0.234375 0.1845703125 0.028645833333333332
7 0.5751953125 0.234375 0.013671875 0.028645833333333332
0 0.3984375 0.3118489583333333 0.138671875 0.05859375
7 0.61962890625 0.3111979166666667 0.0771484375 0.028645833333333332
0 0.619140625 0.3118489583333333 0.265625 0.05859375
4 0.92529296875 0.13020833333333334 0.1494140625 0.19270833333333334
0 0.92529296875 0.18033854166666666 0.1494140625 0.29296875
2 0.92529296875 0.267578125 0.1494140625 0.06380208333333333
7 0.86962890625 0.3151041666666667 0.0380859375 0.0234375
7 0.181640625 0.4205729166666667 0.294921875 0.020833333333333332
7 0.181640625 0.4908854166666667 0.294921875 0.0703125
7 0.181640625 0.5859375 0.294921875 0.0703125
7 0.181640625 0.65625 0.294921875 0.020833333333333332
7 0.181640625 0.7272135416666666 0.294921875 0.07421875
7 0.181640625 0.8092447916666666 0.294921875 0.045572916666666664
6 0.12939453125 0.8216145833333334 0.0302734375 0.020833333333333332
7 0.146484375 0.8216145833333334 0.005859375 0.020833333333333332
7 0.66455078125 0.642578125 0.6708984375 0.56640625
7 0.8447265625 0.3626302083333333 0.310546875 0.006510416666666667
7 0.90087890625 0.5084635416666666 0.1982421875 0.061197916666666664
7 0.91015625 0.5423177083333334 0.115234375 0.01953125
2 0.42431640625 0.4296875 0.1904296875 0.06510416666666667
2 0.46142578125 0.4947916666666667 0.2646484375 0.06510416666666667
0 0.37353515625 0.58984375 0.0888671875 0.0625
2 0.513671875 0.5794270833333334 0.150390625 0.020833333333333332
2 0.515625 0.6002604166666666 0.154296875 0.020833333333333332