0 0.20361328125 0.150390625 0.4072265625 0.30078125
4 0.20361328125 0.150390625 0.4072265625 0.30078125
2 0.16455078125 0.06901041666666667 0.3291015625 0.13802083333333334
7 0.17431640625 0.18684895833333334 0.3486328125 0.055989583333333336
6 0.05322265625 0.24674479166666666 0.1064453125 0.01953125
7 0.4462890625 0.24674479166666666 0.01953125 0.01953125
2 0.033203125 0.357421875 0.06640625 0.037760416666666664
2 0.44189453125 0.357421875 0.0361328125 0.037760416666666664
4 0.69091796875 0.068359375 0.4345703125 0.13671875
4 0.9580078125 0.068359375 0.083984375 0.13671875
4 0.72802734375 0.2734375 0.5087890625 0.2526041666666667
2 0.22998046875 0.4466145833333333 0.4599609375 0.026041666666666668
7 0.22998046875 0.4850260416666667 0.4599609375 0.02734375
7 0.22998046875 0.5240885416666666 0.4599609375 0.02734375
2 0.71826171875 0.4212239583333333 0.1923828125 0.04296875
2 0.81103515625 0.4765625 0.3779296875 0.08854166666666667
7 0.81103515625 0.5859375 0.3779296875 0.078125
0 0.7587890625 0.7005208333333334 0.2734375 0.06770833333333333
6 0.67333984375 0.79296875 0.1025390625 0.026041666666666668