6 0.044921875 0.060546875 0.08984375 0.01953125
6 0.17138671875 0.060546875 0.1220703125 0.01953125
7 0.00439453125 0.16341145833333334 0.0087890625 0.022135416666666668
4 0.01318359375 0.16666666666666666 0.0048828125 0.013020833333333334
0 0.01611328125 0.16276041666666666 0.0322265625 0.06510416666666667
7 0.06884765625 0.16341145833333334 0.0537109375 0.022135416666666668
4 0.10009765625 0.16666666666666666 0.0048828125 0.013020833333333334
0 0.07568359375 0.16276041666666666 0.0869140625 0.06510416666666667
7 0.15380859375 0.16341145833333334 0.0498046875 0.022135416666666668
4 0.18310546875 0.16666666666666666 0.0048828125 0.013020833333333334
0 0.16064453125 0.16276041666666666 0.0830078125 0.06510416666666667
7 0.228515625 0.16341145833333334 0.033203125 0.022135416666666668
4 0.24951171875 0.16666666666666666 0.0048828125 0.013020833333333334
0 0.2353515625 0.16276041666666666 0.06640625 0.06510416666666667
7 0.29833984375 0.16341145833333334 0.0400390625 0.022135416666666668
4 0.32275390625 0.16666666666666666 0.0048828125 0.013020833333333334
0 0.30517578125 0.16276041666666666 0.0732421875 0.06510416666666667
7 0.35986328125 0.16341145833333334 0.0166015625 0.024739583333333332
0 0.35986328125 0.16341145833333334 0.0361328125 0.06380208333333333
4 0.39501953125 0.16276041666666666 0.0146484375 0.020833333333333332
4 0.43408203125 0.16276041666666666 0.0146484375 0.020833333333333332
7 0.47802734375 0.2265625 0.0224609375 0.14583333333333334
0 0.47265625 0.16341145833333334 0.033203125 0.04296875
0 0.140625 0.369140625 0.25 0.5403645833333334
4 0.140625 0.369140625 0.25 0.5403645833333334
2 0.1328125 0.5696614583333334 0.17578125 0.13932291666666666
0 0.37744140625 0.369140625 0.2236328125 0.5403645833333334
4 0.37744140625 0.369140625 0.2236328125 0.5403645833333334
2 0.3720703125 0.587890625 0.154296875 0.10286458333333333
4 0.5126953125 0.055989583333333336 0.03515625 0.046875
7 0.5986328125 0.06315104166666667 0.134765625 0.022135416666666668
6 0.60546875 0.091796875 0.1484375 0.022135416666666668
7 0.5556640625 0.11263020833333333 0.048828125 0.01953125
7 0.5380859375 0.13346354166666666 0.013671875 0.022135416666666668
6 0.5615234375 0.13346354166666666 0.033203125 0.022135416666666668
7 0.68310546875 0.14453125 0.3037109375 0.044270833333333336
6 0.60595703125 0.201171875 0.1494140625 0.022135416666666668
7 0.56396484375 0.22200520833333334 0.0654296875 0.01953125
7 0.7197265625 0.2760416666666667 0.376953125 0.08854166666666667
6 0.6494140625 0.3548177083333333 0.236328125 0.022135416666666668
7 0.56787109375 0.3756510416666667 0.0732421875 0.01953125
7 0.7041015625 0.4075520833333333 0.345703125 0.044270833333333336
6 0.7451171875 0.4186197916666667 0.060546875 0.022135416666666668
7 0.70556640625 0.4296875 0.3486328125 0.044270833333333336
6 0.6123046875 0.486328125 0.162109375 0.022135416666666668
7 0.56494140625 0.5071614583333334 0.0673828125 0.01953125
7 0.71435546875 0.5501302083333334 0.3662109375 0.06640625
6 0.71923828125 0.572265625 0.1748046875 0.022135416666666668
7 0.80908203125 0.572265625 0.0048828125 0.022135416666666668
6 0.5947265625 0.6178385416666666 0.126953125 0.022135416666666668
7 0.57470703125 0.6341145833333334 0.0869140625 0.010416666666666666
4 0.955078125 0.055989583333333336 0.03515625 0.046875
7 0.9892578125 0.4680989583333333 0.021484375 0.01953125
4 0.10693359375 0.7389322916666666 0.2138671875 0.19921875
0 0.10693359375 0.7389322916666666 0.2138671875 0.19921875
7 0.19287109375 0.822265625 0.0263671875 0.016927083333333332
2 0.09521484375 0.8821614583333334 0.1904296875 0.053385416666666664
0 0.09521484375 0.8821614583333334 0.1904296875 0.053385416666666664
0 0.05712890625 0.927734375 0.1142578125 0.024739583333333332
4 0.1220703125 0.9283854166666666 0.013671875 0.018229166666666668
7 0.02880859375 0.951171875 0.0576171875 0.024739583333333332
7 0.095703125 0.951171875 0.078125 0.024739583333333332
4 0.35888671875 0.7389322916666666 0.2607421875 0.19921875
0 0.35888671875 0.7389322916666666 0.2607421875 0.19921875
7 0.48388671875 0.822265625 0.0107421875 0.016927083333333332
4 0.24658203125 0.8795572916666666 0.0361328125 0.048177083333333336
0 0.24658203125 0.8795572916666666 0.0361328125 0.048177083333333336
2 0.38232421875 0.8821614583333334 0.2138671875 0.053385416666666664
0 0.38232421875 0.8821614583333334 0.2138671875 0.053385416666666664
0 0.3154296875 0.927734375 0.080078125 0.024739583333333332
4 0.3642578125 0.9283854166666666 0.013671875 0.018229166666666668
7 0.314453125 0.951171875 0.078125 0.024739583333333332
7 0.38818359375 0.951171875 0.0712890625 0.024739583333333332
1 0.8076171875 0.6484375 0.267578125 0.018229166666666668
1 0.8076171875 0.689453125 0.267578125 0.048177083333333336
0 0.89453125 0.7356770833333334 0.09375 0.020833333333333332
6 0.80712890625 0.8430989583333334 0.0927734375 0.022135416666666668
7 0.8076171875 0.9029947916666666 0.3515625 0.022135416666666668
4 0.8076171875 0.9375 0.224609375 0.0234375