0 0.05615234375 0.014322916666666666 0.0185546875 0.015625
0 0.09130859375 0.014322916666666666 0.0361328125 0.015625
0 0.1396484375 0.014322916666666666 0.044921875 0.015625
0 0.19775390625 0.014322916666666666 0.0556640625 0.015625
0 0.25732421875 0.014322916666666666 0.0478515625 0.015625
0 0.3095703125 0.014322916666666666 0.041015625 0.015625
0 0.3828125 0.014322916666666666 0.08984375 0.015625
0 0.451171875 0.014322916666666666 0.03125 0.015625
0 0.4931640625 0.014322916666666666 0.037109375 0.015625
0 0.54052734375 0.014322916666666666 0.0419921875 0.015625
0 0.5908203125 0.014322916666666666 0.04296875 0.015625
2 0.03955078125 0.07877604166666667 0.0791015625 0.024739583333333332
0 0.0712890625 0.07942708333333333 0.142578125 0.0234375
2 0.10107421875 0.07877604166666667 0.0439453125 0.024739583333333332
2 0.15380859375 0.07877604166666667 0.0224609375 0.024739583333333332
0 0.16357421875 0.07942708333333333 0.0419921875 0.0234375
2 0.26171875 0.07877604166666667 0.154296875 0.024739583333333332
0 0.271484375 0.07942708333333333 0.173828125 0.0234375
2 0.42529296875 0.07877604166666667 0.1337890625 0.024739583333333332
0 0.43505859375 0.07942708333333333 0.1533203125 0.0234375
2 0.5498046875 0.07877604166666667 0.076171875 0.024739583333333332
0 0.57568359375 0.07942708333333333 0.1279296875 0.0234375
2 0.61376953125 0.07877604166666667 0.0517578125 0.024739583333333332
2 0.15771484375 0.20833333333333334 0.3154296875 0.203125
0 0.15771484375 0.2936197916666667 0.3154296875 0.024739583333333332
4 0.15771484375 0.3763020833333333 0.3154296875 0.10677083333333333
0 0.15771484375 0.3763020833333333 0.3154296875 0.10677083333333333
4 0.484375 0.21940104166666666 0.30078125 0.22526041666666666
0 0.484375 0.21940104166666666 0.30078125 0.22526041666666666
7 0.37353515625 0.3059895833333333 0.0791015625 0.052083333333333336
2 0.4794921875 0.3561197916666667 0.291015625 0.037760416666666664
0 0.484375 0.3561197916666667 0.30078125 0.032552083333333336
2 0.4775390625 0.4029947916666667 0.287109375 0.02734375
0 0.484375 0.4036458333333333 0.30078125 0.026041666666666668
3 0.31982421875 0.21484375 0.6396484375 0.4296875
3 0.31982421875 0.21484375 0.6396484375 0.4296875
7 0.87646484375 0.2890625 0.2470703125 0.16145833333333334
4 0.87646484375 0.21549479166666666 0.2470703125 0.4283854166666667
4 0.81982421875 0.21549479166666666 0.3603515625 0.4283854166666667
4 0.83349609375 0.21484375 0.3330078125 0.4296875
4 0.95703125 0.08919270833333333 0.0859375 0.14713541666666666
6 0.61572265625 0.44140625 0.0478515625 0.018229166666666668
7 0.52001953125 0.443359375 0.0478515625 0.02734375
0 0.53466796875 0.4401041666666667 0.0771484375 0.015625
4 0.5634765625 0.44140625 0.01953125 0.020833333333333332
6 0.0126953125 0.44140625 0.017578125 0.018229166666666668
6 0.04345703125 0.44140625 0.0166015625 0.018229166666666668
6 0.16748046875 0.44140625 0.0419921875 0.018229166666666668
6 0.21484375 0.44140625 0.025390625 0.018229166666666668
6 0.263671875 0.44140625 0.046875 0.018229166666666668
0 0.1005859375 0.5188802083333334 0.201171875 0.014322916666666666
7 0.1005859375 0.5104166666666666 0.201171875 0.041666666666666664
0 0.259765625 0.509765625 0.064453125 0.045572916666666664
4 0.33056640625 0.5110677083333334 0.0244140625 0.032552083333333336
0 0.4052734375 0.5110677083333334 0.173828125 0.032552083333333336
7 0.41943359375 0.5110677083333334 0.1455078125 0.032552083333333336
0 0.01171875 0.5852864583333334 0.0234375 0.04296875
0 0.056640625 0.5852864583333334 0.068359375 0.04296875
0 0.13037109375 0.5852864583333334 0.0810546875 0.04296875
0 0.21484375 0.5852864583333334 0.08984375 0.04296875
0 0.31103515625 0.5852864583333334 0.1044921875 0.04296875
0 0.4052734375 0.5852864583333334 0.0859375 0.04296875
0 0.49169921875 0.5852864583333334 0.0888671875 0.04296875
0 0.580078125 0.5852864583333334 0.08984375 0.04296875
6 0.400390625 0.6653645833333334 0.3046875 0.08072916666666667
4 0.12109375 0.7662760416666666 0.2421875 0.2825520833333333
6 0.4150390625 0.7721354166666666 0.333984375 0.08072916666666667
4 0.12109375 0.7662760416666666 0.2421875 0.2825520833333333
6 0.40478515625 0.87890625 0.3134765625 0.08072916666666667
4 0.12109375 0.7662760416666666 0.2421875 0.2825520833333333
6 0.41162109375 0.97265625 0.3271484375 0.0546875
4 0.12109375 0.7662760416666666 0.2421875 0.2825520833333333
4 0.12109375 0.7662760416666666 0.2421875 0.2825520833333333
2 0.62890625 0.654296875 0.021484375 0.01953125
4 0.81982421875 0.7122395833333334 0.3603515625 0.5651041666666666
2 0.81982421875 0.6178385416666666 0.3603515625 0.2513020833333333
0 0.9453125 0.814453125 0.109375 0.06380208333333333