0 0.12890625 0.08203125 0.2578125 0.1640625
6 0.09326171875 0.050130208333333336 0.1865234375 0.022135416666666668
7 0.1171875 0.08528645833333333 0.234375 0.09244791666666667
6 0.14599609375 0.197265625 0.1767578125 0.022135416666666668
0 0.14599609375 0.197265625 0.2080078125 0.048177083333333336
4 0.6298828125 0.224609375 0.740234375 0.44921875
4 0.6298828125 0.224609375 0.740234375 0.44921875
7 0.52734375 0.25 0.4375 0.13541666666666666
7 0.52734375 0.3645833333333333 0.4375 0.07291666666666667
2 0.1298828125 0.6223958333333334 0.259765625 0.25
2 0.1298828125 0.8157552083333334 0.259765625 0.05859375
7 0.05615234375 0.9505208333333334 0.1123046875 0.028645833333333332
0 0.07958984375 0.9505208333333334 0.1591796875 0.0625
7 0.23779296875 0.9505208333333334 0.0439453125 0.028645833333333332
0 0.21337890625 0.9505208333333334 0.0927734375 0.06770833333333333
4 0.73828125 0.5774739583333334 0.162109375 0.040364583333333336
2 0.537109375 0.693359375 0.169921875 0.12109375
2 0.65283203125 0.693359375 0.0283203125 0.12109375
2 0.67919921875 0.693359375 0.0263671875 0.12109375
2 0.71240234375 0.693359375 0.0419921875 0.12109375
2 0.765625 0.693359375 0.064453125 0.12109375
2 0.833984375 0.693359375 0.041015625 0.12109375
2 0.875 0.693359375 0.04296875 0.12109375
2 0.927734375 0.693359375 0.064453125 0.12109375
2 0.9794921875 0.693359375 0.041015625 0.12109375
7 0.73828125 0.7884114583333334 0.466796875 0.03515625
0 0.73828125 0.876953125 0.15234375 0.06640625