0 0.09765625 0.1171875 0.1953125 0.234375
6 0.0576171875 0.12044270833333333 0.115234375 0.022135416666666668
7 0.08154296875 0.16731770833333334 0.1630859375 0.11588541666666667
6 0.0859375 0.267578125 0.171875 0.022135416666666668
0 0.09375 0.267578125 0.1875 0.048177083333333336
0 0.3935546875 0.1171875 0.271484375 0.234375
4 0.40966796875 0.043619791666666664 0.2392578125 0.08723958333333333
6 0.39111328125 0.12044270833333333 0.2353515625 0.022135416666666668
7 0.4013671875 0.15559895833333334 0.255859375 0.09244791666666667
6 0.45458984375 0.267578125 0.1494140625 0.022135416666666668
0 0.44677734375 0.267578125 0.1650390625 0.048177083333333336
2 0.0556640625 0.423828125 0.111328125 0.037760416666666664
0 0.09765625 0.45703125 0.1953125 0.14583333333333334
4 0.08154296875 0.4967447916666667 0.1630859375 0.06640625
1 0.70166015625 0.029947916666666668 0.3447265625 0.059895833333333336
7 0.91015625 0.028645833333333332 0.041015625 0.026041666666666668
0 0.91015625 0.029947916666666668 0.07421875 0.059895833333333336
2 0.59375 0.140625 0.09375 0.0234375
7 0.578125 0.16471354166666666 0.0546875 0.022135416666666668
7 0.6220703125 0.166015625 0.03515625 0.016927083333333332
2 0.58837890625 0.2578125 0.1044921875 0.0234375
7 0.5712890625 0.2819010416666667 0.0703125 0.022135416666666668
7 0.6220703125 0.2819010416666667 0.03515625 0.022135416666666668
2 0.81103515625 0.15169270833333334 0.2490234375 0.045572916666666664
0 0.94482421875 0.15169270833333334 0.0205078125 0.02734375
4 0.82080078125 0.24283854166666666 0.2685546875 0.13932291666666666
7 0.74169921875 0.3053385416666667 0.0322265625 0.016927083333333332
7 0.83935546875 0.3053385416666667 0.0302734375 0.016927083333333332
7 0.9375 0.3053385416666667 0.037109375 0.016927083333333332
7 0.70849609375 0.287109375 0.0244140625 0.016927083333333332
7 0.70849609375 0.2545572916666667 0.0244140625 0.016927083333333332
7 0.70849609375 0.220703125 0.0244140625 0.016927083333333332
7 0.7041015625 0.18815104166666666 0.033203125 0.016927083333333332
3 0.70166015625 0.4134114583333333 0.3447265625 0.11848958333333333
2 0.58740234375 0.5221354166666666 0.1162109375 0.015625
2 0.07666015625 0.7115885416666666 0.1533203125 0.06380208333333333
2 0.02587890625 0.7740885416666666 0.0517578125 0.061197916666666664
4 0.35986328125 0.7473958333333334 0.3388671875 0.265625
7 0.31103515625 0.9661458333333334 0.2197265625 0.06770833333333333
4 0.49609375 0.9778645833333334 0.06640625 0.0234375
2 0.61083984375 0.556640625 0.1630859375 0.053385416666666664
2 0.57568359375 0.60546875 0.0869140625 0.036458333333333336
2 0.67041015625 0.60546875 0.1044921875 0.036458333333333336
4 0.6337890625 0.7662760416666666 0.208984375 0.20182291666666666
0 0.6337890625 0.9088541666666666 0.208984375 0.08333333333333333
7 0.57958984375 0.9088541666666666 0.1005859375 0.036458333333333336
7 0.57763671875 0.97265625 0.0966796875 0.020833333333333332
7 0.58203125 0.9928385416666666 0.10546875 0.014322916666666666
2 0.857421875 0.5338541666666666 0.0625 0.0078125
1 0.91357421875 0.6653645833333334 0.1728515625 0.2265625
4 0.91796875 0.8313802083333334 0.1640625 0.07682291666666667
1 0.9130859375 0.9440104166666666 0.173828125 0.049479166666666664