4 0.0166015625 0.033203125 0.0234375 0.055989583333333336
4 0.091796875 0.455078125 0.046875 0.02734375
0 0.09765625 0.4427083333333333 0.1953125 0.052083333333333336
4 0.328125 0.455078125 0.046875 0.02734375
0 0.32861328125 0.4427083333333333 0.2080078125 0.052083333333333336
6 0.55419921875 0.022135416666666668 0.0888671875 0.0234375
7 0.73779296875 0.022135416666666668 0.2822265625 0.0234375
6 0.93896484375 0.022135416666666668 0.1220703125 0.0234375
7 0.7548828125 0.0390625 0.490234375 0.057291666666666664
6 0.609375 0.055989583333333336 0.12109375 0.0234375
7 0.720703125 0.055989583333333336 0.1015625 0.0234375
6 0.828125 0.055989583333333336 0.1171875 0.0234375
7 0.7548828125 0.07291666666666667 0.490234375 0.057291666666666664
7 0.7548828125 0.140625 0.490234375 0.125
6 0.8671875 0.19140625 0.166015625 0.0234375
7 0.974609375 0.19140625 0.05078125 0.0234375
7 0.7548828125 0.2421875 0.490234375 0.057291666666666664
7 0.7548828125 0.2760416666666667 0.490234375 0.057291666666666664
7 0.72509765625 0.3815104166666667 0.0068359375 0.0234375
6 0.8154296875 0.3815104166666667 0.17578125 0.0234375
7 0.90576171875 0.3815104166666667 0.0068359375 0.0234375
6 0.9599609375 0.3815104166666667 0.080078125 0.0234375
6 0.8681640625 0.4283854166666667 0.05859375 0.0234375
6 0.94091796875 0.4283854166666667 0.0654296875 0.0234375
7 0.06689453125 0.51171875 0.1337890625 0.020833333333333332
4 0.09375 0.6829427083333334 0.1875 0.29296875
0 0.09375 0.6829427083333334 0.1875 0.29296875
0 0.0224609375 0.8795572916666666 0.044921875 0.10026041666666667
7 0.0224609375 0.8795572916666666 0.044921875 0.10026041666666667
4 0.11181640625 0.8541666666666666 0.0205078125 0.026041666666666668
0 0.13525390625 0.8541666666666666 0.0673828125 0.026041666666666668
7 0.15234375 0.8541666666666666 0.033203125 0.026041666666666668
4 0.11181640625 0.9049479166666666 0.0205078125 0.026041666666666668
0 0.12890625 0.9049479166666666 0.0546875 0.026041666666666668
7 0.14599609375 0.9049479166666666 0.0205078125 0.026041666666666668
4 0.2265625 0.5130208333333334 0.009765625 0.013020833333333334
7 0.31396484375 0.5130208333333334 0.1357421875 0.028645833333333332
3 0.353515625 0.7018229166666666 0.29296875 0.3255208333333333
7 0.353515625 0.8971354166666666 0.197265625 0.020833333333333332
7 0.06689453125 0.98046875 0.1337890625 0.020833333333333332
4 0.22900390625 0.98046875 0.0244140625 0.033854166666666664
0 0.22900390625 0.98046875 0.0244140625 0.033854166666666664
7 0.3486328125 0.98046875 0.1953125 0.020833333333333332
2 0.6611328125 0.8541666666666666 0.302734375 0.10416666666666667
7 0.6611328125 0.9583333333333334 0.302734375 0.041666666666666664
3 0.7548828125 0.7532552083333334 0.490234375 0.4934895833333333