4 0.064453125 0.08333333333333333 0.12890625 0.16666666666666666
5 0.2275390625 0.016276041666666668 0.03515625 0.02734375
1 0.27490234375 0.07552083333333333 0.1298828125 0.06770833333333333
5 0.2412109375 0.14778645833333334 0.0625 0.02734375
1 0.27490234375 0.20703125 0.1298828125 0.06770833333333333
0 0.27490234375 0.294921875 0.1298828125 0.06901041666666667
7 0.27490234375 0.376953125 0.1298828125 0.053385416666666664
6 0.32080078125 0.390625 0.0380859375 0.026041666666666668
2 0.27490234375 0.4361979166666667 0.1298828125 0.0234375
4 0.25 0.4967447916666667 0.0234375 0.029947916666666668
0 0.25 0.4967447916666667 0.080078125 0.06901041666666667
4 0.3330078125 0.4967447916666667 0.013671875 0.032552083333333336
0 0.31884765625 0.4967447916666667 0.0419921875 0.06901041666666667
2 0.59423828125 0.13216145833333334 0.5087890625 0.06640625
2 0.6142578125 0.20377604166666666 0.548828125 0.06640625
2 0.5986328125 0.32421875 0.517578125 0.1171875
1 0.427734375 0.46875 0.17578125 0.06770833333333333
0 0.61328125 0.470703125 0.16796875 0.07161458333333333
7 0.35302734375 0.53515625 0.0263671875 0.0234375
7 0.36865234375 0.53515625 0.0048828125 0.0234375
7 0.412109375 0.53515625 0.0703125 0.0234375
7 0.44970703125 0.53515625 0.0048828125 0.0234375
7 0.505859375 0.5358072916666666 0.095703125 0.02734375
7 0.87060546875 0.18880208333333334 0.0302734375 0.005208333333333333
7 0.86962890625 0.3932291666666667 0.1552734375 0.3671875
4 0.169921875 0.7311197916666666 0.33984375 0.3033854166666667
4 0.169921875 0.736328125 0.33984375 0.3138020833333333
4 0.00146484375 0.8352864583333334 0.0029296875 0.014322916666666666
0 0.00146484375 0.8352864583333334 0.0029296875 0.014322916666666666
4 0.02685546875 0.8352864583333334 0.0107421875 0.014322916666666666
0 0.02685546875 0.8352864583333334 0.0107421875 0.014322916666666666
4 0.05615234375 0.8352864583333334 0.0107421875 0.014322916666666666
0 0.05615234375 0.8352864583333334 0.0107421875 0.014322916666666666
7 0.11669921875 0.5950520833333334 0.2333984375 0.03125
7 0.01025390625 0.671875 0.0205078125 0.026041666666666668
0 0.01708984375 0.671875 0.0341796875 0.046875
4 0.1064453125 0.978515625 0.1171875 0.04296875
0 0.1064453125 0.978515625 0.17578125 0.04296875
4 0.28173828125 0.978515625 0.1162109375 0.04296875
6 0.3603515625 0.6204427083333334 0.041015625 0.032552083333333336
0 0.36279296875 0.7037760416666666 0.0458984375 0.06380208333333333
0 0.45703125 0.703125 0.126953125 0.0625
7 0.45361328125 0.76171875 0.2275390625 0.020833333333333332
6 0.60205078125 0.76171875 0.0693359375 0.020833333333333332
7 0.638671875 0.76171875 0.00390625 0.020833333333333332
2 0.6669921875 0.8567708333333334 0.0390625 0.052083333333333336
2 0.669921875 0.9427083333333334 0.66015625 0.052083333333333336