2 0.27978515625 0.016927083333333332 0.4404296875 0.033854166666666664
1 0.30224609375 0.11979166666666667 0.3037109375 0.08854166666666667
0 0.4814453125 0.11979166666666667 0.037109375 0.08854166666666667
4 0.25 0.3548177083333333 0.5 0.22786458333333334
5 0.47509765625 0.27734375 0.0322265625 0.028645833333333332
2 0.04248046875 0.359375 0.0576171875 0.03125
2 0.10302734375 0.359375 0.0322265625 0.03125
2 0.4794921875 0.3587239583333333 0.041015625 0.029947916666666668
2 0.05322265625 0.4518229166666667 0.0791015625 0.03125
2 0.12451171875 0.4518229166666667 0.0322265625 0.03125
2 0.4794921875 0.451171875 0.041015625 0.029947916666666668
2 0.06591796875 0.5442708333333334 0.1044921875 0.03125
2 0.15185546875 0.5442708333333334 0.0361328125 0.03125
2 0.4794921875 0.5436197916666666 0.041015625 0.029947916666666668
4 0.75 0.3046875 0.5 0.609375
0 0.75 0.2578125 0.5 0.19270833333333334
7 0.75 0.3828125 0.5 0.03125
4 0.7060546875 0.5813802083333334 0.22265625 0.055989583333333336
0 0.7060546875 0.5813802083333334 0.22265625 0.055989583333333336
7 0.310546875 0.634765625 0.37890625 0.05078125
6 0.45263671875 0.6497395833333334 0.0908203125 0.020833333333333332
7 0.310546875 0.6653645833333334 0.37890625 0.052083333333333336
6 0.310546875 0.6966145833333334 0.37890625 0.052083333333333336
7 0.18798828125 0.7122395833333334 0.0048828125 0.020833333333333332
7 0.13916015625 0.76171875 0.0361328125 0.020833333333333332
7 0.19384765625 0.76171875 0.0751953125 0.020833333333333332
7 0.310546875 0.77734375 0.37890625 0.052083333333333336
0 0.2451171875 0.9114583333333334 0.248046875 0.06510416666666667
0 0.4501953125 0.9114583333333334 0.099609375 0.06510416666666667
0 0.978515625 0.6744791666666666 0.04296875 0.028645833333333332
2 0.7216796875 0.669921875 0.03125 0.032552083333333336
4 0.8720703125 0.8020833333333334 0.119140625 0.15885416666666666
7 0.85302734375 0.9075520833333334 0.2939453125 0.028645833333333332
7 0.85302734375 0.9361979166666666 0.2939453125 0.028645833333333332