0 0.0791015625 0.0234375 0.078125 0.020833333333333332
7 0.1787109375 0.022135416666666668 0.068359375 0.028645833333333332
0 0.1708984375 0.022135416666666668 0.107421875 0.0390625
7 0.18994140625 0.1796875 0.3798828125 0.07291666666666667
2 0.18798828125 0.2630208333333333 0.3759765625 0.036458333333333336
1 0.07177734375 0.3671875 0.1435546875 0.08854166666666667
7 0.21875 0.3671875 0.083984375 0.0234375
0 0.21875 0.3671875 0.1328125 0.08854166666666667
5 0.16455078125 0.5247395833333334 0.0322265625 0.028645833333333332
5 0.30224609375 0.5247395833333334 0.0498046875 0.028645833333333332
5 0.38232421875 0.5247395833333334 0.0146484375 0.028645833333333332
4 0.5595703125 0.06901041666666667 0.17578125 0.028645833333333332
0 0.5595703125 0.06901041666666667 0.17578125 0.028645833333333332
7 0.9375 0.06901041666666667 0.044921875 0.028645833333333332
0 0.94775390625 0.06901041666666667 0.0654296875 0.028645833333333332
0 0.46923828125 0.15234375 0.1025390625 0.03125
0 0.55908203125 0.15234375 0.0302734375 0.03125
0 0.64306640625 0.15234375 0.0908203125 0.03125
0 0.73681640625 0.15234375 0.0498046875 0.03125
0 0.806640625 0.15234375 0.04296875 0.03125
0 0.88916015625 0.15234375 0.0751953125 0.03125
2 0.48193359375 0.2747395833333333 0.1845703125 0.0234375
4 0.48193359375 0.439453125 0.1845703125 0.2591145833333333
2 0.81640625 0.2747395833333333 0.3671875 0.0234375
4 0.69482421875 0.3684895833333333 0.1240234375 0.1171875
0 0.70654296875 0.3684895833333333 0.1474609375 0.1171875
6 0.8896484375 0.3190104166666667 0.220703125 0.018229166666666668
7 0.8896484375 0.34765625 0.220703125 0.0234375
7 0.7880859375 0.3743489583333333 0.017578125 0.01953125
7 0.84716796875 0.3743489583333333 0.1025390625 0.01953125
4 0.7919921875 0.4108072916666667 0.0234375 0.016927083333333332
0 0.7919921875 0.4108072916666667 0.025390625 0.032552083333333336
4 0.822265625 0.4108072916666667 0.0234375 0.016927083333333332
0 0.822265625 0.4108072916666667 0.025390625 0.032552083333333336
4 0.8525390625 0.4108072916666667 0.0234375 0.016927083333333332
0 0.8525390625 0.4108072916666667 0.025390625 0.032552083333333336
4 0.69482421875 0.5143229166666666 0.1240234375 0.109375
0 0.70654296875 0.5143229166666666 0.1474609375 0.109375
6 0.84375 0.46875 0.12890625 0.018229166666666668
7 0.84375 0.4973958333333333 0.12890625 0.0234375
7 0.7880859375 0.5240885416666666 0.017578125 0.01953125
7 0.83349609375 0.5240885416666666 0.0751953125 0.01953125
4 0.7919921875 0.560546875 0.0234375 0.016927083333333332
0 0.7919921875 0.556640625 0.025390625 0.024739583333333332
4 0.822265625 0.560546875 0.0234375 0.016927083333333332
0 0.822265625 0.556640625 0.025390625 0.024739583333333332
4 0.8525390625 0.560546875 0.0234375 0.016927083333333332
0 0.8525390625 0.556640625 0.025390625 0.024739583333333332
4 0.0791015625 0.7845052083333334 0.158203125 0.4309895833333333
0 0.0791015625 0.7845052083333334 0.158203125 0.4309895833333333
0 0.1943359375 0.591796875 0.1171875 0.045572916666666664
2 0.26953125 0.681640625 0.14453125 0.07942708333333333
0 0.2724609375 0.681640625 0.150390625 0.08203125
7 0.2724609375 0.7682291666666666 0.150390625 0.0703125
7 0.20849609375 0.83984375 0.0224609375 0.020833333333333332
4 0.236328125 0.984375 0.078125 0.03125
0 0.236328125 0.984375 0.078125 0.03125
2 0.34228515625 0.9557291666666666 0.0947265625 0.06770833333333333
0 0.34228515625 0.9557291666666666 0.0947265625 0.0703125
4 0.19482421875 0.7845052083333334 0.3896484375 0.4309895833333333
7 0.12646484375 0.59765625 0.2529296875 0.0390625
7 0.08251953125 0.650390625 0.1650390625 0.02734375
1 0.07275390625 0.7356770833333334 0.1455078125 0.052083333333333336
0 0.07275390625 0.80078125 0.1455078125 0.052083333333333336
0 0.07275390625 0.8658854166666666 0.1455078125 0.052083333333333336
7 0.04150390625 0.97265625 0.0830078125 0.026041666666666668
6 0.12109375 0.97265625 0.0703125 0.026041666666666668
0 0.12109375 0.97265625 0.0703125 0.026041666666666668
7 0.40380859375 0.5748697916666666 0.0283203125 0.01171875
0 0.41552734375 0.5807291666666666 0.0517578125 0.0234375
7 0.47802734375 0.5748697916666666 0.0576171875 0.01171875
0 0.48583984375 0.5807291666666666 0.0888671875 0.0234375
7 0.5712890625 0.5748697916666666 0.06640625 0.01171875
0 0.5791015625 0.5807291666666666 0.09765625 0.0234375
7 0.6552734375 0.5748697916666666 0.0390625 0.01171875
0 0.6630859375 0.5807291666666666 0.0703125 0.0234375
0 0.8125 0.5807291666666666 0.056640625 0.0234375
7 0.89794921875 0.576171875 0.0439453125 0.014322916666666666
0 0.9736328125 0.5807291666666666 0.052734375 0.0234375
1 0.69482421875 0.64453125 0.6103515625 0.0625
2 0.69482421875 0.8717447916666666 0.6103515625 0.06901041666666667
2 0.69482421875 0.955078125 0.6103515625 0.07942708333333333
4 0.69482421875 0.7845052083333334 0.6103515625 0.4309895833333333