4 0.10693359375 0.14453125 0.2138671875 0.2890625
4 0.4052734375 0.14453125 0.2890625 0.2890625
4 0.68408203125 0.12239583333333333 0.2685546875 0.14583333333333334
0 0.68603515625 0.12109375 0.2724609375 0.0234375
4 0.9111328125 0.12239583333333333 0.177734375 0.14583333333333334
0 0.9111328125 0.12109375 0.177734375 0.0234375
6 0.78076171875 0.283203125 0.0712890625 0.01171875
0 0.0361328125 0.37890625 0.046875 0.0625
0 0.109375 0.37890625 0.052734375 0.0625
0 0.19189453125 0.37890625 0.0654296875 0.0625
0 0.26708984375 0.37890625 0.0380859375 0.0625
0 0.41845703125 0.37890625 0.0537109375 0.0625
0 0.48779296875 0.37890625 0.0380859375 0.0625
0 0.5400390625 0.3606770833333333 0.01953125 0.036458333333333336
2 0.27490234375 0.6341145833333334 0.5498046875 0.15885416666666666
7 0.27490234375 0.8209635416666666 0.5498046875 0.13671875
0 0.1767578125 0.9772135416666666 0.197265625 0.045572916666666664
2 0.67919921875 0.306640625 0.2587890625 0.032552083333333336
4 0.60791015625 0.353515625 0.0068359375 0.01171875
7 0.65673828125 0.3541666666666667 0.0888671875 0.018229166666666668
4 0.6015625 0.4524739583333333 0.103515625 0.11848958333333333
0 0.67919921875 0.4518229166666667 0.2587890625 0.1171875
7 0.734375 0.4518229166666667 0.1484375 0.049479166666666664
4 0.6015625 0.5904947916666666 0.103515625 0.11848958333333333
0 0.67919921875 0.58984375 0.2587890625 0.1171875
7 0.734375 0.58984375 0.1484375 0.07552083333333333
4 0.6015625 0.728515625 0.103515625 0.11848958333333333
0 0.67919921875 0.7278645833333334 0.2587890625 0.1171875
7 0.734375 0.7278645833333334 0.1484375 0.049479166666666664
4 0.6015625 0.8665364583333334 0.103515625 0.11848958333333333
0 0.67919921875 0.8658854166666666 0.2587890625 0.1171875
7 0.734375 0.8658854166666666 0.1484375 0.026041666666666668
4 0.6015625 0.97265625 0.103515625 0.0546875
0 0.67919921875 0.97265625 0.2587890625 0.0546875
7 0.734375 0.9895833333333334 0.1484375 0.020833333333333332
4 0.91943359375 0.36328125 0.1611328125 0.1484375
0 0.919921875 0.392578125 0.16015625 0.20703125
7 0.919921875 0.4713541666666667 0.16015625 0.049479166666666664
4 0.91845703125 0.576171875 0.1572265625 0.11848958333333333
0 0.919921875 0.5755208333333334 0.16015625 0.1171875
7 0.8583984375 0.5325520833333334 0.029296875 0.020833333333333332
4 0.91845703125 0.7141927083333334 0.1572265625 0.11848958333333333
0 0.919921875 0.7135416666666666 0.16015625 0.1171875
7 0.8583984375 0.6705729166666666 0.029296875 0.020833333333333332
4 0.91845703125 0.8522135416666666 0.1572265625 0.11848958333333333
0 0.919921875 0.8515625 0.16015625 0.1171875
7 0.8583984375 0.80859375 0.029296875 0.020833333333333332
6 0.919921875 0.9485677083333334 0.16015625 0.01953125