4 0.111328125 0.234375 0.22265625 0.46875
6 0.29833984375 0.2897135416666667 0.0517578125 0.01953125
7 0.30078125 0.4114583333333333 0.09765625 0.046875
2 0.462890625 0.016927083333333332 0.044921875 0.013020833333333334
2 0.67236328125 0.09375 0.4638671875 0.125
7 0.72021484375 0.19466145833333334 0.5595703125 0.06901041666666667
4 0.53857421875 0.3873697916666667 0.1962890625 0.16276041666666666
0 0.53857421875 0.3873697916666667 0.1962890625 0.16276041666666666
4 0.8701171875 0.3873697916666667 0.259765625 0.16276041666666666
0 0.8701171875 0.3873697916666667 0.259765625 0.16276041666666666
7 0.1494140625 0.4921875 0.05078125 0.026041666666666668
0 0.1611328125 0.50390625 0.11328125 0.0703125
4 0.189453125 0.4947916666666667 0.0234375 0.03125
7 0.25 0.4921875 0.025390625 0.026041666666666668
0 0.26171875 0.50390625 0.087890625 0.0703125
4 0.27734375 0.4947916666666667 0.0234375 0.03125
7 0.34130859375 0.4921875 0.0166015625 0.020833333333333332
0 0.33154296875 0.50390625 0.0361328125 0.0703125
7 0.01953125 0.609375 0.029296875 0.020833333333333332
6 0.0595703125 0.609375 0.05078125 0.020833333333333332
7 0.0869140625 0.609375 0.00390625 0.020833333333333332
4 0.1748046875 0.8346354166666666 0.349609375 0.3307291666666667
2 0.173828125 0.78125 0.34765625 0.036458333333333336
2 0.173828125 0.8203125 0.34765625 0.041666666666666664
7 0.41162109375 0.529296875 0.1240234375 0.03515625
4 0.7734375 0.66015625 0.0390625 0.06770833333333333
2 0.7197265625 0.8671875 0.560546875 0.2604166666666667
2 0.93359375 0.9518229166666666 0.1328125 0.09114583333333333