7 0.21630859375 0.018880208333333332 0.2685546875 0.02734375
2 0.21630859375 0.138671875 0.2802734375 0.040364583333333336
4 0.1123046875 0.22005208333333334 0.07421875 0.09895833333333333
6 0.20361328125 0.185546875 0.0947265625 0.022135416666666668
7 0.21630859375 0.24544270833333334 0.2822265625 0.09244791666666667
6 0.16796875 0.318359375 0.185546875 0.022135416666666668
7 0.21630859375 0.3424479166666667 0.2822265625 0.020833333333333332
6 0.1484375 0.3743489583333333 0.146484375 0.022135416666666668
7 0.21630859375 0.408203125 0.2822265625 0.040364583333333336
6 0.13232421875 0.4498697916666667 0.1142578125 0.022135416666666668
7 0.21630859375 0.4739583333333333 0.2822265625 0.020833333333333332
6 0.171875 0.505859375 0.193359375 0.022135416666666668
7 0.21630859375 0.5247395833333334 0.2822265625 0.010416666666666666
2 0.6298828125 0.2649739583333333 0.318359375 0.5299479166666666
4 0.84326171875 0.12825520833333334 0.1181640625 0.22005208333333334
7 0.49951171875 0.033203125 0.0205078125 0.022135416666666668
7 0.515625 0.033203125 0.015625 0.022135416666666668
6 0.52734375 0.02734375 0.0078125 0.018229166666666668
7 0.6240234375 0.047526041666666664 0.26953125 0.05078125
7 0.58056640625 0.061848958333333336 0.0751953125 0.022135416666666668
6 0.638671875 0.061848958333333336 0.044921875 0.022135416666666668
6 0.6796875 0.061848958333333336 0.03125 0.022135416666666668
7 0.619140625 0.076171875 0.259765625 0.05078125
6 0.6728515625 0.09049479166666667 0.05859375 0.022135416666666668
7 0.6298828125 0.119140625 0.28125 0.07942708333333333
6 0.583984375 0.14778645833333334 0.162109375 0.022135416666666668
7 0.603515625 0.162109375 0.228515625 0.05078125
6 0.6943359375 0.17643229166666666 0.08984375 0.022135416666666668
7 0.625 0.205078125 0.271484375 0.07942708333333333
6 0.66162109375 0.23372395833333334 0.0830078125 0.022135416666666668
7 0.611328125 0.248046875 0.244140625 0.05078125
6 0.603515625 0.2623697916666667 0.1171875 0.022135416666666668
7 0.66455078125 0.2623697916666667 0.0048828125 0.022135416666666668
7 0.6953125 0.3430989583333333 0.412109375 0.10807291666666667
6 0.5595703125 0.4147135416666667 0.140625 0.022135416666666668
7 0.63037109375 0.4147135416666667 0.0048828125 0.022135416666666668
7 0.6943359375 0.4856770833333333 0.41015625 0.08854166666666667
6 0.978515625 0.033203125 0.04296875 0.022135416666666668
7 0.978515625 0.21419270833333334 0.04296875 0.022135416666666668
7 0.978515625 0.271484375 0.04296875 0.022135416666666668
2 0.439453125 0.2649739583333333 0.080078125 0.5299479166666666
2 0.41455078125 0.08919270833333333 0.0302734375 0.01953125
6 0.41357421875 0.244140625 0.0283203125 0.01953125
2 0.41455078125 0.3131510416666667 0.0302734375 0.01953125
4 0.11376953125 0.671875 0.2275390625 0.2838541666666667
7 0.38427734375 0.9576822916666666 0.0224609375 0.053385416666666664
7 0.3798828125 0.9915364583333334 0.0390625 0.016927083333333332
7 0.5625 0.6315104166666666 0.150390625 0.026041666666666668
0 0.5625 0.630859375 0.228515625 0.055989583333333336
4 0.69970703125 0.77734375 0.6005859375 0.4453125