2 0.1845703125 0.05859375 0.369140625 0.028645833333333332
7 0.1845703125 0.115234375 0.369140625 0.048177083333333336
7 0.1845703125 0.142578125 0.369140625 0.048177083333333336
7 0.0087890625 0.23307291666666666 0.017578125 0.020833333333333332
6 0.0703125 0.23307291666666666 0.107421875 0.020833333333333332
7 0.1650390625 0.23307291666666666 0.083984375 0.020833333333333332
6 0.03857421875 0.3671875 0.0771484375 0.020833333333333332
7 0.14208984375 0.3880208333333333 0.2841796875 0.0625
7 0.76611328125 0.018229166666666668 0.2392578125 0.026041666666666668
7 0.76708984375 0.053385416666666664 0.2939453125 0.026041666666666668
0 0.64453125 0.14453125 0.33984375 0.0546875
0 0.91455078125 0.14453125 0.1708984375 0.0546875
2 0.76611328125 0.376953125 0.2587890625 0.040364583333333336
7 0.0146484375 0.4244791666666667 0.029296875 0.010416666666666666
7 0.0712890625 0.4244791666666667 0.052734375 0.010416666666666666
7 0.1484375 0.4244791666666667 0.0703125 0.010416666666666666
7 0.21923828125 0.4244791666666667 0.0400390625 0.010416666666666666
7 0.27734375 0.4244791666666667 0.044921875 0.010416666666666666
7 0.34228515625 0.4244791666666667 0.0537109375 0.010416666666666666
3 0.205078125 0.5520833333333334 0.328125 0.1171875
4 0.1845703125 0.8209635416666666 0.369140625 0.3580729166666667
0 0.1845703125 0.8209635416666666 0.369140625 0.3580729166666667
4 0.72705078125 0.4622395833333333 0.0205078125 0.026041666666666668
4 0.755859375 0.4622395833333333 0.01953125 0.026041666666666668
4 0.78466796875 0.4622395833333333 0.0205078125 0.026041666666666668
2 0.650390625 0.5345052083333334 0.5625 0.06640625
2 0.96484375 0.5345052083333334 0.0703125 0.06640625
7 0.6845703125 0.599609375 0.630859375 0.03515625
7 0.6845703125 0.6451822916666666 0.630859375 0.03515625
7 0.72021484375 0.7194010416666666 0.1435546875 0.032552083333333336
6 0.82666015625 0.7194010416666666 0.0712890625 0.032552083333333336
7 0.68115234375 0.7610677083333334 0.0595703125 0.032552083333333336
7 0.78564453125 0.7630208333333334 0.1513671875 0.0234375