2 0.26953125 0.011067708333333334 0.5390625 0.022135416666666668
7 0.04541015625 0.05078125 0.0908203125 0.020833333333333332
6 0.11572265625 0.05078125 0.0498046875 0.020833333333333332
7 0.26953125 0.064453125 0.5390625 0.048177083333333336
6 0.02587890625 0.078125 0.0517578125 0.020833333333333332
7 0.26953125 0.091796875 0.5390625 0.048177083333333336
6 0.015625 0.14388020833333334 0.03125 0.022135416666666668
7 0.08154296875 0.14388020833333334 0.1005859375 0.022135416666666668
6 0.06982421875 0.18229166666666666 0.1201171875 0.020833333333333332
7 0.13916015625 0.18229166666666666 0.0205078125 0.020833333333333332
6 0.2021484375 0.18229166666666666 0.107421875 0.020833333333333332
7 0.296875 0.18229166666666666 0.083984375 0.020833333333333332
4 0.490234375 0.4303385416666667 0.09765625 0.25390625
7 0.0576171875 0.31640625 0.115234375 0.020833333333333332
6 0.16162109375 0.31640625 0.0947265625 0.020833333333333332
7 0.2080078125 0.34375 0.416015625 0.07552083333333333
7 0.26953125 0.451171875 0.5390625 0.11067708333333333
6 0.0322265625 0.5364583333333334 0.064453125 0.020833333333333332
6 0.10302734375 0.5904947916666666 0.0908203125 0.016927083333333332
7 0.1806640625 0.5904947916666666 0.064453125 0.016927083333333332
7 0.244140625 0.5904947916666666 0.064453125 0.016927083333333332
7 0.39501953125 0.5904947916666666 0.2392578125 0.016927083333333332
4 0.5478515625 0.011067708333333334 0.017578125 0.022135416666666668
0 0.5478515625 0.011067708333333334 0.017578125 0.022135416666666668
4 0.5869140625 0.011067708333333334 0.025390625 0.022135416666666668
0 0.5869140625 0.011067708333333334 0.025390625 0.022135416666666668
4 0.65771484375 0.010416666666666666 0.0302734375 0.013020833333333334
0 0.65673828125 0.010416666666666666 0.0419921875 0.020833333333333332
4 0.90576171875 0.057291666666666664 0.1884765625 0.11458333333333333
7 0.587890625 0.17317708333333334 0.09375 0.020833333333333332
0 0.587890625 0.17317708333333334 0.09375 0.020833333333333332
7 0.69970703125 0.17317708333333334 0.0419921875 0.020833333333333332
0 0.69970703125 0.17317708333333334 0.0419921875 0.020833333333333332
7 0.7861328125 0.17317708333333334 0.04296875 0.020833333333333332
0 0.7861328125 0.17317708333333334 0.04296875 0.020833333333333332
7 0.87646484375 0.17317708333333334 0.0498046875 0.020833333333333332
0 0.87646484375 0.17317708333333334 0.0498046875 0.020833333333333332
7 0.97265625 0.17317708333333334 0.0546875 0.020833333333333332
0 0.97265625 0.17317708333333334 0.0546875 0.020833333333333332
2 0.8759765625 0.23307291666666666 0.248046875 0.018229166666666668
0 0.76953125 0.22526041666666666 0.4609375 0.057291666666666664
4 0.76953125 0.4290364583333333 0.4609375 0.33984375
4 0.66064453125 0.4283854166666667 0.2431640625 0.3411458333333333
2 0.65771484375 0.4791666666666667 0.2373046875 0.03125
2 0.64306640625 0.5260416666666666 0.2080078125 0.0625
2 0.6376953125 0.5625 0.197265625 0.07291666666666667
4 0.22509765625 0.7825520833333334 0.0205078125 0.026041666666666668
4 0.25390625 0.7825520833333334 0.01953125 0.026041666666666668
4 0.28271484375 0.7825520833333334 0.0205078125 0.026041666666666668
2 0.21484375 0.8548177083333334 0.4296875 0.06640625
2 0.4833984375 0.8548177083333334 0.111328125 0.06640625
7 0.26953125 0.919921875 0.5390625 0.03515625
7 0.26953125 0.9654947916666666 0.5390625 0.03515625
3 0.76025390625 0.6569010416666666 0.4423828125 0.11588541666666667
7 0.76025390625 0.7734375 0.4423828125 0.026041666666666668
7 0.76025390625 0.7994791666666666 0.4423828125 0.026041666666666668
6 0.578125 0.8606770833333334 0.078125 0.020833333333333332
7 0.68896484375 0.8606770833333334 0.1474609375 0.020833333333333332
6 0.79296875 0.8606770833333334 0.060546875 0.020833333333333332
7 0.75634765625 0.8736979166666666 0.4345703125 0.046875
7 0.56494140625 0.9140625 0.0517578125 0.018229166666666668
7 0.61376953125 0.9140625 0.0458984375 0.018229166666666668
6 0.57861328125 0.96875 0.0791015625 0.020833333333333332
7 0.69091796875 0.96875 0.1474609375 0.020833333333333332
6 0.80322265625 0.96875 0.0810546875 0.020833333333333332
7 0.875 0.96875 0.0625 0.020833333333333332
6 0.57373046875 0.9921875 0.0693359375 0.015625
7 0.615234375 0.9921875 0.015625 0.015625
6 0.68994140625 0.9921875 0.1337890625 0.015625
6 0.83544921875 0.9921875 0.1533203125 0.015625