0 0.04248046875 0.015625 0.0498046875 0.028645833333333332
0 0.12841796875 0.015625 0.0654296875 0.028645833333333332
0 0.228515625 0.015625 0.078125 0.028645833333333332
0 0.32958984375 0.015625 0.0673828125 0.028645833333333332
0 0.4111328125 0.015625 0.0390625 0.028645833333333332
4 0.23486328125 0.11067708333333333 0.4697265625 0.057291666666666664
0 0.23486328125 0.11458333333333333 0.4697265625 0.06510416666666667
7 0.06640625 0.169921875 0.1328125 0.01953125
7 0.14501953125 0.169921875 0.0263671875 0.01953125
6 0.33935546875 0.16796875 0.0361328125 0.020833333333333332
6 0.3779296875 0.16861979166666666 0.04296875 0.01953125
7 0.40771484375 0.16861979166666666 0.0185546875 0.01953125
4 0.427734375 0.169921875 0.0234375 0.029947916666666668
0 0.10302734375 0.263671875 0.1630859375 0.02734375
0 0.3408203125 0.263671875 0.134765625 0.02734375
4 0.03955078125 0.408203125 0.0791015625 0.10286458333333333
0 0.03955078125 0.408203125 0.0791015625 0.10286458333333333
2 0.12060546875 0.3893229166666667 0.0654296875 0.06770833333333333
2 0.12939453125 0.43359375 0.0830078125 0.0234375
2 0.11767578125 0.4518229166666667 0.0595703125 0.015625
4 0.271484375 0.408203125 0.11328125 0.10286458333333333
0 0.271484375 0.408203125 0.11328125 0.10286458333333333
2 0.37353515625 0.4075520833333333 0.0732421875 0.10416666666666667
7 0.23486328125 0.026041666666666668 0.4697265625 0.033854166666666664
6 0.01123046875 0.033854166666666664 0.0224609375 0.018229166666666668
7 0.2451171875 0.033854166666666664 0.44921875 0.018229166666666668
1 0.73486328125 0.041666666666666664 0.5302734375 0.08333333333333333
7 0.5107421875 0.109375 0.08203125 0.046875
0 0.5107421875 0.109375 0.08203125 0.046875
7 0.630859375 0.109375 0.12890625 0.046875
0 0.630859375 0.109375 0.12890625 0.046875
7 0.77392578125 0.109375 0.1279296875 0.046875
0 0.77392578125 0.109375 0.1279296875 0.046875
7 0.91650390625 0.109375 0.1279296875 0.046875
0 0.91650390625 0.109375 0.1279296875 0.046875
7 0.73486328125 0.16666666666666666 0.5302734375 0.057291666666666664
0 0.73486328125 0.3294270833333333 0.5302734375 0.2604166666666667
2 0.08544921875 0.5462239583333334 0.1708984375 0.016927083333333332
2 0.18798828125 0.5462239583333334 0.0361328125 0.016927083333333332
2 0.20849609375 0.5462239583333334 0.0068359375 0.016927083333333332
2 0.2314453125 0.5462239583333334 0.0390625 0.016927083333333332
2 0.25341796875 0.5462239583333334 0.0068359375 0.016927083333333332
2 0.27685546875 0.5462239583333334 0.0400390625 0.016927083333333332
2 0.29833984375 0.5462239583333334 0.0068359375 0.016927083333333332
2 0.3193359375 0.5462239583333334 0.03515625 0.016927083333333332
2 0.33837890625 0.5462239583333334 0.0068359375 0.016927083333333332
2 0.35546875 0.5462239583333334 0.029296875 0.016927083333333332
2 0.37353515625 0.5462239583333334 0.0068359375 0.016927083333333332
2 0.396484375 0.5462239583333334 0.041015625 0.016927083333333332
2 0.41845703125 0.5462239583333334 0.0068359375 0.016927083333333332
2 0.4453125 0.5462239583333334 0.048828125 0.016927083333333332
2 0.0341796875 0.5826822916666666 0.06640625 0.016927083333333332
2 0.09130859375 0.5826822916666666 0.0517578125 0.016927083333333332
2 0.12060546875 0.5826822916666666 0.0068359375 0.016927083333333332
2 0.19091796875 0.5826822916666666 0.1376953125 0.016927083333333332
2 0.26220703125 0.5826822916666666 0.0068359375 0.016927083333333332
2 0.28076171875 0.5826822916666666 0.0322265625 0.016927083333333332
2 0.30078125 0.5826822916666666 0.0078125 0.016927083333333332
2 0.3349609375 0.5826822916666666 0.064453125 0.016927083333333332
2 0.37548828125 0.5826822916666666 0.0166015625 0.016927083333333332
2 0.42578125 0.5826822916666666 0.087890625 0.016927083333333332
7 0.06201171875 0.6380208333333334 0.1240234375 0.020833333333333332
6 0.16357421875 0.6380208333333334 0.0791015625 0.020833333333333332
6 0.21435546875 0.63671875 0.0087890625 0.026041666666666668
7 0.07177734375 0.7233072916666666 0.1123046875 0.048177083333333336
6 0.14208984375 0.72265625 0.0087890625 0.026041666666666668
2 0.037109375 0.8157552083333334 0.07421875 0.022135416666666668
6 0.12109375 0.8151041666666666 0.0078125 0.026041666666666668
6 0.14013671875 0.8151041666666666 0.0107421875 0.026041666666666668
7 0.0751953125 0.8645833333333334 0.150390625 0.026041666666666668
6 0.03466796875 0.8958333333333334 0.0693359375 0.020833333333333332
6 0.0361328125 0.9283854166666666 0.072265625 0.020833333333333332
6 0.05810546875 0.9609375 0.1162109375 0.020833333333333332
6 0.0517578125 0.9915364583333334 0.103515625 0.016927083333333332
2 0.28759765625 0.7233072916666666 0.2021484375 0.024739583333333332
7 0.32763671875 0.8352864583333334 0.2841796875 0.14973958333333334
4 0.6005859375 0.49609375 0.26171875 0.07291666666666667
0 0.6005859375 0.5 0.26171875 0.08072916666666667
0 0.95751953125 0.505859375 0.0849609375 0.04296875
7 0.50146484375 0.5813802083333334 0.0634765625 0.040364583333333336
0 0.50537109375 0.58203125 0.0712890625 0.0546875
7 0.58935546875 0.5813802083333334 0.0810546875 0.040364583333333336
0 0.5888671875 0.58203125 0.09765625 0.0546875
7 0.68603515625 0.58203125 0.0302734375 0.020833333333333332
0 0.685546875 0.58203125 0.09765625 0.0546875
7 0.78271484375 0.5813802083333334 0.0810546875 0.040364583333333336
0 0.7822265625 0.58203125 0.09765625 0.0546875
7 0.87939453125 0.58203125 0.0498046875 0.020833333333333332
0 0.87890625 0.58203125 0.09765625 0.0546875
7 0.9677734375 0.5813802083333334 0.064453125 0.040364583333333336
0 0.96337890625 0.58203125 0.0732421875 0.0546875
0 0.63720703125 0.9694010416666666 0.0107421875 0.022135416666666668
4 0.66015625 0.9680989583333334 0.01171875 0.014322916666666666
4 0.68359375 0.9680989583333334 0.01171875 0.014322916666666666
4 0.70703125 0.9680989583333334 0.01171875 0.014322916666666666
4 0.73046875 0.9680989583333334 0.01171875 0.014322916666666666
0 0.75341796875 0.9694010416666666 0.0107421875 0.022135416666666668
4 0.56689453125 0.8053385416666666 0.1943359375 0.2825520833333333
0 0.57421875 0.8053385416666666 0.208984375 0.2825520833333333
2 0.8232421875 0.6901041666666666 0.259765625 0.059895833333333336
6 0.74609375 0.7317708333333334 0.10546875 0.020833333333333332
7 0.82958984375 0.8020833333333334 0.2724609375 0.08854166666666667
6 0.71630859375 0.8645833333333334 0.0458984375 0.026041666666666668