4 0.19970703125 0.06510416666666667 0.3994140625 0.057291666666666664
0 0.19970703125 0.06901041666666667 0.3994140625 0.06510416666666667
7 0.029296875 0.12434895833333333 0.05859375 0.01953125
7 0.07080078125 0.12434895833333333 0.0263671875 0.01953125
6 0.26513671875 0.12239583333333333 0.0361328125 0.020833333333333332
6 0.3037109375 0.123046875 0.04296875 0.01953125
7 0.33349609375 0.123046875 0.0185546875 0.01953125
4 0.353515625 0.12434895833333333 0.0234375 0.029947916666666668
7 0.4716796875 0.08854166666666667 0.076171875 0.1171875
0 0.05517578125 0.21809895833333334 0.1103515625 0.02734375
0 0.2666015625 0.21809895833333334 0.134765625 0.02734375
0 0.466796875 0.21809895833333334 0.0859375 0.02734375
2 0.04638671875 0.34375 0.0654296875 0.06770833333333333
2 0.05517578125 0.3880208333333333 0.0830078125 0.0234375
2 0.04345703125 0.41015625 0.0595703125 0.0234375
4 0.197265625 0.3671875 0.11328125 0.11197916666666667
0 0.197265625 0.3671875 0.11328125 0.11197916666666667
2 0.29931640625 0.376953125 0.0732421875 0.13411458333333334
4 0.4453125 0.3671875 0.11328125 0.11197916666666667
0 0.4453125 0.3671875 0.11328125 0.11197916666666667
7 0.14208984375 0.5084635416666666 0.2841796875 0.01171875
7 0.4091796875 0.4817708333333333 0.201171875 0.013020833333333334
4 0.4560546875 0.5130208333333334 0.10546875 0.013020833333333334
4 0.33203125 0.509765625 0.0234375 0.01953125
7 0.70654296875 0.040364583333333336 0.3935546875 0.08072916666666667
7 0.943359375 0.1171875 0.0234375 0.03125
1 0.740234375 0.1171875 0.4609375 0.052083333333333336
7 0.6298828125 0.2591145833333333 0.17578125 0.026041666666666668
0 0.6416015625 0.2591145833333333 0.19921875 0.2109375
7 0.7294921875 0.2591145833333333 0.0234375 0.03125
7 0.67578125 0.34765625 0.009765625 0.013020833333333334
0 0.82080078125 0.41015625 0.3583984375 0.21875
7 0.72216796875 0.3489583333333333 0.0751953125 0.03125
4 0.8720703125 0.4622395833333333 0.255859375 0.11458333333333333
7 0.2548828125 0.5579427083333334 0.509765625 0.05078125
7 0.27001953125 0.6829427083333334 0.2470703125 0.032552083333333336
0 0.28125 0.68359375 0.36328125 0.08854166666666667
4 0.2548828125 0.9016927083333334 0.509765625 0.19661458333333334
4 0.78125 0.75390625 0.4375 0.4322916666666667