4 0.068359375 0.06575520833333333 0.13671875 0.053385416666666664
0 0.07568359375 0.06575520833333333 0.1513671875 0.09244791666666667
0 0.19580078125 0.07942708333333333 0.0791015625 0.0703125
0 0.30517578125 0.07942708333333333 0.1318359375 0.0703125
0 0.41845703125 0.07942708333333333 0.0869140625 0.0703125
6 0.4990234375 0.091796875 0.046875 0.06640625
6 0.61328125 0.091796875 0.01171875 0.06640625
2 0.34228515625 0.259765625 0.5537109375 0.14973958333333334
2 0.50537109375 0.3020833333333333 0.2275390625 0.06510416666666667
7 0.3349609375 0.369140625 0.568359375 0.03515625
0 0.4462890625 0.4524739583333333 0.21484375 0.06640625
0 0.4462890625 0.4518229166666667 0.21484375 0.020833333333333332
7 0.4462890625 0.5260416666666666 0.29296875 0.0546875
7 0.8095703125 0.031901041666666664 0.380859375 0.048177083333333336
0 0.71923828125 0.11783854166666667 0.2001953125 0.06380208333333333
7 0.8095703125 0.20638020833333334 0.380859375 0.07421875
4 0.6435546875 0.271484375 0.048828125 0.05859375
4 0.72119140625 0.271484375 0.0380859375 0.05859375
4 0.80810546875 0.271484375 0.0673828125 0.05859375
4 0.90185546875 0.271484375 0.0517578125 0.05859375
4 0.97509765625 0.271484375 0.0263671875 0.05859375
2 0.85302734375 0.4739583333333333 0.2939453125 0.036458333333333336
2 0.6650390625 0.5625 0.091796875 0.057291666666666664
2 0.8330078125 0.5625 0.203125 0.057291666666666664
2 0.9775390625 0.5481770833333334 0.044921875 0.028645833333333332
4 0.8095703125 0.2994791666666667 0.380859375 0.5989583333333334
7 0.916015625 0.23958333333333334 0.16796875 0.4036458333333333
2 0.41845703125 0.6204427083333334 0.4013671875 0.04296875
2 0.4599609375 0.6673177083333334 0.259765625 0.04296875
7 0.4599609375 0.7779947916666666 0.17578125 0.024739583333333332
0 0.4599609375 0.7779947916666666 0.2109375 0.06901041666666667
4 0.3095703125 0.921875 0.619140625 0.15625
7 0.8095703125 0.7076822916666666 0.380859375 0.13151041666666666
2 0.8095703125 0.8678385416666666 0.380859375 0.03515625
7 0.8095703125 0.9322916666666666 0.380859375 0.0703125