7 0.0869140625 0.033854166666666664 0.173828125 0.020833333333333332
7 0.20361328125 0.033854166666666664 0.0634765625 0.020833333333333332
0 0.34326171875 0.033854166666666664 0.1572265625 0.026041666666666668
0 0.34326171875 0.033854166666666664 0.1689453125 0.0546875
7 0.2197265625 0.40234375 0.439453125 0.6328125
0 0.2197265625 0.40234375 0.439453125 0.6328125
7 0.07373046875 0.6295572916666666 0.1474609375 0.053385416666666664
2 0.16064453125 0.6966145833333334 0.3212890625 0.044270833333333336
7 0.67041015625 0.039713541666666664 0.4619140625 0.040364583333333336
7 0.67041015625 0.13671875 0.4619140625 0.078125
4 0.046875 0.7252604166666666 0.017578125 0.013020833333333334
0 0.0927734375 0.7259114583333334 0.1015625 0.014322916666666666
7 0.10107421875 0.7259114583333334 0.0849609375 0.014322916666666666
4 0.17724609375 0.72265625 0.0087890625 0.0078125
0 0.24951171875 0.7259114583333334 0.1533203125 0.014322916666666666
7 0.25732421875 0.7259114583333334 0.1376953125 0.014322916666666666
6 0.38427734375 0.7259114583333334 0.0576171875 0.014322916666666666
4 0.02734375 0.765625 0.0546875 0.057291666666666664
7 0.13818359375 0.765625 0.0869140625 0.018229166666666668
0 0.140625 0.765625 0.11328125 0.0390625
4 0.2314453125 0.765625 0.029296875 0.0390625
0 0.2314453125 0.765625 0.029296875 0.057291666666666664
4 0.275390625 0.765625 0.01953125 0.026041666666666668
0 0.2939453125 0.765625 0.056640625 0.057291666666666664
7 0.30615234375 0.765625 0.0322265625 0.015625
4 0.3515625 0.765625 0.01953125 0.026041666666666668
0 0.3515625 0.765625 0.01953125 0.057291666666666664
4 0.390625 0.765625 0.01953125 0.026041666666666668
0 0.390625 0.765625 0.01953125 0.026041666666666668
4 0.2197265625 0.7975260416666666 0.439453125 0.006510416666666667
7 0.07421875 0.837890625 0.1484375 0.07682291666666667
6 0.083984375 0.865234375 0.052734375 0.022135416666666668
7 0.0419921875 0.865234375 0.03125 0.022135416666666668
6 0.01318359375 0.865234375 0.0263671875 0.022135416666666668
4 0.0693359375 0.91015625 0.138671875 0.1796875
4 0.0693359375 0.91015625 0.138671875 0.1796875
0 0.0693359375 0.91015625 0.138671875 0.1796875
7 0.3154296875 0.9733072916666666 0.232421875 0.053385416666666664
6 0.20703125 0.99609375 0.05859375 0.0078125
7 0.24267578125 0.99609375 0.0126953125 0.0078125
7 0.26513671875 0.99609375 0.0322265625 0.0078125
4 0.2939453125 0.90625 0.291015625 0.1875
7 0.44384765625 0.7298177083333334 0.0087890625 0.01953125
6 0.46630859375 0.7298177083333334 0.0380859375 0.01953125
7 0.74267578125 0.7298177083333334 0.5146484375 0.01953125
7 0.7197265625 0.7421875 0.560546875 0.044270833333333336
7 0.7197265625 0.80859375 0.560546875 0.044270833333333336
2 0.7197265625 0.8658854166666666 0.560546875 0.03125
7 0.498046875 0.904296875 0.1171875 0.01953125
6 0.578125 0.904296875 0.044921875 0.01953125
7 0.80029296875 0.904296875 0.3994140625 0.01953125
2 0.7197265625 0.94921875 0.560546875 0.03125
7 0.53564453125 0.9876302083333334 0.1923828125 0.01953125
6 0.64501953125 0.9876302083333334 0.0283203125 0.01953125
7 0.673828125 0.9876302083333334 0.029296875 0.01953125
6 0.72998046875 0.9876302083333334 0.0869140625 0.01953125
7 0.77490234375 0.9876302083333334 0.0048828125 0.01953125