7 0.25 0.10481770833333333 0.5 0.20963541666666666
0 0.25 0.10481770833333333 0.5 0.20963541666666666
7 0.13623046875 0.009765625 0.2724609375 0.01953125
2 0.22314453125 0.08138020833333333 0.4462890625 0.08723958333333333
0 0.45947265625 0.24869791666666666 0.0810546875 0.049479166666666664
4 0.75 0.15950520833333334 0.5 0.3190104166666667
4 0.25 0.5774739583333334 0.5 0.4986979166666667
4 0.1455078125 0.451171875 0.291015625 0.08984375
7 0.15380859375 0.5208333333333334 0.3076171875 0.0390625
0 0.40771484375 0.5162760416666666 0.0927734375 0.048177083333333336
0 0.22900390625 0.5208333333333334 0.4580078125 0.057291666666666664
7 0.01953125 0.583984375 0.0390625 0.016927083333333332
7 0.044921875 0.5826822916666666 0.013671875 0.01953125
7 0.09814453125 0.583984375 0.0927734375 0.016927083333333332
7 0.15185546875 0.5826822916666666 0.0146484375 0.01953125
7 0.2255859375 0.583984375 0.134765625 0.016927083333333332
4 0.75 0.4114583333333333 0.5 0.18489583333333334
4 0.740234375 0.38671875 0.48046875 0.125
1 0.6484375 0.5455729166666666 0.296875 0.046875
4 0.77880859375 0.5455729166666666 0.0205078125 0.026041666666666668
0 0.77880859375 0.5455729166666666 0.0361328125 0.046875
4 0.8759765625 0.5481770833333334 0.03125 0.041666666666666664
0 0.8759765625 0.5598958333333334 0.03125 0.020833333333333332
0 0.935546875 0.5455729166666666 0.04296875 0.0234375
0 0.982421875 0.5455729166666666 0.03515625 0.046875
4 0.75 0.6595052083333334 0.5 0.6809895833333334
7 0.67626953125 0.6197916666666666 0.3525390625 0.044270833333333336
0 0.93603515625 0.662109375 0.1103515625 0.022135416666666668
7 0.580078125 0.796875 0.083984375 0.041666666666666664
0 0.580078125 0.7747395833333334 0.107421875 0.16927083333333334
7 0.580078125 0.8333333333333334 0.083984375 0.020833333333333332
7 0.69921875 0.796875 0.083984375 0.041666666666666664
0 0.69921875 0.7747395833333334 0.107421875 0.16927083333333334
7 0.69921875 0.8333333333333334 0.083984375 0.020833333333333332
7 0.818359375 0.796875 0.083984375 0.041666666666666664
0 0.818359375 0.7747395833333334 0.107421875 0.16927083333333334
7 0.818359375 0.8333333333333334 0.083984375 0.020833333333333332
7 0.9375 0.796875 0.083984375 0.041666666666666664
0 0.9375 0.7747395833333334 0.107421875 0.16927083333333334
7 0.9375 0.8333333333333334 0.083984375 0.020833333333333332
7 0.76953125 0.9205729166666666 0.0703125 0.020833333333333332
4 0.86083984375 0.9205729166666666 0.0224609375 0.0234375
4 0.90966796875 0.9205729166666666 0.0166015625 0.0234375
4 0.93896484375 0.9205729166666666 0.0166015625 0.0234375
7 0.92236328125 0.9850260416666666 0.0205078125 0.024739583333333332