2 0.080078125 0.08919270833333333 0.16015625 0.03515625
2 0.09326171875 0.13541666666666666 0.1865234375 0.046875
2 0.15771484375 0.15755208333333334 0.3154296875 0.08072916666666667
2 0.16748046875 0.2688802083333333 0.3349609375 0.11067708333333333
2 0.1513671875 0.3626302083333333 0.302734375 0.016927083333333332
7 0.05224609375 0.412109375 0.1044921875 0.01953125
0 0.05810546875 0.4108072916666667 0.1162109375 0.045572916666666664
7 0.16259765625 0.412109375 0.0537109375 0.01953125
0 0.16259765625 0.4108072916666667 0.0771484375 0.045572916666666664
7 0.251953125 0.412109375 0.0625 0.01953125
0 0.251953125 0.4108072916666667 0.0859375 0.045572916666666664
4 0.4365234375 0.2786458333333333 0.146484375 0.3854166666666667
4 0.67236328125 0.107421875 0.3251953125 0.21484375
6 0.92041015625 0.07942708333333333 0.1591796875 0.08072916666666667
4 0.67236328125 0.107421875 0.3251953125 0.21484375
6 0.92041015625 0.18619791666666666 0.1591796875 0.08072916666666667
4 0.67236328125 0.107421875 0.3251953125 0.21484375
6 0.92041015625 0.306640625 0.1591796875 0.10807291666666667
7 0.923828125 0.3470052083333333 0.04296875 0.022135416666666668
4 0.67236328125 0.107421875 0.3251953125 0.21484375
6 0.92041015625 0.4134114583333333 0.1591796875 0.053385416666666664
4 0.67236328125 0.107421875 0.3251953125 0.21484375
6 0.5185546875 0.4908854166666667 0.017578125 0.020833333333333332
6 0.7734375 0.490234375 0.453125 0.022135416666666668
6 0.7734375 0.521484375 0.453125 0.022135416666666668
2 0.69287109375 0.6015625 0.3662109375 0.10416666666666667
7 0.69287109375 0.7473958333333334 0.3662109375 0.125
0 0.529296875 0.8958333333333334 0.0390625 0.046875