0 0.009765625 0.022786458333333332 0.01953125 0.022135416666666668
0 0.0771484375 0.022786458333333332 0.06640625 0.022135416666666668
0 0.1767578125 0.022786458333333332 0.083984375 0.022135416666666668
0 0.26025390625 0.022786458333333332 0.0341796875 0.022135416666666668
0 0.3310546875 0.022786458333333332 0.05859375 0.022135416666666668
0 0.3935546875 0.022786458333333332 0.017578125 0.022135416666666668
7 0.43603515625 0.022786458333333332 0.0263671875 0.045572916666666664
2 0.05615234375 0.20572916666666666 0.1123046875 0.06770833333333333
4 0.3046875 0.19010416666666666 0.2890625 0.09895833333333333
4 0.646484375 0.11979166666666667 0.255859375 0.23958333333333334
0 0.646484375 0.11979166666666667 0.255859375 0.23958333333333334
4 0.88720703125 0.11979166666666667 0.2255859375 0.23958333333333334
0 0.88720703125 0.11979166666666667 0.2255859375 0.23958333333333334
7 0.224609375 0.2526041666666667 0.44921875 0.020833333333333332
2 0.10595703125 0.3157552083333333 0.2119140625 0.032552083333333336
1 0.0556640625 0.3717447916666667 0.111328125 0.061197916666666664
1 0.279296875 0.3717447916666667 0.33984375 0.061197916666666664
4 0.005859375 0.4986979166666667 0.01171875 0.0390625
2 0.14013671875 0.4830729166666667 0.2353515625 0.0234375
7 0.0478515625 0.5071614583333334 0.05078125 0.022135416666666668
7 0.12353515625 0.5071614583333334 0.1025390625 0.022135416666666668
7 0.1982421875 0.5084635416666666 0.048828125 0.016927083333333332
4 0.0078125 0.6145833333333334 0.015625 0.036458333333333336
2 0.14013671875 0.6002604166666666 0.2353515625 0.0234375
6 0.07421875 0.6243489583333334 0.103515625 0.022135416666666668
4 0.31689453125 0.4967447916666667 0.0263671875 0.03515625
2 0.39306640625 0.4830729166666667 0.1123046875 0.0234375
6 0.36572265625 0.5071614583333334 0.0576171875 0.022135416666666668
7 0.41845703125 0.5091145833333334 0.0478515625 0.015625
4 0.31689453125 0.6139322916666666 0.0263671875 0.03515625
2 0.39306640625 0.6002604166666666 0.1123046875 0.0234375
6 0.375 0.6243489583333334 0.076171875 0.022135416666666668
3 0.259765625 0.755859375 0.37890625 0.11848958333333333
2 0.03662109375 0.8697916666666666 0.0732421875 0.026041666666666668
7 0.01513671875 0.9407552083333334 0.0302734375 0.053385416666666664
6 0.06591796875 0.9309895833333334 0.0576171875 0.020833333333333332
7 0.0703125 0.953125 0.06640625 0.020833333333333332
7 0.15478515625 0.9270833333333334 0.0361328125 0.020833333333333332
0 0.19287109375 0.9270833333333334 0.0419921875 0.026041666666666668
6 0.1591796875 0.9518229166666666 0.044921875 0.020833333333333332
7 0.205078125 0.953125 0.046875 0.015625
7 0.3544921875 0.9283854166666666 0.0078125 0.015625
7 0.3583984375 0.9283854166666666 0.00390625 0.015625
7 0.38525390625 0.9283854166666666 0.0517578125 0.015625
0 0.47412109375 0.259765625 0.0498046875 0.040364583333333336
0 0.5283203125 0.259765625 0.05859375 0.040364583333333336
0 0.60498046875 0.259765625 0.0947265625 0.040364583333333336
0 0.69287109375 0.259765625 0.0810546875 0.040364583333333336
0 0.783203125 0.259765625 0.099609375 0.040364583333333336
0 0.98193359375 0.259765625 0.0361328125 0.040364583333333336
7 0.48095703125 0.392578125 0.0634765625 0.024739583333333332
2 0.48095703125 0.4498697916666667 0.0634765625 0.09244791666666667
0 0.4716796875 0.5911458333333334 0.044921875 0.013020833333333334
4 0.59228515625 0.287109375 0.0791015625 0.09505208333333333
4 0.59716796875 0.2890625 0.0791015625 0.09895833333333333
4 0.64794921875 0.3020833333333333 0.0107421875 0.125
4 0.546875 0.3053385416666667 0.01171875 0.13151041666666666
4 0.59765625 0.3587239583333333 0.11328125 0.014322916666666666
4 0.6875 0.2766927083333333 0.0234375 0.07421875
4 0.69091796875 0.2786458333333333 0.0224609375 0.078125
4 0.72216796875 0.291015625 0.0107421875 0.10286458333333333
4 0.669921875 0.29296875 0.01171875 0.10677083333333333
4 0.69287109375 0.341796875 0.0576171875 0.014322916666666666
4 0.8466796875 0.2766927083333333 0.19140625 0.07421875
4 0.84912109375 0.279296875 0.1904296875 0.07942708333333333
4 0.9658203125 0.2916666666666667 0.01171875 0.10416666666666667
4 0.7451171875 0.298828125 0.01171875 0.11848958333333333
4 0.85205078125 0.349609375 0.2255859375 0.014322916666666666
4 0.990234375 0.2903645833333333 0.01171875 0.1015625
4 0.59228515625 0.5013020833333334 0.0791015625 0.16666666666666666
4 0.59716796875 0.5013020833333334 0.0791015625 0.16666666666666666
4 0.64794921875 0.5078125 0.0107421875 0.2109375
4 0.546875 0.509765625 0.01171875 0.21223958333333334
4 0.59765625 0.4095052083333333 0.11328125 0.014322916666666666
4 0.59765625 0.6048177083333334 0.11328125 0.014322916666666666
4 0.7568359375 0.494140625 0.134765625 0.20963541666666666
4 0.7626953125 0.4954427083333333 0.134765625 0.20963541666666666
4 0.82275390625 0.5013020833333334 0.0107421875 0.2552083333333333
4 0.68310546875 0.51171875 0.0107421875 0.2552083333333333
4 0.76220703125 0.380859375 0.1689453125 0.014322916666666666
4 0.76220703125 0.62109375 0.1689453125 0.015625
4 0.89990234375 0.4947916666666667 0.0791015625 0.16666666666666666
4 0.89990234375 0.4954427083333333 0.0791015625 0.16536458333333334
4 0.9658203125 0.5013020833333334 0.01171875 0.2109375
4 0.85400390625 0.50390625 0.0107421875 0.2109375
4 0.90478515625 0.4029947916666667 0.1123046875 0.014322916666666666
4 0.90478515625 0.609375 0.1123046875 0.015625
4 0.990234375 0.5006510416666666 0.01171875 0.24088541666666666
4 0.59228515625 0.7604166666666666 0.0791015625 0.16666666666666666
4 0.59716796875 0.7578125 0.0791015625 0.16666666666666666
4 0.64794921875 0.767578125 0.0107421875 0.21223958333333334
4 0.546875 0.7649739583333334 0.01171875 0.21223958333333334
4 0.59765625 0.6666666666666666 0.11328125 0.015625
4 0.59765625 0.8587239583333334 0.11328125 0.014322916666666666
4 0.79931640625 0.765625 0.2470703125 0.1953125
4 0.80322265625 0.7623697916666666 0.2470703125 0.19401041666666666
4 0.94189453125 0.7760416666666666 0.0107421875 0.23958333333333334
4 0.669921875 0.76953125 0.01171875 0.23958333333333334
4 0.8046875 0.6569010416666666 0.28125 0.014322916666666666
4 0.8046875 0.8802083333333334 0.28125 0.015625
4 0.986328125 0.7727864583333334 0.02734375 0.16536458333333334
4 0.98583984375 0.76953125 0.0283203125 0.16666666666666666
4 0.9658203125 0.7766927083333334 0.01171875 0.21223958333333334
4 0.97998046875 0.677734375 0.0400390625 0.014322916666666666
4 0.97998046875 0.8854166666666666 0.0400390625 0.015625
4 0.59228515625 0.9576822916666666 0.0791015625 0.08463541666666667
4 0.59716796875 0.955078125 0.0791015625 0.08984375
4 0.64794921875 0.9505208333333334 0.0107421875 0.09895833333333333
4 0.546875 0.947265625 0.01171875 0.10546875
4 0.59765625 0.9016927083333334 0.11328125 0.014322916666666666
4 0.71533203125 0.9622395833333334 0.0791015625 0.07552083333333333
4 0.71923828125 0.958984375 0.0791015625 0.08203125
4 0.77587890625 0.955078125 0.0107421875 0.08984375
4 0.669921875 0.951171875 0.01171875 0.09765625
4 0.720703125 0.91015625 0.11328125 0.015625
4 0.8447265625 0.966796875 0.078125 0.06640625
4 0.84619140625 0.9635416666666666 0.0791015625 0.07291666666666667
4 0.90966796875 0.9596354166666666 0.0107421875 0.08072916666666667
4 0.79931640625 0.9557291666666666 0.0107421875 0.08854166666666667
4 0.85009765625 0.9186197916666666 0.1123046875 0.014322916666666666
4 0.97021484375 0.9720052083333334 0.0595703125 0.055989583333333336
4 0.9697265625 0.96875 0.060546875 0.0625
4 0.93359375 0.9609375 0.01171875 0.078125
4 0.9638671875 0.9290364583333334 0.072265625 0.014322916666666666
0 0.724609375 0.5123697916666666 0.55078125 0.4674479166666667
0 0.724609375 0.5123697916666666 0.55078125 0.4674479166666667
0 0.724609375 0.5123697916666666 0.55078125 0.4674479166666667
0 0.724609375 0.5123697916666666 0.55078125 0.4674479166666667
0 0.50244140625 0.830078125 0.0830078125 0.053385416666666664
0 0.60302734375 0.830078125 0.1025390625 0.053385416666666664
0 0.7236328125 0.830078125 0.123046875 0.053385416666666664
0 0.83837890625 0.830078125 0.0908203125 0.053385416666666664
0 0.93408203125 0.830078125 0.0849609375 0.053385416666666664
0 0.9921875 0.830078125 0.015625 0.053385416666666664
7 0.724609375 0.947265625 0.55078125 0.10546875