0 0.03515625 0.1171875 0.0703125 0.052083333333333336
0 0.13134765625 0.1171875 0.1181640625 0.052083333333333336
0 0.24609375 0.1171875 0.107421875 0.052083333333333336
7 0.14990234375 0.18098958333333334 0.2998046875 0.0234375
4 0.14990234375 0.3841145833333333 0.2998046875 0.3307291666666667
0 0.14990234375 0.3841145833333333 0.2998046875 0.3307291666666667
4 0.64990234375 0.10611979166666667 0.7001953125 0.21223958333333334
7 0.46533203125 0.054036458333333336 0.3310546875 0.055989583333333336
7 0.4765625 0.0703125 0.12890625 0.0234375
7 0.46533203125 0.10286458333333333 0.3310546875 0.08854166666666667
4 0.8388671875 0.11002604166666667 0.322265625 0.22005208333333334
2 0.6630859375 0.3209635416666667 0.673828125 0.05078125
7 0.6630859375 0.4296875 0.673828125 0.09895833333333333
2 0.64990234375 0.5279947916666666 0.7001953125 0.032552083333333336
4 0.14990234375 0.7747395833333334 0.2998046875 0.4505208333333333
4 0.6591796875 0.572265625 0.3671875 0.045572916666666664
7 0.6591796875 0.6217447916666666 0.439453125 0.048177083333333336
0 0.654296875 0.6985677083333334 0.154296875 0.055989583333333336
4 0.3427734375 0.9296875 0.0859375 0.0546875
4 0.6513671875 0.9296875 0.16796875 0.0546875
4 0.9326171875 0.9296875 0.134765625 0.0546875