7 0.04150390625 0.0032552083333333335 0.0830078125 0.006510416666666667
7 0.154296875 0.013020833333333334 0.30859375 0.026041666666666668
7 0.07470703125 0.016276041666666668 0.1494140625 0.01953125
7 0.154296875 0.035807291666666664 0.30859375 0.05859375
7 0.154296875 0.11393229166666667 0.30859375 0.09765625
7 0.1064453125 0.15299479166666666 0.212890625 0.01953125
7 0.154296875 0.24544270833333334 0.30859375 0.05859375
7 0.4208984375 0.018880208333333332 0.177734375 0.037760416666666664
7 0.4208984375 0.10221354166666667 0.177734375 0.055989583333333336
7 0.4208984375 0.19661458333333334 0.177734375 0.057291666666666664
0 0.63134765625 0.0078125 0.1220703125 0.015625
0 0.7705078125 0.0078125 0.15234375 0.015625
0 0.888671875 0.0078125 0.080078125 0.015625
0 0.623046875 0.055989583333333336 0.10546875 0.033854166666666664
0 0.74169921875 0.055989583333333336 0.1279296875 0.033854166666666664
0 0.83642578125 0.055989583333333336 0.0576171875 0.033854166666666664
0 0.6220703125 0.11328125 0.103515625 0.033854166666666664
0 0.71923828125 0.11328125 0.0869140625 0.033854166666666664
0 0.8125 0.11328125 0.095703125 0.033854166666666664
4 0.1953125 0.3600260416666667 0.19921875 0.10026041666666667
1 0.4755859375 0.328125 0.068359375 0.036458333333333336
7 0.0703125 0.46875 0.04296875 0.020833333333333332
0 0.0703125 0.46875 0.04296875 0.020833333333333332
7 0.16064453125 0.46875 0.0498046875 0.020833333333333332
0 0.16064453125 0.46875 0.0498046875 0.020833333333333332
7 0.275390625 0.46875 0.091796875 0.020833333333333332
0 0.275390625 0.46875 0.091796875 0.020833333333333332
7 0.40673828125 0.46875 0.0830078125 0.020833333333333332
0 0.40673828125 0.46875 0.0830078125 0.020833333333333332
7 0.5009765625 0.46875 0.017578125 0.020833333333333332
0 0.5009765625 0.46875 0.017578125 0.020833333333333332
2 0.1640625 0.5286458333333334 0.255859375 0.018229166666666668
0 0.2548828125 0.5208333333333334 0.509765625 0.057291666666666664
2 0.32275390625 0.5227864583333334 0.0478515625 0.03515625
4 0.2548828125 0.77734375 0.509765625 0.4453125
2 0.0302734375 0.7747395833333334 0.060546875 0.03125
4 0.90673828125 0.3645833333333333 0.1865234375 0.109375
7 0.98876953125 0.4602864583333333 0.0224609375 0.024739583333333332
0 0.97900390625 0.4602864583333333 0.0419921875 0.045572916666666664
0 0.529296875 0.4596354166666667 0.0390625 0.044270833333333336
0 0.6015625 0.4596354166666667 0.06640625 0.044270833333333336
0 0.75537109375 0.4596354166666667 0.2021484375 0.044270833333333336
0 0.9130859375 0.4596354166666667 0.07421875 0.044270833333333336
4 0.58642578125 0.6647135416666666 0.1533203125 0.24609375
0 0.58642578125 0.6647135416666666 0.1533203125 0.24609375
2 0.57666015625 0.8313802083333334 0.1337890625 0.06380208333333333
7 0.57666015625 0.908203125 0.1337890625 0.061197916666666664
4 0.84619140625 0.6647135416666666 0.3076171875 0.24609375
0 0.84619140625 0.6647135416666666 0.3076171875 0.24609375
7 0.7275390625 0.75390625 0.03125 0.020833333333333332
2 0.85595703125 0.8313802083333334 0.2880859375 0.06380208333333333
7 0.85595703125 0.908203125 0.2880859375 0.061197916666666664
2 0.6962890625 0.9934895833333334 0.373046875 0.013020833333333334