0 0.2099609375 0.024739583333333332 0.419921875 0.049479166666666664
7 0.0888671875 0.15885416666666666 0.09375 0.0234375
4 0.2255859375 0.16080729166666666 0.115234375 0.053385416666666664
0 0.2255859375 0.15950520833333334 0.115234375 0.09244791666666667
4 0.744140625 0.08333333333333333 0.083984375 0.11197916666666667
4 0.4375 0.0703125 0.01953125 0.026041666666666668
0 0.4375 0.08463541666666667 0.025390625 0.0234375
4 0.4697265625 0.0703125 0.01953125 0.026041666666666668
0 0.4697265625 0.08463541666666667 0.025390625 0.0234375
4 0.501953125 0.0703125 0.01953125 0.026041666666666668
0 0.501953125 0.08463541666666667 0.025390625 0.0234375
6 0.56103515625 0.07486979166666667 0.0537109375 0.01953125
6 0.62109375 0.07486979166666667 0.021484375 0.01953125
4 0.86767578125 0.072265625 0.0302734375 0.022135416666666668
0 0.8837890625 0.07161458333333333 0.0625 0.041666666666666664
7 0.8984375 0.07552083333333333 0.033203125 0.028645833333333332
7 0.43408203125 0.16731770833333334 0.0283203125 0.022135416666666668
6 0.509765625 0.16731770833333334 0.05078125 0.022135416666666668
6 0.59521484375 0.16731770833333334 0.0478515625 0.022135416666666668
6 0.69775390625 0.16731770833333334 0.0849609375 0.022135416666666668
6 0.79296875 0.16731770833333334 0.033203125 0.022135416666666668
6 0.86669921875 0.16731770833333334 0.0419921875 0.022135416666666668
6 0.94189453125 0.16731770833333334 0.0361328125 0.022135416666666668
0 0.09033203125 0.63671875 0.1806640625 0.018229166666666668
0 0.09033203125 0.6809895833333334 0.1806640625 0.018229166666666668
0 0.09033203125 0.7252604166666666 0.1806640625 0.018229166666666668
0 0.314453125 0.63671875 0.2109375 0.018229166666666668
0 0.314453125 0.6809895833333334 0.2109375 0.018229166666666668
2 0.2099609375 0.8938802083333334 0.419921875 0.05859375
7 0.22802734375 0.9915364583333334 0.0380859375 0.016927083333333332
6 0.27587890625 0.9876302083333334 0.0595703125 0.024739583333333332
2 0.57275390625 0.3463541666666667 0.3056640625 0.1484375
0 0.50048828125 0.4537760416666667 0.0830078125 0.024739583333333332
7 0.556640625 0.453125 0.029296875 0.0234375
0 0.6162109375 0.4537760416666667 0.08984375 0.024739583333333332
7 0.66259765625 0.453125 0.0029296875 0.0234375
0 0.4658203125 0.5013020833333334 0.091796875 0.052083333333333336
7 0.45263671875 0.5013020833333334 0.0654296875 0.020833333333333332
3 0.4658203125 0.5013020833333334 0.091796875 0.052083333333333336
4 0.552734375 0.5013020833333334 0.01953125 0.026041666666666668
7 0.65234375 0.5013020833333334 0.1875 0.020833333333333332
0 0.654296875 0.5013020833333334 0.25390625 0.052083333333333336
7 0.51953125 0.5677083333333334 0.029296875 0.026041666666666668
1 0.6005859375 0.625 0.361328125 0.0625
4 0.7578125 0.625 0.0234375 0.03125
1 0.6005859375 0.69921875 0.361328125 0.0625
4 0.7578125 0.69921875 0.0234375 0.03125
0 0.51953125 0.77734375 0.171875 0.052083333333333336
7 0.46484375 0.83984375 0.08984375 0.0234375
0 0.5703125 0.8404947916666666 0.12109375 0.024739583333333332
0 0.7099609375 0.9654947916666666 0.580078125 0.061197916666666664
7 0.55078125 0.9641927083333334 0.26171875 0.022135416666666668
6 0.7626953125 0.9641927083333334 0.1640625 0.022135416666666668