7 0.25927734375 0.021484375 0.0654296875 0.022135416666666668
7 0.365234375 0.021484375 0.1484375 0.022135416666666668
2 0.1396484375 0.12109375 0.279296875 0.08854166666666667
0 0.15185546875 0.12109375 0.3037109375 0.08854166666666667
0 0.33740234375 0.12109375 0.0673828125 0.046875
7 0.4072265625 0.12109375 0.064453125 0.046875
7 0.29443359375 0.24674479166666666 0.2900390625 0.029947916666666668
7 0.11376953125 0.279296875 0.2275390625 0.029947916666666668
6 0.28564453125 0.279296875 0.1162109375 0.029947916666666668
6 0.3798828125 0.3444010416666667 0.119140625 0.029947916666666668
4 0.2197265625 0.5852864583333334 0.439453125 0.22786458333333334
0 0.2197265625 0.5852864583333334 0.439453125 0.22786458333333334
4 0.9091796875 0.2643229166666667 0.181640625 0.5286458333333334
0 0.50390625 0.03515625 0.060546875 0.044270833333333336
0 0.57421875 0.03515625 0.060546875 0.044270833333333336
0 0.64453125 0.03515625 0.060546875 0.044270833333333336
0 0.71484375 0.03515625 0.060546875 0.044270833333333336
0 0.78515625 0.03515625 0.060546875 0.044270833333333336
0 0.85546875 0.03515625 0.060546875 0.044270833333333336
0 0.92578125 0.03515625 0.060546875 0.044270833333333336
0 0.50390625 0.09505208333333333 0.060546875 0.044270833333333336
0 0.57421875 0.09505208333333333 0.060546875 0.044270833333333336
0 0.64453125 0.09505208333333333 0.060546875 0.044270833333333336
0 0.71484375 0.09505208333333333 0.060546875 0.044270833333333336
0 0.78515625 0.09505208333333333 0.060546875 0.044270833333333336
0 0.85546875 0.09505208333333333 0.060546875 0.044270833333333336
0 0.92578125 0.09505208333333333 0.060546875 0.044270833333333336
0 0.50390625 0.15494791666666666 0.060546875 0.044270833333333336
0 0.57421875 0.15494791666666666 0.060546875 0.044270833333333336
0 0.64453125 0.15494791666666666 0.060546875 0.044270833333333336
0 0.71484375 0.15494791666666666 0.060546875 0.044270833333333336
0 0.78515625 0.15494791666666666 0.060546875 0.044270833333333336
0 0.85546875 0.15494791666666666 0.060546875 0.044270833333333336
0 0.50390625 0.21484375 0.060546875 0.044270833333333336
0 0.57421875 0.21484375 0.060546875 0.044270833333333336
0 0.64453125 0.21484375 0.060546875 0.044270833333333336
0 0.71484375 0.21484375 0.060546875 0.044270833333333336
0 0.50390625 0.2747395833333333 0.060546875 0.044270833333333336
0 0.57421875 0.2747395833333333 0.060546875 0.044270833333333336
0 0.64453125 0.2747395833333333 0.060546875 0.044270833333333336
0 0.71484375 0.2747395833333333 0.060546875 0.044270833333333336
0 0.78515625 0.2747395833333333 0.060546875 0.044270833333333336
0 0.85546875 0.2747395833333333 0.060546875 0.044270833333333336
0 0.50390625 0.3346354166666667 0.060546875 0.044270833333333336
0 0.57421875 0.3346354166666667 0.060546875 0.044270833333333336
0 0.64453125 0.3346354166666667 0.060546875 0.044270833333333336
0 0.71484375 0.3346354166666667 0.060546875 0.044270833333333336
0 0.78515625 0.3346354166666667 0.060546875 0.044270833333333336
0 0.50390625 0.39453125 0.060546875 0.044270833333333336
0 0.57421875 0.39453125 0.060546875 0.044270833333333336
0 0.64453125 0.39453125 0.060546875 0.044270833333333336
0 0.71484375 0.39453125 0.060546875 0.044270833333333336
0 0.50390625 0.4544270833333333 0.060546875 0.044270833333333336
0 0.57421875 0.4544270833333333 0.060546875 0.044270833333333336
0 0.64453125 0.4544270833333333 0.060546875 0.044270833333333336
0 0.71484375 0.4544270833333333 0.060546875 0.044270833333333336
0 0.78515625 0.4544270833333333 0.060546875 0.044270833333333336
0 0.85546875 0.4544270833333333 0.060546875 0.044270833333333336
0 0.92578125 0.4544270833333333 0.060546875 0.044270833333333336
0 0.98291015625 0.4544270833333333 0.0341796875 0.044270833333333336
2 0.4873046875 0.5930989583333334 0.095703125 0.09765625
7 0.5224609375 0.5813802083333334 0.166015625 0.05078125
0 0.52392578125 0.5813802083333334 0.1689453125 0.05859375
7 0.7548828125 0.5813802083333334 0.2578125 0.05078125
0 0.7548828125 0.5813802083333334 0.263671875 0.05859375
7 0.9521484375 0.5813802083333334 0.095703125 0.05078125
0 0.95068359375 0.5813802083333334 0.0986328125 0.05859375
7 0.7197265625 0.66796875 0.560546875 0.015625
7 0.7197265625 0.6901041666666666 0.560546875 0.018229166666666668
2 0.11572265625 0.77734375 0.2314453125 0.0859375
2 0.1591796875 0.884765625 0.318359375 0.15755208333333334
2 0.16748046875 0.9407552083333334 0.3349609375 0.11848958333333333
4 0.2197265625 0.849609375 0.439453125 0.30078125
2 0.5087890625 0.7161458333333334 0.138671875 0.033854166666666664
2 0.66357421875 0.7161458333333334 0.1708984375 0.033854166666666664
7 0.48876953125 0.8541666666666666 0.0986328125 0.026041666666666668
0 0.521484375 0.8541666666666666 0.1640625 0.0859375
4 0.54931640625 0.8541666666666666 0.0146484375 0.020833333333333332
7 0.94921875 0.90625 0.1015625 0.09114583333333333