2 0.17431640625 0.040364583333333336 0.3486328125 0.049479166666666664
4 0.63232421875 0.017578125 0.0947265625 0.03515625
0 0.078125 0.224609375 0.15625 0.053385416666666664
0 0.078125 0.2766927083333333 0.15625 0.053385416666666664
7 0.14111328125 0.2766927083333333 0.0302734375 0.053385416666666664
0 0.078125 0.3287760416666667 0.15625 0.053385416666666664
7 0.14111328125 0.3287760416666667 0.0302734375 0.053385416666666664
0 0.078125 0.380859375 0.15625 0.053385416666666664
0 0.078125 0.4329427083333333 0.15625 0.053385416666666664
0 0.078125 0.4850260416666667 0.15625 0.053385416666666664
0 0.078125 0.537109375 0.15625 0.053385416666666664
7 0.14111328125 0.537109375 0.0302734375 0.053385416666666664
4 0.28125 0.23697916666666666 0.193359375 0.15625
2 0.28173828125 0.3528645833333333 0.1435546875 0.059895833333333336
4 0.50341796875 0.24088541666666666 0.1943359375 0.1640625
2 0.50341796875 0.3619791666666667 0.1728515625 0.059895833333333336
4 0.654296875 0.24088541666666666 0.05078125 0.1640625
2 0.65966796875 0.3619791666666667 0.0400390625 0.059895833333333336
7 0.38330078125 0.4270833333333333 0.1259765625 0.028645833333333332
6 0.48876953125 0.4270833333333333 0.0869140625 0.028645833333333332
7 0.5478515625 0.4270833333333333 0.033203125 0.028645833333333332
6 0.62158203125 0.4270833333333333 0.1162109375 0.028645833333333332
2 0.3017578125 0.521484375 0.203125 0.037760416666666664
7 0.2763671875 0.5735677083333334 0.15234375 0.024739583333333332
2 0.9013671875 0.046223958333333336 0.197265625 0.016927083333333332
7 0.82763671875 0.07747395833333333 0.0283203125 0.01953125
7 0.8984375 0.07747395833333333 0.11328125 0.016927083333333332
7 0.87939453125 0.09309895833333333 0.1318359375 0.016927083333333332
7 0.90673828125 0.12434895833333333 0.1865234375 0.048177083333333336
6 0.94140625 0.13997395833333334 0.052734375 0.016927083333333332
7 0.89892578125 0.14778645833333334 0.1708984375 0.032552083333333336
7 0.82763671875 0.177734375 0.0283203125 0.01953125
7 0.8984375 0.177734375 0.11328125 0.016927083333333332
7 0.88232421875 0.193359375 0.1376953125 0.016927083333333332
7 0.90673828125 0.224609375 0.1865234375 0.048177083333333336
6 0.94140625 0.240234375 0.052734375 0.016927083333333332
7 0.89892578125 0.248046875 0.1708984375 0.032552083333333336
7 0.82763671875 0.279296875 0.0283203125 0.01953125
7 0.8837890625 0.279296875 0.083984375 0.016927083333333332
7 0.88232421875 0.294921875 0.1376953125 0.016927083333333332
7 0.90673828125 0.326171875 0.1865234375 0.048177083333333336
6 0.94140625 0.341796875 0.052734375 0.016927083333333332
7 0.89892578125 0.349609375 0.1708984375 0.032552083333333336
7 0.82763671875 0.3795572916666667 0.0283203125 0.01953125
7 0.89453125 0.3795572916666667 0.10546875 0.016927083333333332
7 0.88232421875 0.3951822916666667 0.1376953125 0.016927083333333332
7 0.90673828125 0.4264322916666667 0.1865234375 0.048177083333333336
6 0.94140625 0.4420572916666667 0.052734375 0.016927083333333332
7 0.89892578125 0.4498697916666667 0.1708984375 0.032552083333333336
7 0.82763671875 0.4811197916666667 0.0283203125 0.01953125
7 0.89453125 0.4811197916666667 0.10546875 0.016927083333333332
7 0.88232421875 0.4967447916666667 0.1376953125 0.016927083333333332
7 0.90673828125 0.5279947916666666 0.1865234375 0.048177083333333336
6 0.94140625 0.5436197916666666 0.052734375 0.016927083333333332
7 0.89892578125 0.5514322916666666 0.1708984375 0.032552083333333336
7 0.82763671875 0.5807291666666666 0.0283203125 0.018229166666666668
7 0.8896484375 0.5813802083333334 0.095703125 0.016927083333333332
7 0.83984375 0.279296875 0.3203125 0.07942708333333333
0 0.83984375 0.4427083333333333 0.3203125 0.21614583333333334
4 0.22265625 0.6256510416666666 0.263671875 0.07161458333333333
4 0.65380859375 0.6048177083333334 0.0517578125 0.029947916666666668
4 0.6171875 0.640625 0.017578125 0.0234375
6 0.65576171875 0.640625 0.0478515625 0.026041666666666668
7 0.2392578125 0.732421875 0.478515625 0.045572916666666664
6 0.0322265625 0.767578125 0.064453125 0.022135416666666668
7 0.24560546875 0.779296875 0.4912109375 0.045572916666666664
6 0.1005859375 0.791015625 0.078125 0.022135416666666668
7 0.16064453125 0.791015625 0.0439453125 0.022135416666666668
7 0.251953125 0.8587239583333334 0.50390625 0.06901041666666667
6 0.18212890625 0.8821614583333334 0.0576171875 0.022135416666666668
7 0.2138671875 0.8821614583333334 0.005859375 0.022135416666666668
7 0.16748046875 0.9264322916666666 0.3349609375 0.022135416666666668
6 0.359375 0.9264322916666666 0.05078125 0.022135416666666668
7 0.25048828125 0.9381510416666666 0.5009765625 0.045572916666666664
6 0.10400390625 0.9498697916666666 0.1884765625 0.022135416666666668
7 0.19873046875 0.9498697916666666 0.0048828125 0.022135416666666668
7 0.25244140625 0.9915364583333334 0.5048828125 0.016927083333333332
7 0.5986328125 0.6998697916666666 0.162109375 0.02734375
4 0.5263671875 0.7265625 0.01171875 0.015625
6 0.564453125 0.7272135416666666 0.052734375 0.01953125
4 0.5263671875 0.75390625 0.01171875 0.015625
6 0.56298828125 0.7545572916666666 0.0498046875 0.01953125
4 0.5263671875 0.78125 0.01171875 0.015625
6 0.57421875 0.7819010416666666 0.072265625 0.01953125
4 0.5263671875 0.80859375 0.01171875 0.015625
6 0.5732421875 0.8092447916666666 0.0703125 0.01953125
4 0.5263671875 0.8359375 0.01171875 0.015625
6 0.58837890625 0.8365885416666666 0.1005859375 0.01953125
4 0.5263671875 0.86328125 0.01171875 0.015625
6 0.56201171875 0.8639322916666666 0.0478515625 0.01953125
4 0.5263671875 0.890625 0.01171875 0.015625
6 0.56640625 0.8912760416666666 0.056640625 0.01953125
4 0.5263671875 0.91796875 0.01171875 0.015625
6 0.55908203125 0.9186197916666666 0.0419921875 0.01953125
7 0.5556640625 0.9459635416666666 0.0703125 0.01953125
4 0.5263671875 0.97265625 0.01171875 0.015625
6 0.58447265625 0.9733072916666666 0.0927734375 0.01953125
4 0.5263671875 0.99609375 0.01171875 0.0078125
6 0.56396484375 0.9954427083333334 0.0517578125 0.009114583333333334
7 0.77685546875 0.7122395833333334 0.1943359375 0.14583333333333334
0 0.78759765625 0.85546875 0.1337890625 0.057291666666666664
0 0.78759765625 0.8548177083333334 0.1337890625 0.02734375
7 0.98388671875 0.6458333333333334 0.0322265625 0.020833333333333332
7 0.99169921875 0.67578125 0.0166015625 0.020833333333333332
0 0.95947265625 0.8619791666666666 0.0810546875 0.057291666666666664
7 0.97998046875 0.9375 0.0244140625 0.020833333333333332
7 0.98388671875 0.9674479166666666 0.0322265625 0.020833333333333332
7 0.98388671875 0.9934895833333334 0.0322265625 0.013020833333333334