7 0.03564453125 0.08919270833333333 0.0302734375 0.053385416666666664
7 0.03564453125 0.14127604166666666 0.0302734375 0.053385416666666664
7 0.03564453125 0.349609375 0.0302734375 0.053385416666666664
4 0.17578125 0.06380208333333333 0.193359375 0.12760416666666666
2 0.17626953125 0.16536458333333334 0.1435546875 0.059895833333333336
4 0.3701171875 0.06770833333333333 0.138671875 0.13541666666666666
2 0.37548828125 0.17447916666666666 0.1279296875 0.059895833333333336
7 0.27783203125 0.23958333333333334 0.1259765625 0.028645833333333332
6 0.38330078125 0.23958333333333334 0.0869140625 0.028645833333333332
7 0.4326171875 0.23958333333333334 0.013671875 0.028645833333333332
2 0.1962890625 0.333984375 0.203125 0.037760416666666664
7 0.1708984375 0.3860677083333333 0.15234375 0.024739583333333332
7 0.26708984375 0.4830729166666667 0.3447265625 0.15885416666666666
7 0.26708984375 0.5911458333333334 0.3447265625 0.036458333333333336
4 0.7197265625 0.138671875 0.560546875 0.27734375
2 0.72412109375 0.016276041666666668 0.5517578125 0.032552083333333336
4 0.6826171875 0.09765625 0.029296875 0.0390625
1 0.830078125 0.09765625 0.33984375 0.078125
2 0.5615234375 0.3424479166666667 0.244140625 0.0390625
2 0.7197265625 0.3854166666666667 0.560546875 0.033854166666666664
4 0.63623046875 0.45703125 0.0283203125 0.036458333333333336
6 0.55224609375 0.5533854166666666 0.1826171875 0.0546875
0 0.5498046875 0.5188802083333334 0.220703125 0.18098958333333334
4 0.5498046875 0.5188802083333334 0.220703125 0.18098958333333334
4 0.5498046875 0.5188802083333334 0.220703125 0.18098958333333334
4 0.87646484375 0.45703125 0.0283203125 0.036458333333333336
4 0.78955078125 0.5188802083333334 0.2216796875 0.18098958333333334
0 0.78955078125 0.5188802083333334 0.2216796875 0.18098958333333334
4 0.78955078125 0.5188802083333334 0.2216796875 0.18098958333333334
4 0.95947265625 0.5188802083333334 0.0810546875 0.18098958333333334
0 0.95947265625 0.5188802083333334 0.0810546875 0.18098958333333334
4 0.95947265625 0.5188802083333334 0.0810546875 0.18098958333333334
2 0.73486328125 0.55078125 0.5302734375 0.044270833333333336
7 0.73486328125 0.5944010416666666 0.5302734375 0.029947916666666668
4 0.2197265625 0.8151041666666666 0.439453125 0.3697916666666667
0 0.2197265625 0.8151041666666666 0.439453125 0.3697916666666667
4 0.21630859375 0.80078125 0.4326171875 0.3828125
0 0.21630859375 0.80078125 0.4326171875 0.3828125
4 0.6689453125 0.6432291666666666 0.01953125 0.026041666666666668
7 0.71044921875 0.6432291666666666 0.0537109375 0.018229166666666668
7 0.62255859375 0.6907552083333334 0.3369140625 0.02734375
4 0.60546875 0.8522135416666666 0.263671875 0.2955729166666667
4 0.7939453125 0.6725260416666666 0.03515625 0.12630208333333334
4 0.8251953125 0.619140625 0.029296875 0.01953125
4 0.8564453125 0.625 0.02734375 0.03125
7 0.9052734375 0.642578125 0.189453125 0.02734375
4 0.8251953125 0.7115885416666666 0.029296875 0.08463541666666667
4 0.8564453125 0.69921875 0.02734375 0.036458333333333336
7 0.935546875 0.6979166666666666 0.103515625 0.018229166666666668
1 0.93701171875 0.6985677083333334 0.1259765625 0.055989583333333336
4 0.8251953125 0.7962239583333334 0.029296875 0.08463541666666667
4 0.8564453125 0.7838541666666666 0.02734375 0.036458333333333336
7 0.916015625 0.7825520833333334 0.064453125 0.018229166666666668
7 0.97314453125 0.7825520833333334 0.0498046875 0.018229166666666668
1 0.93701171875 0.783203125 0.1259765625 0.055989583333333336
4 0.8251953125 0.880859375 0.029296875 0.08463541666666667
4 0.8564453125 0.8684895833333334 0.02734375 0.036458333333333336
7 0.935546875 0.8671875 0.103515625 0.018229166666666668
7 0.99365234375 0.8671875 0.0126953125 0.018229166666666668
1 0.93701171875 0.8678385416666666 0.1259765625 0.055989583333333336
4 0.8251953125 0.9615885416666666 0.029296875 0.07682291666666667
4 0.8564453125 0.953125 0.02734375 0.036458333333333336
7 0.935546875 0.9518229166666666 0.103515625 0.018229166666666668
1 0.93701171875 0.9524739583333334 0.1259765625 0.055989583333333336