4 0.07177734375 0.054036458333333336 0.1435546875 0.10807291666666667
4 0.38720703125 0.15299479166666666 0.2041015625 0.07682291666666667
7 0.10888671875 0.220703125 0.2177734375 0.09765625
4 0.28369140625 0.22200520833333334 0.0751953125 0.10026041666666667
7 0.36767578125 0.220703125 0.2431640625 0.09765625
4 0.13134765625 0.3111979166666667 0.2626953125 0.03125
7 0.24462890625 0.3619791666666667 0.4892578125 0.028645833333333332
4 0.74462890625 0.21028645833333334 0.5107421875 0.4075520833333333
4 0.50341796875 0.2936197916666667 0.0283203125 0.10546875
7 0.6162109375 0.2779947916666667 0.150390625 0.037760416666666664
4 0.7080078125 0.2805989583333333 0.015625 0.022135416666666668
7 0.59716796875 0.3131510416666667 0.1123046875 0.022135416666666668
0 0.9892578125 0.2936197916666667 0.021484375 0.048177083333333336
7 0.5 0.3815104166666667 0.021484375 0.0625
7 0.59912109375 0.3815104166666667 0.0478515625 0.0625
7 0.72265625 0.3815104166666667 0.0703125 0.0625
7 0.86376953125 0.3815104166666667 0.0830078125 0.0625
7 0.98486328125 0.3815104166666667 0.0302734375 0.0625
4 0.642578125 0.466796875 0.306640625 0.045572916666666664
6 0.59619140625 0.474609375 0.2138671875 0.02734375
4 0.7197265625 0.470703125 0.03515625 0.037760416666666664
0 0.7197265625 0.466796875 0.03515625 0.045572916666666664
4 0.7607421875 0.470703125 0.03515625 0.037760416666666664
0 0.7607421875 0.466796875 0.046875 0.045572916666666664
0 0.90966796875 0.4544270833333333 0.1806640625 0.020833333333333332
7 0.72900390625 0.23763020833333334 0.0791015625 0.022135416666666668
7 0.80078125 0.28125 0.22265625 0.044270833333333336
6 0.92626953125 0.345703125 0.0439453125 0.024739583333333332
0 0.92626953125 0.345703125 0.0751953125 0.05078125
0 0.3720703125 0.65234375 0.234375 0.046875
2 0.16015625 0.7623697916666666 0.287109375 0.04296875
1 0.1552734375 0.8333333333333334 0.279296875 0.052083333333333336
7 0.33935546875 0.8333333333333334 0.0751953125 0.041666666666666664
0 0.33935546875 0.8333333333333334 0.0771484375 0.052083333333333336
7 0.06494140625 0.92578125 0.1298828125 0.0546875
4 0.16357421875 0.92578125 0.0302734375 0.046875
7 0.2646484375 0.92578125 0.1640625 0.0546875
4 0.38037109375 0.92578125 0.0302734375 0.046875
7 0.4443359375 0.92578125 0.08984375 0.0546875
7 0.24462890625 0.9947916666666666 0.4892578125 0.010416666666666666
2 0.58349609375 0.625 0.1416015625 0.041666666666666664
2 0.65625 0.625 0.0078125 0.041666666666666664
6 0.58837890625 0.6640625 0.1904296875 0.020833333333333332
7 0.68408203125 0.6640625 0.0048828125 0.020833333333333332
7 0.8203125 0.5833333333333334 0.134765625 0.020833333333333332
6 0.94189453125 0.5833333333333334 0.1103515625 0.020833333333333332
7 0.890625 0.6119791666666666 0.01953125 0.020833333333333332
6 0.94580078125 0.6119791666666666 0.0927734375 0.020833333333333332
7 0.99462890625 0.6119791666666666 0.0048828125 0.020833333333333332
7 0.9287109375 0.6575520833333334 0.134765625 0.041666666666666664
0 0.9287109375 0.6555989583333334 0.134765625 0.022135416666666668
7 0.81982421875 0.6575520833333334 0.0849609375 0.041666666666666664
0 0.8203125 0.6555989583333334 0.0859375 0.022135416666666668
7 0.958984375 0.69921875 0.076171875 0.041666666666666664
0 0.95849609375 0.697265625 0.0751953125 0.022135416666666668
7 0.5419921875 0.7942708333333334 0.10546875 0.0234375
7 0.53271484375 0.8802083333333334 0.0869140625 0.052083333333333336
7 0.501953125 0.923828125 0.025390625 0.022135416666666668
7 0.5166015625 0.923828125 0.0078125 0.022135416666666668
6 0.548828125 0.923828125 0.056640625 0.022135416666666668
7 0.57861328125 0.923828125 0.0048828125 0.022135416666666668
7 0.52197265625 0.966796875 0.0654296875 0.05078125
7 0.8310546875 0.7942708333333334 0.330078125 0.0234375
2 0.72705078125 0.822265625 0.1220703125 0.032552083333333336
4 0.947265625 0.89453125 0.09765625 0.09375
6 0.740234375 0.8626302083333334 0.10546875 0.022135416666666668
6 0.74609375 0.9055989583333334 0.1171875 0.05078125
7 0.775390625 0.927734375 0.033203125 0.016927083333333332
6 0.7880859375 0.916015625 0.03125 0.016927083333333332
7 0.83447265625 0.919921875 0.0556640625 0.022135416666666668
7 0.73779296875 0.9485677083333334 0.1005859375 0.022135416666666668
6 0.8203125 0.9485677083333334 0.06640625 0.022135416666666668
7 0.85595703125 0.9485677083333334 0.0048828125 0.022135416666666668
7 0.71875 0.978515625 0.0625 0.022135416666666668
6 0.79443359375 0.978515625 0.0888671875 0.022135416666666668
6 0.85595703125 0.978515625 0.0283203125 0.022135416666666668
7 0.87646484375 0.978515625 0.0166015625 0.022135416666666668
6 0.89794921875 0.978515625 0.0283203125 0.022135416666666668
7 0.83447265625 0.9837239583333334 0.2939453125 0.032552083333333336
0 0.62353515625 0.505859375 0.0576171875 0.032552083333333336
0 0.70361328125 0.505859375 0.1044921875 0.032552083333333336
0 0.7880859375 0.505859375 0.06640625 0.032552083333333336
1 0.9140625 0.5032552083333334 0.171875 0.02734375