1 0.3056640625 0.05078125 0.07421875 0.078125
4 0.35986328125 0.051432291666666664 0.0205078125 0.02734375
0 0.36181640625 0.05078125 0.0400390625 0.078125
4 0.4052734375 0.048828125 0.025390625 0.016927083333333332
0 0.4052734375 0.05078125 0.025390625 0.03125
7 0.107421875 0.14192708333333334 0.0859375 0.03125
0 0.1171875 0.14192708333333334 0.10546875 0.052083333333333336
7 0.251953125 0.14192708333333334 0.0703125 0.03125
0 0.26171875 0.14192708333333334 0.08984375 0.052083333333333336
7 0.388671875 0.14192708333333334 0.0703125 0.03125
0 0.3984375 0.14192708333333334 0.08984375 0.052083333333333336
0 0.224609375 0.20442708333333334 0.44921875 0.0625
7 0.12939453125 0.203125 0.2587890625 0.020833333333333332
7 0.224609375 0.13932291666666666 0.44921875 0.026041666666666668
6 0.095703125 0.3235677083333333 0.19140625 0.07161458333333333
0 0.474609375 0.06510416666666667 0.05078125 0.052083333333333336
0 0.58544921875 0.06510416666666667 0.1669921875 0.052083333333333336
0 0.71484375 0.06510416666666667 0.087890625 0.052083333333333336
0 0.857421875 0.06510416666666667 0.193359375 0.052083333333333336
7 0.67333984375 0.12890625 0.4482421875 0.0234375
6 0.93115234375 0.12890625 0.0673828125 0.0234375
2 0.81005859375 0.19661458333333334 0.1123046875 0.028645833333333332
4 0.78369140625 0.2923177083333333 0.0986328125 0.07421875
0 0.8671875 0.2994791666666667 0.265625 0.11458333333333333
2 0.92578125 0.2994791666666667 0.1484375 0.09375
4 0.58447265625 0.2630208333333333 0.2705078125 0.19270833333333334
0 0.58447265625 0.2630208333333333 0.2705078125 0.19270833333333334
7 0.078125 0.3717447916666667 0.05859375 0.024739583333333332
0 0.078125 0.37890625 0.08984375 0.0390625
7 0.17529296875 0.3717447916666667 0.0732421875 0.024739583333333332
0 0.17529296875 0.37890625 0.1044921875 0.0390625
7 0.2900390625 0.3717447916666667 0.09375 0.024739583333333332
0 0.2900390625 0.37890625 0.125 0.0390625
7 0.3876953125 0.3717447916666667 0.0390625 0.024739583333333332
0 0.3876953125 0.37890625 0.0703125 0.0390625
7 0.05419921875 0.4635416666666667 0.0791015625 0.052083333333333336
0 0.166015625 0.4635416666666667 0.14453125 0.052083333333333336
0 0.310546875 0.4635416666666667 0.140625 0.052083333333333336
0 0.416015625 0.4635416666666667 0.06640625 0.052083333333333336
7 0.23779296875 0.52734375 0.4228515625 0.0234375
4 0.22705078125 0.7825520833333334 0.4443359375 0.4348958333333333
0 0.22705078125 0.7825520833333334 0.4443359375 0.4348958333333333
6 0.537109375 0.3704427083333333 0.17578125 0.022135416666666668
6 0.6796875 0.3704427083333333 0.0625 0.022135416666666668
6 0.78125 0.3704427083333333 0.09375 0.022135416666666668
6 0.87255859375 0.3704427083333333 0.0419921875 0.022135416666666668
6 0.95849609375 0.3704427083333333 0.0830078125 0.022135416666666668
6 0.478515625 0.4016927083333333 0.05859375 0.022135416666666668
4 0.6640625 0.6946614583333334 0.4296875 0.4778645833333333
0 0.6640625 0.7278645833333334 0.4296875 0.5442708333333334
2 0.57177734375 0.9537760416666666 0.2451171875 0.09244791666666667
4 0.97509765625 0.6119791666666666 0.0498046875 0.125
0 0.97509765625 0.61328125 0.0498046875 0.12760416666666666
4 0.97509765625 0.7708333333333334 0.0498046875 0.125
0 0.97509765625 0.7708333333333334 0.0498046875 0.125
4 0.97509765625 0.9270833333333334 0.0498046875 0.125
0 0.97509765625 0.9283854166666666 0.0498046875 0.12760416666666666