4 0.095703125 0.15950520833333334 0.19140625 0.25390625
1 0.328125 0.046223958333333336 0.189453125 0.05078125
1 0.49169921875 0.046223958333333336 0.1162109375 0.05078125
1 0.3916015625 0.11002604166666667 0.31640625 0.05078125
1 0.3916015625 0.173828125 0.31640625 0.05078125
7 0.3916015625 0.23893229166666666 0.31640625 0.02734375
1 0.25927734375 0.2786458333333333 0.0517578125 0.0390625
1 0.31884765625 0.2786458333333333 0.0673828125 0.0390625
1 0.38232421875 0.2786458333333333 0.0595703125 0.0390625
4 0.4296875 0.2779947916666667 0.015625 0.022135416666666668
0 0.4296875 0.2799479166666667 0.015625 0.026041666666666668
7 0.3916015625 0.3248697916666667 0.31640625 0.02734375
1 0.24853515625 0.3639322916666667 0.0126953125 0.016927083333333332
5 0.29736328125 0.3678385416666667 0.0791015625 0.02734375
1 0.35546875 0.3639322916666667 0.013671875 0.016927083333333332
5 0.40625 0.3678385416666667 0.083984375 0.02734375
1 0.462890625 0.3639322916666667 0.013671875 0.016927083333333332
5 0.50341796875 0.3678385416666667 0.0634765625 0.02734375
4 0.546875 0.3665364583333333 0.005859375 0.022135416666666668
0 0.546875 0.3684895833333333 0.005859375 0.026041666666666668
7 0.36474609375 0.4095052083333333 0.2626953125 0.016927083333333332
6 0.287109375 0.427734375 0.107421875 0.016927083333333332
7 0.3642578125 0.427734375 0.046875 0.016927083333333332
6 0.419921875 0.427734375 0.068359375 0.016927083333333332
7 0.466796875 0.427734375 0.025390625 0.016927083333333332
6 0.3740234375 0.4368489583333333 0.28125 0.03515625
7 0.38623046875 0.455078125 0.3056640625 0.03515625
0 0.328125 0.5260416666666666 0.189453125 0.052083333333333336
6 0.28759765625 0.609375 0.1083984375 0.020833333333333332
7 0.390625 0.6204427083333334 0.314453125 0.04296875
6 0.0380859375 0.7239583333333334 0.048828125 0.018229166666666668
6 0.119140625 0.7239583333333334 0.095703125 0.018229166666666668
6 0.19287109375 0.7239583333333334 0.0361328125 0.018229166666666668
6 0.23876953125 0.7239583333333334 0.0380859375 0.018229166666666668
6 0.27880859375 0.7239583333333334 0.0224609375 0.018229166666666668
6 0.31689453125 0.7239583333333334 0.0361328125 0.018229166666666668
4 0.35888671875 0.7239583333333334 0.0126953125 0.015625
0 0.35888671875 0.7239583333333334 0.0302734375 0.026041666666666668
7 0.6943359375 0.061197916666666664 0.04296875 0.026041666666666668
0 0.6943359375 0.061197916666666664 0.0859375 0.0546875
2 0.6435546875 0.22916666666666666 0.1875 0.078125
1 0.6435546875 0.3463541666666667 0.1875 0.0625
1 0.6435546875 0.4453125 0.1875 0.0625
1 0.6435546875 0.5442708333333334 0.1875 0.0625
1 0.6435546875 0.6432291666666666 0.1875 0.0625
4 0.71728515625 0.640625 0.0244140625 0.03125
0 0.5595703125 0.71875 0.01953125 0.0234375
7 0.6376953125 0.7180989583333334 0.13671875 0.022135416666666668
2 0.9150390625 0.65625 0.169921875 0.16666666666666666
2 0.77490234375 0.73046875 0.4501953125 0.018229166666666668
4 0.77490234375 0.3697916666666667 0.4501953125 0.7395833333333334
0 0.046875 0.8118489583333334 0.04296875 0.029947916666666668
0 0.0986328125 0.8118489583333334 0.029296875 0.029947916666666668
0 0.1689453125 0.8118489583333334 0.080078125 0.029947916666666668
4 0.04736328125 0.91015625 0.0947265625 0.13020833333333334
4 0.220703125 0.91015625 0.212890625 0.13020833333333334
4 0.4482421875 0.91015625 0.203125 0.13020833333333334
2 0.60693359375 0.7526041666666666 0.1142578125 0.026041666666666668
0 0.60693359375 0.7526041666666666 0.1142578125 0.026041666666666668
7 0.57373046875 0.8079427083333334 0.0478515625 0.024739583333333332
4 0.72021484375 0.75 0.0361328125 0.020833333333333332
0 0.72021484375 0.75 0.0361328125 0.020833333333333332
2 0.8564453125 0.7526041666666666 0.21484375 0.026041666666666668
0 0.8564453125 0.7526041666666666 0.21484375 0.026041666666666668
0 0.7861328125 0.7845052083333334 0.07421875 0.024739583333333332
7 0.7880859375 0.8079427083333334 0.078125 0.024739583333333332
7 0.86865234375 0.8079427083333334 0.0849609375 0.024739583333333332
4 0.61865234375 0.935546875 0.1376953125 0.12890625
0 0.61865234375 0.935546875 0.1376953125 0.12890625
4 0.8447265625 0.935546875 0.28515625 0.12890625
0 0.8447265625 0.935546875 0.28515625 0.12890625