7 0.19775390625 0.126953125 0.3955078125 0.11328125
4 0.240234375 0.310546875 0.48046875 0.25390625
2 0.55322265625 0.13932291666666666 0.0673828125 0.046875
7 0.5244140625 0.2649739583333333 0.00390625 0.022135416666666668
3 0.55322265625 0.3404947916666667 0.0673828125 0.053385416666666664
7 0.55322265625 0.4088541666666667 0.0673828125 0.03125
2 0.8212890625 0.13932291666666666 0.32421875 0.046875
7 0.8212890625 0.234375 0.32421875 0.09375
7 0.82177734375 0.341796875 0.1298828125 0.01953125
0 0.8212890625 0.341796875 0.2734375 0.055989583333333336
0 0.587890625 0.5299479166666666 0.060546875 0.0234375
0 0.677734375 0.5299479166666666 0.0234375 0.0234375
0 0.7705078125 0.5299479166666666 0.06640625 0.0234375
7 0.177734375 0.5696614583333334 0.35546875 0.040364583333333336
7 0.103515625 0.83984375 0.173828125 0.033854166666666664
4 0.236328125 0.8958333333333334 0.47265625 0.20833333333333334
1 0.73388671875 0.5755208333333334 0.4287109375 0.052083333333333336
0 0.759765625 0.9635416666666666 0.48046875 0.07291666666666667
7 0.5810546875 0.9609375 0.123046875 0.0234375
4 0.6533203125 0.9609375 0.017578125 0.0234375
7 0.69482421875 0.9895833333333334 0.3505859375 0.020833333333333332
7 0.96435546875 0.9915364583333334 0.0712890625 0.016927083333333332