2 0.15478515625 0.21744791666666666 0.3095703125 0.2734375
1 0.1337890625 0.421875 0.267578125 0.0625
5 0.1337890625 0.421875 0.267578125 0.0625
1 0.1337890625 0.5 0.267578125 0.0625
5 0.1337890625 0.5 0.267578125 0.0625
7 0.1220703125 0.55859375 0.244140625 0.028645833333333332
7 0.01123046875 0.5794270833333334 0.0224609375 0.020833333333333332
6 0.0849609375 0.5794270833333334 0.126953125 0.020833333333333332
7 0.17578125 0.5794270833333334 0.056640625 0.020833333333333332
6 0.1259765625 0.5794270833333334 0.251953125 0.020833333333333332
4 0.65478515625 0.271484375 0.6904296875 0.54296875
4 0.1884765625 0.59765625 0.01953125 0.015625
0 0.1884765625 0.5989583333333334 0.01953125 0.018229166666666668
4 0.240234375 0.59765625 0.021484375 0.015625
0 0.240234375 0.59765625 0.021484375 0.015625
4 0.2919921875 0.5950520833333334 0.01953125 0.010416666666666666
0 0.2919921875 0.595703125 0.01953125 0.01171875
2 0.50146484375 0.7526041666666666 0.3837890625 0.06510416666666667
7 0.50146484375 0.8209635416666666 0.3837890625 0.032552083333333336
7 0.50146484375 0.853515625 0.3837890625 0.032552083333333336
1 0.4814453125 0.921875 0.34375 0.052083333333333336
0 0.6728515625 0.921875 0.0390625 0.052083333333333336
2 0.86865234375 0.736328125 0.2626953125 0.032552083333333336
6 0.86865234375 0.791015625 0.2626953125 0.053385416666666664
6 0.86865234375 0.8365885416666666 0.2626953125 0.02734375
6 0.796875 0.869140625 0.119140625 0.02734375
6 0.7705078125 0.9016927083333334 0.06640625 0.02734375
6 0.8125 0.9342447916666666 0.150390625 0.02734375