4 0.484375 0.18489583333333334 0.23046875 0.3697916666666667
6 0.02099609375 0.014322916666666666 0.0419921875 0.028645833333333332
7 0.05810546875 0.014322916666666666 0.0341796875 0.028645833333333332
6 0.1376953125 0.014322916666666666 0.126953125 0.028645833333333332
7 0.228515625 0.014322916666666666 0.056640625 0.028645833333333332
6 0.15234375 0.026692708333333332 0.3046875 0.053385416666666664
7 0.0419921875 0.0390625 0.083984375 0.028645833333333332
0 0.16015625 0.10416666666666667 0.3203125 0.07291666666666667
6 0.814453125 0.011067708333333334 0.03125 0.022135416666666668
6 0.8994140625 0.011067708333333334 0.04296875 0.022135416666666668
0 0.9716796875 0.004557291666666667 0.056640625 0.009114583333333334
4 0.9736328125 0.005859375 0.029296875 0.01171875
4 0.71826171875 0.2877604166666667 0.1552734375 0.1640625
4 0.90185546875 0.2877604166666667 0.1962890625 0.1640625
7 0.2998046875 0.9075520833333334 0.599609375 0.041666666666666664
0 0.5576171875 0.98046875 0.083984375 0.0390625
2 0.1748046875 0.3854166666666667 0.349609375 0.03125
7 0.1748046875 0.5227864583333334 0.349609375 0.17317708333333334
7 0.06201171875 0.6712239583333334 0.1240234375 0.01953125
0 0.06982421875 0.6712239583333334 0.1396484375 0.053385416666666664
4 0.0322265625 0.6712239583333334 0.064453125 0.053385416666666664
4 0.10205078125 0.6712239583333334 0.0751953125 0.053385416666666664
7 0.30224609375 0.8619791666666666 0.0029296875 0.033854166666666664
0 0.2001953125 0.994140625 0.158203125 0.01171875
0 0.4072265625 0.994140625 0.158203125 0.01171875
7 0.67626953125 0.3795572916666667 0.0693359375 0.01953125
0 0.6767578125 0.3841145833333333 0.109375 0.028645833333333332
7 0.8251953125 0.3795572916666667 0.126953125 0.01953125
0 0.8251953125 0.3841145833333333 0.166015625 0.028645833333333332
7 0.96923828125 0.3795572916666667 0.0615234375 0.01953125
0 0.95947265625 0.3841145833333333 0.0810546875 0.028645833333333332
2 0.732421875 0.6145833333333334 0.265625 0.0390625
2 0.72265625 0.7506510416666666 0.24609375 0.024739583333333332
4 0.966796875 0.6705729166666666 0.06640625 0.15104166666666666
7 0.9765625 0.6484375 0.046875 0.041666666666666664
7 0.9765625 0.6901041666666666 0.046875 0.041666666666666664
7 0.986328125 0.8391927083333334 0.02734375 0.022135416666666668
0 0.9765625 0.83984375 0.046875 0.0390625