4 0.57470703125 0.2649739583333333 0.8505859375 0.5299479166666666
0 0.57470703125 0.224609375 0.8505859375 0.44921875
3 0.07470703125 0.634765625 0.1494140625 0.20963541666666666
0 0.09912109375 0.8138020833333334 0.1005859375 0.03125
6 0.01318359375 0.91015625 0.0263671875 0.03125
6 0.10888671875 0.91015625 0.0498046875 0.03125
6 0.0693359375 0.955078125 0.099609375 0.05859375
2 0.0791015625 0.990234375 0.140625 0.01953125
3 0.07470703125 0.7649739583333334 0.1494140625 0.4700520833333333
6 0.74658203125 0.9752604166666666 0.0966796875 0.018229166666666668
7 0.79833984375 0.9752604166666666 0.0087890625 0.018229166666666668
6 0.837890625 0.9752604166666666 0.0703125 0.018229166666666668
7 0.87548828125 0.9752604166666666 0.0087890625 0.018229166666666668
6 0.9091796875 0.9752604166666666 0.060546875 0.018229166666666668
7 0.94287109375 0.9752604166666666 0.0087890625 0.018229166666666668
6 0.9736328125 0.9752604166666666 0.052734375 0.018229166666666668
7 0.9765625 0.9928385416666666 0.046875 0.014322916666666666