6 0.20947265625 0.049479166666666664 0.0947265625 0.028645833333333332
6 0.3203125 0.049479166666666664 0.052734375 0.028645833333333332
7 0.43310546875 0.048828125 0.0439453125 0.022135416666666668
0 0.4326171875 0.048828125 0.09375 0.05078125
7 0.2001953125 0.4348958333333333 0.400390625 0.06770833333333333
7 0.19580078125 0.525390625 0.3916015625 0.07161458333333333
6 0.1259765625 0.5501302083333334 0.05859375 0.022135416666666668
7 0.19580078125 0.5625 0.3916015625 0.046875
2 0.1640625 0.23046875 0.328125 0.049479166666666664
2 0.15478515625 0.2799479166666667 0.3095703125 0.049479166666666664
2 0.171875 0.3333333333333333 0.34375 0.03125
7 0.04052734375 0.435546875 0.0810546875 0.022135416666666668
0 0.0634765625 0.435546875 0.126953125 0.06901041666666667
7 0.25830078125 0.435546875 0.0888671875 0.022135416666666668
0 0.25830078125 0.435546875 0.2158203125 0.06901041666666667
2 0.73974609375 0.23958333333333334 0.5205078125 0.0859375
2 0.73974609375 0.3463541666666667 0.5205078125 0.07291666666666667
0 0.80078125 0.5546875 0.166015625 0.057291666666666664
0 0.37060546875 0.6028645833333334 0.0478515625 0.0078125
4 0.23974609375 0.8977864583333334 0.4794921875 0.20442708333333334
0 0.23974609375 0.8977864583333334 0.4794921875 0.20442708333333334
0 0.8056640625 0.6204427083333334 0.16015625 0.04296875
0 0.955078125 0.6204427083333334 0.08984375 0.04296875
1 0.7587890625 0.8971354166666666 0.482421875 0.059895833333333336
7 0.73974609375 0.9713541666666666 0.5205078125 0.057291666666666664