0 0.05859375 0.037760416666666664 0.091796875 0.0390625
0 0.1494140625 0.037760416666666664 0.08984375 0.0390625
0 0.23095703125 0.037760416666666664 0.0732421875 0.0390625
0 0.31640625 0.037760416666666664 0.09765625 0.0390625
4 0.23974609375 0.2819010416666667 0.4794921875 0.44921875
2 0.099609375 0.201171875 0.19921875 0.12630208333333334
0 0.099609375 0.24674479166666666 0.19921875 0.21744791666666666
2 0.099609375 0.3157552083333333 0.19921875 0.07942708333333333
0 0.01708984375 0.392578125 0.0341796875 0.05078125
0 0.095703125 0.392578125 0.103515625 0.05078125
0 0.13916015625 0.5325520833333334 0.2783203125 0.0546875
0 0.37890625 0.5325520833333334 0.201171875 0.0546875
2 0.23974609375 0.646484375 0.4794921875 0.04296875
7 0.73974609375 0.034505208333333336 0.5205078125 0.03515625
3 0.701171875 0.3658854166666667 0.443359375 0.6067708333333334
4 0.22802734375 0.8450520833333334 0.4150390625 0.13020833333333334
4 0.23974609375 0.939453125 0.4794921875 0.04296875
6 0.0478515625 0.994140625 0.03125 0.01171875
6 0.08056640625 0.994140625 0.0244140625 0.01171875
6 0.11181640625 0.994140625 0.0283203125 0.01171875
6 0.1611328125 0.994140625 0.060546875 0.01171875
6 0.21142578125 0.994140625 0.0302734375 0.01171875
6 0.2490234375 0.994140625 0.033203125 0.01171875
6 0.28173828125 0.994140625 0.0244140625 0.01171875
6 0.32080078125 0.994140625 0.0419921875 0.01171875
4 0.36083984375 0.9934895833333334 0.0166015625 0.013020833333333334
0 0.36083984375 0.9915364583333334 0.0224609375 0.016927083333333332
4 0.38720703125 0.9934895833333334 0.0166015625 0.013020833333333334
0 0.38720703125 0.9915364583333334 0.0224609375 0.016927083333333332
2 0.73974609375 0.6783854166666666 0.5205078125 0.018229166666666668
0 0.49951171875 0.7369791666666666 0.0400390625 0.046875
0 0.59716796875 0.7369791666666666 0.1494140625 0.046875
0 0.7548828125 0.7369791666666666 0.16015625 0.046875
0 0.91748046875 0.7369791666666666 0.1572265625 0.046875
0 0.509765625 0.8033854166666666 0.060546875 0.046875
0 0.62353515625 0.8033854166666666 0.1591796875 0.046875
0 0.77685546875 0.8033854166666666 0.1396484375 0.046875
0 0.9248046875 0.8033854166666666 0.1484375 0.046875
0 0.73974609375 0.865234375 0.5205078125 0.024739583333333332
7 0.74169921875 0.9029947916666666 0.2060546875 0.01953125