6 0.033203125 0.025390625 0.0546875 0.05078125
0 0.39013671875 0.021484375 0.1181640625 0.04296875
0 0.4873046875 0.021484375 0.044921875 0.04296875
2 0.1513671875 0.13802083333333334 0.302734375 0.0703125
1 0.22119140625 0.24869791666666666 0.4423828125 0.046875
4 0.7548828125 0.23958333333333334 0.490234375 0.4791666666666667
7 0.98046875 0.3645833333333333 0.0390625 0.020833333333333332
0 0.98046875 0.3645833333333333 0.0390625 0.028645833333333332
4 0.57080078125 0.4544270833333333 0.1220703125 0.049479166666666664
4 0.75048828125 0.4544270833333333 0.1279296875 0.049479166666666664
4 0.93212890625 0.4544270833333333 0.1279296875 0.049479166666666664
2 0.185546875 0.6158854166666666 0.2265625 0.06510416666666667
2 0.1865234375 0.6751302083333334 0.169921875 0.022135416666666668
2 0.185546875 0.7037760416666666 0.1875 0.022135416666666668
7 0.1845703125 0.7845052083333334 0.291015625 0.04296875
0 0.1845703125 0.7845052083333334 0.29296875 0.05859375
7 0.1845703125 0.8587239583333334 0.29296875 0.04296875
0 0.1845703125 0.8587239583333334 0.29296875 0.05859375
7 0.19970703125 0.9270833333333334 0.1669921875 0.0234375
0 0.181640625 0.9283854166666666 0.298828125 0.036458333333333336
4 0.2548828125 0.7395833333333334 0.509765625 0.5208333333333334
2 0.2392578125 0.9453125 0.478515625 0.109375
2 0.1552734375 0.4889322916666667 0.310546875 0.01953125
7 0.1552734375 0.5755208333333334 0.310546875 0.11458333333333333
2 0.38671875 0.69140625 0.24609375 0.109375
7 0.38671875 0.8515625 0.24609375 0.171875
2 0.2392578125 0.951171875 0.478515625 0.09765625
4 0.2548828125 0.7395833333333334 0.509765625 0.5208333333333334
4 0.7548828125 0.72265625 0.490234375 0.4869791666666667
2 0.7548828125 0.8053385416666666 0.490234375 0.04296875
0 0.7548828125 0.6432291666666666 0.490234375 0.020833333333333332
7 0.7548828125 0.8502604166666666 0.490234375 0.028645833333333332
4 0.56640625 0.9505208333333334 0.11328125 0.09895833333333333
4 0.7529296875 0.9505208333333334 0.232421875 0.09895833333333333
4 0.94140625 0.9505208333333334 0.1171875 0.09895833333333333