2 0.14453125 0.22721354166666666 0.2890625 0.10546875
7 0.14453125 0.373046875 0.2890625 0.15755208333333334
0 0.02685546875 0.5188802083333334 0.0537109375 0.06380208333333333
0 0.1572265625 0.5188802083333334 0.13671875 0.032552083333333336
1 0.70458984375 0.032552083333333336 0.5908203125 0.0625
2 0.57568359375 0.23567708333333334 0.3330078125 0.057291666666666664
2 0.4638671875 0.3059895833333333 0.109375 0.03125
0 0.4765625 0.3059895833333333 0.134765625 0.03125
2 0.53466796875 0.3059895833333333 0.0185546875 0.0234375
2 0.48681640625 0.5279947916666666 0.1455078125 0.022135416666666668
2 0.48388671875 0.55859375 0.1396484375 0.020833333333333332
4 0.69091796875 0.5436197916666666 0.0400390625 0.05078125
2 0.767578125 0.5279947916666666 0.068359375 0.022135416666666668
2 0.78564453125 0.55859375 0.1044921875 0.020833333333333332
4 0.99560546875 0.5436197916666666 0.0087890625 0.05078125
2 0.47265625 0.1171875 0.0078125 0.041666666666666664
2 0.529296875 0.1171875 0.107421875 0.041666666666666664
7 0.734375 0.2727864583333333 0.53125 0.22005208333333334
7 0.5810546875 0.41796875 0.224609375 0.0234375
6 0.73876953125 0.41796875 0.0908203125 0.0234375
7 0.87744140625 0.41796875 0.1904296875 0.0234375
6 0.98583984375 0.41796875 0.0283203125 0.0234375
7 0.734375 0.43359375 0.53125 0.0546875
0 0.6015625 0.5481770833333334 0.265625 0.041666666666666664
7 0.91357421875 0.5559895833333334 0.1728515625 0.026041666666666668
0 0.91357421875 0.5559895833333334 0.1728515625 0.026041666666666668
4 0.18896484375 0.7845052083333334 0.3779296875 0.4309895833333333
2 0.13720703125 0.9635416666666666 0.2744140625 0.0390625
0 0.181640625 0.9720052083333334 0.36328125 0.055989583333333336
6 0.97607421875 0.5852864583333334 0.0478515625 0.022135416666666668
4 0.47314453125 0.8255208333333334 0.1279296875 0.3489583333333333
2 0.73291015625 0.8053385416666666 0.2958984375 0.10026041666666667
7 0.73583984375 0.892578125 0.3017578125 0.053385416666666664
6 0.85107421875 0.908203125 0.1279296875 0.022135416666666668
7 0.75244140625 0.9485677083333334 0.3349609375 0.10286458333333333