2 0.033203125 0.22916666666666666 0.06640625 0.052083333333333336
2 0.130859375 0.22916666666666666 0.130859375 0.052083333333333336
2 0.2822265625 0.22916666666666666 0.173828125 0.052083333333333336
4 0.064453125 0.3359375 0.0625 0.046875
0 0.064453125 0.3359375 0.0625 0.046875
4 0.30078125 0.3359375 0.0625 0.046875
0 0.30078125 0.3359375 0.0625 0.046875
4 0.56787109375 0.1796875 0.3974609375 0.359375
0 0.56787109375 0.20572916666666666 0.3974609375 0.020833333333333332
7 0.89794921875 0.1796875 0.2041015625 0.359375
0 0.10888671875 0.4147135416666667 0.2177734375 0.055989583333333336
0 0.29345703125 0.4147135416666667 0.1513671875 0.055989583333333336
2 0.1845703125 0.4947916666666667 0.369140625 0.036458333333333336
0 0.0224609375 0.5520833333333334 0.044921875 0.057291666666666664
0 0.0791015625 0.5520833333333334 0.0703125 0.057291666666666664
0 0.1484375 0.5520833333333334 0.0703125 0.057291666666666664
0 0.2177734375 0.5520833333333334 0.0703125 0.057291666666666664
0 0.287109375 0.5520833333333334 0.0703125 0.057291666666666664
0 0.34521484375 0.5520833333333334 0.0478515625 0.057291666666666664
7 0.0888671875 0.6276041666666666 0.130859375 0.020833333333333332
7 0.2041015625 0.6276041666666666 0.099609375 0.020833333333333332
7 0.26171875 0.6276041666666666 0.017578125 0.020833333333333332
7 0.31103515625 0.6276041666666666 0.0830078125 0.020833333333333332
7 0.3603515625 0.6276041666666666 0.017578125 0.020833333333333332
7 0.076171875 0.6575520833333334 0.07421875 0.020833333333333332
7 0.13037109375 0.6575520833333334 0.0341796875 0.020833333333333332
7 0.2001953125 0.6575520833333334 0.107421875 0.020833333333333332
7 0.1962890625 0.6881510416666666 0.345703125 0.029947916666666668
2 0.1845703125 0.7864583333333334 0.369140625 0.036458333333333336
0 0.04833984375 0.84375 0.0966796875 0.057291666666666664
0 0.15673828125 0.84375 0.1220703125 0.057291666666666664
0 0.27880859375 0.84375 0.1220703125 0.057291666666666664
0 0.35400390625 0.84375 0.0302734375 0.057291666666666664
7 0.03564453125 0.9192708333333334 0.0244140625 0.020833333333333332
7 0.1630859375 0.9192708333333334 0.23046875 0.020833333333333332
7 0.3232421875 0.9192708333333334 0.091796875 0.020833333333333332
7 0.07666015625 0.94921875 0.1064453125 0.020833333333333332
7 0.17138671875 0.94921875 0.0830078125 0.020833333333333332
7 0.220703125 0.94921875 0.017578125 0.020833333333333332
7 0.26171875 0.94921875 0.06640625 0.020833333333333332
7 0.298828125 0.94921875 0.009765625 0.020833333333333332
7 0.318359375 0.94921875 0.033203125 0.020833333333333332
7 0.34375 0.94921875 0.017578125 0.020833333333333332
7 0.3564453125 0.94921875 0.009765625 0.020833333333333332
7 0.05615234375 0.9791666666666666 0.0654296875 0.020833333333333332
7 0.22900390625 0.9791666666666666 0.2802734375 0.020833333333333332
2 0.6845703125 0.453125 0.630859375 0.078125
2 0.6845703125 0.5859375 0.630859375 0.0546875
7 0.6845703125 0.673828125 0.630859375 0.07682291666666667
7 0.6845703125 0.7721354166666666 0.630859375 0.0625
6 0.8505859375 0.791015625 0.16796875 0.024739583333333332
7 0.6845703125 0.8098958333333334 0.630859375 0.0625
7 0.6845703125 0.927734375 0.630859375 0.10026041666666667
6 0.58544921875 0.9654947916666666 0.3330078125 0.024739583333333332
7 0.75439453125 0.9654947916666666 0.0048828125 0.024739583333333332