2 0.1083984375 0.018229166666666668 0.216796875 0.020833333333333332
2 0.1083984375 0.08528645833333333 0.216796875 0.10286458333333333
0 0.1083984375 0.08528645833333333 0.216796875 0.10286458333333333
7 0.1083984375 0.208984375 0.216796875 0.09505208333333333
7 0.1083984375 0.2975260416666667 0.216796875 0.032552083333333336
7 0.103515625 0.3548177083333333 0.20703125 0.024739583333333332
7 0.03955078125 0.4173177083333333 0.0791015625 0.024739583333333332
7 0.07177734375 0.478515625 0.1435546875 0.022135416666666668
3 0.41259765625 0.0234375 0.2744140625 0.046875
2 0.416015625 0.06575520833333333 0.28125 0.01953125
2 0.416015625 0.1171875 0.28125 0.0703125
0 0.416015625 0.1171875 0.28125 0.0703125
6 0.3095703125 0.19401041666666666 0.068359375 0.0234375
4 0.39306640625 0.3763020833333333 0.2353515625 0.2265625
7 0.8095703125 0.060546875 0.380859375 0.12109375
0 0.8173828125 0.18880208333333334 0.15625 0.057291666666666664
6 0.69189453125 0.4759114583333333 0.0830078125 0.02734375
6 0.94189453125 0.4759114583333333 0.0634765625 0.02734375
0 0.48291015625 0.517578125 0.1240234375 0.055989583333333336
0 0.484375 0.57421875 0.126953125 0.059895833333333336
0 0.4716796875 0.6328125 0.1015625 0.059895833333333336
0 0.52001953125 0.7610677083333334 0.1982421875 0.053385416666666664
0 0.45703125 0.8489583333333334 0.072265625 0.059895833333333336
0 0.47705078125 0.908203125 0.1123046875 0.061197916666666664
0 0.48291015625 0.9674479166666666 0.1240234375 0.059895833333333336
0 0.52001953125 0.998046875 0.1982421875 0.00390625
0 0.06982421875 0.5143229166666666 0.1396484375 0.049479166666666664
0 0.06982421875 0.568359375 0.1396484375 0.061197916666666664
4 0.40185546875 0.7447916666666666 0.4345703125 0.5104166666666666
0 0.40185546875 0.7447916666666666 0.4345703125 0.5104166666666666
7 0.31982421875 0.9576822916666666 0.5986328125 0.022135416666666668
4 0.8056640625 0.712890625 0.373046875 0.4466145833333333
0 0.8056640625 0.712890625 0.373046875 0.4466145833333333
2 0.7939453125 0.892578125 0.349609375 0.06380208333333333
4 0.7529296875 0.9876302083333334 0.052734375 0.024739583333333332