4 0.08349609375 0.11002604166666667 0.1669921875 0.17057291666666666
2 0.08349609375 0.23046875 0.1669921875 0.020833333333333332
2 0.08349609375 0.2975260416666667 0.1669921875 0.10286458333333333
0 0.08349609375 0.2975260416666667 0.1669921875 0.10286458333333333
7 0.08349609375 0.4212239583333333 0.1669921875 0.09505208333333333
3 0.3076171875 0.14192708333333334 0.1640625 0.234375
2 0.3076171875 0.2779947916666667 0.1640625 0.01953125
2 0.3076171875 0.3294270833333333 0.1640625 0.0703125
0 0.3076171875 0.3294270833333333 0.1640625 0.0703125
6 0.259765625 0.40625 0.068359375 0.0234375
0 0.44580078125 0.1875 0.1123046875 0.10416666666666667
0 0.5595703125 0.1875 0.1171875 0.10416666666666667
0 0.68212890625 0.1875 0.1298828125 0.10416666666666667
0 0.826171875 0.1875 0.16015625 0.10416666666666667
0 0.96728515625 0.1875 0.0654296875 0.0390625
6 0.40576171875 0.259765625 0.0322265625 0.029947916666666668
0 0.4755859375 0.3697916666666667 0.171875 0.2604166666666667
7 0.45361328125 0.271484375 0.0087890625 0.029947916666666668
7 0.4814453125 0.271484375 0.048828125 0.029947916666666668
7 0.53369140625 0.2721354166666667 0.0439453125 0.0234375
6 0.5947265625 0.271484375 0.029296875 0.029947916666666668
0 0.68408203125 0.3697916666666667 0.2080078125 0.2604166666666667
7 0.623046875 0.271484375 0.029296875 0.029947916666666668
7 0.64697265625 0.271484375 0.0087890625 0.029947916666666668
7 0.681640625 0.271484375 0.0625 0.029947916666666668
7 0.74072265625 0.2721354166666667 0.0439453125 0.0234375
6 0.85107421875 0.259765625 0.0888671875 0.029947916666666668
0 0.9033203125 0.3697916666666667 0.193359375 0.2604166666666667
7 0.8193359375 0.283203125 0.025390625 0.029947916666666668
7 0.91064453125 0.271484375 0.0087890625 0.029947916666666668
7 0.9365234375 0.271484375 0.044921875 0.029947916666666668
7 0.982421875 0.2721354166666667 0.03515625 0.0234375
4 0.490234375 0.271484375 0.201171875 0.10286458333333333
7 0.654296875 0.2734375 0.09765625 0.03125
7 0.79736328125 0.2526041666666667 0.1025390625 0.044270833333333336
0 0.79736328125 0.2734375 0.1572265625 0.13541666666666666
6 0.79736328125 0.296875 0.1337890625 0.026041666666666668
4 0.6328125 0.43359375 0.486328125 0.1328125
4 0.6328125 0.43359375 0.486328125 0.1328125
7 0.78271484375 0.384765625 0.1474609375 0.029947916666666668
7 0.93994140625 0.23567708333333334 0.0732421875 0.018229166666666668
0 0.93994140625 0.23567708333333334 0.0888671875 0.03125
2 0.94775390625 0.3255208333333333 0.1044921875 0.13020833333333334
6 0.94140625 0.4153645833333333 0.091796875 0.0234375
7 0.94384765625 0.4921875 0.0810546875 0.015625
0 0.94384765625 0.4889322916666667 0.0966796875 0.022135416666666668
7 0.0400390625 0.5924479166666666 0.05859375 0.026041666666666668
0 0.0400390625 0.5924479166666666 0.05859375 0.046875
7 0.13916015625 0.5924479166666666 0.0595703125 0.026041666666666668
0 0.13916015625 0.5924479166666666 0.0595703125 0.046875
7 0.2333984375 0.5924479166666666 0.048828125 0.026041666666666668
0 0.2333984375 0.5924479166666666 0.048828125 0.046875
7 0.32763671875 0.5924479166666666 0.0595703125 0.026041666666666668
0 0.32763671875 0.5924479166666666 0.0595703125 0.046875
2 0.0634765625 0.6673177083333334 0.126953125 0.01953125
2 0.138671875 0.6673177083333334 0.0234375 0.01953125
0 0.0634765625 0.6673177083333334 0.126953125 0.01953125
4 0.19482421875 0.8548177083333334 0.3896484375 0.2903645833333333
0 0.19482421875 0.8444010416666666 0.3896484375 0.3111979166666667
4 0.69482421875 0.642578125 0.6103515625 0.28515625
0 0.69482421875 0.642578125 0.6103515625 0.28515625
0 0.5556640625 0.7578125 0.01171875 0.015625
0 0.5771484375 0.7578125 0.01171875 0.015625
0 0.5986328125 0.7578125 0.01171875 0.015625
0 0.6201171875 0.7578125 0.01171875 0.015625
0 0.6416015625 0.7578125 0.01171875 0.015625
4 0.5 0.921875 0.166015625 0.13020833333333334
2 0.681640625 0.884765625 0.158203125 0.055989583333333336
7 0.6865234375 0.9622395833333334 0.16796875 0.059895833333333336
4 0.89453125 0.921875 0.166015625 0.125