2 0.27001953125 0.09440104166666667 0.5400390625 0.05859375
0 0.02880859375 0.208984375 0.0576171875 0.06380208333333333
7 0.18359375 0.20768229166666666 0.17578125 0.024739583333333332
0 0.23095703125 0.208984375 0.2705078125 0.06380208333333333
7 0.46337890625 0.20768229166666666 0.1181640625 0.024739583333333332
0 0.47705078125 0.208984375 0.1455078125 0.06380208333333333
2 0.29443359375 0.5013020833333334 0.3271484375 0.057291666666666664
7 0.79296875 0.3795572916666667 0.02734375 0.03515625
0 0.79296875 0.3626302083333333 0.08984375 0.048177083333333336
4 0.79296875 0.3626302083333333 0.08984375 0.048177083333333336
7 0.79296875 0.3626302083333333 0.060546875 0.024739583333333332
6 0.77490234375 0.4713541666666667 0.4501953125 0.1171875
0 0.09228515625 0.7649739583333334 0.1845703125 0.4700520833333333
4 0.076171875 0.7044270833333334 0.15234375 0.34375
6 0.05224609375 0.9095052083333334 0.1044921875 0.022135416666666668
7 0.076171875 0.94921875 0.15234375 0.1015625
0 0.3984375 0.7649739583333334 0.302734375 0.4700520833333333
4 0.408203125 0.7044270833333334 0.2578125 0.34375
6 0.38037109375 0.9095052083333334 0.2353515625 0.022135416666666668
7 0.404296875 0.9446614583333334 0.283203125 0.09244791666666667
7 0.77490234375 0.6634114583333334 0.4501953125 0.2669270833333333
0 0.66357421875 0.5553385416666666 0.2041015625 0.037760416666666664
4 0.95654296875 0.7454427083333334 0.0439453125 0.00390625
7 0.900390625 0.8424479166666666 0.19921875 0.026041666666666668