2 0.45751953125 0.12434895833333333 0.5849609375 0.05859375
7 0.1708984375 0.23763020833333334 0.134765625 0.024739583333333332
0 0.2109375 0.23893229166666666 0.21484375 0.06380208333333333
7 0.4443359375 0.23763020833333334 0.17578125 0.024739583333333332
0 0.49169921875 0.23893229166666666 0.2705078125 0.06380208333333333
7 0.70751953125 0.23763020833333334 0.0849609375 0.024739583333333332
0 0.70751953125 0.23893229166666666 0.0849609375 0.06380208333333333
6 0.15771484375 0.4856770833333333 0.2685546875 0.09635416666666667
0 0.1552734375 0.5657552083333334 0.296875 0.2877604166666667
0 0.19287109375 0.6946614583333334 0.1982421875 0.029947916666666668
2 0.55517578125 0.5377604166666666 0.3271484375 0.0703125
7 0.55517578125 0.6315104166666666 0.3271484375 0.06510416666666667
2 0.875 0.051432291666666664 0.25 0.10286458333333333
2 0.8671875 0.15299479166666666 0.234375 0.053385416666666664
7 0.875 0.3463541666666667 0.25 0.11458333333333333
0 0.8388671875 0.56640625 0.177734375 0.06510416666666667
0 0.8388671875 0.6842447916666666 0.177734375 0.05078125
4 0.07177734375 0.8072916666666666 0.1435546875 0.1953125
0 0.07177734375 0.8072916666666666 0.1435546875 0.1953125
7 0.12255859375 0.888671875 0.0263671875 0.016927083333333332
2 0.06005859375 0.9485677083333334 0.1201171875 0.053385416666666664
0 0.06005859375 0.9485677083333334 0.1201171875 0.053385416666666664
4 0.30078125 0.8072916666666666 0.28515625 0.1953125
0 0.30078125 0.8072916666666666 0.28515625 0.1953125
7 0.42236328125 0.888671875 0.0263671875 0.016927083333333332
4 0.17626953125 0.9459635416666666 0.0361328125 0.048177083333333336
0 0.17626953125 0.9459635416666666 0.0361328125 0.048177083333333336
2 0.3125 0.9485677083333334 0.21484375 0.053385416666666664
0 0.3125 0.9485677083333334 0.21484375 0.053385416666666664
0 0.2421875 0.9908854166666666 0.07421875 0.018229166666666668
4 0.60009765625 0.8072916666666666 0.2841796875 0.1953125
0 0.60009765625 0.8072916666666666 0.2841796875 0.1953125
7 0.7177734375 0.888671875 0.033203125 0.016927083333333332
4 0.47607421875 0.9459635416666666 0.0361328125 0.048177083333333336
0 0.47607421875 0.9459635416666666 0.0361328125 0.048177083333333336
2 0.61181640625 0.9485677083333334 0.2138671875 0.053385416666666664
0 0.61181640625 0.9485677083333334 0.2138671875 0.053385416666666664
0 0.53173828125 0.9908854166666666 0.0537109375 0.018229166666666668
4 0.5673828125 0.9921875 0.013671875 0.015625
2 0.88134765625 0.8717447916666666 0.1884765625 0.06640625
7 0.875 0.9368489583333334 0.25 0.03515625
7 0.875 0.982421875 0.25 0.03515625