4 0.33740234375 0.05859375 0.2646484375 0.1171875
0 0.34033203125 0.017578125 0.2001953125 0.03515625
4 0.24560546875 0.068359375 0.0107421875 0.014322916666666666
4 0.26513671875 0.068359375 0.0107421875 0.014322916666666666
4 0.28466796875 0.068359375 0.0107421875 0.014322916666666666
2 0.03125 0.20572916666666666 0.0625 0.08333333333333333
2 0.205078125 0.20572916666666666 0.21484375 0.08333333333333333
6 0.14013671875 0.2825520833333333 0.0849609375 0.026041666666666668
2 0.40869140625 0.20572916666666666 0.1220703125 0.08333333333333333
6 0.39013671875 0.2825520833333333 0.0849609375 0.026041666666666668
2 0.57470703125 0.21028645833333334 0.2099609375 0.037760416666666664
0 0.546875 0.283203125 0.154296875 0.055989583333333336
2 0.83837890625 0.177734375 0.3193359375 0.037760416666666664
0 0.8388671875 0.2506510416666667 0.119140625 0.055989583333333336
0 0.044921875 0.3385416666666667 0.08984375 0.0390625
0 0.18701171875 0.3385416666666667 0.1943359375 0.0390625
4 0.07861328125 0.4049479166666667 0.1572265625 0.052083333333333336
0 0.08837890625 0.4075520833333333 0.1767578125 0.057291666666666664
7 0.22998046875 0.4075520833333333 0.0751953125 0.018229166666666668
1 0.39013671875 0.4075520833333333 0.1591796875 0.036458333333333336
0 0.00439453125 0.4986979166666667 0.0087890625 0.041666666666666664
7 0.0107421875 0.4986979166666667 0.021484375 0.03125
0 0.07470703125 0.4986979166666667 0.1494140625 0.041666666666666664
4 0.05126953125 0.4993489583333333 0.0458984375 0.024739583333333332
7 0.10693359375 0.4986979166666667 0.0517578125 0.020833333333333332
7 0.20947265625 0.4986979166666667 0.0458984375 0.03125
0 0.26513671875 0.4986979166666667 0.1904296875 0.041666666666666664
4 0.26220703125 0.4993489583333333 0.0458984375 0.024739583333333332
7 0.31787109375 0.4986979166666667 0.0517578125 0.020833333333333332
7 0.427734375 0.4986979166666667 0.060546875 0.03125
0 0.42529296875 0.4986979166666667 0.0888671875 0.041666666666666664
3 0.23681640625 0.5989583333333334 0.4658203125 0.1171875
2 0.0556640625 0.8157552083333334 0.111328125 0.048177083333333336
2 0.177734375 0.8157552083333334 0.134765625 0.048177083333333336
7 0.1572265625 0.876953125 0.314453125 0.07942708333333333
7 0.42138671875 0.7708333333333334 0.0966796875 0.09114583333333333
7 0.392578125 0.8404947916666666 0.0390625 0.03515625
7 0.4375 0.8404947916666666 0.05078125 0.03515625
7 0.42138671875 0.9837239583333334 0.0966796875 0.022135416666666668
0 0.42138671875 0.984375 0.0966796875 0.0234375
2 0.73486328125 0.4934895833333333 0.5302734375 0.046875
7 0.73486328125 0.57421875 0.5302734375 0.03125
3 0.52197265625 0.6822916666666666 0.1044921875 0.1015625
7 0.73486328125 0.8059895833333334 0.5302734375 0.0625
7 0.73486328125 0.89453125 0.5302734375 0.03125
7 0.73486328125 0.9674479166666666 0.5302734375 0.03125
7 0.73486328125 0.9915364583333334 0.5302734375 0.016927083333333332