7 0.06591796875 0.024088541666666668 0.1123046875 0.02734375
0 0.0771484375 0.024088541666666668 0.134765625 0.045572916666666664
4 0.13525390625 0.025390625 0.0185546875 0.024739583333333332
4 0.12451171875 0.23046875 0.2294921875 0.3255208333333333
6 0.25048828125 0.19075520833333334 0.0224609375 0.016927083333333332
4 0.11962890625 0.62109375 0.2392578125 0.2630208333333333
7 0.1328125 0.587890625 0.212890625 0.10286458333333333
4 0.1533203125 0.90234375 0.119140625 0.10416666666666667
7 0.15380859375 0.9811197916666666 0.1474609375 0.02734375
4 0.31689453125 0.5794270833333334 0.1552734375 0.1796875
0 0.31689453125 0.59765625 0.1552734375 0.21614583333333334
0 0.31201171875 0.7740885416666666 0.1455078125 0.055989583333333336
0 0.28662109375 0.849609375 0.0439453125 0.029947916666666668
6 0.3271484375 0.849609375 0.0234375 0.029947916666666668
0 0.36572265625 0.849609375 0.0380859375 0.029947916666666668
4 0.56005859375 0.5794270833333334 0.2939453125 0.1796875
0 0.56005859375 0.59765625 0.2939453125 0.21614583333333334
6 0.4765625 0.732421875 0.107421875 0.022135416666666668
0 0.56005859375 0.7740885416666666 0.2744140625 0.055989583333333336
7 0.46484375 0.8489583333333334 0.083984375 0.028645833333333332
0 0.59912109375 0.849609375 0.0439453125 0.029947916666666668
6 0.6396484375 0.849609375 0.0234375 0.029947916666666668
0 0.67822265625 0.849609375 0.0380859375 0.029947916666666668
4 0.86279296875 0.59375 0.2744140625 0.20833333333333334
0 0.86279296875 0.59765625 0.2744140625 0.21614583333333334
6 0.8017578125 0.732421875 0.1328125 0.022135416666666668
0 0.86767578125 0.7740885416666666 0.2646484375 0.055989583333333336
7 0.77734375 0.8489583333333334 0.083984375 0.028645833333333332
0 0.91162109375 0.849609375 0.0439453125 0.029947916666666668
6 0.9521484375 0.849609375 0.0234375 0.029947916666666668
0 0.98583984375 0.849609375 0.0283203125 0.029947916666666668
2 0.28857421875 0.9661458333333334 0.0986328125 0.046875
6 0.98974609375 0.9661458333333334 0.0205078125 0.020833333333333332