2 0.109375 0.10481770833333333 0.21875 0.055989583333333336
7 0.40087890625 0.11197916666666667 0.1376953125 0.0234375
0 0.40087890625 0.11197916666666667 0.1376953125 0.0234375
4 0.1484375 0.2584635416666667 0.09765625 0.12109375
0 0.275390625 0.24609375 0.388671875 0.14583333333333334
2 0.34228515625 0.21484375 0.2548828125 0.033854166666666664
6 0.34228515625 0.2662760416666667 0.2548828125 0.053385416666666664
3 0.73486328125 0.052734375 0.5302734375 0.10546875
0 0.73486328125 0.2265625 0.5302734375 0.026041666666666668
7 0.50341796875 0.29296875 0.0673828125 0.020833333333333332
4 0.76025390625 0.15950520833333334 0.4794921875 0.3190104166666667
0 0.76025390625 0.15950520833333334 0.4794921875 0.3190104166666667
7 0.03369140625 0.451171875 0.0673828125 0.022135416666666668
0 0.03955078125 0.451171875 0.0791015625 0.053385416666666664
7 0.14599609375 0.451171875 0.1123046875 0.022135416666666668
0 0.146484375 0.451171875 0.13671875 0.053385416666666664
7 0.24853515625 0.451171875 0.0458984375 0.022135416666666668
0 0.248046875 0.451171875 0.068359375 0.053385416666666664
7 0.30908203125 0.451171875 0.0322265625 0.022135416666666668
0 0.30908203125 0.451171875 0.0556640625 0.053385416666666664
7 0.3798828125 0.451171875 0.064453125 0.022135416666666668
0 0.38037109375 0.451171875 0.0888671875 0.053385416666666664
7 0.45263671875 0.451171875 0.0341796875 0.022135416666666668
0 0.44677734375 0.451171875 0.0458984375 0.053385416666666664
2 0.23486328125 0.5260416666666666 0.4697265625 0.046875
2 0.04248046875 0.6653645833333334 0.0849609375 0.0859375
4 0.19970703125 0.7057291666666666 0.1279296875 0.16927083333333334
2 0.3427734375 0.6653645833333334 0.140625 0.0859375
4 0.451171875 0.7057291666666666 0.037109375 0.16927083333333334
2 0.05810546875 0.908203125 0.1162109375 0.14713541666666666
4 0.19970703125 0.9166666666666666 0.1279296875 0.16666666666666666
2 0.333984375 0.8782552083333334 0.123046875 0.08723958333333333
4 0.451171875 0.9166666666666666 0.037109375 0.16666666666666666
0 0.52099609375 0.328125 0.1025390625 0.018229166666666668
0 0.6240234375 0.328125 0.044921875 0.018229166666666668
0 0.71044921875 0.328125 0.0693359375 0.018229166666666668
0 0.7900390625 0.328125 0.03125 0.018229166666666668
0 0.587890625 0.33203125 0.236328125 0.026041666666666668
7 0.48681640625 0.328125 0.0126953125 0.018229166666666668
7 0.50927734375 0.328125 0.0322265625 0.018229166666666668
7 0.52734375 0.328125 0.00390625 0.018229166666666668
7 0.54052734375 0.328125 0.0224609375 0.018229166666666668
7 0.6005859375 0.328125 0.0625 0.018229166666666668
7 0.65576171875 0.328125 0.0380859375 0.018229166666666668
4 0.689453125 0.3294270833333333 0.01953125 0.020833333333333332
2 0.5556640625 0.3678385416666667 0.05078125 0.022135416666666668
2 0.55810546875 0.3951822916666667 0.0556640625 0.022135416666666668
2 0.54931640625 0.4153645833333333 0.0380859375 0.018229166666666668
2 0.572265625 0.4153645833333333 0.005859375 0.018229166666666668
2 0.5947265625 0.4153645833333333 0.041015625 0.018229166666666668
2 0.61669921875 0.4153645833333333 0.0048828125 0.018229166666666668
2 0.744140625 0.3678385416666667 0.083984375 0.022135416666666668
2 0.72998046875 0.3951822916666667 0.0556640625 0.022135416666666668
2 0.7177734375 0.4153645833333333 0.03125 0.018229166666666668
2 0.7373046875 0.4153645833333333 0.005859375 0.018229166666666668
2 0.759765625 0.4153645833333333 0.041015625 0.018229166666666668
2 0.78173828125 0.4153645833333333 0.0048828125 0.018229166666666668
2 0.9033203125 0.3678385416666667 0.05859375 0.022135416666666668
2 0.8916015625 0.3951822916666667 0.03515625 0.022135416666666668
2 0.88916015625 0.4153645833333333 0.0302734375 0.018229166666666668
2 0.90869140625 0.4153645833333333 0.0048828125 0.018229166666666668
2 0.93115234375 0.4153645833333333 0.0400390625 0.018229166666666668
2 0.953125 0.4153645833333333 0.00390625 0.018229166666666668
4 0.52978515625 0.5989583333333334 0.1201171875 0.3020833333333333
2 0.517578125 0.6165364583333334 0.095703125 0.06640625
0 0.517578125 0.6666666666666666 0.095703125 0.16666666666666666
6 0.517578125 0.6712239583333334 0.095703125 0.045572916666666664
6 0.517578125 0.7213541666666666 0.095703125 0.057291666666666664
4 0.64306640625 0.494140625 0.0693359375 0.09244791666666667
0 0.71240234375 0.494140625 0.2080078125 0.09244791666666667
2 0.75244140625 0.4850260416666667 0.1279296875 0.06380208333333333
6 0.71240234375 0.529296875 0.2080078125 0.01953125
4 0.64306640625 0.599609375 0.0693359375 0.09244791666666667
0 0.71240234375 0.5989583333333334 0.2080078125 0.09114583333333333
2 0.75244140625 0.5904947916666666 0.1279296875 0.06380208333333333
6 0.71240234375 0.634765625 0.2080078125 0.01953125
4 0.64306640625 0.705078125 0.0693359375 0.09244791666666667
0 0.71240234375 0.7044270833333334 0.2080078125 0.09114583333333333
2 0.75244140625 0.6959635416666666 0.1279296875 0.06380208333333333
6 0.71240234375 0.740234375 0.2080078125 0.01953125
4 0.58544921875 0.8307291666666666 0.1474609375 0.11197916666666667
4 0.58544921875 0.8352864583333334 0.0595703125 0.07942708333333333
0 0.58056640625 0.8873697916666666 0.1572265625 0.22526041666666666
2 0.58544921875 0.931640625 0.1474609375 0.06380208333333333
6 0.58544921875 0.9791666666666666 0.1474609375 0.033854166666666664
4 0.74267578125 0.8307291666666666 0.1474609375 0.11197916666666667
4 0.74267578125 0.8352864583333334 0.0595703125 0.07942708333333333
0 0.73779296875 0.8873697916666666 0.1572265625 0.22526041666666666
7 0.78955078125 0.8678385416666666 0.0439453125 0.02734375
2 0.74267578125 0.931640625 0.1474609375 0.06380208333333333
6 0.74267578125 0.9791666666666666 0.1474609375 0.033854166666666664
1 0.927734375 0.4694010416666667 0.14453125 0.04296875
7 0.95849609375 0.5455729166666666 0.0830078125 0.020833333333333332
0 0.927734375 0.5462239583333334 0.14453125 0.061197916666666664
7 0.927734375 0.6106770833333334 0.14453125 0.0234375
7 0.91650390625 0.6412760416666666 0.1220703125 0.024739583333333332
0 0.92626953125 0.6419270833333334 0.1416015625 0.026041666666666668
4 0.9873046875 0.6438802083333334 0.015625 0.022135416666666668
7 0.97509765625 0.6985677083333334 0.0498046875 0.022135416666666668
7 0.90283203125 0.7819010416666666 0.0947265625 0.024739583333333332
7 0.9404296875 0.845703125 0.119140625 0.022135416666666668
0 0.966796875 0.8912760416666666 0.06640625 0.045572916666666664
7 0.919921875 0.958984375 0.12890625 0.024739583333333332
0 0.927734375 0.9596354166666666 0.14453125 0.026041666666666668
4 0.9931640625 0.9615885416666666 0.013671875 0.022135416666666668
7 0.87353515625 0.9921875 0.0361328125 0.015625
7 0.9765625 0.9921875 0.046875 0.015625