0 0.1484375 0.119140625 0.296875 0.07942708333333333
2 0.20458984375 0.3444010416666667 0.4091796875 0.055989583333333336
4 0.01708984375 0.4986979166666667 0.0341796875 0.12239583333333333
0 0.1943359375 0.486328125 0.388671875 0.14713541666666666
2 0.2109375 0.4544270833333333 0.318359375 0.033854166666666664
6 0.2109375 0.505859375 0.318359375 0.053385416666666664
4 0.70849609375 0.15364583333333334 0.5830078125 0.3072916666666667
1 0.935546875 0.10546875 0.12890625 0.06770833333333333
4 0.9375 0.17903645833333334 0.125 0.029947916666666668
7 0.95654296875 0.23046875 0.0400390625 0.018229166666666668
0 0.931640625 0.23046875 0.13671875 0.0625
4 0.76123046875 0.529296875 0.4775390625 0.061197916666666664
1 0.05224609375 0.7317708333333334 0.1044921875 0.057291666666666664
1 0.05224609375 0.7923177083333334 0.1044921875 0.048177083333333336
0 0.0576171875 0.8385416666666666 0.09375 0.020833333333333332
7 0.44189453125 0.5852864583333334 0.0322265625 0.024739583333333332
0 0.44189453125 0.59375 0.0322265625 0.06770833333333333
7 0.916015625 0.5852864583333334 0.04296875 0.024739583333333332
0 0.916015625 0.59375 0.04296875 0.06770833333333333
0 0.984375 0.5859375 0.03125 0.041666666666666664
7 0.70458984375 0.7936197916666666 0.5908203125 0.09505208333333333
7 0.70458984375 0.8743489583333334 0.5908203125 0.06901041666666667
4 0.85595703125 0.9485677083333334 0.2119140625 0.06380208333333333
4 0.509765625 0.8665364583333334 0.201171875 0.06380208333333333
4 0.65087890625 0.9485677083333334 0.2119140625 0.06380208333333333
4 0.79931640625 0.9869791666666666 0.0322265625 0.026041666666666668
4 0.82177734375 0.9921875 0.2119140625 0.015625
4 0.43994140625 0.943359375 0.0322265625 0.04296875
4 0.77587890625 0.9264322916666666 0.0322265625 0.04296875
4 0.70458984375 0.9270833333333334 0.5908203125 0.14583333333333334