3 0.42529296875 0.0546875 0.6494140625 0.109375
2 0.1279296875 0.267578125 0.16015625 0.048177083333333336
2 0.2744140625 0.267578125 0.134765625 0.048177083333333336
7 0.2294921875 0.3287760416666667 0.36328125 0.07942708333333333
7 0.60546875 0.22265625 0.271484375 0.09114583333333333
7 0.4892578125 0.2923177083333333 0.0390625 0.03515625
7 0.5341796875 0.2923177083333333 0.05078125 0.03515625
7 0.58642578125 0.2923177083333333 0.0576171875 0.03515625
7 0.62646484375 0.2923177083333333 0.0224609375 0.03515625
7 0.64599609375 0.2923177083333333 0.0205078125 0.03515625
7 0.66845703125 0.2923177083333333 0.0263671875 0.03515625
7 0.71435546875 0.2923177083333333 0.0654296875 0.03515625
7 0.5390625 0.4270833333333333 0.138671875 0.005208333333333333
0 0.5966796875 0.4270833333333333 0.25390625 0.005208333333333333
7 0.65966796875 0.4270833333333333 0.1025390625 0.005208333333333333
7 0.736328125 0.37109375 0.02734375 0.1171875
0 0.81103515625 0.012369791666666666 0.1220703125 0.024739583333333332
7 0.875 0.08138020833333333 0.25 0.07421875
4 0.77392578125 0.146484375 0.0380859375 0.05859375
4 0.86083984375 0.146484375 0.0673828125 0.05859375
4 0.95458984375 0.146484375 0.0517578125 0.05859375
2 0.87939453125 0.3489583333333333 0.2412109375 0.036458333333333336
2 0.8857421875 0.4192708333333333 0.203125 0.020833333333333332
4 0.875 0.21484375 0.25 0.4296875
7 0.9423828125 0.158203125 0.115234375 0.31640625
4 0.375 0.71484375 0.75 0.5703125
7 0.87548828125 0.8893229166666666 0.1669921875 0.026041666666666668
4 0.89013671875 0.95703125 0.1474609375 0.0859375