4 0.24462890625 0.3020833333333333 0.4892578125 0.5208333333333334
0 0.8564453125 0.008463541666666666 0.115234375 0.016927083333333332
7 0.50146484375 0.07096354166666667 0.0244140625 0.040364583333333336
0 0.50537109375 0.07161458333333333 0.0322265625 0.0546875
7 0.56982421875 0.07161458333333333 0.0302734375 0.020833333333333332
0 0.5693359375 0.07161458333333333 0.09765625 0.0546875
7 0.66650390625 0.07096354166666667 0.0810546875 0.040364583333333336
0 0.666015625 0.07161458333333333 0.09765625 0.0546875
7 0.76318359375 0.07161458333333333 0.0498046875 0.020833333333333332
0 0.7626953125 0.07161458333333333 0.09765625 0.0546875
7 0.85986328125 0.07096354166666667 0.0810546875 0.040364583333333336
0 0.859375 0.07161458333333333 0.09765625 0.0546875
7 0.95654296875 0.07096354166666667 0.0810546875 0.040364583333333336
0 0.95361328125 0.07161458333333333 0.0927734375 0.0546875
0 0.52099609375 0.458984375 0.0107421875 0.022135416666666668
4 0.5439453125 0.4576822916666667 0.01171875 0.014322916666666666
4 0.5673828125 0.4576822916666667 0.01171875 0.014322916666666666
4 0.5908203125 0.4576822916666667 0.01171875 0.014322916666666666
4 0.6142578125 0.4576822916666667 0.01171875 0.014322916666666666
0 0.63720703125 0.458984375 0.0107421875 0.022135416666666668
4 0.5185546875 0.294921875 0.05859375 0.2825520833333333
0 0.52587890625 0.294921875 0.0732421875 0.2825520833333333
2 0.70703125 0.1796875 0.259765625 0.059895833333333336
6 0.6298828125 0.22135416666666666 0.10546875 0.020833333333333332
7 0.71337890625 0.2916666666666667 0.2724609375 0.08854166666666667
6 0.60009765625 0.3541666666666667 0.0458984375 0.026041666666666668
4 0.947265625 0.18489583333333334 0.10546875 0.0625
0 0.947265625 0.294921875 0.10546875 0.2825520833333333
2 0.572265625 0.5143229166666666 0.166015625 0.033854166666666664
2 0.57177734375 0.5794270833333334 0.1650390625 0.052083333333333336
2 0.78271484375 0.5143229166666666 0.1376953125 0.026041666666666668
4 0.7900390625 0.6080729166666666 0.171875 0.1015625
0 0.7900390625 0.6080729166666666 0.171875 0.1015625
0 0.96533203125 0.2513020833333333 0.0693359375 0.2604166666666667
4 0.10986328125 0.7578125 0.0517578125 0.06770833333333333
0 0.1103515625 0.7786458333333334 0.189453125 0.109375
7 0.10986328125 0.8177083333333334 0.0400390625 0.026041666666666668
4 0.32568359375 0.7578125 0.0517578125 0.06770833333333333
0 0.32568359375 0.7786458333333334 0.1884765625 0.109375
7 0.3251953125 0.8177083333333334 0.052734375 0.026041666666666668
0 0.4677734375 0.7786458333333334 0.04296875 0.109375
4 0.10986328125 0.9036458333333334 0.0517578125 0.06770833333333333
0 0.1103515625 0.9244791666666666 0.189453125 0.109375
7 0.10986328125 0.9635416666666666 0.1083984375 0.026041666666666668
4 0.32568359375 0.9036458333333334 0.0517578125 0.06770833333333333
0 0.32568359375 0.9244791666666666 0.1884765625 0.109375
7 0.32568359375 0.9635416666666666 0.0341796875 0.026041666666666668
0 0.4677734375 0.9244791666666666 0.04296875 0.109375
2 0.72021484375 0.7473958333333334 0.4619140625 0.09375
7 0.7177734375 0.8404947916666666 0.45703125 0.032552083333333336
7 0.6669921875 0.8795572916666666 0.171875 0.032552083333333336
7 0.61083984375 0.9459635416666666 0.2431640625 0.032552083333333336
6 0.76513671875 0.9459635416666666 0.0654296875 0.032552083333333336
7 0.80419921875 0.9459635416666666 0.0126953125 0.032552083333333336
6 0.83544921875 0.9459635416666666 0.0498046875 0.032552083333333336
7 0.86669921875 0.9459635416666666 0.0126953125 0.032552083333333336
6 0.912109375 0.9459635416666666 0.078125 0.032552083333333336