4 0.27197265625 0.013671875 0.0126953125 0.016927083333333332
0 0.31884765625 0.018880208333333332 0.1455078125 0.037760416666666664
7 0.32861328125 0.014322916666666666 0.0869140625 0.018229166666666668
4 0.42529296875 0.013671875 0.0126953125 0.016927083333333332
0 0.44775390625 0.017578125 0.0634765625 0.03515625
7 0.45751953125 0.014322916666666666 0.0439453125 0.018229166666666668
4 0.13427734375 0.3489583333333333 0.2685546875 0.4817708333333333
7 0.388671875 0.12174479166666667 0.181640625 0.02734375
2 0.388671875 0.24348958333333334 0.181640625 0.20833333333333334
0 0.349609375 0.3697916666666667 0.103515625 0.0234375
0 0.44482421875 0.3697916666666667 0.0693359375 0.0234375
7 0.388671875 0.4166666666666667 0.181640625 0.052083333333333336
4 0.31005859375 0.4713541666666667 0.0244140625 0.03125
4 0.34326171875 0.4713541666666667 0.0244140625 0.03125
4 0.37646484375 0.4713541666666667 0.0244140625 0.03125
4 0.40966796875 0.4713541666666667 0.0244140625 0.03125
4 0.5859375 0.039713541666666664 0.212890625 0.07942708333333333
1 0.63330078125 0.09700520833333333 0.3076171875 0.03515625
5 0.7265625 0.12565104166666666 0.123046875 0.014322916666666666
1 0.5703125 0.14713541666666666 0.09765625 0.028645833333333332
7 0.52099609375 0.18359375 0.0556640625 0.018229166666666668
7 0.58203125 0.18359375 0.068359375 0.018229166666666668
7 0.630859375 0.18359375 0.03125 0.018229166666666668
7 0.52978515625 0.203125 0.1005859375 0.018229166666666668
7 0.615234375 0.203125 0.07421875 0.018229166666666668
7 0.666015625 0.203125 0.029296875 0.018229166666666668
2 0.318359375 0.6165364583333334 0.177734375 0.053385416666666664
2 0.23974609375 0.6712239583333334 0.4794921875 0.032552083333333336
0 0.42431640625 0.7415364583333334 0.1103515625 0.05859375
7 0.69580078125 0.599609375 0.4326171875 0.01953125
2 0.65283203125 0.630859375 0.3466796875 0.055989583333333336
7 0.69580078125 0.701171875 0.4326171875 0.048177083333333336
2 0.666015625 0.8938802083333334 0.373046875 0.04296875
2 0.66259765625 0.9908854166666666 0.3662109375 0.018229166666666668