7 0.22607421875 0.00390625 0.4521484375 0.0078125
2 0.05615234375 0.3079427083333333 0.1123046875 0.16536458333333334
2 0.4072265625 0.15950520833333334 0.330078125 0.048177083333333336
1 0.4072265625 0.2565104166666667 0.330078125 0.0625
1 0.4072265625 0.33984375 0.330078125 0.0625
1 0.4072265625 0.4231770833333333 0.330078125 0.0625
7 0.783203125 0.039713541666666664 0.34765625 0.032552083333333336
7 0.783203125 0.0859375 0.34765625 0.026041666666666668
2 0.21240234375 0.51171875 0.3896484375 0.10416666666666667
7 0.21240234375 0.6263020833333334 0.3896484375 0.08854166666666667
7 0.0966796875 0.6868489583333334 0.158203125 0.02734375
7 0.1884765625 0.7571614583333334 0.341796875 0.061197916666666664
2 0.3134765625 0.9713541666666666 0.591796875 0.046875
7 0.70361328125 0.53515625 0.1884765625 0.09114583333333333
4 0.759765625 0.91796875 0.23046875 0.1640625
4 0.9443359375 0.8658854166666666 0.111328125 0.2682291666666667
4 0.8046875 0.9485677083333334 0.390625 0.10286458333333333