2 0.14208984375 0.061848958333333336 0.2841796875 0.12369791666666667
7 0.14208984375 0.23763020833333334 0.2841796875 0.18880208333333334
1 0.45703125 0.07291666666666667 0.0859375 0.0625
1 0.45703125 0.15625 0.0859375 0.0625
0 0.45703125 0.23958333333333334 0.0859375 0.0625
7 0.45703125 0.30859375 0.0859375 0.033854166666666664
7 0.48193359375 0.37890625 0.0361328125 0.020833333333333332
0 0.45703125 0.3776041666666667 0.0859375 0.0625
7 0.47265625 0.4615885416666667 0.0546875 0.01953125
7 0.25 0.5123697916666666 0.5 0.053385416666666664
7 0.21337890625 0.5266927083333334 0.4267578125 0.024739583333333332
6 0.548828125 0.01171875 0.07421875 0.0234375
6 0.65380859375 0.01171875 0.0888671875 0.0234375
6 0.77294921875 0.01171875 0.1025390625 0.0234375
6 0.88720703125 0.01171875 0.0791015625 0.0234375
7 0.75 0.265625 0.5 0.4296875
4 0.60498046875 0.4733072916666667 0.0146484375 0.01953125
4 0.61962890625 0.4733072916666667 0.0146484375 0.01953125
4 0.63427734375 0.4733072916666667 0.0146484375 0.01953125
4 0.64892578125 0.4733072916666667 0.0146484375 0.01953125
4 0.66357421875 0.4733072916666667 0.0146484375 0.01953125
4 0.67822265625 0.4733072916666667 0.0146484375 0.01953125
2 0.25 0.7174479166666666 0.5 0.06510416666666667
2 0.25 0.7825520833333334 0.5 0.06510416666666667
2 0.25 0.84765625 0.5 0.06510416666666667
7 0.08251953125 0.916015625 0.1650390625 0.032552083333333336
7 0.0166015625 0.9485677083333334 0.033203125 0.032552083333333336
4 0.3759765625 0.84765625 0.248046875 0.3046875
7 0.75 0.7799479166666666 0.5 0.4401041666666667
7 0.63623046875 0.5677083333333334 0.0927734375 0.015625
6 0.705078125 0.5657552083333334 0.03125 0.01171875
6 0.74072265625 0.5657552083333334 0.0283203125 0.01171875
6 0.77685546875 0.5657552083333334 0.0302734375 0.01171875
6 0.8173828125 0.5657552083333334 0.037109375 0.01171875
6 0.85595703125 0.5657552083333334 0.0244140625 0.01171875
6 0.88720703125 0.5657552083333334 0.0244140625 0.01171875
6 0.91943359375 0.5657552083333334 0.0283203125 0.01171875
6 0.95654296875 0.5657552083333334 0.0302734375 0.01171875
6 0.61181640625 0.62109375 0.0283203125 0.020833333333333332
6 0.66259765625 0.62109375 0.0595703125 0.020833333333333332
0 0.52685546875 0.650390625 0.0224609375 0.029947916666666668
0 0.56201171875 0.650390625 0.0224609375 0.029947916666666668
0 0.59619140625 0.650390625 0.0224609375 0.029947916666666668
0 0.63037109375 0.650390625 0.0224609375 0.029947916666666668
0 0.66455078125 0.650390625 0.0224609375 0.029947916666666668
0 0.69873046875 0.650390625 0.0224609375 0.029947916666666668
0 0.73388671875 0.650390625 0.0224609375 0.029947916666666668
0 0.76806640625 0.650390625 0.0224609375 0.029947916666666668
0 0.80224609375 0.650390625 0.0224609375 0.029947916666666668
0 0.83642578125 0.650390625 0.0224609375 0.029947916666666668
0 0.87060546875 0.650390625 0.0224609375 0.029947916666666668
0 0.9052734375 0.650390625 0.021484375 0.029947916666666668
0 0.93994140625 0.650390625 0.0224609375 0.029947916666666668
0 0.97412109375 0.650390625 0.0224609375 0.029947916666666668
4 0.56103515625 0.9055989583333334 0.1220703125 0.18880208333333334
4 0.78515625 0.9055989583333334 0.27734375 0.18880208333333334
0 0.78515625 0.9049479166666666 0.279296875 0.19010416666666666