4 0.28466796875 0.15494791666666666 0.5693359375 0.3098958333333333
7 0.51123046875 0.034505208333333336 0.1162109375 0.06901041666666667
7 0.51123046875 0.09244791666666667 0.1162109375 0.046875
7 0.51123046875 0.19401041666666666 0.1162109375 0.078125
0 0.51123046875 0.197265625 0.1162109375 0.01953125
6 0.7021484375 0.24869791666666666 0.185546875 0.020833333333333332
0 0.7021484375 0.26171875 0.21484375 0.09635416666666667
4 0.625 0.2936197916666667 0.03125 0.032552083333333336
7 0.7197265625 0.2936197916666667 0.1328125 0.032552083333333336
6 0.9130859375 0.24869791666666666 0.173828125 0.020833333333333332
0 0.90576171875 0.26171875 0.1884765625 0.09635416666666667
4 0.841796875 0.2936197916666667 0.03125 0.032552083333333336
7 0.93505859375 0.2936197916666667 0.1298828125 0.032552083333333336
2 0.28466796875 0.36328125 0.5693359375 0.059895833333333336
7 0.28466796875 0.4166666666666667 0.5693359375 0.0234375
4 0.18701171875 0.5481770833333334 0.3740234375 0.14583333333333334
0 0.18896484375 0.546875 0.3779296875 0.0234375
4 0.4736328125 0.5481770833333334 0.19140625 0.14583333333333334
0 0.4736328125 0.546875 0.19140625 0.0234375
4 0.18701171875 0.6940104166666666 0.3740234375 0.14583333333333334
0 0.18896484375 0.6927083333333334 0.3779296875 0.0234375
4 0.4736328125 0.6940104166666666 0.19140625 0.14583333333333334
0 0.4736328125 0.6927083333333334 0.19140625 0.0234375
4 0.18701171875 0.83984375 0.3740234375 0.14583333333333334
0 0.18896484375 0.8385416666666666 0.3779296875 0.0234375
4 0.4736328125 0.83984375 0.19140625 0.14583333333333334
0 0.4736328125 0.8385416666666666 0.19140625 0.0234375
4 0.18701171875 0.9563802083333334 0.3740234375 0.08723958333333333
0 0.18896484375 0.984375 0.3779296875 0.0234375
4 0.4736328125 0.9563802083333334 0.19140625 0.08723958333333333
0 0.4736328125 0.984375 0.19140625 0.0234375
2 0.86181640625 0.5494791666666666 0.2763671875 0.13802083333333334
2 0.8837890625 0.6966145833333334 0.232421875 0.13802083333333334
2 0.79833984375 0.8177083333333334 0.4033203125 0.044270833333333336
7 0.9560546875 0.9635416666666666 0.087890625 0.033854166666666664
0 0.94775390625 0.9641927083333334 0.1044921875 0.06380208333333333