2 0.259765625 0.02734375 0.51953125 0.0546875
7 0.26953125 0.1171875 0.5 0.09375
7 0.224609375 0.22981770833333334 0.244140625 0.05859375
7 0.45263671875 0.23111979166666666 0.1337890625 0.05859375
0 0.45263671875 0.23111979166666666 0.1337890625 0.05859375
4 0.4150390625 0.3515625 0.037109375 0.049479166666666664
4 0.1025390625 0.484375 0.037109375 0.049479166666666664
4 0.0732421875 0.2864583333333333 0.037109375 0.049479166666666664
4 0.0341796875 0.3776041666666667 0.037109375 0.049479166666666664
4 0.4833984375 0.4947916666666667 0.037109375 0.049479166666666664
4 0.259765625 0.4036458333333333 0.51953125 0.049479166666666664
4 0.48193359375 0.3470052083333333 0.0751953125 0.10546875
4 0.1767578125 0.4322916666666667 0.087890625 0.1171875
4 0.30126953125 0.5533854166666666 0.4365234375 0.171875
4 0.9267578125 0.029947916666666668 0.029296875 0.0390625
4 0.9658203125 0.029947916666666668 0.029296875 0.0390625
7 0.56787109375 0.111328125 0.0966796875 0.032552083333333336
7 0.65576171875 0.111328125 0.0791015625 0.032552083333333336
7 0.75537109375 0.111328125 0.1201171875 0.032552083333333336
7 0.86767578125 0.111328125 0.1044921875 0.032552083333333336
4 0.759765625 0.13932291666666666 0.48046875 0.0078125
7 0.74267578125 0.3072916666666667 0.4462890625 0.328125
2 0.689453125 0.5735677083333334 0.33984375 0.13151041666666666
2 0.73095703125 0.6061197916666666 0.4228515625 0.061197916666666664
0 0.8876953125 0.5325520833333334 0.083984375 0.044270833333333336
2 0.234375 0.8268229166666666 0.46875 0.2734375
4 0.451171875 0.84375 0.13671875 0.3125
2 0.759765625 0.7154947916666666 0.48046875 0.029947916666666668
2 0.74658203125 0.7630208333333334 0.2822265625 0.0234375
2 0.9140625 0.765625 0.0546875 0.020833333333333332
0 0.77392578125 0.7630208333333334 0.3369140625 0.0234375
7 0.546875 0.953125 0.0546875 0.0234375
7 0.78662109375 0.953125 0.4267578125 0.0234375