7 0.11572265625 0.08333333333333333 0.2314453125 0.09375
7 0.07421875 0.197265625 0.1484375 0.05859375
0 0.07421875 0.197265625 0.1484375 0.05859375
4 0.080078125 0.3828125 0.037109375 0.049479166666666664
4 0.32421875 0.5130208333333334 0.037109375 0.049479166666666664
4 0.2265625 0.2526041666666667 0.037109375 0.049479166666666664
4 0.01025390625 0.4609375 0.0205078125 0.049479166666666664
4 0.1748046875 0.3697916666666667 0.349609375 0.049479166666666664
4 0.0205078125 0.3131510416666667 0.041015625 0.10546875
4 0.173828125 0.4830729166666667 0.08984375 0.125
0 0.3701171875 0.22916666666666666 0.0234375 0.03125
4 0.421875 0.22916666666666666 0.14453125 0.4036458333333333
7 0.35888671875 0.22916666666666666 0.0185546875 0.4036458333333333
7 0.68359375 0.22916666666666666 0.6328125 0.4036458333333333
2 0.6748046875 0.5221354166666666 0.650390625 0.057291666666666664
4 0.1748046875 0.7799479166666666 0.349609375 0.4401041666666667
4 0.1748046875 0.7779947916666666 0.349609375 0.4361979166666667
4 0.13720703125 0.9596354166666666 0.0908203125 0.08072916666666667
2 0.1494140625 0.7545572916666666 0.298828125 0.23567708333333334
4 0.1748046875 0.7799479166666666 0.349609375 0.4401041666666667
7 0.6416015625 0.6868489583333334 0.18359375 0.053385416666666664
7 0.87158203125 0.6861979166666666 0.2119140625 0.026041666666666668
3 0.6748046875 0.9049479166666666 0.650390625 0.1171875