2 0.20068359375 0.052083333333333336 0.4013671875 0.057291666666666664
7 0.171875 0.14322916666666666 0.34375 0.09375
7 0.138671875 0.2571614583333333 0.244140625 0.05859375
0 0.138671875 0.2571614583333333 0.244140625 0.05859375
4 0.0458984375 0.3776041666666667 0.037109375 0.049479166666666664
4 0.1923828125 0.4427083333333333 0.037109375 0.049479166666666664
4 0.3388671875 0.3125 0.037109375 0.049479166666666664
4 0.23974609375 0.4296875 0.4794921875 0.049479166666666664
4 0.1142578125 0.3743489583333333 0.078125 0.10546875
2 0.52685546875 0.22005208333333334 0.0947265625 0.10416666666666667
7 0.52685546875 0.32421875 0.0947265625 0.041666666666666664
3 0.73974609375 0.234375 0.5205078125 0.46875
2 0.23974609375 0.6028645833333334 0.4794921875 0.07291666666666667
6 0.30908203125 0.7122395833333334 0.2705078125 0.03125
6 0.32080078125 0.7643229166666666 0.2939453125 0.03125
7 0.1416015625 0.92578125 0.283203125 0.041666666666666664
7 0.73974609375 0.490234375 0.5205078125 0.02734375
7 0.73974609375 0.5305989583333334 0.5205078125 0.02734375
3 0.58544921875 0.6471354166666666 0.2119140625 0.1015625
7 0.65576171875 0.7630208333333334 0.3525390625 0.028645833333333332
6 0.89501953125 0.7630208333333334 0.1259765625 0.028645833333333332
7 0.9599609375 0.7630208333333334 0.00390625 0.028645833333333332
7 0.572265625 0.8424479166666666 0.185546875 0.028645833333333332
6 0.7626953125 0.8424479166666666 0.1953125 0.028645833333333332
7 0.8623046875 0.8424479166666666 0.00390625 0.028645833333333332