7 0.0927734375 0.005208333333333333 0.046875 0.010416666666666666
0 0.0927734375 0.020182291666666668 0.15625 0.040364583333333336
7 0.0927734375 0.01953125 0.14453125 0.013020833333333334
7 0.2626953125 0.005208333333333333 0.072265625 0.010416666666666666
0 0.2626953125 0.020182291666666668 0.15625 0.040364583333333336
7 0.2626953125 0.01953125 0.14453125 0.013020833333333334
7 0.4326171875 0.005208333333333333 0.060546875 0.010416666666666666
0 0.4326171875 0.020182291666666668 0.15625 0.040364583333333336
7 0.4326171875 0.01953125 0.14453125 0.013020833333333334
7 0.0927734375 0.08333333333333333 0.056640625 0.028645833333333332
0 0.0927734375 0.09049479166666667 0.15625 0.07421875
7 0.0927734375 0.10677083333333333 0.14453125 0.013020833333333334
7 0.2626953125 0.08333333333333333 0.080078125 0.028645833333333332
0 0.2626953125 0.09049479166666667 0.15625 0.07421875
7 0.2626953125 0.10677083333333333 0.14453125 0.013020833333333334
7 0.4326171875 0.08333333333333333 0.052734375 0.028645833333333332
0 0.4326171875 0.09049479166666667 0.15625 0.07421875
7 0.4326171875 0.10677083333333333 0.14453125 0.013020833333333334
7 0.0927734375 0.17057291666666666 0.06640625 0.028645833333333332
0 0.0927734375 0.177734375 0.15625 0.07421875
7 0.0927734375 0.19401041666666666 0.14453125 0.013020833333333334
7 0.06787109375 0.032552083333333336 0.0556640625 0.028645833333333332
0 0.078125 0.033203125 0.09765625 0.037760416666666664
7 0.107421875 0.033854166666666664 0.0234375 0.0234375
7 0.22607421875 0.032552083333333336 0.1650390625 0.028645833333333332
0 0.236328125 0.033203125 0.20703125 0.037760416666666664
7 0.3203125 0.033854166666666664 0.0234375 0.0234375
7 0.4228515625 0.032552083333333336 0.1328125 0.028645833333333332
0 0.43310546875 0.033203125 0.1748046875 0.037760416666666664
7 0.5009765625 0.033854166666666664 0.0234375 0.0234375
7 0.55322265625 0.032552083333333336 0.0322265625 0.028645833333333332
0 0.5478515625 0.033203125 0.04296875 0.037760416666666664
7 0.06396484375 0.08072916666666667 0.0478515625 0.028645833333333332
0 0.07421875 0.08138020833333333 0.08984375 0.037760416666666664
7 0.099609375 0.08203125 0.0234375 0.0234375
7 0.171875 0.08072916666666667 0.072265625 0.028645833333333332
0 0.18212890625 0.08138020833333333 0.1142578125 0.037760416666666664
7 0.2197265625 0.08203125 0.0234375 0.0234375
7 0.3173828125 0.08072916666666667 0.123046875 0.028645833333333332
0 0.32763671875 0.08138020833333333 0.1650390625 0.037760416666666664
7 0.390625 0.08203125 0.0234375 0.0234375
7 0.458984375 0.08072916666666667 0.064453125 0.028645833333333332
0 0.46923828125 0.08138020833333333 0.1064453125 0.037760416666666664
7 0.5029296875 0.08203125 0.0234375 0.0234375
7 0.55419921875 0.08072916666666667 0.0302734375 0.028645833333333332
0 0.548828125 0.08138020833333333 0.041015625 0.037760416666666664
7 0.07666015625 0.12890625 0.0732421875 0.028645833333333332
0 0.0869140625 0.12955729166666666 0.115234375 0.037760416666666664
7 0.125 0.13020833333333334 0.0234375 0.0234375
7 0.18408203125 0.12890625 0.0458984375 0.028645833333333332
0 0.1943359375 0.12955729166666666 0.087890625 0.037760416666666664
7 0.21875 0.13020833333333334 0.0234375 0.0234375
7 0.29931640625 0.12890625 0.0888671875 0.028645833333333332
0 0.3095703125 0.12955729166666666 0.130859375 0.037760416666666664
7 0.35546875 0.13020833333333334 0.0234375 0.0234375
7 0.41943359375 0.12890625 0.0556640625 0.028645833333333332
0 0.4296875 0.12955729166666666 0.09765625 0.037760416666666664
7 0.458984375 0.13020833333333334 0.0234375 0.0234375
7 0.5322265625 0.12890625 0.07421875 0.028645833333333332
0 0.52685546875 0.12955729166666666 0.0849609375 0.037760416666666664
7 0.09423828125 0.17708333333333334 0.1083984375 0.028645833333333332
0 0.1044921875 0.177734375 0.150390625 0.037760416666666664
7 0.16015625 0.17838541666666666 0.0234375 0.0234375
7 0.23193359375 0.17708333333333334 0.0712890625 0.028645833333333332
0 0.2421875 0.177734375 0.11328125 0.037760416666666664
7 0.279296875 0.17838541666666666 0.0234375 0.0234375
7 0.35595703125 0.17708333333333334 0.0810546875 0.028645833333333332
0 0.3662109375 0.177734375 0.123046875 0.037760416666666664
7 0.408203125 0.17838541666666666 0.0234375 0.0234375
7 0.47705078125 0.17708333333333334 0.0654296875 0.028645833333333332
0 0.4873046875 0.177734375 0.107421875 0.037760416666666664
7 0.521484375 0.17838541666666666 0.0234375 0.0234375
7 0.5634765625 0.17708333333333334 0.01171875 0.028645833333333332
0 0.55810546875 0.177734375 0.0224609375 0.037760416666666664
7 0.07421875 0.22526041666666666 0.068359375 0.028645833333333332
0 0.08447265625 0.22591145833333334 0.1103515625 0.037760416666666664
7 0.1201171875 0.2265625 0.0234375 0.0234375
7 0.18896484375 0.22526041666666666 0.0654296875 0.028645833333333332
0 0.19921875 0.22591145833333334 0.107421875 0.037760416666666664
7 0.2333984375 0.2265625 0.0234375 0.0234375
7 0.3017578125 0.22526041666666666 0.064453125 0.028645833333333332
0 0.31201171875 0.22591145833333334 0.1064453125 0.037760416666666664
7 0.345703125 0.2265625 0.0234375 0.0234375
7 0.40576171875 0.22526041666666666 0.0478515625 0.028645833333333332
0 0.416015625 0.22591145833333334 0.08984375 0.037760416666666664
7 0.44140625 0.2265625 0.0234375 0.0234375
7 0.51025390625 0.22526041666666666 0.0654296875 0.028645833333333332
0 0.51806640625 0.22591145833333334 0.1025390625 0.037760416666666664
7 0.5546875 0.2265625 0.0234375 0.0234375
7 0.1318359375 0.2734375 0.18359375 0.028645833333333332
0 0.13818359375 0.2740885416666667 0.2177734375 0.037760416666666664
7 0.2314453125 0.2747395833333333 0.015625 0.0234375
0 0.11474609375 0.009765625 0.1728515625 0.01953125
0 0.27783203125 0.009765625 0.1533203125 0.01953125
0 0.427734375 0.009765625 0.146484375 0.01953125
4 0.078125 0.09440104166666667 0.06640625 0.08984375
0 0.1572265625 0.09375 0.0625 0.0390625
6 0.1611328125 0.126953125 0.0703125 0.024739583333333332
7 0.2021484375 0.126953125 0.01171875 0.024739583333333332
6 0.23486328125 0.126953125 0.0537109375 0.024739583333333332
7 0.265625 0.126953125 0.0078125 0.024739583333333332
6 0.15380859375 0.15559895833333334 0.0556640625 0.024739583333333332
7 0.16015625 0.24348958333333334 0.240234375 0.11979166666666667
0 0.232421875 0.310546875 0.095703125 0.037760416666666664
4 0.29736328125 0.18880208333333334 0.0361328125 0.3072916666666667
3 0.298828125 0.4231770833333333 0.541015625 0.09114583333333333
7 0.16552734375 0.44921875 0.2392578125 0.028645833333333332
7 0.4267578125 0.4518229166666667 0.28515625 0.033854166666666664
5 0.599609375 0.11458333333333333 0.060546875 0.0234375
1 0.599609375 0.17252604166666666 0.060546875 0.045572916666666664
6 0.7734375 0.02734375 0.109375 0.028645833333333332
6 0.89697265625 0.02734375 0.0576171875 0.028645833333333332
6 0.98291015625 0.02734375 0.0341796875 0.028645833333333332
6 0.78564453125 0.13736979166666666 0.1337890625 0.024739583333333332
6 0.7705078125 0.17122395833333334 0.103515625 0.024739583333333332
6 0.92626953125 0.13736979166666666 0.0693359375 0.024739583333333332
6 0.90869140625 0.17122395833333334 0.0341796875 0.024739583333333332
4 0.732421875 0.3509114583333333 0.326171875 0.23567708333333334
2 0.28466796875 0.734375 0.5693359375 0.53125
4 0.28466796875 0.513671875 0.5693359375 0.08984375
4 0.28466796875 0.6028645833333334 0.5693359375 0.13020833333333334
7 0.07666015625 0.5104166666666666 0.1533203125 0.033854166666666664
0 0.125 0.509765625 0.25 0.08203125
7 0.4072265625 0.5104166666666666 0.1328125 0.033854166666666664
0 0.42431640625 0.509765625 0.2900390625 0.08203125
7 0.03564453125 0.6158854166666666 0.0712890625 0.033854166666666664
0 0.125 0.6100260416666666 0.25 0.09244791666666667
7 0.43212890625 0.6158854166666666 0.1904296875 0.033854166666666664
0 0.42431640625 0.6100260416666666 0.2900390625 0.09244791666666667
7 0.02001953125 0.7213541666666666 0.0400390625 0.033854166666666664
0 0.125 0.7154947916666666 0.25 0.09244791666666667
7 0.4169921875 0.7213541666666666 0.166015625 0.033854166666666664
0 0.42431640625 0.7154947916666666 0.2900390625 0.09244791666666667
0 0.125 0.8209635416666666 0.25 0.09244791666666667
7 0.4072265625 0.8268229166666666 0.1328125 0.033854166666666664
0 0.42431640625 0.8209635416666666 0.2900390625 0.09244791666666667
2 0.28466796875 0.9361979166666666 0.5693359375 0.033854166666666664
7 0.11474609375 0.990234375 0.2294921875 0.01953125
7 0.4345703125 0.990234375 0.26953125 0.01953125
4 0.78466796875 0.734375 0.4306640625 0.53125
0 0.78466796875 0.734375 0.4306640625 0.53125
2 0.78466796875 0.7376302083333334 0.4306640625 0.5247395833333334