0 0.03955078125 0.05078125 0.0791015625 0.052083333333333336
0 0.12841796875 0.05078125 0.0732421875 0.052083333333333336
0 0.2177734375 0.05078125 0.080078125 0.052083333333333336
0 0.31396484375 0.05078125 0.0869140625 0.052083333333333336
0 0.408203125 0.05078125 0.076171875 0.052083333333333336
4 0.49560546875 0.046223958333333336 0.0146484375 0.01953125
0 0.49560546875 0.051432291666666664 0.0146484375 0.029947916666666668
0 0.53369140625 0.051432291666666664 0.0458984375 0.029947916666666668
0 0.5869140625 0.05078125 0.044921875 0.0703125
4 0.17529296875 0.2766927083333333 0.3505859375 0.14453125
2 0.2802734375 0.2571614583333333 0.1640625 0.02734375
7 0.43603515625 0.2962239583333333 0.3466796875 0.10546875
3 0.89892578125 0.05859375 0.2021484375 0.1171875
2 0.625 0.18098958333333334 0.03125 0.03125
4 0.73974609375 0.2805989583333333 0.2607421875 0.13671875
0 0.73974609375 0.2805989583333333 0.2607421875 0.13671875
2 0.3046875 0.5559895833333334 0.609375 0.044270833333333336
3 0.0595703125 0.6529947916666666 0.119140625 0.10286458333333333
7 0.3046875 0.7389322916666666 0.609375 0.029947916666666668
7 0.3046875 0.8092447916666666 0.609375 0.029947916666666668
7 0.3046875 0.8795572916666666 0.609375 0.029947916666666668
7 0.3046875 0.908203125 0.609375 0.029947916666666668
7 0.3046875 0.9817708333333334 0.609375 0.036458333333333336
4 0.8232421875 0.384765625 0.0234375 0.032552083333333336
1 0.9169921875 0.3841145833333333 0.166015625 0.059895833333333336
2 0.8203125 0.486328125 0.359375 0.029947916666666668
2 0.96337890625 0.5338541666666666 0.0732421875 0.0234375
0 0.96337890625 0.5338541666666666 0.0732421875 0.0234375
7 0.849609375 0.7239583333333334 0.091796875 0.0234375
7 0.947265625 0.7239583333333334 0.10546875 0.0234375
7 0.8779296875 0.8092447916666666 0.03125 0.01953125
7 0.900390625 0.837890625 0.03125 0.01953125
2 0.7822265625 0.845703125 0.248046875 0.048177083333333336
7 0.7822265625 0.892578125 0.248046875 0.029947916666666668
7 0.7822265625 0.9212239583333334 0.248046875 0.029947916666666668
7 0.77392578125 0.94921875 0.1142578125 0.0234375
4 0.83935546875 0.9498697916666666 0.0166015625 0.022135416666666668