4 0.10400390625 0.061197916666666664 0.2080078125 0.12239583333333333
7 0.27978515625 0.08658854166666667 0.3193359375 0.17317708333333334
2 0.27978515625 0.216796875 0.3193359375 0.03515625
7 0.27978515625 0.251953125 0.3193359375 0.014322916666666666
2 0.609375 0.06510416666666667 0.263671875 0.13020833333333334
1 0.9560546875 0.09375 0.087890625 0.08072916666666667
4 0.9560546875 0.13606770833333334 0.087890625 0.00390625
6 0.80859375 0.23177083333333334 0.3828125 0.028645833333333332
7 0.26025390625 0.2981770833333333 0.3583984375 0.06510416666666667
7 0.12548828125 0.3444010416666667 0.0888671875 0.022135416666666668
6 0.20263671875 0.3444010416666667 0.0693359375 0.022135416666666668
6 0.279296875 0.3444010416666667 0.078125 0.022135416666666668
7 0.37890625 0.3444010416666667 0.12109375 0.022135416666666668
6 0.26025390625 0.3587239583333333 0.3583984375 0.05078125
7 0.25 0.4479166666666667 0.37890625 0.046875
4 0.2568359375 0.748046875 0.365234375 0.50390625
0 0.4619140625 0.26953125 0.044921875 0.020833333333333332
0 0.5380859375 0.2786458333333333 0.068359375 0.0390625
0 0.64599609375 0.2786458333333333 0.1103515625 0.0390625
0 0.77001953125 0.2786458333333333 0.1005859375 0.0390625
4 0.94921875 0.265625 0.017578125 0.013020833333333334
0 0.94921875 0.26953125 0.017578125 0.020833333333333332
4 0.986328125 0.265625 0.017578125 0.013020833333333334
0 0.986328125 0.26953125 0.017578125 0.020833333333333332
2 0.62255859375 0.60546875 0.3662109375 0.2994791666666667
2 0.67041015625 0.5970052083333334 0.4619140625 0.10546875
0 0.498046875 0.7252604166666666 0.1171875 0.059895833333333336
3 0.91845703125 0.5787760416666666 0.1630859375 0.6393229166666666
4 0.5458984375 0.9817708333333334 0.173828125 0.036458333333333336
4 0.8369140625 0.9817708333333334 0.177734375 0.036458333333333336