4 0.25 0.20963541666666666 0.5 0.4192708333333333
2 0.25 0.3763020833333333 0.5 0.0859375
3 0.1728515625 0.20963541666666666 0.3125 0.4192708333333333
7 0.56884765625 0.115234375 0.1376953125 0.045572916666666664
7 0.54541015625 0.1875 0.0908203125 0.026041666666666668
7 0.54345703125 0.2552083333333333 0.0869140625 0.09375
7 0.53173828125 0.2890625 0.0634765625 0.026041666666666668
7 0.5458984375 0.3229166666666667 0.091796875 0.09375
1 0.8310546875 0.07291666666666667 0.259765625 0.07291666666666667
1 0.8310546875 0.16536458333333334 0.259765625 0.07291666666666667
1 0.8310546875 0.2584635416666667 0.259765625 0.07421875
7 0.09326171875 0.626953125 0.1865234375 0.016927083333333332
2 0.09326171875 0.66796875 0.1865234375 0.057291666666666664
4 0.09326171875 0.8287760416666666 0.1865234375 0.24869791666666666
7 0.35302734375 0.626953125 0.2939453125 0.016927083333333332
2 0.35302734375 0.6666666666666666 0.2939453125 0.057291666666666664
4 0.35302734375 0.8287760416666666 0.2939453125 0.24869791666666666
4 0.75 0.6451822916666666 0.5 0.4518229166666667
4 0.75 0.6451822916666666 0.5 0.4518229166666667
2 0.77978515625 0.4407552083333333 0.4404296875 0.04296875
2 0.77978515625 0.5032552083333334 0.4404296875 0.040364583333333336
2 0.79541015625 0.6673177083333334 0.4091796875 0.029947916666666668
1 0.7177734375 0.6009114583333334 0.435546875 0.07942708333333333
5 0.5546875 0.6009114583333334 0.099609375 0.024739583333333332
0 0.96728515625 0.6009114583333334 0.0654296875 0.07942708333333333