7 0.044921875 0.043619791666666664 0.052734375 0.01953125
7 0.078125 0.043619791666666664 0.013671875 0.01953125
0 0.12939453125 0.043619791666666664 0.0888671875 0.01953125
7 0.17919921875 0.043619791666666664 0.0146484375 0.01953125
0 0.23486328125 0.043619791666666664 0.0986328125 0.01953125
7 0.29150390625 0.043619791666666664 0.0146484375 0.01953125
0 0.32177734375 0.043619791666666664 0.0478515625 0.01953125
7 0.35302734375 0.043619791666666664 0.0185546875 0.01953125
0 0.4091796875 0.043619791666666664 0.095703125 0.01953125
7 0.46435546875 0.043619791666666664 0.0146484375 0.01953125
4 0.24462890625 0.064453125 0.4892578125 0.00390625
7 0.03466796875 0.13216145833333334 0.0693359375 0.032552083333333336
7 0.0751953125 0.12239583333333333 0.013671875 0.026041666666666668
7 0.12158203125 0.13216145833333334 0.0810546875 0.032552083333333336
7 0.41015625 0.126953125 0.158203125 0.03515625
4 0.24462890625 0.3157552083333333 0.4892578125 0.22786458333333334
0 0.50048828125 0.030598958333333332 0.0224609375 0.032552083333333336
0 0.57421875 0.030598958333333332 0.083984375 0.032552083333333336
0 0.658203125 0.030598958333333332 0.04296875 0.032552083333333336
0 0.7109375 0.030598958333333332 0.021484375 0.032552083333333336
4 0.75048828125 0.028645833333333332 0.0166015625 0.015625
0 0.75048828125 0.030598958333333332 0.0166015625 0.032552083333333336
4 0.78955078125 0.028645833333333332 0.0205078125 0.015625
0 0.78955078125 0.030598958333333332 0.0205078125 0.032552083333333336
4 0.9638671875 0.028645833333333332 0.015625 0.020833333333333332
2 0.74462890625 0.2565104166666667 0.5107421875 0.3463541666666667
6 0.57763671875 0.18489583333333334 0.0576171875 0.0234375
7 0.642578125 0.18489583333333334 0.05078125 0.0234375
7 0.70068359375 0.18489583333333334 0.0439453125 0.0234375
6 0.814453125 0.18489583333333334 0.06640625 0.0234375
7 0.88720703125 0.18489583333333334 0.0576171875 0.0234375
7 0.94677734375 0.18489583333333334 0.0400390625 0.0234375
4 0.57421875 0.3391927083333333 0.169921875 0.18098958333333334
7 0.8251953125 0.2688802083333333 0.29296875 0.040364583333333336
4 0.11279296875 0.4752604166666667 0.1416015625 0.09114583333333333
0 0.11279296875 0.4752604166666667 0.1416015625 0.09114583333333333
4 0.25390625 0.4752604166666667 0.142578125 0.09114583333333333
0 0.25390625 0.4752604166666667 0.142578125 0.09114583333333333
4 0.3955078125 0.4752604166666667 0.142578125 0.09114583333333333
0 0.3955078125 0.4752604166666667 0.142578125 0.09114583333333333
4 0.11279296875 0.5911458333333334 0.1416015625 0.14322916666666666
0 0.11279296875 0.5911458333333334 0.1416015625 0.14322916666666666
4 0.25390625 0.5911458333333334 0.142578125 0.14322916666666666
0 0.25390625 0.5911458333333334 0.142578125 0.14322916666666666
4 0.3955078125 0.5911458333333334 0.142578125 0.14322916666666666
0 0.3955078125 0.5911458333333334 0.142578125 0.14322916666666666
4 0.11279296875 0.732421875 0.1416015625 0.14192708333333334
0 0.11279296875 0.732421875 0.1416015625 0.14192708333333334
4 0.25390625 0.732421875 0.142578125 0.14192708333333334
0 0.25390625 0.732421875 0.142578125 0.14192708333333334
4 0.3955078125 0.732421875 0.142578125 0.14192708333333334
0 0.3955078125 0.732421875 0.142578125 0.14192708333333334
4 0.11279296875 0.8736979166666666 0.1416015625 0.14322916666666666
0 0.11279296875 0.8736979166666666 0.1416015625 0.14322916666666666
4 0.25390625 0.8736979166666666 0.142578125 0.14322916666666666
0 0.25390625 0.8736979166666666 0.142578125 0.14322916666666666
4 0.3955078125 0.8736979166666666 0.142578125 0.14322916666666666
0 0.3955078125 0.8736979166666666 0.142578125 0.14322916666666666
4 0.11279296875 0.9720052083333334 0.1416015625 0.055989583333333336
0 0.11279296875 0.9720052083333334 0.1416015625 0.055989583333333336
4 0.25390625 0.9720052083333334 0.142578125 0.055989583333333336
0 0.25390625 0.9720052083333334 0.142578125 0.055989583333333336
4 0.3955078125 0.9720052083333334 0.142578125 0.055989583333333336
0 0.3955078125 0.9720052083333334 0.142578125 0.055989583333333336
7 0.74462890625 0.47265625 0.5107421875 0.06510416666666667
0 0.5029296875 0.5377604166666666 0.02734375 0.06510416666666667
0 0.57421875 0.5377604166666666 0.115234375 0.06510416666666667
0 0.69775390625 0.5377604166666666 0.1318359375 0.06510416666666667
0 0.8486328125 0.5377604166666666 0.169921875 0.06510416666666667
4 0.74462890625 0.5377604166666666 0.5107421875 0.06510416666666667
4 0.74462890625 0.78515625 0.5107421875 0.4296875
0 0.74462890625 0.78515625 0.5107421875 0.4296875
7 0.74462890625 0.8704427083333334 0.5107421875 0.06640625
7 0.74462890625 0.9446614583333334 0.5107421875 0.048177083333333336