2 0.1748046875 0.033203125 0.349609375 0.053385416666666664
2 0.1748046875 0.10221354166666667 0.349609375 0.04296875
7 0.27734375 0.20442708333333334 0.14453125 0.03125
0 0.267578125 0.20442708333333334 0.1640625 0.057291666666666664
4 0.1748046875 0.392578125 0.349609375 0.21484375
7 0.52783203125 0.012369791666666666 0.3564453125 0.024739583333333332
7 0.7802734375 0.007161458333333333 0.068359375 0.014322916666666666
0 0.7802734375 0.012369791666666666 0.087890625 0.024739583333333332
0 0.85791015625 0.012369791666666666 0.0693359375 0.024739583333333332
0 0.94580078125 0.012369791666666666 0.1083984375 0.024739583333333332
1 0.57568359375 0.09244791666666667 0.4521484375 0.052083333333333336
0 0.86474609375 0.09244791666666667 0.1181640625 0.06510416666666667
0 0.9775390625 0.091796875 0.044921875 0.06380208333333333
2 0.6748046875 0.4010416666666667 0.650390625 0.19791666666666666
4 0.1748046875 0.5904947916666666 0.349609375 0.18098958333333334
2 0.1572265625 0.765625 0.314453125 0.0390625
0 0.1748046875 0.9518229166666666 0.349609375 0.09635416666666667
2 0.17333984375 0.935546875 0.1904296875 0.037760416666666664
6 0.2138671875 0.9837239583333334 0.271484375 0.032552083333333336
6 0.6669921875 0.51171875 0.634765625 0.0234375
7 0.55517578125 0.513671875 0.4111328125 0.01953125
6 0.77783203125 0.513671875 0.0361328125 0.01953125
7 0.6650390625 0.5286458333333334 0.630859375 0.049479166666666664
6 0.3876953125 0.5436197916666666 0.076171875 0.01953125
7 0.6806640625 0.5436197916666666 0.51171875 0.01953125
7 0.86279296875 0.5813802083333334 0.2744140625 0.029947916666666668
4 0.6748046875 0.599609375 0.650390625 0.19661458333333334
4 0.51806640625 0.5572916666666666 0.0888671875 0.11458333333333333
4 0.93115234375 0.5572916666666666 0.0986328125 0.11458333333333333
2 0.5498046875 0.681640625 0.400390625 0.040364583333333336
2 0.3681640625 0.7161458333333334 0.037109375 0.018229166666666668
6 0.36865234375 0.7545572916666666 0.0380859375 0.02734375
0 0.369140625 0.755859375 0.0390625 0.02734375
6 0.42236328125 0.7545572916666666 0.0615234375 0.02734375
0 0.42236328125 0.755859375 0.0634765625 0.02734375
1 0.4384765625 0.8014322916666666 0.177734375 0.029947916666666668
1 0.58984375 0.7994791666666666 0.111328125 0.026041666666666668
2 0.541015625 0.8723958333333334 0.3828125 0.020833333333333332
7 0.82080078125 0.673828125 0.0439453125 0.01953125
7 0.8994140625 0.68359375 0.201171875 0.0390625
5 0.8291015625 0.734375 0.060546875 0.015625
1 0.92041015625 0.7350260416666666 0.1083984375 0.024739583333333332
5 0.826171875 0.76171875 0.0546875 0.015625
1 0.92041015625 0.7623697916666666 0.1083984375 0.024739583333333332
1 0.8056640625 0.7923177083333334 0.013671875 0.016927083333333332
5 0.89306640625 0.7955729166666666 0.1552734375 0.015625
1 0.82861328125 0.8235677083333334 0.0595703125 0.024739583333333332
6 0.857421875 0.8548177083333334 0.1171875 0.016927083333333332
7 0.9267578125 0.8548177083333334 0.0234375 0.016927083333333332
6 0.96875 0.8548177083333334 0.0625 0.016927083333333332
7 0.8369140625 0.8893229166666666 0.076171875 0.015625
7 0.8994140625 0.9205729166666666 0.201171875 0.078125
6 0.93798828125 0.9518229166666666 0.0654296875 0.015625
7 0.9716796875 0.9518229166666666 0.00390625 0.015625