7 0.12646484375 0.038411458333333336 0.0615234375 0.032552083333333336
0 0.12646484375 0.038411458333333336 0.0771484375 0.048177083333333336
7 0.20654296875 0.038411458333333336 0.0673828125 0.032552083333333336
0 0.21728515625 0.038411458333333336 0.1044921875 0.048177083333333336
7 0.30224609375 0.038411458333333336 0.0498046875 0.032552083333333336
0 0.30224609375 0.038411458333333336 0.0654296875 0.048177083333333336
7 0.38623046875 0.038411458333333336 0.0869140625 0.032552083333333336
0 0.38623046875 0.038411458333333336 0.1025390625 0.048177083333333336
7 0.482421875 0.038411458333333336 0.07421875 0.032552083333333336
0 0.4931640625 0.038411458333333336 0.111328125 0.048177083333333336
7 0.583984375 0.038411458333333336 0.0546875 0.032552083333333336
0 0.5947265625 0.038411458333333336 0.091796875 0.048177083333333336
7 0.7177734375 0.038411458333333336 0.04296875 0.024739583333333332
0 0.71484375 0.038411458333333336 0.0703125 0.048177083333333336
4 0.16650390625 0.13671875 0.0419921875 0.0546875
2 0.40771484375 0.12239583333333333 0.3955078125 0.028645833333333332
2 0.40771484375 0.15104166666666666 0.3955078125 0.028645833333333332
7 0.70263671875 0.13671875 0.0947265625 0.03125
0 0.69287109375 0.13671875 0.1142578125 0.057291666666666664
2 0.375 0.2858072916666667 0.75 0.053385416666666664
2 0.375 0.3548177083333333 0.75 0.04296875
7 0.4697265625 0.45703125 0.16796875 0.03125
0 0.4697265625 0.45703125 0.20703125 0.057291666666666664
0 0.81201171875 0.029296875 0.1240234375 0.05859375
0 0.93701171875 0.029296875 0.1259765625 0.05859375
0 0.78271484375 0.07161458333333333 0.0654296875 0.049479166666666664
0 0.87548828125 0.07161458333333333 0.1201171875 0.049479166666666664
7 0.97509765625 0.072265625 0.0498046875 0.022135416666666668
0 0.9677734375 0.07161458333333333 0.064453125 0.049479166666666664
2 0.875 0.18359375 0.25 0.078125
2 0.875 0.2421875 0.25 0.0390625
7 0.84912109375 0.33984375 0.1982421875 0.036458333333333336
0 0.849609375 0.33984375 0.19921875 0.0390625
7 0.84130859375 0.4498697916666667 0.1826171875 0.024739583333333332
0 0.875 0.48046875 0.25 0.125
2 0.84130859375 0.478515625 0.1826171875 0.032552083333333336
7 0.84130859375 0.5091145833333334 0.1826171875 0.028645833333333332
2 0.375 0.5944010416666666 0.75 0.055989583333333336
1 0.390625 0.6640625 0.65625 0.0625
0 0.7333984375 0.6640625 0.033203125 0.0625
7 0.43896484375 0.7356770833333334 0.0634765625 0.028645833333333332
1 0.43896484375 0.77734375 0.2099609375 0.044270833333333336
1 0.43896484375 0.828125 0.2099609375 0.044270833333333336
1 0.43896484375 0.87890625 0.2099609375 0.044270833333333336
1 0.43896484375 0.9296875 0.2099609375 0.044270833333333336
1 0.43896484375 0.9791666666666666 0.2099609375 0.041666666666666664
7 0.94140625 0.8932291666666666 0.1171875 0.07291666666666667
0 0.94091796875 0.8020833333333334 0.1181640625 0.2578125