4 0.27490234375 0.19661458333333334 0.5498046875 0.3932291666666667
7 0.146484375 0.012369791666666666 0.29296875 0.024739583333333332
7 0.04931640625 0.06770833333333333 0.0654296875 0.026041666666666668
0 0.05859375 0.06770833333333333 0.1171875 0.057291666666666664
2 0.27490234375 0.4498697916666667 0.5498046875 0.055989583333333336
7 0.58447265625 0.08919270833333333 0.0400390625 0.02734375
0 0.59326171875 0.08919270833333333 0.0751953125 0.040364583333333336
4 0.61376953125 0.09049479166666667 0.0166015625 0.022135416666666668
4 0.7255859375 0.08984375 0.16015625 0.052083333333333336
0 0.7255859375 0.08984375 0.16015625 0.052083333333333336
2 0.7470703125 0.23893229166666666 0.3203125 0.11067708333333333
7 0.75341796875 0.3515625 0.3330078125 0.07552083333333333
2 0.77490234375 0.2649739583333333 0.4501953125 0.5299479166666666
2 0.27490234375 0.5364583333333334 0.5498046875 0.013020833333333334
7 0.27490234375 0.568359375 0.5498046875 0.02734375
7 0.27490234375 0.607421875 0.5498046875 0.02734375
6 0.099609375 0.6458333333333334 0.19921875 0.020833333333333332
4 0.97607421875 0.68359375 0.0205078125 0.026041666666666668
4 0.99755859375 0.68359375 0.0048828125 0.026041666666666668
2 0.8037109375 0.755859375 0.392578125 0.06640625
7 0.77490234375 0.8209635416666666 0.4501953125 0.03515625
7 0.77490234375 0.8665364583333334 0.4501953125 0.03515625
7 0.94873046875 0.9407552083333334 0.1025390625 0.032552083333333336
7 0.93017578125 0.982421875 0.0595703125 0.032552083333333336
7 0.9794921875 0.984375 0.041015625 0.0234375