4 0.2197265625 0.23958333333333334 0.439453125 0.4791666666666667
2 0.126953125 0.13346354166666666 0.25390625 0.037760416666666664
7 0.126953125 0.177734375 0.25390625 0.04296875
7 0.021484375 0.2421875 0.04296875 0.026041666666666668
0 0.0390625 0.2421875 0.078125 0.057291666666666664
7 0.55029296875 0.115234375 0.2216796875 0.23046875
4 0.5498046875 0.115234375 0.220703125 0.23046875
0 0.55029296875 0.115234375 0.2216796875 0.23046875
6 0.77099609375 0.0390625 0.1982421875 0.057291666666666664
4 0.68017578125 0.09114583333333333 0.0166015625 0.020833333333333332
0 0.6884765625 0.09114583333333333 0.033203125 0.020833333333333332
7 0.6982421875 0.09114583333333333 0.013671875 0.020833333333333332
4 0.71337890625 0.09114583333333333 0.0107421875 0.013020833333333334
7 0.74169921875 0.09114583333333333 0.0322265625 0.013020833333333334
7 0.78076171875 0.09114583333333333 0.0478515625 0.013020833333333334
4 0.5498046875 0.380859375 0.220703125 0.19661458333333334
0 0.55029296875 0.380859375 0.2216796875 0.19661458333333334
7 0.69384765625 0.2916666666666667 0.0439453125 0.015625
6 0.76318359375 0.359375 0.1826171875 0.08854166666666667
4 0.68017578125 0.4270833333333333 0.0166015625 0.020833333333333332
0 0.69287109375 0.4270833333333333 0.0419921875 0.020833333333333332
7 0.70263671875 0.4270833333333333 0.0224609375 0.020833333333333332
4 0.72216796875 0.4270833333333333 0.0107421875 0.013020833333333334
7 0.75048828125 0.4270833333333333 0.0322265625 0.013020833333333334
7 0.79248046875 0.4270833333333333 0.0537109375 0.013020833333333334
4 0.97412109375 0.039713541666666664 0.0517578125 0.07942708333333333
0 0.97412109375 0.039713541666666664 0.0517578125 0.07942708333333333
7 0.97119140625 0.007161458333333333 0.0302734375 0.014322916666666666
4 0.97412109375 0.17643229166666666 0.0517578125 0.10286458333333333
0 0.97412109375 0.17643229166666666 0.0517578125 0.10286458333333333
7 0.97216796875 0.14908854166666666 0.0322265625 0.02734375
4 0.97412109375 0.3235677083333333 0.0517578125 0.10286458333333333
0 0.97412109375 0.3235677083333333 0.0517578125 0.10286458333333333
7 0.9697265625 0.2962239583333333 0.02734375 0.02734375
2 0.03759765625 0.5071614583333334 0.0751953125 0.022135416666666668
0 0.0654296875 0.5078125 0.130859375 0.057291666666666664
2 0.20068359375 0.5071614583333334 0.0556640625 0.022135416666666668
0 0.2119140625 0.5078125 0.14453125 0.057291666666666664
2 0.35400390625 0.5071614583333334 0.0556640625 0.022135416666666668
0 0.365234375 0.5078125 0.14453125 0.057291666666666664
3 0.2197265625 0.6067708333333334 0.439453125 0.1171875
0 0.04931640625 0.7063802083333334 0.0986328125 0.022135416666666668
7 0.037109375 0.7063802083333334 0.07421875 0.022135416666666668
7 0.0859375 0.7063802083333334 0.025390625 0.022135416666666668
0 0.11669921875 0.7076822916666666 0.0185546875 0.024739583333333332
2 0.232421875 0.7076822916666666 0.150390625 0.022135416666666668
6 0.36767578125 0.7076822916666666 0.0361328125 0.022135416666666668
6 0.4228515625 0.7076822916666666 0.033203125 0.022135416666666668
4 0.2392578125 0.8528645833333334 0.3046875 0.21614583333333334
0 0.2392578125 0.853515625 0.3046875 0.21744791666666666
7 0.21923828125 0.9036458333333334 0.2255859375 0.0703125
7 0.29833984375 0.9251302083333334 0.0380859375 0.01953125
2 0.4296875 0.7845052083333334 0.01953125 0.022135416666666668
7 0.8232421875 0.5651041666666666 0.03125 0.018229166666666668
7 0.8876953125 0.5651041666666666 0.04296875 0.018229166666666668
7 0.97119140625 0.5651041666666666 0.0576171875 0.018229166666666668
7 0.4755859375 0.6744791666666666 0.0078125 0.018229166666666668
7 0.7197265625 0.8307291666666666 0.560546875 0.026041666666666668
7 0.8232421875 0.9661458333333334 0.03125 0.018229166666666668
7 0.8876953125 0.9661458333333334 0.04296875 0.018229166666666668
7 0.97119140625 0.9661458333333334 0.0576171875 0.018229166666666668