7 0.1748046875 0.024088541666666668 0.349609375 0.048177083333333336
6 0.22314453125 0.037109375 0.1357421875 0.022135416666666668
7 0.29296875 0.037109375 0.005859375 0.022135416666666668
4 0.27392578125 0.20572916666666666 0.1513671875 0.13802083333333334
7 0.27978515625 0.32421875 0.0712890625 0.018229166666666668
1 0.29736328125 0.3626302083333333 0.1044921875 0.037760416666666664
7 0.27685546875 0.40625 0.0654296875 0.018229166666666668
1 0.29736328125 0.4446614583333333 0.1044921875 0.037760416666666664
4 0.25244140625 0.4934895833333333 0.0166015625 0.020833333333333332
7 0.30859375 0.494140625 0.08203125 0.01953125
0 0.2841796875 0.55078125 0.080078125 0.020833333333333332
7 0.287109375 0.603515625 0.125 0.032552083333333336
6 0.6181640625 0.026692708333333332 0.333984375 0.053385416666666664
6 0.60791015625 0.11979166666666667 0.3134765625 0.08072916666666667
6 0.61474609375 0.240234375 0.3271484375 0.10807291666666667
7 0.5341796875 0.2805989583333333 0.04296875 0.022135416666666668
6 0.61767578125 0.3470052083333333 0.3330078125 0.053385416666666664
7 0.7451171875 0.3600260416666667 0.04296875 0.022135416666666668
4 0.90576171875 0.033203125 0.1884765625 0.06640625
0 0.90576171875 0.033203125 0.1884765625 0.06640625
6 0.90576171875 0.142578125 0.1884765625 0.11588541666666667
6 0.509765625 0.423828125 0.3203125 0.022135416666666668
6 0.51025390625 0.455078125 0.3212890625 0.022135416666666668
6 0.49951171875 0.486328125 0.2998046875 0.022135416666666668
6 0.5029296875 0.533203125 0.306640625 0.053385416666666664
6 0.5283203125 0.564453125 0.357421875 0.053385416666666664
6 0.52001953125 0.580078125 0.3408203125 0.022135416666666668
6 0.513671875 0.6100260416666666 0.328125 0.01953125
0 0.859375 0.4244791666666667 0.111328125 0.036458333333333336
0 0.8583984375 0.4244791666666667 0.109375 0.036458333333333336
0 0.958984375 0.4244791666666667 0.08203125 0.036458333333333336
0 0.958984375 0.4244791666666667 0.08203125 0.036458333333333336
4 0.548828125 0.5540364583333334 0.30859375 0.13151041666666666
4 0.86083984375 0.5540364583333334 0.2783203125 0.13151041666666666
7 0.419921875 0.61328125 0.140625 0.013020833333333334
6 0.54248046875 0.61328125 0.1083984375 0.013020833333333334
7 0.662109375 0.61328125 0.1328125 0.013020833333333334
0 0.822265625 0.607421875 0.150390625 0.024739583333333332
0 0.0537109375 0.6380208333333334 0.080078125 0.036458333333333336
0 0.130859375 0.6380208333333334 0.076171875 0.036458333333333336
4 0.2685546875 0.6256510416666666 0.03125 0.01171875
4 0.3056640625 0.6256510416666666 0.03125 0.01171875
4 0.33837890625 0.6256510416666666 0.0224609375 0.01171875
4 0.16455078125 0.677734375 0.3291015625 0.040364583333333336
0 0.1748046875 0.677734375 0.349609375 0.040364583333333336
0 0.03515625 0.71875 0.052734375 0.0390625
0 0.0908203125 0.71875 0.05859375 0.0390625
0 0.14111328125 0.71875 0.0419921875 0.0390625
0 0.22119140625 0.71875 0.1181640625 0.0390625
0 0.31494140625 0.71875 0.0693359375 0.0390625
4 0.1748046875 0.8828125 0.349609375 0.234375
0 0.1748046875 0.8828125 0.349609375 0.234375
2 0.6748046875 0.8098958333333334 0.650390625 0.3802083333333333
2 0.68115234375 0.7428385416666666 0.5966796875 0.10286458333333333
2 0.6748046875 0.8860677083333334 0.650390625 0.037760416666666664
0 0.681640625 0.9791666666666666 0.23046875 0.041666666666666664