7 0.17431640625 0.043619791666666664 0.3486328125 0.053385416666666664
6 0.17431640625 0.059244791666666664 0.1357421875 0.022135416666666668
7 0.244140625 0.059244791666666664 0.005859375 0.022135416666666668
4 0.3095703125 0.22786458333333334 0.3203125 0.13802083333333334
2 0.67138671875 0.20052083333333334 0.4033203125 0.21875
4 0.23486328125 0.3450520833333333 0.4697265625 0.0703125
4 0.23486328125 0.4876302083333333 0.4697265625 0.18880208333333334
0 0.23486328125 0.4876302083333333 0.4697265625 0.19140625
4 0.23486328125 0.7779947916666666 0.4697265625 0.3658854166666667
0 0.23486328125 0.7779947916666666 0.4697265625 0.3658854166666667
7 0.044921875 0.4641927083333333 0.08984375 0.09765625
1 0.31298828125 0.3854166666666667 0.3134765625 0.049479166666666664
7 0.25048828125 0.3639322916666667 0.1884765625 0.024739583333333332
1 0.31298828125 0.4791666666666667 0.3134765625 0.049479166666666664
7 0.21044921875 0.4811197916666667 0.1083984375 0.024739583333333332
7 0.45263671875 0.4765625 0.0341796875 0.0234375
0 0.45263671875 0.4772135416666667 0.0341796875 0.02734375
7 0.3203125 0.5794270833333334 0.03515625 0.0234375
0 0.31298828125 0.5794270833333334 0.3134765625 0.0625
7 0.31298828125 0.6438802083333334 0.3134765625 0.024739583333333332
0 0.31298828125 0.7083333333333334 0.3134765625 0.0625
6 0.3203125 0.9205729166666666 0.2109375 0.020833333333333332
4 0.73486328125 0.6549479166666666 0.5302734375 0.6901041666666666
7 0.53173828125 0.525390625 0.1240234375 0.05859375