2 0.19970703125 0.2532552083333333 0.3994140625 0.032552083333333336
2 0.04443359375 0.3216145833333333 0.0888671875 0.036458333333333336
2 0.24365234375 0.3216145833333333 0.3115234375 0.036458333333333336
7 0.1904296875 0.3938802083333333 0.380859375 0.02734375
7 0.1904296875 0.4205729166666667 0.380859375 0.020833333333333332
4 0.1533203125 0.4895833333333333 0.296875 0.0390625
0 0.1533203125 0.4895833333333333 0.296875 0.0390625
4 0.7158203125 0.12890625 0.568359375 0.078125
0 0.64404296875 0.130859375 0.4326171875 0.08203125
7 0.7158203125 0.20182291666666666 0.568359375 0.026041666666666668
2 0.7158203125 0.4231770833333333 0.568359375 0.0859375
7 0.51513671875 0.48828125 0.1669921875 0.026041666666666668
7 0.224609375 0.6276041666666666 0.349609375 0.09114583333333333
7 0.19970703125 0.6770833333333334 0.3994140625 0.09114583333333333
7 0.20458984375 0.7760416666666666 0.3896484375 0.09114583333333333
4 0.591796875 0.5221354166666666 0.29296875 0.026041666666666668
2 0.6044921875 0.5833333333333334 0.271484375 0.036458333333333336
2 0.57373046875 0.6197916666666666 0.2099609375 0.036458333333333336
5 0.50634765625 0.6783854166666666 0.0751953125 0.020833333333333332
1 0.66064453125 0.6783854166666666 0.2255859375 0.028645833333333332
5 0.50634765625 0.7057291666666666 0.0751953125 0.020833333333333332
1 0.66064453125 0.7057291666666666 0.2255859375 0.028645833333333332
1 0.57421875 0.7330729166666666 0.052734375 0.028645833333333332
7 0.5166015625 0.76953125 0.095703125 0.015625
6 0.60791015625 0.76953125 0.0888671875 0.015625
7 0.654296875 0.76953125 0.00390625 0.015625
2 0.94921875 0.5358072916666666 0.1015625 0.040364583333333336
2 0.94921875 0.5774739583333334 0.1015625 0.040364583333333336
2 0.94921875 0.619140625 0.1015625 0.040364583333333336
7 0.94921875 0.6790364583333334 0.1015625 0.040364583333333336
7 0.94482421875 0.7083333333333334 0.0927734375 0.020833333333333332