1 0.22509765625 0.020182291666666668 0.4091796875 0.040364583333333336
0 0.0224609375 0.059895833333333336 0.044921875 0.0390625
0 0.09375 0.059895833333333336 0.099609375 0.0390625
0 0.1884765625 0.059895833333333336 0.091796875 0.0390625
2 0.21484375 0.3235677083333333 0.4296875 0.032552083333333336
2 0.158203125 0.3919270833333333 0.25 0.036458333333333336
2 0.35595703125 0.3919270833333333 0.1474609375 0.036458333333333336
4 0.71484375 0.12955729166666666 0.5703125 0.2591145833333333
7 0.71484375 0.22786458333333334 0.5703125 0.0625
0 0.71484375 0.25390625 0.5703125 0.018229166666666668
4 0.9931640625 0.24088541666666666 0.0078125 0.010416666666666666
4 0.501953125 0.34375 0.14453125 0.19010416666666666
2 0.79345703125 0.33203125 0.4130859375 0.03125
4 0.5966796875 0.3736979166666667 0.01953125 0.026041666666666668
7 0.64111328125 0.3736979166666667 0.0595703125 0.026041666666666668
7 0.7197265625 0.3736979166666667 0.076171875 0.026041666666666668
7 0.99658203125 0.3743489583333333 0.0068359375 0.02734375
7 0.95751953125 0.3743489583333333 0.0166015625 0.02734375
7 0.9736328125 0.3743489583333333 0.0078125 0.01953125
6 0.0068359375 0.4498697916666667 0.013671875 0.022135416666666668
6 0.05810546875 0.4498697916666667 0.0419921875 0.022135416666666668
1 0.04541015625 0.5540364583333334 0.0908203125 0.05859375
4 0.00634765625 0.6236979166666666 0.0126953125 0.026041666666666668
7 0.04443359375 0.6236979166666666 0.0537109375 0.018229166666666668
7 0.0625 0.6712239583333334 0.125 0.02734375
4 0.03564453125 0.8424479166666666 0.0712890625 0.3151041666666667
4 0.1279296875 0.6412760416666666 0.03515625 0.14973958333333334
7 0.287109375 0.5045572916666666 0.28515625 0.02734375
4 0.1591796875 0.5670572916666666 0.029296875 0.08463541666666667
4 0.1904296875 0.5787760416666666 0.02734375 0.08463541666666667
7 0.31689453125 0.5533854166666666 0.1982421875 0.018229166666666668
1 0.31884765625 0.5540364583333334 0.2216796875 0.055989583333333336
7 0.287109375 0.623046875 0.28515625 0.02734375
4 0.1591796875 0.6920572916666666 0.029296875 0.08463541666666667
4 0.1904296875 0.6796875 0.02734375 0.036458333333333336
7 0.26953125 0.6783854166666666 0.103515625 0.018229166666666668
7 0.35986328125 0.6783854166666666 0.0771484375 0.018229166666666668
1 0.31884765625 0.6790364583333334 0.2216796875 0.055989583333333336
4 0.1591796875 0.7766927083333334 0.029296875 0.08463541666666667
4 0.1904296875 0.7643229166666666 0.02734375 0.036458333333333336
7 0.25 0.7630208333333334 0.064453125 0.018229166666666668
7 0.30712890625 0.7630208333333334 0.0498046875 0.018229166666666668
7 0.3623046875 0.7630208333333334 0.060546875 0.018229166666666668
7 0.4111328125 0.7630208333333334 0.037109375 0.018229166666666668
1 0.31884765625 0.763671875 0.2216796875 0.055989583333333336
4 0.1591796875 0.861328125 0.029296875 0.08463541666666667
4 0.1904296875 0.8489583333333334 0.02734375 0.036458333333333336
7 0.26953125 0.84765625 0.103515625 0.018229166666666668
7 0.35302734375 0.84765625 0.0634765625 0.018229166666666668
1 0.31884765625 0.8483072916666666 0.2216796875 0.055989583333333336
4 0.1591796875 0.9459635416666666 0.029296875 0.08463541666666667
4 0.1904296875 0.93359375 0.02734375 0.036458333333333336
7 0.26953125 0.9322916666666666 0.103515625 0.018229166666666668
7 0.361328125 0.9322916666666666 0.080078125 0.018229166666666668
1 0.31884765625 0.9329427083333334 0.2216796875 0.055989583333333336
4 0.478515625 0.5286458333333334 0.09765625 0.1796875
4 0.52880859375 0.546875 0.1982421875 0.1953125
7 0.49658203125 0.6640625 0.1337890625 0.0390625
7 0.84765625 0.4967447916666667 0.3046875 0.07161458333333333
6 0.89453125 0.5162760416666666 0.2109375 0.032552083333333336
7 0.84765625 0.5358072916666666 0.3046875 0.07161458333333333
0 0.7587890625 0.6458333333333334 0.126953125 0.059895833333333336
4 0.71484375 0.865234375 0.5703125 0.26953125
4 0.71484375 0.865234375 0.5703125 0.26953125
2 0.77783203125 0.8932291666666666 0.3466796875 0.06510416666666667
2 0.71484375 0.9635416666666666 0.5703125 0.0390625