2 0.1279296875 0.22265625 0.255859375 0.09895833333333333
7 0.1279296875 0.32421875 0.255859375 0.0625
4 0.451171875 0.2701822916666667 0.390625 0.3372395833333333
0 0.6875 0.3385416666666667 0.056640625 0.044270833333333336
0 0.67822265625 0.3411458333333333 0.0380859375 0.044270833333333336
0 0.7578125 0.3411458333333333 0.107421875 0.044270833333333336
0 0.68896484375 0.3587239583333333 0.0595703125 0.045572916666666664
4 0.32958984375 0.5208333333333334 0.6591796875 0.1640625
7 0.16015625 0.447265625 0.3203125 0.016927083333333332
7 0.169921875 0.470703125 0.33984375 0.024739583333333332
7 0.01806640625 0.5397135416666666 0.0361328125 0.024739583333333332
6 0.10791015625 0.5397135416666666 0.1279296875 0.024739583333333332
7 0.01416015625 0.61328125 0.0283203125 0.026041666666666668
0 0.05419921875 0.61328125 0.1083984375 0.057291666666666664
7 0.06005859375 0.61328125 0.0634765625 0.026041666666666668
0 0.20458984375 0.61328125 0.1533203125 0.0546875
4 0.60595703125 0.5572916666666666 0.1064453125 0.23697916666666666
2 0.251953125 0.7962239583333334 0.04296875 0.048177083333333336
2 0.30615234375 0.7962239583333334 0.0673828125 0.048177083333333336
2 0.4501953125 0.7962239583333334 0.22265625 0.048177083333333336
7 0.1103515625 0.8938802083333334 0.220703125 0.022135416666666668
4 0.01025390625 0.955078125 0.0205078125 0.08463541666666667
0 0.0126953125 0.9563802083333334 0.025390625 0.08723958333333333
4 0.08154296875 0.955078125 0.0634765625 0.08463541666666667
0 0.08154296875 0.9563802083333334 0.0732421875 0.08723958333333333
4 0.17431640625 0.955078125 0.0634765625 0.08463541666666667
0 0.17431640625 0.9563802083333334 0.0732421875 0.08723958333333333
7 0.396484375 0.8938802083333334 0.279296875 0.022135416666666668
4 0.3037109375 0.955078125 0.064453125 0.08463541666666667
0 0.3037109375 0.9563802083333334 0.07421875 0.08723958333333333
4 0.396484375 0.955078125 0.064453125 0.08463541666666667
0 0.396484375 0.9563802083333334 0.07421875 0.08723958333333333
4 0.4892578125 0.955078125 0.064453125 0.08463541666666667
0 0.4892578125 0.9563802083333334 0.07421875 0.08723958333333333
7 0.615234375 0.8938802083333334 0.087890625 0.022135416666666668
4 0.6181640625 0.955078125 0.064453125 0.08463541666666667
0 0.6181640625 0.9563802083333334 0.07421875 0.08723958333333333
4 0.396484375 0.453125 0.091796875 0.028645833333333332
7 0.01708984375 0.5416666666666666 0.0341796875 0.028645833333333332
6 0.03466796875 0.583984375 0.0693359375 0.022135416666666668
6 0.01123046875 0.6087239583333334 0.0224609375 0.022135416666666668
6 0.02197265625 0.6712239583333334 0.0439453125 0.022135416666666668
6 0.03515625 0.708984375 0.0703125 0.022135416666666668
7 0.01611328125 0.7591145833333334 0.0322265625 0.028645833333333332
6 0.0322265625 0.8014322916666666 0.064453125 0.022135416666666668
6 0.0107421875 0.9134114583333334 0.021484375 0.022135416666666668
7 0.15869140625 0.5416666666666666 0.0693359375 0.028645833333333332
6 0.189453125 0.583984375 0.130859375 0.022135416666666668
6 0.1494140625 0.6217447916666666 0.05078125 0.022135416666666668
6 0.15087890625 0.646484375 0.0537109375 0.022135416666666668
6 0.16796875 0.6842447916666666 0.087890625 0.022135416666666668
6 0.1796875 0.708984375 0.111328125 0.022135416666666668
6 0.15576171875 0.7467447916666666 0.0634765625 0.022135416666666668
7 0.341796875 0.5416666666666666 0.0703125 0.028645833333333332
6 0.34814453125 0.583984375 0.0830078125 0.022135416666666668
6 0.33154296875 0.6087239583333334 0.0498046875 0.022135416666666668
6 0.328125 0.646484375 0.04296875 0.022135416666666668
6 0.3212890625 0.6712239583333334 0.029296875 0.022135416666666668
6 0.3408203125 0.6959635416666666 0.068359375 0.022135416666666668
6 0.322265625 0.7337239583333334 0.03125 0.022135416666666668
6 0.3486328125 0.771484375 0.083984375 0.022135416666666668
6 0.34326171875 0.7962239583333334 0.0732421875 0.022135416666666668
6 0.32470703125 0.833984375 0.0361328125 0.022135416666666668
7 0.3466796875 0.833984375 0.009765625 0.022135416666666668
6 0.3740234375 0.833984375 0.046875 0.022135416666666668
7 0.4013671875 0.833984375 0.009765625 0.022135416666666668
6 0.423828125 0.833984375 0.037109375 0.022135416666666668
6 0.3330078125 0.8587239583333334 0.052734375 0.022135416666666668
7 0.36328125 0.8587239583333334 0.009765625 0.022135416666666668
6 0.38037109375 0.8587239583333334 0.0263671875 0.022135416666666668
4 0.57666015625 0.5397135416666666 0.0205078125 0.02734375
7 0.61572265625 0.5384114583333334 0.0498046875 0.022135416666666668
7 0.61279296875 0.6510416666666666 0.0927734375 0.1015625
7 0.61279296875 0.7604166666666666 0.0927734375 0.046875
4 0.90283203125 0.48828125 0.1943359375 0.09895833333333333
7 0.7265625 0.5970052083333334 0.103515625 0.022135416666666668
0 0.73681640625 0.5970052083333334 0.1552734375 0.06640625
7 0.861328125 0.5970052083333334 0.0625 0.022135416666666668
0 0.87109375 0.5970052083333334 0.115234375 0.06640625
7 0.9638671875 0.5970052083333334 0.0390625 0.022135416666666668
0 0.9638671875 0.5970052083333334 0.072265625 0.06640625
2 0.82958984375 0.76953125 0.3408203125 0.018229166666666668
7 0.82958984375 0.8463541666666666 0.3408203125 0.08333333333333333
7 0.82958984375 0.958984375 0.3408203125 0.08203125