7 0.01171875 0.011067708333333334 0.0234375 0.022135416666666668
0 0.0166015625 0.013671875 0.033203125 0.02734375
4 0.0283203125 0.013671875 0.009765625 0.009114583333333334
7 0.09912109375 0.011067708333333334 0.0927734375 0.022135416666666668
0 0.10400390625 0.013671875 0.1025390625 0.02734375
4 0.150390625 0.013671875 0.009765625 0.009114583333333334
7 0.23291015625 0.011067708333333334 0.1162109375 0.022135416666666668
0 0.23779296875 0.013671875 0.1259765625 0.02734375
4 0.2958984375 0.013671875 0.009765625 0.009114583333333334
2 0.21240234375 0.2981770833333333 0.4248046875 0.09895833333333333
7 0.21240234375 0.3997395833333333 0.4248046875 0.0625
7 0.48583984375 0.057942708333333336 0.0322265625 0.032552083333333336
0 0.4970703125 0.057942708333333336 0.0546875 0.05859375
4 0.5087890625 0.0625 0.0078125 0.010416666666666666
7 0.56396484375 0.057942708333333336 0.0576171875 0.032552083333333336
0 0.56884765625 0.057942708333333336 0.0908203125 0.05859375
4 0.5986328125 0.0625 0.0078125 0.010416666666666666
7 0.658203125 0.057942708333333336 0.06640625 0.032552083333333336
0 0.6640625 0.057942708333333336 0.1015625 0.05859375
4 0.69921875 0.0625 0.0078125 0.010416666666666666
7 0.779296875 0.057942708333333336 0.107421875 0.032552083333333336
0 0.7841796875 0.057942708333333336 0.140625 0.05859375
4 0.8388671875 0.0625 0.0078125 0.010416666666666666
0 0.88330078125 0.057942708333333336 0.0595703125 0.05859375
0 0.9541015625 0.057942708333333336 0.083984375 0.05859375
3 0.7529296875 0.189453125 0.494140625 0.11848958333333333
4 0.5908203125 0.4459635416666667 0.2421875 0.3059895833333333
0 0.5908203125 0.4459635416666667 0.2421875 0.3059895833333333
7 0.82373046875 0.3424479166666667 0.1630859375 0.018229166666666668
2 0.87109375 0.46484375 0.2578125 0.23958333333333334
7 0.7509765625 0.5891927083333334 0.017578125 0.01953125
7 0.82568359375 0.5891927083333334 0.0908203125 0.01953125
4 0.18212890625 0.7200520833333334 0.1474609375 0.1484375
4 0.2470703125 0.8072916666666666 0.015625 0.015625
7 0.15673828125 0.8216145833333334 0.0908203125 0.041666666666666664
6 0.1845703125 0.8326822916666666 0.037109375 0.01953125
7 0.0283203125 0.6634114583333334 0.056640625 0.05078125
6 0.02685546875 0.677734375 0.0537109375 0.022135416666666668
7 0.0400390625 0.720703125 0.080078125 0.10807291666666667
6 0.033203125 0.763671875 0.06640625 0.022135416666666668
7 0.04248046875 0.7779947916666666 0.0849609375 0.05078125
6 0.00634765625 0.8209635416666666 0.0126953125 0.022135416666666668
7 0.0419921875 0.849609375 0.083984375 0.07942708333333333
6 0.0390625 0.8782552083333334 0.078125 0.022135416666666668
7 0.12158203125 0.9212239583333334 0.2431640625 0.05078125
7 0.13232421875 0.935546875 0.0166015625 0.022135416666666668
7 0.11083984375 0.9498697916666666 0.2216796875 0.05078125
6 0.0087890625 0.9641927083333334 0.017578125 0.022135416666666668
7 0.0244140625 0.9641927083333334 0.015625 0.022135416666666668
6 0.07421875 0.9641927083333334 0.0859375 0.022135416666666668
7 0.11572265625 0.9765625 0.2314453125 0.046875
6 0.11181640625 0.9908854166666666 0.2236328125 0.018229166666666668
6 0.33642578125 0.623046875 0.0537109375 0.022135416666666668
6 0.40087890625 0.6608072916666666 0.1376953125 0.022135416666666668
6 0.39501953125 0.6907552083333334 0.1259765625 0.022135416666666668
6 0.357421875 0.736328125 0.095703125 0.022135416666666668
7 0.37158203125 0.7740885416666666 0.0791015625 0.022135416666666668
6 0.43994140625 0.7740885416666666 0.0595703125 0.022135416666666668
7 0.40087890625 0.7884114583333334 0.1376953125 0.05078125
7 0.3720703125 0.8326822916666666 0.080078125 0.022135416666666668
6 0.43994140625 0.8326822916666666 0.0595703125 0.022135416666666668
7 0.40087890625 0.8470052083333334 0.1376953125 0.05078125
7 0.3720703125 0.892578125 0.080078125 0.022135416666666668
6 0.43994140625 0.892578125 0.0595703125 0.022135416666666668
7 0.40087890625 0.9069010416666666 0.1376953125 0.05078125
7 0.37158203125 0.951171875 0.0791015625 0.022135416666666668
6 0.43994140625 0.951171875 0.0595703125 0.022135416666666668
7 0.40087890625 0.9654947916666666 0.1376953125 0.05078125
2 0.73486328125 0.6158854166666666 0.5302734375 0.033854166666666664
7 0.73486328125 0.65625 0.5302734375 0.0234375
4 0.6689453125 0.7877604166666666 0.3984375 0.14583333333333334
0 0.6708984375 0.7864583333333334 0.40234375 0.0234375
4 0.93603515625 0.7877604166666666 0.1279296875 0.14583333333333334
0 0.93603515625 0.7864583333333334 0.1279296875 0.0234375
4 0.6689453125 0.9303385416666666 0.3984375 0.13932291666666666
0 0.6708984375 0.9322916666666666 0.40234375 0.0234375
4 0.93603515625 0.9303385416666666 0.1279296875 0.13932291666666666
0 0.93603515625 0.9322916666666666 0.1279296875 0.0234375