1 0.25439453125 0.027994791666666668 0.2509765625 0.048177083333333336
0 0.34130859375 0.07421875 0.0771484375 0.020833333333333332
6 0.26220703125 0.181640625 0.0927734375 0.022135416666666668
7 0.2333984375 0.240234375 0.29296875 0.01953125
2 0.48876953125 0.057942708333333336 0.2177734375 0.11588541666666667
7 0.46435546875 0.17578125 0.1689453125 0.078125
4 0.81591796875 0.125 0.3681640625 0.25
4 0.07568359375 0.6712239583333334 0.1513671875 0.5559895833333334
2 0.33154296875 0.3828125 0.0966796875 0.06770833333333333
7 0.3134765625 0.4876302083333333 0.1328125 0.048177083333333336
1 0.3095703125 0.4876302083333333 0.140625 0.048177083333333336
7 0.3134765625 0.544921875 0.1328125 0.048177083333333336
1 0.3095703125 0.544921875 0.140625 0.048177083333333336
7 0.31396484375 0.607421875 0.1318359375 0.024739583333333332
0 0.30908203125 0.607421875 0.1416015625 0.040364583333333336
7 0.369140625 0.66015625 0.01953125 0.020833333333333332
4 0.29541015625 0.7180989583333334 0.0166015625 0.022135416666666668
0 0.30908203125 0.716796875 0.1416015625 0.02734375
7 0.34521484375 0.7180989583333334 0.0693359375 0.022135416666666668
0 0.28955078125 0.7649739583333334 0.1806640625 0.01953125
7 0.3251953125 0.8561197916666666 0.109375 0.022135416666666668
7 0.298828125 0.9342447916666666 0.162109375 0.024739583333333332
4 0.29931640625 0.9856770833333334 0.1337890625 0.028645833333333332
0 0.29931640625 0.9856770833333334 0.1337890625 0.028645833333333332
2 0.68994140625 0.3841145833333333 0.6201171875 0.25
2 0.68994140625 0.5774739583333334 0.6201171875 0.05859375
7 0.57421875 0.7122395833333334 0.115234375 0.028645833333333332
0 0.57421875 0.7122395833333334 0.208984375 0.0625
7 0.7890625 0.7122395833333334 0.107421875 0.028645833333333332
0 0.7890625 0.7122395833333334 0.205078125 0.06770833333333333
7 0.626953125 0.7962239583333334 0.494140625 0.024739583333333332
6 0.78955078125 0.8079427083333334 0.3876953125 0.048177083333333336
7 0.6943359375 0.8196614583333334 0.142578125 0.024739583333333332
2 0.6806640625 0.9811197916666666 0.43359375 0.037760416666666664