6 0.39208984375 0.06705729166666667 0.0927734375 0.022135416666666668
7 0.373046875 0.126953125 0.3125 0.022135416666666668
4 0.392578125 0.16145833333333334 0.224609375 0.0234375
1 0.7646484375 0.041015625 0.470703125 0.06380208333333333
0 0.55322265625 0.08723958333333333 0.0478515625 0.0234375
2 0.73681640625 0.275390625 0.2841796875 0.05078125
7 0.73681640625 0.3313802083333333 0.2802734375 0.03515625
2 0.95361328125 0.275390625 0.0927734375 0.05078125
7 0.96630859375 0.3255208333333333 0.0673828125 0.0234375
2 0.10888671875 0.5110677083333334 0.2177734375 0.13671875
7 0.10888671875 0.654296875 0.2177734375 0.07421875
7 0.2646484375 0.9348958333333334 0.529296875 0.0234375
7 0.05517578125 0.9622395833333334 0.1103515625 0.0234375
0 0.8056640625 0.4361979166666667 0.388671875 0.052083333333333336
0 0.6474609375 0.5234375 0.072265625 0.059895833333333336
0 0.7021484375 0.5826822916666666 0.181640625 0.061197916666666664
0 0.66552734375 0.6419270833333334 0.1083984375 0.059895833333333336
0 0.67333984375 0.7005208333333334 0.1240234375 0.059895833333333336
0 0.6748046875 0.7591145833333334 0.126953125 0.059895833333333336
0 0.662109375 0.8177083333333334 0.1015625 0.059895833333333336
0 0.8056640625 0.9459635416666666 0.388671875 0.053385416666666664
2 0.7646484375 0.451171875 0.470703125 0.07421875
7 0.7646484375 0.5319010416666666 0.470703125 0.06901041666666667
4 0.7646484375 0.8118489583333334 0.470703125 0.3763020833333333
0 0.7646484375 0.8118489583333334 0.470703125 0.3763020833333333