2 0.1787109375 0.23046875 0.357421875 0.044270833333333336
7 0.1787109375 0.4147135416666667 0.357421875 0.029947916666666668
7 0.1787109375 0.4850260416666667 0.357421875 0.029947916666666668
7 0.1787109375 0.5546875 0.357421875 0.028645833333333332
4 0.5712890625 0.15364583333333334 0.21875 0.3072916666666667
4 0.7900390625 0.15364583333333334 0.21875 0.3072916666666667
4 0.94970703125 0.15364583333333334 0.1005859375 0.3072916666666667
4 0.55517578125 0.5071614583333334 0.1650390625 0.12369791666666667
0 0.5556640625 0.5013020833333334 0.1640625 0.13541666666666666
4 0.73486328125 0.5084635416666666 0.1650390625 0.12109375
0 0.73486328125 0.5013020833333334 0.1650390625 0.13541666666666666
4 0.91455078125 0.5071614583333334 0.1650390625 0.12369791666666667
0 0.91455078125 0.5013020833333334 0.1650390625 0.13541666666666666
0 0.0234375 0.5846354166666666 0.046875 0.03125
7 0.125 0.5774739583333334 0.115234375 0.016927083333333332
0 0.1328125 0.578125 0.130859375 0.018229166666666668
4 0.19482421875 0.5755208333333334 0.0068359375 0.013020833333333334
2 0.09423828125 0.8151041666666666 0.1884765625 0.09114583333333333
7 0.09423828125 0.943359375 0.1884765625 0.11328125
2 0.337890625 0.8151041666666666 0.22265625 0.09114583333333333
7 0.337890625 0.943359375 0.22265625 0.11328125
7 0.724609375 0.587890625 0.55078125 0.024739583333333332
7 0.455078125 0.611328125 0.00390625 0.024739583333333332
4 0.611328125 0.7291666666666666 0.32421875 0.1171875
0 0.611328125 0.7291666666666666 0.32421875 0.1171875
4 0.724609375 0.9108072916666666 0.55078125 0.17838541666666666
0 0.724609375 0.9108072916666666 0.55078125 0.17838541666666666