3 0.12939453125 0.020833333333333332 0.2587890625 0.041666666666666664
7 0.3095703125 0.076171875 0.619140625 0.029947916666666668
7 0.3095703125 0.146484375 0.619140625 0.029947916666666668
7 0.3095703125 0.216796875 0.619140625 0.029947916666666668
7 0.3095703125 0.24544270833333334 0.619140625 0.029947916666666668
7 0.3095703125 0.3157552083333333 0.619140625 0.029947916666666668
7 0.3095703125 0.3854166666666667 0.619140625 0.028645833333333332
4 0.8095703125 0.064453125 0.380859375 0.12890625
4 0.681640625 0.23177083333333334 0.125 0.15364583333333334
0 0.681640625 0.27734375 0.125 0.24479166666666666
7 0.681640625 0.3567708333333333 0.125 0.0859375
4 0.8818359375 0.27734375 0.236328125 0.24479166666666666
0 0.8818359375 0.27734375 0.236328125 0.24479166666666666
4 0.1806640625 0.5748697916666666 0.361328125 0.31640625
0 0.1806640625 0.5774739583333334 0.361328125 0.3216145833333333
7 0.1806640625 0.748046875 0.361328125 0.014322916666666666
7 0.1806640625 0.787109375 0.361328125 0.055989583333333336
2 0.1806640625 0.8782552083333334 0.361328125 0.08723958333333333
7 0.1806640625 0.931640625 0.361328125 0.014322916666666666
7 0.1806640625 0.9733072916666666 0.361328125 0.053385416666666664
7 0.43310546875 0.451171875 0.0791015625 0.01953125
7 0.5458984375 0.4498697916666667 0.146484375 0.022135416666666668
7 0.53759765625 0.51953125 0.1630859375 0.0390625
6 0.53759765625 0.5390625 0.1630859375 0.0390625
7 0.4228515625 0.5104166666666666 0.05859375 0.020833333333333332
7 0.5263671875 0.6022135416666666 0.140625 0.01953125
6 0.53759765625 0.6119791666666666 0.1630859375 0.0390625
7 0.53759765625 0.6608072916666666 0.1630859375 0.05859375
7 0.4228515625 0.6028645833333334 0.05859375 0.020833333333333332
7 0.53759765625 0.7434895833333334 0.1630859375 0.0390625
6 0.53759765625 0.7825520833333334 0.1630859375 0.0390625
7 0.53759765625 0.8020833333333334 0.1630859375 0.0390625
7 0.4228515625 0.734375 0.05859375 0.020833333333333332
7 0.53759765625 0.884765625 0.1630859375 0.05859375
6 0.53759765625 0.9140625 0.1630859375 0.0390625
7 0.53759765625 0.953125 0.1630859375 0.078125
7 0.4228515625 0.8658854166666666 0.05859375 0.020833333333333332
7 0.43798828125 0.841796875 0.0595703125 0.01953125
0 0.43798828125 0.841796875 0.0830078125 0.04296875
7 0.537109375 0.841796875 0.080078125 0.01953125
0 0.537109375 0.841796875 0.103515625 0.04296875
6 0.5234375 0.9114583333333334 0.19140625 0.020833333333333332
7 0.47216796875 0.9342447916666666 0.0888671875 0.016927083333333332
0 0.4716796875 0.9342447916666666 0.087890625 0.016927083333333332
6 0.5234375 0.9869791666666666 0.19140625 0.020833333333333332
7 0.69482421875 0.4869791666666667 0.1513671875 0.078125
1 0.912109375 0.5013020833333334 0.17578125 0.041666666666666664
7 0.65625 0.5729166666666666 0.07421875 0.0234375
0 0.6630859375 0.5716145833333334 0.087890625 0.059895833333333336
7 0.76708984375 0.5729166666666666 0.0947265625 0.0234375
0 0.76708984375 0.5716145833333334 0.1220703125 0.059895833333333336
2 0.708984375 0.6953125 0.1796875 0.08333333333333333
0 0.708984375 0.7102864583333334 0.1796875 0.11328125
6 0.708984375 0.7545572916666666 0.1796875 0.024739583333333332
2 0.708984375 0.8209635416666666 0.1796875 0.055989583333333336
0 0.708984375 0.8359375 0.1796875 0.0859375
6 0.708984375 0.8665364583333334 0.1796875 0.024739583333333332
2 0.708984375 0.9466145833333334 0.1796875 0.08333333333333333
0 0.708984375 0.9524739583333334 0.1796875 0.09505208333333333
6 0.708984375 0.9967447916666666 0.1796875 0.006510416666666667
2 0.912109375 0.6575520833333334 0.17578125 0.036458333333333336
7 0.9169921875 0.736328125 0.158203125 0.055989583333333336
0 0.912109375 0.7356770833333334 0.17578125 0.09375
7 0.8974609375 0.8385416666666666 0.119140625 0.028645833333333332
0 0.912109375 0.8404947916666666 0.17578125 0.06901041666666667
7 0.9052734375 0.9309895833333334 0.134765625 0.028645833333333332
0 0.912109375 0.9329427083333334 0.17578125 0.06901041666666667