1 0.265625 0.2604166666666667 0.53125 0.059895833333333336
1 0.56103515625 0.2604166666666667 0.0517578125 0.059895833333333336
2 0.267578125 0.4029947916666667 0.53515625 0.05859375
7 0.26171875 0.4602864583333333 0.24609375 0.02734375
7 0.26171875 0.4915364583333333 0.265625 0.016927083333333332
2 0.72900390625 0.2864583333333333 0.0791015625 0.2994791666666667
2 0.77685546875 0.2779947916666667 0.1748046875 0.10546875
3 0.89990234375 0.25 0.2001953125 0.5
4 0.3447265625 0.6861979166666666 0.689453125 0.3723958333333333
0 0.3603515625 0.5162760416666666 0.255859375 0.032552083333333336
7 0.3603515625 0.5631510416666666 0.5234375 0.022135416666666668
4 0.06494140625 0.76171875 0.1298828125 0.0703125
7 0.40966796875 0.6979166666666666 0.5009765625 0.028645833333333332
7 0.34423828125 0.7591145833333334 0.3701171875 0.09114583333333333
6 0.2001953125 0.8248697916666666 0.08203125 0.029947916666666668
4 0.3447265625 0.935546875 0.689453125 0.12890625
6 0.7724609375 0.5065104166666666 0.126953125 0.013020833333333334
2 0.7880859375 0.5416666666666666 0.158203125 0.036458333333333336
6 0.775390625 0.5768229166666666 0.1328125 0.03125
4 0.8447265625 0.5970052083333334 0.310546875 0.19401041666666666
4 0.6943359375 0.5299479166666666 0.009765625 0.036458333333333336
0 0.71533203125 0.783203125 0.0517578125 0.024739583333333332
2 0.8447265625 0.857421875 0.310546875 0.08203125
0 0.75048828125 0.9322916666666666 0.1220703125 0.026041666666666668
7 0.763671875 0.97265625 0.1484375 0.015625
0 0.8798828125 0.97265625 0.078125 0.015625
0 0.9609375 0.97265625 0.078125 0.015625