1 0.24462890625 0.06380208333333333 0.4892578125 0.059895833333333336
2 0.24462890625 0.20638020833333334 0.4892578125 0.05859375
7 0.22265625 0.263671875 0.24609375 0.02734375
7 0.22265625 0.3001302083333333 0.265625 0.02734375
7 0.22265625 0.3365885416666667 0.177734375 0.02734375
7 0.22265625 0.4055989583333333 0.23046875 0.05859375
0 0.22265625 0.4055989583333333 0.23046875 0.05859375
7 0.171875 0.4720052083333333 0.05859375 0.022135416666666668
7 0.22216796875 0.4720052083333333 0.0419921875 0.022135416666666668
7 0.27294921875 0.4720052083333333 0.0595703125 0.022135416666666668
3 0.79052734375 0.038411458333333336 0.4189453125 0.07682291666666667
7 0.5087890625 0.197265625 0.0390625 0.02734375
0 0.7705078125 0.19791666666666666 0.458984375 0.026041666666666668
7 0.57470703125 0.2643229166666667 0.1708984375 0.020833333333333332
0 0.5751953125 0.3274739583333333 0.169921875 0.07421875
7 0.5751953125 0.3802083333333333 0.169921875 0.018229166666666668
0 0.5751953125 0.466796875 0.169921875 0.07421875
7 0.5751953125 0.51953125 0.169921875 0.018229166666666668
0 0.5751953125 0.5794270833333334 0.169921875 0.020833333333333332
4 0.85986328125 0.421875 0.2802734375 0.3359375
0 0.85986328125 0.421875 0.2802734375 0.3359375
4 0.82177734375 0.294921875 0.3564453125 0.58984375
0 0.82177734375 0.294921875 0.3564453125 0.58984375
7 0.16259765625 0.5970052083333334 0.3251953125 0.01171875
2 0.15087890625 0.6373697916666666 0.3017578125 0.053385416666666664
2 0.15380859375 0.6868489583333334 0.3076171875 0.053385416666666664
6 0.150390625 0.7805989583333334 0.30078125 0.022135416666666668
7 0.04833984375 0.8118489583333334 0.0966796875 0.022135416666666668
7 0.162109375 0.8125 0.130859375 0.020833333333333332
0 0.11376953125 0.8118489583333334 0.2275390625 0.022135416666666668
7 0.16259765625 0.8821614583333334 0.3251953125 0.01171875
2 0.1513671875 0.927734375 0.302734375 0.053385416666666664
2 0.12646484375 0.9752604166666666 0.2529296875 0.049479166666666664
4 0.466796875 0.6041666666666666 0.044921875 0.018229166666666668
4 0.41552734375 0.7747395833333334 0.1474609375 0.234375
0 0.41552734375 0.7747395833333334 0.1474609375 0.234375
2 0.42041015625 0.9524739583333334 0.1376953125 0.09505208333333333
4 0.373046875 0.6048177083333334 0.0234375 0.029947916666666668
7 0.6865234375 0.6217447916666666 0.39453125 0.06380208333333333
1 0.6162109375 0.7180989583333334 0.25390625 0.06640625
5 0.51220703125 0.7194010416666666 0.0458984375 0.02734375
7 0.56201171875 0.7942708333333334 0.1142578125 0.036458333333333336
0 0.6162109375 0.794921875 0.25390625 0.07161458333333333
4 0.80859375 0.794921875 0.11328125 0.07161458333333333
7 0.52978515625 0.859375 0.0810546875 0.020833333333333332
6 0.61865234375 0.859375 0.0966796875 0.020833333333333332
7 0.68212890625 0.859375 0.0302734375 0.020833333333333332
6 0.6142578125 0.87109375 0.25 0.044270833333333336
7 0.52001953125 0.8828125 0.0087890625 0.020833333333333332
6 0.58251953125 0.8828125 0.1181640625 0.020833333333333332
7 0.63916015625 0.9837239583333334 0.2724609375 0.02734375
7 0.8876953125 0.9837239583333334 0.224609375 0.02734375