2 0.23486328125 0.09505208333333333 0.4697265625 0.09895833333333333
7 0.23486328125 0.162109375 0.4697265625 0.037760416666666664
1 0.20703125 0.2688802083333333 0.4140625 0.07421875
7 0.12109375 0.3313802083333333 0.12109375 0.02734375
7 0.23046875 0.3313802083333333 0.09765625 0.02734375
2 0.23486328125 0.7083333333333334 0.4697265625 0.036458333333333336
2 0.6318359375 0.15755208333333334 0.32421875 0.09375
7 0.5263671875 0.22916666666666666 0.095703125 0.020833333333333332
7 0.59814453125 0.22916666666666666 0.0498046875 0.020833333333333332
7 0.62939453125 0.22916666666666666 0.0126953125 0.020833333333333332
4 0.642578125 0.23046875 0.017578125 0.018229166666666668
7 0.66455078125 0.22916666666666666 0.0283203125 0.020833333333333332
7 0.486328125 0.2526041666666667 0.015625 0.018229166666666668
6 0.5341796875 0.2526041666666667 0.080078125 0.018229166666666668
4 0.583984375 0.25390625 0.015625 0.0234375
7 0.6640625 0.3619791666666667 0.388671875 0.17447916666666666
0 0.54833984375 0.5110677083333334 0.0927734375 0.016927083333333332
2 0.677734375 0.603515625 0.25 0.11067708333333333
7 0.6005859375 0.677734375 0.095703125 0.022135416666666668
7 0.67236328125 0.677734375 0.0498046875 0.022135416666666668
7 0.70361328125 0.677734375 0.0126953125 0.022135416666666668
4 0.716796875 0.6796875 0.017578125 0.018229166666666668
7 0.7353515625 0.677734375 0.021484375 0.022135416666666668
7 0.560546875 0.701171875 0.015625 0.01953125
6 0.6083984375 0.701171875 0.080078125 0.01953125
4 0.658203125 0.7018229166666666 0.015625 0.0234375
7 0.69921875 0.7467447916666666 0.29296875 0.024739583333333332
2 0.9404296875 0.1015625 0.119140625 0.020833333333333332
2 0.94580078125 0.15885416666666666 0.1083984375 0.028645833333333332
1 0.94580078125 0.22135416666666666 0.1083984375 0.033854166666666664
4 0.94140625 0.4934895833333333 0.1171875 0.3255208333333333
2 0.9462890625 0.7024739583333334 0.107421875 0.022135416666666668
3 0.9462890625 0.74609375 0.107421875 0.026041666666666668
0 0.5009765625 0.049479166666666664 0.0625 0.057291666666666664
0 0.62890625 0.049479166666666664 0.193359375 0.057291666666666664
0 0.77001953125 0.049479166666666664 0.0888671875 0.057291666666666664
1 0.93994140625 0.050130208333333336 0.1201171875 0.037760416666666664
4 0.0703125 0.8619791666666666 0.0234375 0.020833333333333332
0 0.0703125 0.861328125 0.033203125 0.03515625
7 0.02294921875 0.8619791666666666 0.0400390625 0.018229166666666668
0 0.58837890625 0.84375 0.2119140625 0.09895833333333333
4 0.73486328125 0.8795572916666666 0.5302734375 0.24088541666666666
4 0.73486328125 0.8795572916666666 0.5302734375 0.24088541666666666