4 0.1943359375 0.041015625 0.388671875 0.08203125
7 0.001953125 0.10221354166666667 0.00390625 0.01953125
0 0.05224609375 0.10221354166666667 0.0986328125 0.01953125
7 0.10888671875 0.10221354166666667 0.0146484375 0.01953125
0 0.13916015625 0.10221354166666667 0.0478515625 0.01953125
7 0.17041015625 0.10221354166666667 0.0185546875 0.01953125
0 0.2265625 0.10221354166666667 0.095703125 0.01953125
7 0.28173828125 0.10221354166666667 0.0146484375 0.01953125
0 0.31787109375 0.10221354166666667 0.0595703125 0.01953125
7 0.35400390625 0.10221354166666667 0.0146484375 0.01953125
0 0.38720703125 0.10221354166666667 0.0537109375 0.01953125
7 0.42041015625 0.10221354166666667 0.0146484375 0.01953125
0 0.47314453125 0.10221354166666667 0.0927734375 0.01953125
4 0.259765625 0.123046875 0.51953125 0.00390625
2 0.259765625 0.185546875 0.51953125 0.02734375
7 0.00927734375 0.2721354166666667 0.0185546875 0.020833333333333332
1 0.2685546875 0.2721354166666667 0.501953125 0.028645833333333332
1 0.27099609375 0.31640625 0.0634765625 0.028645833333333332
7 0.259765625 0.36328125 0.51953125 0.020833333333333332
7 0.259765625 0.4069010416666667 0.51953125 0.02734375
6 0.0244140625 0.4466145833333333 0.048828125 0.020833333333333332
6 0.283203125 0.4993489583333333 0.17578125 0.01953125
2 0.5634765625 0.3841145833333333 0.087890625 0.046875
7 0.55322265625 0.4778645833333333 0.0673828125 0.08333333333333333
6 0.5322265625 0.5091145833333334 0.0234375 0.020833333333333332
7 0.544921875 0.5091145833333334 0.00390625 0.020833333333333332
2 0.83984375 0.3841145833333333 0.3203125 0.046875
7 0.83984375 0.4759114583333333 0.3203125 0.08723958333333333
4 0.0927734375 0.6217447916666666 0.185546875 0.20442708333333334
2 0.07275390625 0.83203125 0.1455078125 0.0546875
0 0.07275390625 0.83203125 0.1455078125 0.0546875
2 0.3310546875 0.5390625 0.2109375 0.0390625
0 0.3310546875 0.5390625 0.2109375 0.0390625
7 0.265625 0.583984375 0.080078125 0.022135416666666668
0 0.265625 0.583984375 0.080078125 0.032552083333333336
4 0.3310546875 0.7434895833333334 0.2109375 0.15885416666666666
0 0.3310546875 0.6647135416666666 0.2109375 0.0013020833333333333
2 0.3310546875 0.8723958333333334 0.2109375 0.059895833333333336
0 0.3310546875 0.8723958333333334 0.2109375 0.059895833333333336
7 0.25 0.9283854166666666 0.048828125 0.020833333333333332
0 0.25 0.9283854166666666 0.048828125 0.03125
4 0.498046875 0.5696614583333334 0.04296875 0.045572916666666664
0 0.498046875 0.5696614583333334 0.04296875 0.045572916666666664
4 0.498046875 0.7141927083333334 0.04296875 0.045572916666666664
0 0.498046875 0.7141927083333334 0.04296875 0.045572916666666664
4 0.498046875 0.8587239583333334 0.04296875 0.045572916666666664
0 0.498046875 0.8587239583333334 0.04296875 0.045572916666666664
0 0.6845703125 0.5833333333333334 0.03515625 0.028645833333333332
4 0.6845703125 0.6178385416666666 0.03515625 0.00390625
2 0.61083984375 0.68359375 0.1826171875 0.059895833333333336
0 0.61767578125 0.638671875 0.1962890625 0.17578125
4 0.5859375 0.6393229166666666 0.1328125 0.140625
4 0.61767578125 0.6497395833333334 0.1962890625 0.19791666666666666
0 0.98095703125 0.5833333333333334 0.0361328125 0.028645833333333332
4 0.9794921875 0.6178385416666666 0.033203125 0.00390625
2 0.8642578125 0.68359375 0.26953125 0.059895833333333336
0 0.85791015625 0.638671875 0.2841796875 0.17578125
4 0.8642578125 0.6393229166666666 0.189453125 0.140625
4 0.85791015625 0.6497395833333334 0.2841796875 0.19791666666666666
0 0.6845703125 0.7591145833333334 0.03515625 0.028645833333333332
4 0.681640625 0.7936197916666666 0.029296875 0.00390625
2 0.61083984375 0.859375 0.1826171875 0.059895833333333336
0 0.61767578125 0.814453125 0.1962890625 0.17578125
4 0.58349609375 0.8151041666666666 0.1279296875 0.140625
4 0.61767578125 0.8255208333333334 0.1962890625 0.19791666666666666
0 0.98095703125 0.7591145833333334 0.0361328125 0.028645833333333332
4 0.9755859375 0.7936197916666666 0.025390625 0.00390625
2 0.8642578125 0.859375 0.26953125 0.059895833333333336
0 0.85791015625 0.814453125 0.2841796875 0.17578125
4 0.8642578125 0.8151041666666666 0.1875 0.140625
4 0.85791015625 0.8255208333333334 0.2841796875 0.19791666666666666
3 0.759765625 0.9615885416666666 0.48046875 0.07682291666666667