7 0.25 0.008463541666666666 0.5 0.016927083333333332
6 0.09765625 0.095703125 0.17578125 0.01953125
7 0.033203125 0.13346354166666666 0.06640625 0.016927083333333332
7 0.06982421875 0.12760416666666666 0.0087890625 0.015625
7 0.1982421875 0.13346354166666666 0.25 0.016927083333333332
7 0.67041015625 0.009765625 0.3408203125 0.01953125
0 0.87451171875 0.009765625 0.0693359375 0.01953125
2 0.75 0.19010416666666666 0.5 0.09375
1 0.75 0.3092447916666667 0.5 0.061197916666666664
4 0.25 0.5520833333333334 0.5 0.4244791666666667
7 0.2373046875 0.6647135416666666 0.201171875 0.037760416666666664
0 0.2373046875 0.6822916666666666 0.3515625 0.11197916666666667
7 0.2373046875 0.701171875 0.251953125 0.037760416666666664
4 0.470703125 0.529296875 0.01953125 0.061197916666666664
7 0.21826171875 0.8170572916666666 0.4365234375 0.05078125
7 0.2197265625 0.859375 0.439453125 0.036458333333333336
4 0.02783203125 0.96484375 0.0556640625 0.0703125
0 0.03564453125 0.96484375 0.0712890625 0.0703125
4 0.1494140625 0.96484375 0.0859375 0.0703125
0 0.1494140625 0.96484375 0.1171875 0.0703125
4 0.2861328125 0.96484375 0.0859375 0.0703125
0 0.2861328125 0.96484375 0.1171875 0.0703125
4 0.4228515625 0.96484375 0.0859375 0.0703125
0 0.4228515625 0.96484375 0.1171875 0.0703125
4 0.75 0.6647135416666666 0.5 0.6497395833333334
2 0.75 0.6497395833333334 0.5 0.11197916666666667
2 0.75 0.7337239583333334 0.5 0.05859375
7 0.6171875 0.9837239583333334 0.216796875 0.032552083333333336
0 0.64599609375 0.9752604166666666 0.2919921875 0.049479166666666664