4 0.33984375 0.259765625 0.6796875 0.51953125
7 0.23779296875 0.294921875 0.4755859375 0.05859375
7 0.1044921875 0.3743489583333333 0.208984375 0.040364583333333336
7 0.0341796875 0.486328125 0.068359375 0.029947916666666668
0 0.046875 0.486328125 0.09375 0.061197916666666664
7 0.8310546875 0.134765625 0.302734375 0.029947916666666668
7 0.8310546875 0.205078125 0.302734375 0.029947916666666668
7 0.8310546875 0.275390625 0.302734375 0.029947916666666668
7 0.8310546875 0.3040364583333333 0.302734375 0.029947916666666668
7 0.8310546875 0.3743489583333333 0.302734375 0.029947916666666668
7 0.8310546875 0.4446614583333333 0.302734375 0.029947916666666668
3 0.31494140625 0.609375 0.6298828125 0.1171875
0 0.0234375 0.7330729166666666 0.046875 0.052083333333333336
0 0.103515625 0.7330729166666666 0.109375 0.052083333333333336
0 0.20361328125 0.7330729166666666 0.0869140625 0.052083333333333336
0 0.34765625 0.7330729166666666 0.197265625 0.052083333333333336
0 0.484375 0.7330729166666666 0.072265625 0.052083333333333336
0 0.58935546875 0.7330729166666666 0.1337890625 0.052083333333333336
7 0.25732421875 0.796875 0.5146484375 0.0234375
6 0.54833984375 0.796875 0.0673828125 0.0234375
2 0.53857421875 0.8736979166666666 0.1044921875 0.028645833333333332
2 0.55712890625 0.9615885416666666 0.2451171875 0.07682291666666667
0 0.55712890625 0.9563802083333334 0.2451171875 0.08723958333333333
4 0.2099609375 0.9173177083333334 0.419921875 0.16536458333333334
0 0.2099609375 0.9173177083333334 0.419921875 0.16536458333333334