4 0.21484375 0.2747395833333333 0.4296875 0.5494791666666666
7 0.1259765625 0.14908854166666666 0.251953125 0.05859375
2 0.7294921875 0.10286458333333333 0.435546875 0.08333333333333333
7 0.7294921875 0.2662760416666667 0.435546875 0.17317708333333334
7 0.62451171875 0.4147135416666667 0.1943359375 0.01953125
0 0.62451171875 0.4147135416666667 0.2255859375 0.053385416666666664
4 0.54931640625 0.4147135416666667 0.0751953125 0.053385416666666664
4 0.62451171875 0.4147135416666667 0.0751953125 0.053385416666666664
4 0.69970703125 0.4147135416666667 0.0751953125 0.053385416666666664
4 0.1279296875 0.6100260416666666 0.1953125 0.10286458333333333
7 0.08154296875 0.7194010416666666 0.0732421875 0.024739583333333332
0 0.08154296875 0.716796875 0.1025390625 0.08463541666666667
7 0.169921875 0.7194010416666666 0.044921875 0.024739583333333332
0 0.169921875 0.716796875 0.07421875 0.08463541666666667
7 0.24951171875 0.7194010416666666 0.0556640625 0.024739583333333332
0 0.24951171875 0.716796875 0.0849609375 0.08463541666666667
7 0.3544921875 0.7194010416666666 0.095703125 0.024739583333333332
0 0.3544921875 0.716796875 0.125 0.08463541666666667
7 0.01513671875 0.8372395833333334 0.0302734375 0.026041666666666668
4 0.22998046875 0.912109375 0.3994140625 0.17578125
2 0.71484375 0.6184895833333334 0.5703125 0.06770833333333333
2 0.71484375 0.6875 0.5703125 0.03125
4 0.6416015625 0.8372395833333334 0.09375 0.125
1 0.6416015625 0.94921875 0.267578125 0.057291666666666664
1 0.6416015625 0.9928385416666666 0.267578125 0.014322916666666666