6 0.091796875 0.004557291666666667 0.0859375 0.009114583333333334
6 0.19921875 0.004557291666666667 0.08203125 0.009114583333333334
6 0.2783203125 0.004557291666666667 0.025390625 0.009114583333333334
0 0.15478515625 0.19596354166666666 0.3095703125 0.34765625
4 0.58935546875 0.076171875 0.4560546875 0.15234375
0 0.58935546875 0.18359375 0.4560546875 0.3671875
4 0.58935546875 0.15950520833333334 0.4560546875 0.016927083333333332
2 0.58935546875 0.21028645833333334 0.4560546875 0.040364583333333336
6 0.58935546875 0.2923177083333333 0.4560546875 0.09505208333333333
7 0.36962890625 0.3541666666666667 0.0166015625 0.020833333333333332
7 0.43359375 0.3541666666666667 0.111328125 0.020833333333333332
4 0.93798828125 0.0390625 0.1240234375 0.078125
0 0.93798828125 0.0390625 0.1240234375 0.078125
4 0.93798828125 0.16927083333333334 0.1240234375 0.1171875
0 0.93798828125 0.16927083333333334 0.1240234375 0.1171875
7 0.08984375 0.4505208333333333 0.1796875 0.09895833333333333
7 0.08740234375 0.6028645833333334 0.1748046875 0.0703125
6 0.05517578125 0.6276041666666666 0.1103515625 0.020833333333333332
7 0.080078125 0.6979166666666666 0.16015625 0.0703125
6 0.08935546875 0.72265625 0.0302734375 0.020833333333333332
7 0.1064453125 0.72265625 0.005859375 0.020833333333333332
7 0.08984375 0.8391927083333334 0.1796875 0.07421875
7 0.0556640625 0.9212239583333334 0.111328125 0.045572916666666664
7 0.62890625 0.4244791666666667 0.455078125 0.06510416666666667
7 0.44580078125 0.470703125 0.0888671875 0.022135416666666668
6 0.52294921875 0.470703125 0.0693359375 0.022135416666666668
6 0.599609375 0.470703125 0.078125 0.022135416666666668
7 0.70263671875 0.470703125 0.1279296875 0.022135416666666668
6 0.619140625 0.4850260416666667 0.435546875 0.05078125
6 0.90966796875 0.4563802083333333 0.0478515625 0.022135416666666668
6 0.97509765625 0.4563802083333333 0.0498046875 0.022135416666666668
7 0.6142578125 0.57421875 0.466796875 0.046875
4 0.6142578125 0.8111979166666666 0.439453125 0.3776041666666667
7 0.931640625 0.57421875 0.13671875 0.046875
4 0.9404296875 0.8046875 0.119140625 0.390625
2 0.32421875 0.6178385416666666 0.029296875 0.01953125
2 0.32421875 0.689453125 0.029296875 0.01953125
2 0.32421875 0.8639322916666666 0.029296875 0.01953125