6 0.0166015625 0.041666666666666664 0.033203125 0.018229166666666668
6 0.076171875 0.041666666666666664 0.037109375 0.018229166666666668
6 0.140625 0.041666666666666664 0.04296875 0.018229166666666668
6 0.21435546875 0.041666666666666664 0.0576171875 0.018229166666666668
6 0.3134765625 0.041666666666666664 0.08984375 0.018229166666666668
6 0.42578125 0.041666666666666664 0.0859375 0.018229166666666668
6 0.533203125 0.041666666666666664 0.08203125 0.018229166666666668
6 0.6123046875 0.041666666666666664 0.025390625 0.018229166666666668
6 0.6689453125 0.041666666666666664 0.041015625 0.018229166666666668
2 0.10107421875 0.14388020833333334 0.2021484375 0.11328125
0 0.3447265625 0.2786458333333333 0.689453125 0.4296875
7 0.07763671875 0.24283854166666666 0.1552734375 0.053385416666666664
0 0.76513671875 0.201171875 0.1513671875 0.40234375
2 0.76025390625 0.2897135416666667 0.1416015625 0.17317708333333334
7 0.75537109375 0.4680989583333333 0.1318359375 0.01953125
2 0.76708984375 0.5084635416666666 0.0693359375 0.02734375
7 0.7666015625 0.521484375 0.068359375 0.016927083333333332
0 0.9296875 0.026041666666666668 0.140625 0.052083333333333336
2 0.9638671875 0.024739583333333332 0.072265625 0.049479166666666664
0 0.9296875 0.11067708333333333 0.140625 0.09114583333333333
2 0.9638671875 0.11588541666666667 0.072265625 0.07552083333333333
0 0.9296875 0.23763020833333334 0.140625 0.13671875
2 0.9638671875 0.244140625 0.072265625 0.12369791666666667
0 0.9296875 0.3658854166666667 0.140625 0.09114583333333333
2 0.9638671875 0.37109375 0.072265625 0.07552083333333333
0 0.9296875 0.4772135416666667 0.140625 0.10546875
2 0.9638671875 0.4837239583333333 0.072265625 0.09244791666666667
7 0.0849609375 0.75390625 0.169921875 0.10677083333333333
7 0.19580078125 0.75390625 0.0537109375 0.10677083333333333
2 0.4697265625 0.75390625 0.32421875 0.109375
7 0.34130859375 0.9713541666666666 0.6826171875 0.057291666666666664
4 0.8037109375 0.8815104166666666 0.228515625 0.23697916666666666
4 0.958984375 0.8815104166666666 0.08203125 0.23697916666666666