4 0.10400390625 0.1640625 0.2080078125 0.3125
4 0.3173828125 0.1640625 0.21875 0.3125
4 0.08251953125 0.5188802083333334 0.1650390625 0.12109375
0 0.0830078125 0.5130208333333334 0.1640625 0.1328125
4 0.26220703125 0.5201822916666666 0.1650390625 0.11848958333333333
0 0.26220703125 0.5130208333333334 0.1650390625 0.1328125
4 0.41455078125 0.5188802083333334 0.1103515625 0.12109375
0 0.41455078125 0.5130208333333334 0.1103515625 0.1328125
3 0.94140625 0.2897135416666667 0.1171875 0.5794270833333334
4 0.66943359375 0.21028645833333334 0.3994140625 0.4205729166666667
0 0.66943359375 0.21028645833333334 0.3994140625 0.4205729166666667
2 0.65966796875 0.31640625 0.3798828125 0.15625
0 0.66943359375 0.31640625 0.3994140625 0.16927083333333334
4 0.7119140625 0.5130208333333334 0.314453125 0.1328125
0 0.7119140625 0.5130208333333334 0.314453125 0.1328125
2 0.37646484375 0.6451822916666666 0.1865234375 0.13151041666666666
7 0.328125 0.7434895833333334 0.201171875 0.0234375
0 0.44921875 0.744140625 0.041015625 0.024739583333333332
4 0.2470703125 0.7916666666666666 0.0234375 0.03125
0 0.3486328125 0.7916666666666666 0.2421875 0.052083333333333336
7 0.359375 0.7916666666666666 0.19140625 0.020833333333333332
3 0.3486328125 0.7916666666666666 0.2421875 0.052083333333333336
7 0.3271484375 0.9134114583333334 0.17578125 0.024739583333333332
1 0.3486328125 0.9153645833333334 0.2421875 0.0625
7 0.2724609375 0.9876302083333334 0.06640625 0.024739583333333332
1 0.3486328125 0.9791666666666666 0.2421875 0.041666666666666664
4 0.61865234375 0.7897135416666666 0.2978515625 0.4205729166666667
2 0.8984375 0.6595052083333334 0.203125 0.16015625
0 0.8486328125 0.76171875 0.103515625 0.0234375
0 0.95458984375 0.76171875 0.0908203125 0.0234375
7 0.8984375 0.80859375 0.203125 0.052083333333333336
4 0.80908203125 0.86328125 0.0244140625 0.03125
4 0.84228515625 0.86328125 0.0244140625 0.03125
4 0.87548828125 0.86328125 0.0244140625 0.03125
4 0.90869140625 0.86328125 0.0244140625 0.03125