2 0.10546875 0.07291666666666667 0.2109375 0.0625
0 0.04052734375 0.07291666666666667 0.0810546875 0.0625
7 0.12109375 0.07161458333333333 0.052734375 0.0390625
0 0.1298828125 0.06966145833333333 0.087890625 0.055989583333333336
4 0.1572265625 0.07356770833333333 0.013671875 0.009114583333333334
1 0.3447265625 0.07291666666666667 0.322265625 0.049479166666666664
1 0.52978515625 0.07291666666666667 0.0400390625 0.049479166666666664
6 0.01953125 0.006510416666666667 0.037109375 0.013020833333333334
7 0.04736328125 0.006510416666666667 0.0146484375 0.013020833333333334
6 0.07373046875 0.006510416666666667 0.0400390625 0.013020833333333334
6 0.150390625 0.006510416666666667 0.060546875 0.013020833333333334
6 0.20947265625 0.006510416666666667 0.0205078125 0.013020833333333334
6 0.279296875 0.006510416666666667 0.080078125 0.013020833333333334
6 0.0556640625 0.14973958333333334 0.037109375 0.020833333333333332
6 0.14453125 0.14973958333333334 0.091796875 0.020833333333333332
6 0.24658203125 0.14973958333333334 0.0634765625 0.020833333333333332
6 0.32568359375 0.14973958333333334 0.0458984375 0.020833333333333332
6 0.419921875 0.14973958333333334 0.09375 0.020833333333333332
6 0.5205078125 0.14973958333333334 0.05859375 0.020833333333333332
2 0.0966796875 0.2532552083333333 0.193359375 0.11328125
7 0.1142578125 0.3528645833333333 0.228515625 0.057291666666666664
7 0.0830078125 0.4322916666666667 0.166015625 0.013020833333333334
0 0.0986328125 0.42578125 0.197265625 0.026041666666666668
4 0.388671875 0.3352864583333333 0.21875 0.20703125
7 0.77490234375 0.08528645833333333 0.4501953125 0.05859375
7 0.58935546875 0.150390625 0.0791015625 0.05078125
7 0.740234375 0.150390625 0.22265625 0.05078125
7 0.8544921875 0.150390625 0.005859375 0.05078125
7 0.77490234375 0.21549479166666666 0.4501953125 0.05859375
7 0.58935546875 0.2805989583333333 0.0791015625 0.05078125
7 0.67822265625 0.2805989583333333 0.0986328125 0.05078125
7 0.86181640625 0.2805989583333333 0.2685546875 0.05078125
2 0.24755859375 0.572265625 0.4951171875 0.02734375
6 0.0498046875 0.625 0.099609375 0.020833333333333332
6 0.046875 0.6614583333333334 0.09375 0.020833333333333332
6 0.0498046875 0.6979166666666666 0.099609375 0.020833333333333332
6 0.05712890625 0.7356770833333334 0.1142578125 0.020833333333333332
6 0.05224609375 0.7721354166666666 0.1044921875 0.020833333333333332
7 0.08203125 0.8919270833333334 0.1640625 0.020833333333333332
6 0.1962890625 0.8919270833333334 0.064453125 0.020833333333333332
7 0.2421875 0.904296875 0.484375 0.045572916666666664
2 0.67724609375 0.5546875 0.2548828125 0.0859375
7 0.6875 0.8385416666666666 0.275390625 0.19270833333333334
1 0.935546875 0.55078125 0.12890625 0.044270833333333336
4 0.8828125 0.630859375 0.0234375 0.032552083333333336
2 0.92919921875 0.62890625 0.0400390625 0.03125
7 0.8818359375 0.701171875 0.0234375 0.032552083333333336
2 0.931640625 0.6998697916666666 0.044921875 0.032552083333333336
4 0.87890625 0.7649739583333334 0.015625 0.022135416666666668
6 0.91943359375 0.7688802083333334 0.0595703125 0.022135416666666668
3 0.9462890625 0.8522135416666666 0.107421875 0.06380208333333333
7 0.95654296875 0.919921875 0.0869140625 0.016927083333333332
0 0.953125 0.919921875 0.09375 0.029947916666666668
7 0.8916015625 0.986328125 0.029296875 0.022135416666666668
6 0.953125 0.986328125 0.09375 0.022135416666666668
7 0.9560546875 0.9876302083333334 0.087890625 0.024739583333333332