1 0.0888671875 0.03515625 0.15625 0.049479166666666664
1 0.255859375 0.03515625 0.1640625 0.0546875
0 0.36865234375 0.03515625 0.0615234375 0.052083333333333336
6 0.0126953125 0.11197916666666667 0.025390625 0.018229166666666668
6 0.07470703125 0.11197916666666667 0.0498046875 0.018229166666666668
6 0.17919921875 0.11197916666666667 0.1083984375 0.018229166666666668
6 0.30078125 0.11197916666666667 0.087890625 0.018229166666666668
7 0.3837890625 0.11197916666666667 0.02734375 0.018229166666666668
7 0.4619140625 0.0078125 0.017578125 0.015625
6 0.556640625 0.0078125 0.173828125 0.015625
7 0.6728515625 0.0078125 0.060546875 0.015625
6 0.4873046875 0.055989583333333336 0.068359375 0.03125
7 0.4833984375 0.08723958333333333 0.060546875 0.028645833333333332
6 0.5341796875 0.14192708333333334 0.162109375 0.03125
7 0.53662109375 0.17317708333333334 0.1669921875 0.028645833333333332
6 0.54833984375 0.22786458333333334 0.1904296875 0.03125
7 0.5810546875 0.2591145833333333 0.255859375 0.028645833333333332
6 0.56640625 0.3138020833333333 0.2265625 0.03125
7 0.57958984375 0.3450520833333333 0.2529296875 0.028645833333333332
6 0.53173828125 0.3997395833333333 0.1572265625 0.03125
7 0.57080078125 0.4309895833333333 0.2353515625 0.028645833333333332
6 0.88916015625 0.006510416666666667 0.2216796875 0.013020833333333334
7 0.88916015625 0.044270833333333336 0.2216796875 0.059895833333333336
6 0.88916015625 0.11458333333333333 0.2216796875 0.03125
7 0.88916015625 0.14583333333333334 0.2216796875 0.028645833333333332
6 0.88916015625 0.20052083333333334 0.2216796875 0.03125
7 0.8759765625 0.23177083333333334 0.1953125 0.028645833333333332
6 0.83935546875 0.2864583333333333 0.1220703125 0.03125
7 0.884765625 0.3177083333333333 0.212890625 0.028645833333333332
6 0.80419921875 0.3723958333333333 0.0517578125 0.03125
7 0.88916015625 0.4036458333333333 0.2216796875 0.028645833333333332
7 0.48486328125 0.48828125 0.1416015625 0.0234375
6 0.546875 0.54296875 0.1875 0.03125
7 0.5390625 0.57421875 0.171875 0.028645833333333332
6 0.83642578125 0.5846354166666666 0.1162109375 0.028645833333333332
7 0.2412109375 0.69140625 0.30078125 0.028645833333333332
0 0.37841796875 0.7552083333333334 0.0419921875 0.06510416666666667
0 0.04833984375 0.7552083333333334 0.0966796875 0.06510416666666667
0 0.1484375 0.7552083333333334 0.103515625 0.06510416666666667
0 0.234375 0.7552083333333334 0.068359375 0.06510416666666667
0 0.3115234375 0.7552083333333334 0.0859375 0.06510416666666667
7 0.1005859375 0.8098958333333334 0.064453125 0.015625
2 0.1171875 0.9759114583333334 0.234375 0.048177083333333336
4 0.3388671875 0.9889322916666666 0.12109375 0.022135416666666668
0 0.3388671875 0.9889322916666666 0.12109375 0.022135416666666668
7 0.63671875 0.6158854166666666 0.474609375 0.033854166666666664
4 0.93701171875 0.6608072916666666 0.1259765625 0.12369791666666667
4 0.51171875 0.6315104166666666 0.201171875 0.06510416666666667
4 0.7119140625 0.6315104166666666 0.201171875 0.06510416666666667
4 0.90576171875 0.6315104166666666 0.1884765625 0.06510416666666667
4 0.7119140625 0.8001302083333334 0.201171875 0.2643229166666667
4 0.90576171875 0.8020833333333334 0.1884765625 0.2682291666666667
4 0.90576171875 0.9700520833333334 0.1884765625 0.059895833333333336
4 0.78125 0.9029947916666666 0.29296875 0.19401041666666666
0 0.78125 0.9029947916666666 0.29296875 0.19401041666666666
7 0.78125 0.9049479166666666 0.056640625 0.0234375
0 0.78125 0.9049479166666666 0.087890625 0.046875