7 0.09521484375 0.012369791666666666 0.1904296875 0.024739583333333332
0 0.2744140625 0.014322916666666666 0.158203125 0.028645833333333332
2 0.22998046875 0.055338541666666664 0.4599609375 0.037760416666666664
7 0.1982421875 0.103515625 0.396484375 0.01953125
0 0.0283203125 0.158203125 0.056640625 0.05078125
0 0.1376953125 0.158203125 0.123046875 0.05078125
4 0.3828125 0.3033854166666667 0.154296875 0.11458333333333333
2 0.646484375 0.064453125 0.373046875 0.04296875
2 0.5908203125 0.111328125 0.259765625 0.04296875
7 0.5908203125 0.22200520833333334 0.17578125 0.024739583333333332
0 0.5908203125 0.22200520833333334 0.2109375 0.06901041666666667
4 0.72998046875 0.3736979166666667 0.5400390625 0.171875
7 0.2802734375 0.474609375 0.359375 0.029947916666666668
6 0.14990234375 0.53125 0.1279296875 0.0234375
7 0.27294921875 0.6061197916666666 0.3740234375 0.17317708333333334
6 0.12890625 0.7109375 0.0859375 0.0234375
7 0.27294921875 0.7259114583333334 0.3740234375 0.053385416666666664
7 0.27294921875 0.7858072916666666 0.3740234375 0.053385416666666664
4 0.28955078125 0.919921875 0.3408203125 0.16015625
0 0.27294921875 0.919921875 0.3740234375 0.16015625
4 0.51953125 0.5872395833333334 0.03125 0.041666666666666664
0 0.59619140625 0.59765625 0.1845703125 0.0625
2 0.61962890625 0.5872395833333334 0.1376953125 0.041666666666666664
4 0.6572265625 0.751953125 0.306640625 0.24609375
7 0.6572265625 0.9264322916666666 0.306640625 0.053385416666666664
7 0.611328125 0.994140625 0.1953125 0.01171875
0 0.6572265625 0.9889322916666666 0.306640625 0.022135416666666668