6 0.16650390625 0.19270833333333334 0.2626953125 0.026041666666666668
6 0.16650390625 0.2604166666666667 0.2626953125 0.026041666666666668
6 0.16650390625 0.328125 0.2626953125 0.026041666666666668
6 0.16650390625 0.3958333333333333 0.2626953125 0.026041666666666668
6 0.16650390625 0.455078125 0.2626953125 0.009114583333333334
4 0.69970703125 0.068359375 0.6005859375 0.13671875
7 0.69970703125 0.10481770833333333 0.6005859375 0.024739583333333332
4 0.76025390625 0.068359375 0.4794921875 0.13671875
0 0.41259765625 0.203125 0.0263671875 0.0546875
0 0.49951171875 0.203125 0.1455078125 0.0546875
0 0.654296875 0.203125 0.162109375 0.0546875
0 0.798828125 0.203125 0.125 0.0546875
0 0.92822265625 0.203125 0.1318359375 0.0546875
2 0.62890625 0.28125 0.458984375 0.033854166666666664
7 0.611328125 0.337890625 0.423828125 0.05859375
4 0.943359375 0.3255208333333333 0.11328125 0.1484375
2 0.19970703125 0.578125 0.3994140625 0.036458333333333336
4 0.01416015625 0.6888020833333334 0.0283203125 0.0390625
7 0.08837890625 0.6888020833333334 0.1103515625 0.041666666666666664
4 0.18505859375 0.6888020833333334 0.0302734375 0.0390625
7 0.25390625 0.6888020833333334 0.09765625 0.041666666666666664
4 0.34423828125 0.6888020833333334 0.0302734375 0.0390625
7 0.3818359375 0.6888020833333334 0.03515625 0.041666666666666664
4 0.0556640625 0.7565104166666666 0.029296875 0.0390625
7 0.109375 0.7565104166666666 0.06640625 0.041666666666666664
4 0.1845703125 0.7565104166666666 0.029296875 0.0390625
7 0.2294921875 0.7565104166666666 0.048828125 0.041666666666666664
4 0.2958984375 0.7565104166666666 0.029296875 0.0390625
7 0.3525390625 0.7565104166666666 0.072265625 0.041666666666666664
4 0.0078125 0.82421875 0.015625 0.0390625
7 0.05517578125 0.82421875 0.0673828125 0.041666666666666664
4 0.130859375 0.82421875 0.029296875 0.0390625
7 0.216796875 0.82421875 0.130859375 0.041666666666666664
4 0.32421875 0.82421875 0.029296875 0.0390625
7 0.3720703125 0.82421875 0.0546875 0.041666666666666664
7 0.01806640625 0.8919270833333334 0.0361328125 0.041666666666666664
4 0.078125 0.8919270833333334 0.029296875 0.0390625
7 0.13330078125 0.8919270833333334 0.0693359375 0.041666666666666664
4 0.2099609375 0.8919270833333334 0.029296875 0.0390625
7 0.29443359375 0.8919270833333334 0.1279296875 0.041666666666666664
4 0.392578125 0.8919270833333334 0.013671875 0.0390625
4 0.04150390625 0.9596354166666666 0.0302734375 0.0390625
7 0.13525390625 0.9596354166666666 0.1474609375 0.041666666666666664
4 0.25048828125 0.9596354166666666 0.0302734375 0.0390625
7 0.29736328125 0.9596354166666666 0.0537109375 0.041666666666666664
4 0.36572265625 0.9596354166666666 0.0302734375 0.0390625
2 0.69970703125 0.5377604166666666 0.6005859375 0.07291666666666667
7 0.64306640625 0.6061197916666666 0.4873046875 0.055989583333333336
4 0.708984375 0.7408854166666666 0.03125 0.041666666666666664
0 0.78564453125 0.7513020833333334 0.1845703125 0.0625
2 0.80908203125 0.7408854166666666 0.1376953125 0.041666666666666664
4 0.8466796875 0.8912760416666666 0.306640625 0.21744791666666666