6 0.02587890625 0.20247395833333334 0.0517578125 0.024739583333333332
4 0.0537109375 0.2643229166666667 0.107421875 0.06770833333333333
7 0.0537109375 0.32421875 0.107421875 0.028645833333333332
6 0.25927734375 0.010416666666666666 0.0341796875 0.020833333333333332
7 0.2783203125 0.010416666666666666 0.00390625 0.020833333333333332
7 0.15380859375 0.05078125 0.0537109375 0.026041666666666668
5 0.34521484375 0.05078125 0.3212890625 0.026041666666666668
1 0.29248046875 0.095703125 0.3310546875 0.029947916666666668
1 0.47705078125 0.09635416666666667 0.0302734375 0.028645833333333332
6 0.1767578125 0.146484375 0.099609375 0.024739583333333332
0 0.796875 0.03125 0.095703125 0.046875
7 0.92138671875 0.03125 0.0869140625 0.020833333333333332
0 0.92138671875 0.03125 0.1337890625 0.046875
3 0.8271484375 0.0390625 0.345703125 0.078125
7 0.6875 0.3294270833333333 0.13671875 0.03125
0 0.6875 0.3294270833333333 0.13671875 0.03125
4 0.7265625 0.3294270833333333 0.05859375 0.03125
7 0.853515625 0.3294270833333333 0.13671875 0.03125
0 0.853515625 0.3294270833333333 0.13671875 0.03125
4 0.892578125 0.3294270833333333 0.05859375 0.03125
4 0.294921875 0.4654947916666667 0.58984375 0.18880208333333334
0 0.294921875 0.4654947916666667 0.58984375 0.19140625
4 0.294921875 0.755859375 0.58984375 0.3658854166666667
0 0.294921875 0.755859375 0.58984375 0.3658854166666667
4 0.27392578125 0.9752604166666666 0.3212890625 0.049479166666666664
0 0.27392578125 0.9752604166666666 0.3212890625 0.049479166666666664
7 0.0224609375 0.3567708333333333 0.044921875 0.015625
7 0.087890625 0.4420572916666667 0.17578125 0.09765625
1 0.40625 0.3684895833333333 0.328125 0.0390625
7 0.33642578125 0.3515625 0.1884765625 0.005208333333333333
1 0.40625 0.45703125 0.328125 0.049479166666666664
7 0.29638671875 0.458984375 0.1083984375 0.024739583333333332
7 0.5458984375 0.4544270833333333 0.048828125 0.0234375
0 0.5458984375 0.455078125 0.048828125 0.02734375
7 0.40625 0.5572916666666666 0.03515625 0.0234375
0 0.40625 0.5572916666666666 0.328125 0.0625
7 0.40625 0.6217447916666666 0.328125 0.024739583333333332
0 0.40625 0.6861979166666666 0.328125 0.0625
6 0.40625 0.8984375 0.2109375 0.020833333333333332
0 0.6083984375 0.83203125 0.037109375 0.020833333333333332
4 0.8583984375 0.3763020833333333 0.0625 0.0546875
7 0.75390625 0.3873697916666667 0.125 0.07682291666666667
0 0.77294921875 0.4375 0.1630859375 0.018229166666666668
2 0.79150390625 0.5188802083333334 0.2001953125 0.022135416666666668
7 0.79638671875 0.5533854166666666 0.1904296875 0.020833333333333332
0 0.73095703125 0.5729166666666666 0.0302734375 0.018229166666666668
7 0.74951171875 0.572265625 0.0068359375 0.016927083333333332
6 0.763671875 0.5729166666666666 0.0234375 0.018229166666666668
0 0.763671875 0.5729166666666666 0.0234375 0.018229166666666668
7 0.79638671875 0.6028645833333334 0.1904296875 0.020833333333333332
0 0.7412109375 0.6223958333333334 0.05078125 0.018229166666666668
7 0.79638671875 0.65234375 0.1904296875 0.020833333333333332
0 0.736328125 0.671875 0.041015625 0.018229166666666668
7 0.79638671875 0.7018229166666666 0.1904296875 0.020833333333333332
0 0.740234375 0.7213541666666666 0.048828125 0.018229166666666668
7 0.79638671875 0.7513020833333334 0.1904296875 0.020833333333333332
0 0.73095703125 0.7708333333333334 0.0302734375 0.018229166666666668
7 0.79638671875 0.80078125 0.1904296875 0.020833333333333332
0 0.7314453125 0.8203125 0.03125 0.018229166666666668
7 0.79638671875 0.8502604166666666 0.1904296875 0.020833333333333332
7 0.72705078125 0.869140625 0.0224609375 0.016927083333333332
0 0.798828125 0.8697916666666666 0.123046875 0.018229166666666668
2 0.79150390625 0.9615885416666666 0.2001953125 0.022135416666666668
0 0.80224609375 0.9934895833333334 0.1728515625 0.013020833333333334