3 0.15234375 0.20833333333333334 0.3046875 0.3255208333333333
7 0.482421875 0.044270833333333336 0.015625 0.020833333333333332
0 0.5185546875 0.044270833333333336 0.119140625 0.0625
7 0.5302734375 0.044270833333333336 0.064453125 0.026041666666666668
7 0.609375 0.044270833333333336 0.015625 0.020833333333333332
0 0.63330078125 0.044270833333333336 0.0947265625 0.0625
7 0.64501953125 0.044270833333333336 0.0400390625 0.026041666666666668
7 0.7119140625 0.044270833333333336 0.015625 0.020833333333333332
0 0.79345703125 0.044270833333333336 0.2099609375 0.0625
7 0.80517578125 0.044270833333333336 0.1552734375 0.026041666666666668
7 0.9296875 0.044270833333333336 0.015625 0.020833333333333332
0 0.953125 0.044270833333333336 0.09375 0.0625
7 0.97265625 0.044270833333333336 0.0546875 0.026041666666666668
7 0.724609375 0.16731770833333334 0.201171875 0.024739583333333332
6 0.912109375 0.16731770833333334 0.17578125 0.024739583333333332
7 0.79736328125 0.205078125 0.2353515625 0.024739583333333332
6 0.9404296875 0.205078125 0.052734375 0.024739583333333332
6 0.36669921875 0.2740885416666667 0.0556640625 0.022135416666666668
6 0.44580078125 0.2740885416666667 0.0771484375 0.022135416666666668
6 0.5302734375 0.2740885416666667 0.06640625 0.022135416666666668
6 0.62890625 0.2740885416666667 0.10546875 0.022135416666666668
6 0.71630859375 0.2740885416666667 0.0439453125 0.022135416666666668
6 0.7998046875 0.2740885416666667 0.09765625 0.022135416666666668
6 0.90673828125 0.2740885416666667 0.0908203125 0.022135416666666668
6 0.982421875 0.2740885416666667 0.03515625 0.022135416666666668
7 0.38525390625 0.333984375 0.0927734375 0.02734375
6 0.53076171875 0.333984375 0.1982421875 0.022135416666666668
6 0.68212890625 0.333984375 0.0791015625 0.022135416666666668
0 0.80908203125 0.333984375 0.1494140625 0.02734375
7 0.66943359375 0.3841145833333333 0.6611328125 0.010416666666666666
0 0.01025390625 0.4479166666666667 0.0205078125 0.08333333333333333
0 0.07763671875 0.4479166666666667 0.1142578125 0.08333333333333333
0 0.189453125 0.4479166666666667 0.109375 0.08333333333333333
0 0.31005859375 0.4479166666666667 0.0380859375 0.08333333333333333
7 0.16455078125 0.52734375 0.3291015625 0.020833333333333332
7 0.16455078125 0.7447916666666666 0.3291015625 0.5104166666666666
4 0.16455078125 0.7447916666666666 0.3291015625 0.5104166666666666
2 0.16455078125 0.671875 0.3291015625 0.078125
7 0.09619140625 0.7786458333333334 0.1923828125 0.0390625
7 0.134765625 0.8372395833333334 0.26953125 0.0390625
7 0.1474609375 0.8958333333333334 0.294921875 0.0390625
0 0.0458984375 0.982421875 0.091796875 0.03515625
7 0.369140625 0.4739583333333333 0.080078125 0.028645833333333332
0 0.3818359375 0.4739583333333333 0.10546875 0.08333333333333333
6 0.38232421875 0.5774739583333334 0.0869140625 0.024739583333333332
6 0.45947265625 0.5774739583333334 0.0673828125 0.024739583333333332
6 0.544921875 0.5774739583333334 0.103515625 0.024739583333333332
4 0.5537109375 0.9635416666666666 0.44921875 0.07291666666666667
4 0.76318359375 0.9635416666666666 0.4736328125 0.07291666666666667
4 0.76318359375 0.9635416666666666 0.4736328125 0.07291666666666667
4 0.76318359375 0.9635416666666666 0.4736328125 0.07291666666666667
4 0.76318359375 0.9635416666666666 0.4736328125 0.07291666666666667
4 0.76318359375 0.9635416666666666 0.4736328125 0.07291666666666667
4 0.4814453125 0.9635416666666666 0.3046875 0.07291666666666667
4 0.515625 0.9674479166666666 0.373046875 0.06510416666666667
4 0.50830078125 0.9700520833333334 0.0361328125 0.059895833333333336
7 0.81396484375 0.9596354166666666 0.2333984375 0.041666666666666664
7 0.810546875 0.9908854166666666 0.2265625 0.018229166666666668