3 0.28173828125 0.21223958333333334 0.5361328125 0.3255208333333333
0 0.0966796875 0.484375 0.15625 0.10416666666666667
4 0.2060546875 0.4830729166666667 0.0234375 0.03125
0 0.23095703125 0.4830729166666667 0.0732421875 0.033854166666666664
7 0.24658203125 0.4830729166666667 0.0419921875 0.033854166666666664
7 0.65771484375 0.0078125 0.2158203125 0.015625
0 0.66748046875 0.0078125 0.2353515625 0.015625
7 0.65771484375 0.041666666666666664 0.2158203125 0.052083333333333336
0 0.66748046875 0.041666666666666664 0.2353515625 0.052083333333333336
7 0.65771484375 0.0078125 0.2158203125 0.015625
0 0.66748046875 0.0078125 0.2353515625 0.015625
7 0.65771484375 0.041666666666666664 0.2158203125 0.052083333333333336
0 0.66748046875 0.041666666666666664 0.2353515625 0.052083333333333336
7 0.65771484375 0.09375 0.2158203125 0.052083333333333336
0 0.66748046875 0.09375 0.2353515625 0.052083333333333336
7 0.65771484375 0.14583333333333334 0.2158203125 0.052083333333333336
0 0.66748046875 0.14583333333333334 0.2353515625 0.052083333333333336
7 0.65771484375 0.19791666666666666 0.2158203125 0.052083333333333336
0 0.66748046875 0.19791666666666666 0.2353515625 0.052083333333333336
7 0.65771484375 0.25 0.2158203125 0.052083333333333336
0 0.66748046875 0.25 0.2353515625 0.052083333333333336
7 0.65771484375 0.3020833333333333 0.2158203125 0.052083333333333336
0 0.66748046875 0.3020833333333333 0.2353515625 0.052083333333333336
7 0.65771484375 0.0078125 0.2158203125 0.015625
0 0.66748046875 0.0078125 0.2353515625 0.015625
7 0.65771484375 0.0078125 0.2158203125 0.015625
0 0.66748046875 0.0078125 0.2353515625 0.015625
7 0.90234375 0.0078125 0.1953125 0.015625
0 0.892578125 0.0078125 0.21484375 0.015625
7 0.65771484375 0.041666666666666664 0.2158203125 0.052083333333333336
0 0.66748046875 0.041666666666666664 0.2353515625 0.052083333333333336
7 0.65771484375 0.09375 0.2158203125 0.052083333333333336
0 0.66748046875 0.09375 0.2353515625 0.052083333333333336
7 0.65771484375 0.14583333333333334 0.2158203125 0.052083333333333336
0 0.66748046875 0.14583333333333334 0.2353515625 0.052083333333333336
7 0.65771484375 0.19791666666666666 0.2158203125 0.052083333333333336
0 0.66748046875 0.19791666666666666 0.2353515625 0.052083333333333336
7 0.65771484375 0.25 0.2158203125 0.052083333333333336
0 0.66748046875 0.25 0.2353515625 0.052083333333333336
7 0.65771484375 0.3020833333333333 0.2158203125 0.052083333333333336
0 0.66748046875 0.3020833333333333 0.2353515625 0.052083333333333336
7 0.65771484375 0.3541666666666667 0.2158203125 0.052083333333333336
0 0.66748046875 0.3541666666666667 0.2353515625 0.052083333333333336
7 0.65771484375 0.40625 0.2158203125 0.052083333333333336
0 0.66748046875 0.40625 0.2353515625 0.052083333333333336
4 0.76171875 0.40625 0.01953125 0.026041666666666668
7 0.90234375 0.0078125 0.1953125 0.015625
0 0.892578125 0.0078125 0.21484375 0.015625
7 0.65771484375 0.4583333333333333 0.2158203125 0.052083333333333336
0 0.66748046875 0.4583333333333333 0.2353515625 0.052083333333333336
7 0.65771484375 0.0078125 0.2158203125 0.015625
0 0.66748046875 0.0078125 0.2353515625 0.015625
7 0.65771484375 0.041666666666666664 0.2158203125 0.052083333333333336
0 0.66748046875 0.041666666666666664 0.2353515625 0.052083333333333336
7 0.65771484375 0.09375 0.2158203125 0.052083333333333336
0 0.66748046875 0.09375 0.2353515625 0.052083333333333336
7 0.65771484375 0.14583333333333334 0.2158203125 0.052083333333333336
0 0.66748046875 0.14583333333333334 0.2353515625 0.052083333333333336
7 0.65771484375 0.19791666666666666 0.2158203125 0.052083333333333336
0 0.66748046875 0.19791666666666666 0.2353515625 0.052083333333333336
7 0.65771484375 0.0078125 0.2158203125 0.015625
0 0.66748046875 0.0078125 0.2353515625 0.015625
7 0.65771484375 0.041666666666666664 0.2158203125 0.052083333333333336
0 0.66748046875 0.041666666666666664 0.2353515625 0.052083333333333336
7 0.65771484375 0.09375 0.2158203125 0.052083333333333336
0 0.66748046875 0.09375 0.2353515625 0.052083333333333336
7 0.65771484375 0.0078125 0.2158203125 0.015625
0 0.66748046875 0.0078125 0.2353515625 0.015625
7 0.65771484375 0.041666666666666664 0.2158203125 0.052083333333333336
0 0.66748046875 0.041666666666666664 0.2353515625 0.052083333333333336
7 0.65771484375 0.0078125 0.2158203125 0.015625
0 0.66748046875 0.0078125 0.2353515625 0.015625
7 0.65771484375 0.041666666666666664 0.2158203125 0.052083333333333336
0 0.66748046875 0.041666666666666664 0.2353515625 0.052083333333333336
7 0.65771484375 0.09375 0.2158203125 0.052083333333333336
0 0.66748046875 0.09375 0.2353515625 0.052083333333333336
7 0.65771484375 0.14583333333333334 0.2158203125 0.052083333333333336
0 0.66748046875 0.14583333333333334 0.2353515625 0.052083333333333336
7 0.65771484375 0.19791666666666666 0.2158203125 0.052083333333333336
0 0.66748046875 0.19791666666666666 0.2353515625 0.052083333333333336
7 0.65771484375 0.0078125 0.2158203125 0.015625
0 0.66748046875 0.0078125 0.2353515625 0.015625
7 0.65771484375 0.0078125 0.2158203125 0.015625
0 0.66748046875 0.0078125 0.2353515625 0.015625
7 0.90234375 0.0078125 0.1953125 0.015625
0 0.892578125 0.0078125 0.21484375 0.015625
7 0.90234375 0.041666666666666664 0.1953125 0.052083333333333336
0 0.892578125 0.041666666666666664 0.21484375 0.052083333333333336
7 0.90234375 0.09375 0.1953125 0.052083333333333336
0 0.892578125 0.09375 0.21484375 0.052083333333333336
7 0.90234375 0.14583333333333334 0.1953125 0.052083333333333336
0 0.892578125 0.14583333333333334 0.21484375 0.052083333333333336
7 0.90234375 0.19791666666666666 0.1953125 0.052083333333333336
0 0.892578125 0.19791666666666666 0.21484375 0.052083333333333336
7 0.65771484375 0.0078125 0.2158203125 0.015625
0 0.66748046875 0.0078125 0.2353515625 0.015625
7 0.90234375 0.0078125 0.1953125 0.015625
0 0.892578125 0.0078125 0.21484375 0.015625
7 0.90234375 0.041666666666666664 0.1953125 0.052083333333333336
0 0.892578125 0.041666666666666664 0.21484375 0.052083333333333336
7 0.90234375 0.09375 0.1953125 0.052083333333333336
0 0.892578125 0.09375 0.21484375 0.052083333333333336
7 0.90234375 0.14583333333333334 0.1953125 0.052083333333333336
0 0.892578125 0.14583333333333334 0.21484375 0.052083333333333336
7 0.90234375 0.19791666666666666 0.1953125 0.052083333333333336
0 0.892578125 0.19791666666666666 0.21484375 0.052083333333333336
7 0.90234375 0.25 0.1953125 0.052083333333333336
0 0.892578125 0.25 0.21484375 0.052083333333333336
7 0.90234375 0.3020833333333333 0.1953125 0.052083333333333336
0 0.892578125 0.3020833333333333 0.21484375 0.052083333333333336
7 0.65771484375 0.041666666666666664 0.2158203125 0.052083333333333336
0 0.66748046875 0.041666666666666664 0.2353515625 0.052083333333333336
4 0.76171875 0.041666666666666664 0.01953125 0.026041666666666668
7 0.90234375 0.0078125 0.1953125 0.015625
0 0.892578125 0.0078125 0.21484375 0.015625
7 0.90234375 0.041666666666666664 0.1953125 0.052083333333333336
0 0.892578125 0.041666666666666664 0.21484375 0.052083333333333336
7 0.90234375 0.09375 0.1953125 0.052083333333333336
0 0.892578125 0.09375 0.21484375 0.052083333333333336
7 0.90234375 0.14583333333333334 0.1953125 0.052083333333333336
0 0.892578125 0.14583333333333334 0.21484375 0.052083333333333336
7 0.90234375 0.19791666666666666 0.1953125 0.052083333333333336
0 0.892578125 0.19791666666666666 0.21484375 0.052083333333333336
7 0.65771484375 0.09375 0.2158203125 0.052083333333333336
0 0.66748046875 0.09375 0.2353515625 0.052083333333333336
4 0.76171875 0.09375 0.01953125 0.026041666666666668
7 0.90234375 0.0078125 0.1953125 0.015625
0 0.892578125 0.0078125 0.21484375 0.015625
7 0.90234375 0.041666666666666664 0.1953125 0.052083333333333336
0 0.892578125 0.041666666666666664 0.21484375 0.052083333333333336
7 0.90234375 0.09375 0.1953125 0.052083333333333336
0 0.892578125 0.09375 0.21484375 0.052083333333333336
7 0.90234375 0.14583333333333334 0.1953125 0.052083333333333336
0 0.892578125 0.14583333333333334 0.21484375 0.052083333333333336
7 0.90234375 0.19791666666666666 0.1953125 0.052083333333333336
0 0.892578125 0.19791666666666666 0.21484375 0.052083333333333336
7 0.90234375 0.0078125 0.1953125 0.015625
0 0.892578125 0.0078125 0.21484375 0.015625
7 0.90234375 0.041666666666666664 0.1953125 0.052083333333333336
0 0.892578125 0.041666666666666664 0.21484375 0.052083333333333336
7 0.90234375 0.09375 0.1953125 0.052083333333333336
0 0.892578125 0.09375 0.21484375 0.052083333333333336
7 0.90234375 0.14583333333333334 0.1953125 0.052083333333333336
0 0.892578125 0.14583333333333334 0.21484375 0.052083333333333336
7 0.90234375 0.19791666666666666 0.1953125 0.052083333333333336
0 0.892578125 0.19791666666666666 0.21484375 0.052083333333333336
7 0.65771484375 0.0078125 0.2158203125 0.015625
0 0.66748046875 0.0078125 0.2353515625 0.015625
7 0.90234375 0.0078125 0.1953125 0.015625
0 0.892578125 0.0078125 0.21484375 0.015625
7 0.90234375 0.041666666666666664 0.1953125 0.052083333333333336
0 0.892578125 0.041666666666666664 0.21484375 0.052083333333333336
7 0.90234375 0.09375 0.1953125 0.052083333333333336
0 0.892578125 0.09375 0.21484375 0.052083333333333336
7 0.90234375 0.14583333333333334 0.1953125 0.052083333333333336
0 0.892578125 0.14583333333333334 0.21484375 0.052083333333333336
7 0.90234375 0.19791666666666666 0.1953125 0.052083333333333336
0 0.892578125 0.19791666666666666 0.21484375 0.052083333333333336
7 0.90234375 0.25 0.1953125 0.052083333333333336
0 0.892578125 0.25 0.21484375 0.052083333333333336
7 0.65771484375 0.041666666666666664 0.2158203125 0.052083333333333336
0 0.66748046875 0.041666666666666664 0.2353515625 0.052083333333333336
4 0.76171875 0.041666666666666664 0.01953125 0.026041666666666668
7 0.90234375 0.0078125 0.1953125 0.015625
0 0.892578125 0.0078125 0.21484375 0.015625
7 0.90234375 0.041666666666666664 0.1953125 0.052083333333333336
0 0.892578125 0.041666666666666664 0.21484375 0.052083333333333336
7 0.90234375 0.09375 0.1953125 0.052083333333333336
0 0.892578125 0.09375 0.21484375 0.052083333333333336
7 0.90234375 0.14583333333333334 0.1953125 0.052083333333333336
0 0.892578125 0.14583333333333334 0.21484375 0.052083333333333336
7 0.90234375 0.19791666666666666 0.1953125 0.052083333333333336
0 0.892578125 0.19791666666666666 0.21484375 0.052083333333333336
7 0.65771484375 0.09375 0.2158203125 0.052083333333333336
0 0.66748046875 0.09375 0.2353515625 0.052083333333333336
4 0.76171875 0.09375 0.01953125 0.026041666666666668
7 0.90234375 0.0078125 0.1953125 0.015625
0 0.892578125 0.0078125 0.21484375 0.015625
7 0.90234375 0.041666666666666664 0.1953125 0.052083333333333336
0 0.892578125 0.041666666666666664 0.21484375 0.052083333333333336
7 0.90234375 0.09375 0.1953125 0.052083333333333336
0 0.892578125 0.09375 0.21484375 0.052083333333333336
7 0.90234375 0.14583333333333334 0.1953125 0.052083333333333336
0 0.892578125 0.14583333333333334 0.21484375 0.052083333333333336
7 0.90234375 0.19791666666666666 0.1953125 0.052083333333333336
0 0.892578125 0.19791666666666666 0.21484375 0.052083333333333336
7 0.90234375 0.25 0.1953125 0.052083333333333336
0 0.892578125 0.25 0.21484375 0.052083333333333336
7 0.90234375 0.3020833333333333 0.1953125 0.052083333333333336
0 0.892578125 0.3020833333333333 0.21484375 0.052083333333333336
7 0.65771484375 0.14583333333333334 0.2158203125 0.052083333333333336
0 0.66748046875 0.14583333333333334 0.2353515625 0.052083333333333336
4 0.76171875 0.14583333333333334 0.01953125 0.026041666666666668
7 0.90234375 0.0078125 0.1953125 0.015625
0 0.892578125 0.0078125 0.21484375 0.015625
7 0.90234375 0.041666666666666664 0.1953125 0.052083333333333336
0 0.892578125 0.041666666666666664 0.21484375 0.052083333333333336
7 0.90234375 0.09375 0.1953125 0.052083333333333336
0 0.892578125 0.09375 0.21484375 0.052083333333333336
7 0.90234375 0.14583333333333334 0.1953125 0.052083333333333336
0 0.892578125 0.14583333333333334 0.21484375 0.052083333333333336
7 0.90234375 0.19791666666666666 0.1953125 0.052083333333333336
0 0.892578125 0.19791666666666666 0.21484375 0.052083333333333336
7 0.65771484375 0.19791666666666666 0.2158203125 0.052083333333333336
0 0.66748046875 0.19791666666666666 0.2353515625 0.052083333333333336
4 0.76171875 0.19791666666666666 0.01953125 0.026041666666666668
7 0.90234375 0.0078125 0.1953125 0.015625
0 0.892578125 0.0078125 0.21484375 0.015625
7 0.90234375 0.041666666666666664 0.1953125 0.052083333333333336
0 0.892578125 0.041666666666666664 0.21484375 0.052083333333333336
7 0.65771484375 0.25 0.2158203125 0.052083333333333336
0 0.66748046875 0.25 0.2353515625 0.052083333333333336
4 0.76171875 0.25 0.01953125 0.026041666666666668
7 0.90234375 0.0078125 0.1953125 0.015625
0 0.892578125 0.0078125 0.21484375 0.015625
7 0.90234375 0.041666666666666664 0.1953125 0.052083333333333336
0 0.892578125 0.041666666666666664 0.21484375 0.052083333333333336
7 0.90234375 0.09375 0.1953125 0.052083333333333336
0 0.892578125 0.09375 0.21484375 0.052083333333333336
7 0.90234375 0.14583333333333334 0.1953125 0.052083333333333336
0 0.892578125 0.14583333333333334 0.21484375 0.052083333333333336
7 0.90234375 0.19791666666666666 0.1953125 0.052083333333333336
0 0.892578125 0.19791666666666666 0.21484375 0.052083333333333336
7 0.90234375 0.25 0.1953125 0.052083333333333336
0 0.892578125 0.25 0.21484375 0.052083333333333336
7 0.65771484375 0.3020833333333333 0.2158203125 0.052083333333333336
0 0.66748046875 0.3020833333333333 0.2353515625 0.052083333333333336
4 0.76171875 0.3020833333333333 0.01953125 0.026041666666666668
7 0.90234375 0.0078125 0.1953125 0.015625
0 0.892578125 0.0078125 0.21484375 0.015625
7 0.90234375 0.041666666666666664 0.1953125 0.052083333333333336
0 0.892578125 0.041666666666666664 0.21484375 0.052083333333333336
7 0.90234375 0.09375 0.1953125 0.052083333333333336
0 0.892578125 0.09375 0.21484375 0.052083333333333336
7 0.90234375 0.14583333333333334 0.1953125 0.052083333333333336
0 0.892578125 0.14583333333333334 0.21484375 0.052083333333333336
7 0.90234375 0.19791666666666666 0.1953125 0.052083333333333336
0 0.892578125 0.19791666666666666 0.21484375 0.052083333333333336
7 0.65771484375 0.3541666666666667 0.2158203125 0.052083333333333336
0 0.66748046875 0.3541666666666667 0.2353515625 0.052083333333333336
4 0.76171875 0.3541666666666667 0.01953125 0.026041666666666668
7 0.90234375 0.0078125 0.1953125 0.015625
0 0.892578125 0.0078125 0.21484375 0.015625
7 0.90234375 0.041666666666666664 0.1953125 0.052083333333333336
0 0.892578125 0.041666666666666664 0.21484375 0.052083333333333336
7 0.90234375 0.09375 0.1953125 0.052083333333333336
0 0.892578125 0.09375 0.21484375 0.052083333333333336
7 0.90234375 0.14583333333333334 0.1953125 0.052083333333333336
0 0.892578125 0.14583333333333334 0.21484375 0.052083333333333336
7 0.90234375 0.19791666666666666 0.1953125 0.052083333333333336
0 0.892578125 0.19791666666666666 0.21484375 0.052083333333333336
7 0.90234375 0.0078125 0.1953125 0.015625
0 0.892578125 0.0078125 0.21484375 0.015625
7 0.90234375 0.041666666666666664 0.1953125 0.052083333333333336
0 0.892578125 0.041666666666666664 0.21484375 0.052083333333333336
7 0.90234375 0.09375 0.1953125 0.052083333333333336
0 0.892578125 0.09375 0.21484375 0.052083333333333336
7 0.90234375 0.14583333333333334 0.1953125 0.052083333333333336
0 0.892578125 0.14583333333333334 0.21484375 0.052083333333333336
7 0.90234375 0.19791666666666666 0.1953125 0.052083333333333336
0 0.892578125 0.19791666666666666 0.21484375 0.052083333333333336
7 0.65771484375 0.0078125 0.2158203125 0.015625
0 0.66748046875 0.0078125 0.2353515625 0.015625
7 0.90234375 0.0078125 0.1953125 0.015625
0 0.892578125 0.0078125 0.21484375 0.015625
7 0.90234375 0.041666666666666664 0.1953125 0.052083333333333336
0 0.892578125 0.041666666666666664 0.21484375 0.052083333333333336
7 0.90234375 0.09375 0.1953125 0.052083333333333336
0 0.892578125 0.09375 0.21484375 0.052083333333333336
7 0.90234375 0.14583333333333334 0.1953125 0.052083333333333336
0 0.892578125 0.14583333333333334 0.21484375 0.052083333333333336
7 0.90234375 0.19791666666666666 0.1953125 0.052083333333333336
0 0.892578125 0.19791666666666666 0.21484375 0.052083333333333336
7 0.65771484375 0.041666666666666664 0.2158203125 0.052083333333333336
0 0.66748046875 0.041666666666666664 0.2353515625 0.052083333333333336
4 0.76171875 0.041666666666666664 0.01953125 0.026041666666666668
7 0.90234375 0.0078125 0.1953125 0.015625
0 0.892578125 0.0078125 0.21484375 0.015625
7 0.90234375 0.041666666666666664 0.1953125 0.052083333333333336
0 0.892578125 0.041666666666666664 0.21484375 0.052083333333333336
7 0.90234375 0.09375 0.1953125 0.052083333333333336
0 0.892578125 0.09375 0.21484375 0.052083333333333336
7 0.90234375 0.14583333333333334 0.1953125 0.052083333333333336
0 0.892578125 0.14583333333333334 0.21484375 0.052083333333333336
7 0.90234375 0.19791666666666666 0.1953125 0.052083333333333336
0 0.892578125 0.19791666666666666 0.21484375 0.052083333333333336
7 0.65771484375 0.09375 0.2158203125 0.052083333333333336
0 0.66748046875 0.09375 0.2353515625 0.052083333333333336
4 0.76171875 0.09375 0.01953125 0.026041666666666668
7 0.90234375 0.0078125 0.1953125 0.015625
0 0.892578125 0.0078125 0.21484375 0.015625
7 0.65771484375 0.14583333333333334 0.2158203125 0.052083333333333336
0 0.66748046875 0.14583333333333334 0.2353515625 0.052083333333333336
4 0.76171875 0.14583333333333334 0.01953125 0.026041666666666668
7 0.90234375 0.0078125 0.1953125 0.015625
0 0.892578125 0.0078125 0.21484375 0.015625
7 0.90234375 0.041666666666666664 0.1953125 0.052083333333333336
0 0.892578125 0.041666666666666664 0.21484375 0.052083333333333336
7 0.90234375 0.09375 0.1953125 0.052083333333333336
0 0.892578125 0.09375 0.21484375 0.052083333333333336
7 0.90234375 0.14583333333333334 0.1953125 0.052083333333333336
0 0.892578125 0.14583333333333334 0.21484375 0.052083333333333336
7 0.90234375 0.19791666666666666 0.1953125 0.052083333333333336
0 0.892578125 0.19791666666666666 0.21484375 0.052083333333333336
7 0.65771484375 0.19791666666666666 0.2158203125 0.052083333333333336
0 0.66748046875 0.19791666666666666 0.2353515625 0.052083333333333336
4 0.76171875 0.19791666666666666 0.01953125 0.026041666666666668
7 0.90234375 0.0078125 0.1953125 0.015625
0 0.892578125 0.0078125 0.21484375 0.015625
7 0.90234375 0.041666666666666664 0.1953125 0.052083333333333336
0 0.892578125 0.041666666666666664 0.21484375 0.052083333333333336
7 0.90234375 0.09375 0.1953125 0.052083333333333336
0 0.892578125 0.09375 0.21484375 0.052083333333333336
7 0.90234375 0.14583333333333334 0.1953125 0.052083333333333336
0 0.892578125 0.14583333333333334 0.21484375 0.052083333333333336
7 0.90234375 0.19791666666666666 0.1953125 0.052083333333333336
0 0.892578125 0.19791666666666666 0.21484375 0.052083333333333336
7 0.65771484375 0.25 0.2158203125 0.052083333333333336
0 0.66748046875 0.25 0.2353515625 0.052083333333333336
4 0.76171875 0.25 0.01953125 0.026041666666666668
7 0.90234375 0.0078125 0.1953125 0.015625
0 0.892578125 0.0078125 0.21484375 0.015625
7 0.90234375 0.041666666666666664 0.1953125 0.052083333333333336
0 0.892578125 0.041666666666666664 0.21484375 0.052083333333333336
7 0.90234375 0.09375 0.1953125 0.052083333333333336
0 0.892578125 0.09375 0.21484375 0.052083333333333336
7 0.90234375 0.14583333333333334 0.1953125 0.052083333333333336
0 0.892578125 0.14583333333333334 0.21484375 0.052083333333333336
7 0.90234375 0.19791666666666666 0.1953125 0.052083333333333336
0 0.892578125 0.19791666666666666 0.21484375 0.052083333333333336
7 0.90234375 0.0078125 0.1953125 0.015625
0 0.892578125 0.0078125 0.21484375 0.015625
7 0.90234375 0.041666666666666664 0.1953125 0.052083333333333336
0 0.892578125 0.041666666666666664 0.21484375 0.052083333333333336
7 0.90234375 0.09375 0.1953125 0.052083333333333336
0 0.892578125 0.09375 0.21484375 0.052083333333333336
7 0.90234375 0.14583333333333334 0.1953125 0.052083333333333336
0 0.892578125 0.14583333333333334 0.21484375 0.052083333333333336
7 0.90234375 0.19791666666666666 0.1953125 0.052083333333333336
0 0.892578125 0.19791666666666666 0.21484375 0.052083333333333336
7 0.90234375 0.25 0.1953125 0.052083333333333336
0 0.892578125 0.25 0.21484375 0.052083333333333336
7 0.90234375 0.3020833333333333 0.1953125 0.052083333333333336
0 0.892578125 0.3020833333333333 0.21484375 0.052083333333333336
7 0.90234375 0.3541666666666667 0.1953125 0.052083333333333336
0 0.892578125 0.3541666666666667 0.21484375 0.052083333333333336
7 0.65771484375 0.0078125 0.2158203125 0.015625
0 0.66748046875 0.0078125 0.2353515625 0.015625
7 0.90234375 0.0078125 0.1953125 0.015625
0 0.892578125 0.0078125 0.21484375 0.015625
7 0.90234375 0.041666666666666664 0.1953125 0.052083333333333336
0 0.892578125 0.041666666666666664 0.21484375 0.052083333333333336
7 0.90234375 0.09375 0.1953125 0.052083333333333336
0 0.892578125 0.09375 0.21484375 0.052083333333333336
7 0.90234375 0.14583333333333334 0.1953125 0.052083333333333336
0 0.892578125 0.14583333333333334 0.21484375 0.052083333333333336
7 0.90234375 0.19791666666666666 0.1953125 0.052083333333333336
0 0.892578125 0.19791666666666666 0.21484375 0.052083333333333336
7 0.90234375 0.25 0.1953125 0.052083333333333336
0 0.892578125 0.25 0.21484375 0.052083333333333336
7 0.65771484375 0.041666666666666664 0.2158203125 0.052083333333333336
0 0.66748046875 0.041666666666666664 0.2353515625 0.052083333333333336
4 0.76171875 0.041666666666666664 0.01953125 0.026041666666666668
7 0.90234375 0.0078125 0.1953125 0.015625
0 0.892578125 0.0078125 0.21484375 0.015625
7 0.90234375 0.041666666666666664 0.1953125 0.052083333333333336
0 0.892578125 0.041666666666666664 0.21484375 0.052083333333333336
7 0.90234375 0.09375 0.1953125 0.052083333333333336
0 0.892578125 0.09375 0.21484375 0.052083333333333336
7 0.90234375 0.14583333333333334 0.1953125 0.052083333333333336
0 0.892578125 0.14583333333333334 0.21484375 0.052083333333333336
7 0.65771484375 0.09375 0.2158203125 0.052083333333333336
0 0.66748046875 0.09375 0.2353515625 0.052083333333333336
4 0.76171875 0.09375 0.01953125 0.026041666666666668
7 0.90234375 0.0078125 0.1953125 0.015625
0 0.892578125 0.0078125 0.21484375 0.015625
7 0.90234375 0.041666666666666664 0.1953125 0.052083333333333336
0 0.892578125 0.041666666666666664 0.21484375 0.052083333333333336
7 0.90234375 0.09375 0.1953125 0.052083333333333336
0 0.892578125 0.09375 0.21484375 0.052083333333333336
7 0.90234375 0.14583333333333334 0.1953125 0.052083333333333336
0 0.892578125 0.14583333333333334 0.21484375 0.052083333333333336
7 0.90234375 0.19791666666666666 0.1953125 0.052083333333333336
0 0.892578125 0.19791666666666666 0.21484375 0.052083333333333336
7 0.90234375 0.25 0.1953125 0.052083333333333336
0 0.892578125 0.25 0.21484375 0.052083333333333336
7 0.90234375 0.3020833333333333 0.1953125 0.052083333333333336
0 0.892578125 0.3020833333333333 0.21484375 0.052083333333333336
7 0.90234375 0.3541666666666667 0.1953125 0.052083333333333336
0 0.892578125 0.3541666666666667 0.21484375 0.052083333333333336
7 0.90234375 0.40625 0.1953125 0.052083333333333336
0 0.892578125 0.40625 0.21484375 0.052083333333333336
7 0.90234375 0.4583333333333333 0.1953125 0.052083333333333336
0 0.892578125 0.4583333333333333 0.21484375 0.052083333333333336
7 0.90234375 0.5104166666666666 0.1953125 0.052083333333333336
0 0.892578125 0.5104166666666666 0.21484375 0.052083333333333336
7 0.90234375 0.0078125 0.1953125 0.015625
0 0.892578125 0.0078125 0.21484375 0.015625
7 0.90234375 0.041666666666666664 0.1953125 0.052083333333333336
0 0.892578125 0.041666666666666664 0.21484375 0.052083333333333336
7 0.90234375 0.09375 0.1953125 0.052083333333333336
0 0.892578125 0.09375 0.21484375 0.052083333333333336
7 0.65771484375 0.0078125 0.2158203125 0.015625
0 0.66748046875 0.0078125 0.2353515625 0.015625
7 0.90234375 0.0078125 0.1953125 0.015625
0 0.892578125 0.0078125 0.21484375 0.015625
7 0.90234375 0.041666666666666664 0.1953125 0.052083333333333336
0 0.892578125 0.041666666666666664 0.21484375 0.052083333333333336
7 0.90234375 0.09375 0.1953125 0.052083333333333336
0 0.892578125 0.09375 0.21484375 0.052083333333333336
7 0.90234375 0.14583333333333334 0.1953125 0.052083333333333336
0 0.892578125 0.14583333333333334 0.21484375 0.052083333333333336
7 0.90234375 0.19791666666666666 0.1953125 0.052083333333333336
0 0.892578125 0.19791666666666666 0.21484375 0.052083333333333336
7 0.65771484375 0.041666666666666664 0.2158203125 0.052083333333333336
0 0.66748046875 0.041666666666666664 0.2353515625 0.052083333333333336
4 0.76171875 0.041666666666666664 0.01953125 0.026041666666666668
7 0.90234375 0.0078125 0.1953125 0.015625
0 0.892578125 0.0078125 0.21484375 0.015625
7 0.90234375 0.041666666666666664 0.1953125 0.052083333333333336
0 0.892578125 0.041666666666666664 0.21484375 0.052083333333333336
7 0.90234375 0.09375 0.1953125 0.052083333333333336
0 0.892578125 0.09375 0.21484375 0.052083333333333336
7 0.90234375 0.14583333333333334 0.1953125 0.052083333333333336
0 0.892578125 0.14583333333333334 0.21484375 0.052083333333333336
7 0.90234375 0.19791666666666666 0.1953125 0.052083333333333336
0 0.892578125 0.19791666666666666 0.21484375 0.052083333333333336
7 0.90234375 0.25 0.1953125 0.052083333333333336
0 0.892578125 0.25 0.21484375 0.052083333333333336
7 0.90234375 0.3020833333333333 0.1953125 0.052083333333333336
0 0.892578125 0.3020833333333333 0.21484375 0.052083333333333336
7 0.65771484375 0.0078125 0.2158203125 0.015625
0 0.66748046875 0.0078125 0.2353515625 0.015625
7 0.65771484375 0.041666666666666664 0.2158203125 0.052083333333333336
0 0.66748046875 0.041666666666666664 0.2353515625 0.052083333333333336
7 0.65771484375 0.09375 0.2158203125 0.052083333333333336
0 0.66748046875 0.09375 0.2353515625 0.052083333333333336
7 0.65771484375 0.14583333333333334 0.2158203125 0.052083333333333336
0 0.66748046875 0.14583333333333334 0.2353515625 0.052083333333333336
7 0.65771484375 0.19791666666666666 0.2158203125 0.052083333333333336
0 0.66748046875 0.19791666666666666 0.2353515625 0.052083333333333336
7 0.65771484375 0.25 0.2158203125 0.052083333333333336
0 0.66748046875 0.25 0.2353515625 0.052083333333333336
7 0.65771484375 0.0078125 0.2158203125 0.015625
0 0.66748046875 0.0078125 0.2353515625 0.015625
7 0.65771484375 0.041666666666666664 0.2158203125 0.052083333333333336
0 0.66748046875 0.041666666666666664 0.2353515625 0.052083333333333336
7 0.65771484375 0.09375 0.2158203125 0.052083333333333336
0 0.66748046875 0.09375 0.2353515625 0.052083333333333336
7 0.65771484375 0.0078125 0.2158203125 0.015625
0 0.66748046875 0.0078125 0.2353515625 0.015625
7 0.90234375 0.0078125 0.1953125 0.015625
0 0.892578125 0.0078125 0.21484375 0.015625
7 0.90234375 0.041666666666666664 0.1953125 0.052083333333333336
0 0.892578125 0.041666666666666664 0.21484375 0.052083333333333336
7 0.90234375 0.09375 0.1953125 0.052083333333333336
0 0.892578125 0.09375 0.21484375 0.052083333333333336
7 0.90234375 0.14583333333333334 0.1953125 0.052083333333333336
0 0.892578125 0.14583333333333334 0.21484375 0.052083333333333336
7 0.90234375 0.19791666666666666 0.1953125 0.052083333333333336
0 0.892578125 0.19791666666666666 0.21484375 0.052083333333333336
7 0.90234375 0.25 0.1953125 0.052083333333333336
0 0.892578125 0.25 0.21484375 0.052083333333333336
7 0.90234375 0.3020833333333333 0.1953125 0.052083333333333336
0 0.892578125 0.3020833333333333 0.21484375 0.052083333333333336
7 0.65771484375 0.041666666666666664 0.2158203125 0.052083333333333336
0 0.66748046875 0.041666666666666664 0.2353515625 0.052083333333333336
7 0.65771484375 0.09375 0.2158203125 0.052083333333333336
0 0.66748046875 0.09375 0.2353515625 0.052083333333333336
7 0.65771484375 0.14583333333333334 0.2158203125 0.052083333333333336
0 0.66748046875 0.14583333333333334 0.2353515625 0.052083333333333336
7 0.65771484375 0.19791666666666666 0.2158203125 0.052083333333333336
0 0.66748046875 0.19791666666666666 0.2353515625 0.052083333333333336
7 0.65771484375 0.0078125 0.2158203125 0.015625
0 0.66748046875 0.0078125 0.2353515625 0.015625
7 0.65771484375 0.041666666666666664 0.2158203125 0.052083333333333336
0 0.66748046875 0.041666666666666664 0.2353515625 0.052083333333333336
7 0.65771484375 0.09375 0.2158203125 0.052083333333333336
0 0.66748046875 0.09375 0.2353515625 0.052083333333333336
7 0.65771484375 0.14583333333333334 0.2158203125 0.052083333333333336
0 0.66748046875 0.14583333333333334 0.2353515625 0.052083333333333336
7 0.65771484375 0.19791666666666666 0.2158203125 0.052083333333333336
0 0.66748046875 0.19791666666666666 0.2353515625 0.052083333333333336
7 0.65771484375 0.25 0.2158203125 0.052083333333333336
0 0.66748046875 0.25 0.2353515625 0.052083333333333336
7 0.65771484375 0.0078125 0.2158203125 0.015625
0 0.66748046875 0.0078125 0.2353515625 0.015625
7 0.65771484375 0.041666666666666664 0.2158203125 0.052083333333333336
0 0.66748046875 0.041666666666666664 0.2353515625 0.052083333333333336
7 0.65771484375 0.09375 0.2158203125 0.052083333333333336
0 0.66748046875 0.09375 0.2353515625 0.052083333333333336
7 0.65771484375 0.14583333333333334 0.2158203125 0.052083333333333336
0 0.66748046875 0.14583333333333334 0.2353515625 0.052083333333333336
7 0.65771484375 0.19791666666666666 0.2158203125 0.052083333333333336
0 0.66748046875 0.19791666666666666 0.2353515625 0.052083333333333336
7 0.65771484375 0.25 0.2158203125 0.052083333333333336
0 0.66748046875 0.25 0.2353515625 0.052083333333333336
7 0.65771484375 0.0078125 0.2158203125 0.015625
0 0.66748046875 0.0078125 0.2353515625 0.015625
7 0.65771484375 0.041666666666666664 0.2158203125 0.052083333333333336
0 0.66748046875 0.041666666666666664 0.2353515625 0.052083333333333336
7 0.65771484375 0.09375 0.2158203125 0.052083333333333336
0 0.66748046875 0.09375 0.2353515625 0.052083333333333336
7 0.65771484375 0.0078125 0.2158203125 0.015625
0 0.66748046875 0.0078125 0.2353515625 0.015625
7 0.65771484375 0.041666666666666664 0.2158203125 0.052083333333333336
0 0.66748046875 0.041666666666666664 0.2353515625 0.052083333333333336
7 0.65771484375 0.09375 0.2158203125 0.052083333333333336
0 0.66748046875 0.09375 0.2353515625 0.052083333333333336
7 0.65771484375 0.14583333333333334 0.2158203125 0.052083333333333336
0 0.66748046875 0.14583333333333334 0.2353515625 0.052083333333333336
7 0.65771484375 0.0078125 0.2158203125 0.015625
0 0.66748046875 0.0078125 0.2353515625 0.015625
7 0.65771484375 0.041666666666666664 0.2158203125 0.052083333333333336
0 0.66748046875 0.041666666666666664 0.2353515625 0.052083333333333336
7 0.65771484375 0.09375 0.2158203125 0.052083333333333336
0 0.66748046875 0.09375 0.2353515625 0.052083333333333336
7 0.65771484375 0.14583333333333334 0.2158203125 0.052083333333333336
0 0.66748046875 0.14583333333333334 0.2353515625 0.052083333333333336
7 0.65771484375 0.0078125 0.2158203125 0.015625
0 0.66748046875 0.0078125 0.2353515625 0.015625
7 0.65771484375 0.041666666666666664 0.2158203125 0.052083333333333336
0 0.66748046875 0.041666666666666664 0.2353515625 0.052083333333333336
7 0.65771484375 0.09375 0.2158203125 0.052083333333333336
0 0.66748046875 0.09375 0.2353515625 0.052083333333333336
7 0.65771484375 0.14583333333333334 0.2158203125 0.052083333333333336
0 0.66748046875 0.14583333333333334 0.2353515625 0.052083333333333336
7 0.65771484375 0.19791666666666666 0.2158203125 0.052083333333333336
0 0.66748046875 0.19791666666666666 0.2353515625 0.052083333333333336
7 0.65771484375 0.0078125 0.2158203125 0.015625
0 0.66748046875 0.0078125 0.2353515625 0.015625
7 0.65771484375 0.041666666666666664 0.2158203125 0.052083333333333336
0 0.66748046875 0.041666666666666664 0.2353515625 0.052083333333333336
4 0.76171875 0.041666666666666664 0.01953125 0.026041666666666668
7 0.65771484375 0.09375 0.2158203125 0.052083333333333336
0 0.66748046875 0.09375 0.2353515625 0.052083333333333336
7 0.65771484375 0.14583333333333334 0.2158203125 0.052083333333333336
0 0.66748046875 0.14583333333333334 0.2353515625 0.052083333333333336
7 0.65771484375 0.19791666666666666 0.2158203125 0.052083333333333336
0 0.66748046875 0.19791666666666666 0.2353515625 0.052083333333333336
7 0.65771484375 0.25 0.2158203125 0.052083333333333336
0 0.66748046875 0.25 0.2353515625 0.052083333333333336
7 0.65771484375 0.3020833333333333 0.2158203125 0.052083333333333336
0 0.66748046875 0.3020833333333333 0.2353515625 0.052083333333333336
7 0.65771484375 0.0078125 0.2158203125 0.015625
0 0.66748046875 0.0078125 0.2353515625 0.015625
7 0.65771484375 0.041666666666666664 0.2158203125 0.052083333333333336
0 0.66748046875 0.041666666666666664 0.2353515625 0.052083333333333336
7 0.65771484375 0.09375 0.2158203125 0.052083333333333336
0 0.66748046875 0.09375 0.2353515625 0.052083333333333336
7 0.65771484375 0.14583333333333334 0.2158203125 0.052083333333333336
0 0.66748046875 0.14583333333333334 0.2353515625 0.052083333333333336
7 0.65771484375 0.0078125 0.2158203125 0.015625
0 0.66748046875 0.0078125 0.2353515625 0.015625
7 0.65771484375 0.041666666666666664 0.2158203125 0.052083333333333336
0 0.66748046875 0.041666666666666664 0.2353515625 0.052083333333333336
7 0.65771484375 0.09375 0.2158203125 0.052083333333333336
0 0.66748046875 0.09375 0.2353515625 0.052083333333333336
7 0.65771484375 0.14583333333333334 0.2158203125 0.052083333333333336
0 0.66748046875 0.14583333333333334 0.2353515625 0.052083333333333336
7 0.65771484375 0.19791666666666666 0.2158203125 0.052083333333333336
0 0.66748046875 0.19791666666666666 0.2353515625 0.052083333333333336
7 0.65771484375 0.25 0.2158203125 0.052083333333333336
0 0.66748046875 0.25 0.2353515625 0.052083333333333336
7 0.65771484375 0.3020833333333333 0.2158203125 0.052083333333333336
0 0.66748046875 0.3020833333333333 0.2353515625 0.052083333333333336
7 0.65771484375 0.3541666666666667 0.2158203125 0.052083333333333336
0 0.66748046875 0.3541666666666667 0.2353515625 0.052083333333333336
7 0.65771484375 0.0078125 0.2158203125 0.015625
0 0.66748046875 0.0078125 0.2353515625 0.015625
7 0.65771484375 0.041666666666666664 0.2158203125 0.052083333333333336
0 0.66748046875 0.041666666666666664 0.2353515625 0.052083333333333336
7 0.65771484375 0.09375 0.2158203125 0.052083333333333336
0 0.66748046875 0.09375 0.2353515625 0.052083333333333336
7 0.65771484375 0.14583333333333334 0.2158203125 0.052083333333333336
0 0.66748046875 0.14583333333333334 0.2353515625 0.052083333333333336
7 0.65771484375 0.19791666666666666 0.2158203125 0.052083333333333336
0 0.66748046875 0.19791666666666666 0.2353515625 0.052083333333333336
7 0.65771484375 0.25 0.2158203125 0.052083333333333336
0 0.66748046875 0.25 0.2353515625 0.052083333333333336
7 0.65771484375 0.3020833333333333 0.2158203125 0.052083333333333336
0 0.66748046875 0.3020833333333333 0.2353515625 0.052083333333333336
7 0.65771484375 0.3541666666666667 0.2158203125 0.052083333333333336
0 0.66748046875 0.3541666666666667 0.2353515625 0.052083333333333336
7 0.65771484375 0.40625 0.2158203125 0.052083333333333336
0 0.66748046875 0.40625 0.2353515625 0.052083333333333336
7 0.65771484375 0.4583333333333333 0.2158203125 0.052083333333333336
0 0.66748046875 0.4583333333333333 0.2353515625 0.052083333333333336
7 0.65771484375 0.5104166666666666 0.2158203125 0.052083333333333336
0 0.66748046875 0.5104166666666666 0.2353515625 0.052083333333333336
7 0.65771484375 0.0078125 0.2158203125 0.015625
0 0.66748046875 0.0078125 0.2353515625 0.015625
7 0.65771484375 0.041666666666666664 0.2158203125 0.052083333333333336
0 0.66748046875 0.041666666666666664 0.2353515625 0.052083333333333336
7 0.65771484375 0.09375 0.2158203125 0.052083333333333336
0 0.66748046875 0.09375 0.2353515625 0.052083333333333336
7 0.65771484375 0.0078125 0.2158203125 0.015625
0 0.66748046875 0.0078125 0.2353515625 0.015625
3 0.77490234375 0.12760416666666666 0.4501953125 0.2552083333333333
7 0.595703125 0.3424479166666667 0.091796875 0.026041666666666668
0 0.77490234375 0.3424479166666667 0.4501953125 0.0703125
7 0.625 0.47265625 0.150390625 0.020833333333333332
7 0.89111328125 0.4713541666666667 0.2177734375 0.020833333333333332
0 0.87939453125 0.484375 0.2412109375 0.109375
4 0.27490234375 0.818359375 0.5498046875 0.36328125
4 0.06201171875 0.5735677083333334 0.1240234375 0.055989583333333336
0 0.12451171875 0.5852864583333334 0.2490234375 0.07942708333333333
7 0.12451171875 0.6126302083333334 0.2490234375 0.024739583333333332
6 0.51220703125 0.548828125 0.0419921875 0.01953125
4 0.330078125 0.759765625 0.3359375 0.08984375
7 0.25927734375 0.8294270833333334 0.5107421875 0.0390625
0 0.27490234375 0.8294270833333334 0.5498046875 0.057291666666666664
7 0.19482421875 0.892578125 0.1025390625 0.016927083333333332
7 0.251953125 0.8912760416666666 0.013671875 0.01953125
7 0.30517578125 0.892578125 0.0927734375 0.016927083333333332
7 0.35888671875 0.8912760416666666 0.0146484375 0.01953125
7 0.4326171875 0.892578125 0.134765625 0.016927083333333332
7 0.0634765625 0.939453125 0.10546875 0.01953125
7 0.0634765625 0.955078125 0.109375 0.01953125
7 0.59814453125 0.5572916666666666 0.0966796875 0.036458333333333336
7 0.6787109375 0.5572916666666666 0.048828125 0.036458333333333336
7 0.73291015625 0.5572916666666666 0.0439453125 0.036458333333333336
7 0.8046875 0.5475260416666666 0.064453125 0.016927083333333332
4 0.84521484375 0.5475260416666666 0.0068359375 0.006510416666666667
7 0.90087890625 0.5475260416666666 0.0654296875 0.016927083333333332
4 0.94189453125 0.5475260416666666 0.0068359375 0.006510416666666667
7 0.982421875 0.5475260416666666 0.03515625 0.016927083333333332
4 0.64990234375 0.6497395833333334 0.1044921875 0.0625
7 0.8271484375 0.6497395833333334 0.1875 0.026041666666666668
2 0.77490234375 0.76171875 0.4501953125 0.057291666666666664
7 0.77490234375 0.8528645833333334 0.4501953125 0.09375
7 0.7470703125 0.9654947916666666 0.244140625 0.05859375
7 0.9541015625 0.966796875 0.091796875 0.05859375
0 0.9541015625 0.966796875 0.091796875 0.05859375