1 0.0986328125 0.013671875 0.197265625 0.02734375
1 0.0986328125 0.051432291666666664 0.197265625 0.03515625
1 0.0986328125 0.09309895833333333 0.197265625 0.03515625
1 0.0986328125 0.13346354166666666 0.197265625 0.032552083333333336
1 0.0986328125 0.17252604166666666 0.197265625 0.032552083333333336
1 0.0986328125 0.21158854166666666 0.197265625 0.032552083333333336
1 0.1123046875 0.24869791666666666 0.05078125 0.028645833333333332
1 0.1689453125 0.24869791666666666 0.056640625 0.028645833333333332
7 0.16845703125 0.3587239583333333 0.3369140625 0.006510416666666667
7 0.0390625 0.40625 0.078125 0.0859375
7 0.193359375 0.408203125 0.052734375 0.014322916666666666
4 0.2216796875 0.4095052083333333 0.005859375 0.006510416666666667
4 0.27783203125 0.4088541666666667 0.0810546875 0.057291666666666664
4 0.333984375 0.4485677083333333 0.005859375 0.0013020833333333333
7 0.34228515625 0.224609375 0.0126953125 0.44921875
7 0.759765625 0.33984375 0.48046875 0.041666666666666664
7 0.58154296875 0.103515625 0.1240234375 0.01953125
0 0.58935546875 0.103515625 0.1396484375 0.053385416666666664
4 0.5517578125 0.103515625 0.064453125 0.053385416666666664
4 0.62158203125 0.103515625 0.0751953125 0.053385416666666664
7 0.82177734375 0.2942708333333333 0.0029296875 0.033854166666666664
6 0.759765625 0.4348958333333333 0.48046875 0.028645833333333332
4 0.53466796875 0.4381510416666667 0.0302734375 0.022135416666666668
0 0.5556640625 0.4348958333333333 0.072265625 0.028645833333333332
4 0.7197265625 0.4381510416666667 0.07421875 0.022135416666666668
0 0.7197265625 0.4348958333333333 0.158203125 0.028645833333333332
4 0.9267578125 0.4381510416666667 0.07421875 0.022135416666666668
0 0.923828125 0.4348958333333333 0.15234375 0.028645833333333332
7 0.259765625 0.462890625 0.51953125 0.02734375
4 0.02392578125 0.5651041666666666 0.0478515625 0.14583333333333334
0 0.02392578125 0.6067708333333334 0.0478515625 0.22916666666666666
7 0.01611328125 0.6666666666666666 0.0322265625 0.057291666666666664
7 0.01611328125 0.7109375 0.0322265625 0.020833333333333332
4 0.1171875 0.5651041666666666 0.109375 0.14583333333333334
0 0.1171875 0.59375 0.109375 0.203125
7 0.109375 0.6536458333333334 0.09375 0.03125
7 0.109375 0.6848958333333334 0.09375 0.020833333333333332
4 0.2412109375 0.5651041666666666 0.109375 0.14583333333333334
0 0.2412109375 0.59375 0.109375 0.203125
7 0.2333984375 0.6536458333333334 0.09375 0.03125
7 0.2333984375 0.6848958333333334 0.09375 0.020833333333333332
4 0.365234375 0.5651041666666666 0.109375 0.14583333333333334
0 0.365234375 0.59375 0.109375 0.203125
7 0.357421875 0.6536458333333334 0.09375 0.03125
7 0.357421875 0.6848958333333334 0.09375 0.020833333333333332
4 0.47705078125 0.5651041666666666 0.0849609375 0.14583333333333334
0 0.47705078125 0.59375 0.0849609375 0.203125
7 0.47705078125 0.6536458333333334 0.0849609375 0.03125
7 0.47705078125 0.6848958333333334 0.0849609375 0.020833333333333332
7 0.259765625 0.7890625 0.51953125 0.03125
4 0.02392578125 0.8932291666666666 0.0478515625 0.14583333333333334
0 0.02392578125 0.91015625 0.0478515625 0.1796875
7 0.01611328125 0.9830729166666666 0.0322265625 0.033854166666666664
4 0.1171875 0.8932291666666666 0.109375 0.14583333333333334
0 0.1171875 0.91015625 0.109375 0.1796875
7 0.109375 0.9817708333333334 0.09375 0.03125
4 0.2412109375 0.8932291666666666 0.109375 0.14583333333333334
0 0.2412109375 0.91015625 0.109375 0.1796875
7 0.2333984375 0.9830729166666666 0.09375 0.033854166666666664
4 0.365234375 0.8932291666666666 0.109375 0.14583333333333334
0 0.365234375 0.91015625 0.109375 0.1796875
7 0.357421875 0.9817708333333334 0.09375 0.03125
4 0.47705078125 0.8932291666666666 0.0849609375 0.14583333333333334
0 0.47705078125 0.91015625 0.0849609375 0.1796875
7 0.47705078125 0.9830729166666666 0.0849609375 0.033854166666666664
4 0.73046875 0.8626302083333334 0.421875 0.2747395833333333