7 0.11474609375 0.010416666666666666 0.0986328125 0.020833333333333332
7 0.17724609375 0.010416666666666666 0.0283203125 0.020833333333333332
1 0.28369140625 0.008463541666666666 0.1708984375 0.016927083333333332
7 0.11474609375 0.041015625 0.0986328125 0.04296875
7 0.17724609375 0.041015625 0.0283203125 0.04296875
1 0.28369140625 0.041015625 0.1708984375 0.03515625
7 0.11474609375 0.08268229166666667 0.0986328125 0.04296875
7 0.17724609375 0.08268229166666667 0.0283203125 0.04296875
1 0.28369140625 0.08268229166666667 0.1708984375 0.03515625
7 0.11474609375 0.123046875 0.0986328125 0.040364583333333336
7 0.17724609375 0.123046875 0.0283203125 0.040364583333333336
1 0.28125 0.123046875 0.17578125 0.032552083333333336
7 0.11474609375 0.162109375 0.0986328125 0.040364583333333336
7 0.17724609375 0.162109375 0.0283203125 0.040364583333333336
1 0.28125 0.162109375 0.17578125 0.032552083333333336
7 0.11474609375 0.201171875 0.0986328125 0.040364583333333336
7 0.17724609375 0.201171875 0.0283203125 0.040364583333333336
1 0.28125 0.201171875 0.17578125 0.032552083333333336
1 0.314453125 0.23828125 0.05078125 0.028645833333333332
1 0.35595703125 0.23828125 0.0263671875 0.028645833333333332
7 0.1845703125 0.3483072916666667 0.369140625 0.006510416666666667
7 0.14013671875 0.3984375 0.2802734375 0.09114583333333333
3 0.6845703125 0.06575520833333333 0.630859375 0.13151041666666666
4 0.54638671875 0.501953125 0.3544921875 0.00390625
0 0.54638671875 0.373046875 0.3544921875 0.43359375
2 0.53662109375 0.5520833333333334 0.3349609375 0.07291666666666667
4 0.54638671875 0.328125 0.3544921875 0.34375
7 0.7080078125 0.17708333333333334 0.015625 0.020833333333333332
2 0.87744140625 0.18424479166666666 0.2451171875 0.055989583333333336
0 0.88037109375 0.24348958333333334 0.2392578125 0.0390625
0 0.88037109375 0.2825520833333333 0.2392578125 0.0390625
0 0.88037109375 0.3216145833333333 0.2392578125 0.0390625
0 0.88037109375 0.3606770833333333 0.2392578125 0.0390625
0 0.88037109375 0.3997395833333333 0.2392578125 0.0390625
0 0.88037109375 0.4388020833333333 0.2392578125 0.0390625
0 0.88037109375 0.4778645833333333 0.2392578125 0.0390625
2 0.87744140625 0.564453125 0.2451171875 0.05078125
3 0.6845703125 0.5553385416666666 0.630859375 0.06901041666666667
7 0.1845703125 0.6145833333333334 0.369140625 0.049479166666666664
7 0.1845703125 0.671875 0.369140625 0.020833333333333332
7 0.1845703125 0.7421875 0.369140625 0.0703125
6 0.35498046875 0.7669270833333334 0.0283203125 0.020833333333333332
7 0.1845703125 0.8372395833333334 0.369140625 0.0703125
7 0.1845703125 0.9075520833333334 0.369140625 0.020833333333333332
7 0.1845703125 0.970703125 0.369140625 0.05859375
7 0.6845703125 0.6295572916666666 0.630859375 0.048177083333333336
7 0.4013671875 0.6848958333333334 0.064453125 0.0234375
6 0.49853515625 0.6848958333333334 0.1318359375 0.0234375
7 0.6845703125 0.6966145833333334 0.630859375 0.046875
6 0.78564453125 0.7083333333333334 0.2529296875 0.0234375
7 0.453125 0.7578125 0.0546875 0.0234375
1 0.6611328125 0.7591145833333334 0.365234375 0.028645833333333332
1 0.43603515625 0.7903645833333334 0.0126953125 0.018229166666666668
7 0.50830078125 0.7916666666666666 0.1259765625 0.0234375
1 0.43603515625 0.81640625 0.0126953125 0.018229166666666668
7 0.51953125 0.8177083333333334 0.1484375 0.0234375
1 0.43603515625 0.8424479166666666 0.0126953125 0.018229166666666668
7 0.5107421875 0.84375 0.130859375 0.0234375
1 0.4541015625 0.8932291666666666 0.056640625 0.028645833333333332
7 0.68408203125 0.9967447916666666 0.0048828125 0.006510416666666667