4 0.14501953125 0.14453125 0.2900390625 0.2890625
2 0.4384765625 0.076171875 0.201171875 0.10026041666666667
7 0.4384765625 0.16341145833333334 0.201171875 0.053385416666666664
7 0.4384765625 0.22591145833333334 0.201171875 0.11588541666666667
4 0.76953125 0.14453125 0.4609375 0.2890625
4 0.76953125 0.14453125 0.4609375 0.2890625
7 0.59912109375 0.09114583333333333 0.1201171875 0.13541666666666666
7 0.59912109375 0.20572916666666666 0.1201171875 0.07291666666666667
0 0.03955078125 0.4029947916666667 0.0791015625 0.01953125
7 0.08642578125 0.4029947916666667 0.0146484375 0.01953125
0 0.18212890625 0.4029947916666667 0.1787109375 0.01953125
7 0.27685546875 0.4029947916666667 0.0146484375 0.01953125
0 0.31103515625 0.4029947916666667 0.0537109375 0.01953125
7 0.34423828125 0.4029947916666667 0.0146484375 0.01953125
0 0.4091796875 0.4029947916666667 0.1171875 0.01953125
4 0.26953125 0.423828125 0.5390625 0.00390625
7 0.076171875 0.486328125 0.15234375 0.03515625
4 0.08056640625 0.7180989583333334 0.1611328125 0.3138020833333333
6 0.064453125 0.9446614583333334 0.12890625 0.045572916666666664
6 0.0712890625 0.970703125 0.142578125 0.045572916666666664
2 0.365234375 0.48046875 0.34765625 0.026041666666666668
7 0.357421875 0.56640625 0.36328125 0.10416666666666667
1 0.34619140625 0.662109375 0.3251953125 0.02734375
1 0.53076171875 0.662109375 0.0166015625 0.032552083333333336
7 0.28759765625 0.7180989583333334 0.1982421875 0.01953125
6 0.462890625 0.7180989583333334 0.15234375 0.01953125
7 0.36376953125 0.7701822916666666 0.3505859375 0.12369791666666667
7 0.3291015625 0.8873697916666666 0.275390625 0.01953125
6 0.50439453125 0.8873697916666666 0.0693359375 0.01953125
4 0.2666015625 0.9765625 0.15625 0.046875
7 0.44873046875 0.966796875 0.1806640625 0.01953125
7 0.4287109375 0.990234375 0.140625 0.01953125
0 0.56201171875 0.3001302083333333 0.0458984375 0.022135416666666668
0 0.61669921875 0.3001302083333333 0.0654296875 0.022135416666666668
0 0.6982421875 0.3001302083333333 0.099609375 0.022135416666666668
0 0.796875 0.3001302083333333 0.099609375 0.022135416666666668
0 0.896484375 0.3001302083333333 0.1015625 0.022135416666666668
7 0.97265625 0.3001302083333333 0.0546875 0.022135416666666668
4 0.55126953125 0.3359375 0.0244140625 0.0390625
0 0.55126953125 0.3359375 0.0244140625 0.0390625
4 0.638671875 0.337890625 0.103515625 0.014322916666666666
0 0.638671875 0.3404947916666667 0.103515625 0.01953125
0 0.74951171875 0.3372395833333333 0.0888671875 0.052083333333333336
0 0.86279296875 0.3372395833333333 0.1337890625 0.052083333333333336
4 0.97216796875 0.337890625 0.0556640625 0.02734375
0 0.97216796875 0.3359375 0.0556640625 0.0234375
5 0.59716796875 0.39453125 0.0595703125 0.020833333333333332
1 0.79345703125 0.39453125 0.3232421875 0.049479166666666664
7 0.76953125 0.37890625 0.4609375 0.018229166666666668
2 0.76953125 0.546875 0.4609375 0.06510416666666667
4 0.6845703125 0.76171875 0.291015625 0.3645833333333333
0 0.6845703125 0.76171875 0.291015625 0.3645833333333333
7 0.8037109375 0.951171875 0.052734375 0.014322916666666666
2 0.6025390625 0.9778645833333334 0.126953125 0.036458333333333336
0 0.6845703125 0.978515625 0.291015625 0.037760416666666664
4 0.92724609375 0.6529947916666666 0.1455078125 0.14713541666666666
0 0.92724609375 0.6529947916666666 0.1455078125 0.14713541666666666
4 0.876953125 0.609375 0.03515625 0.046875
2 0.92724609375 0.783203125 0.1455078125 0.08203125
0 0.92724609375 0.7838541666666666 0.1455078125 0.08333333333333333
4 0.92724609375 0.9264322916666666 0.1455078125 0.14713541666666666
0 0.92724609375 0.9264322916666666 0.1455078125 0.14713541666666666
4 0.876953125 0.8834635416666666 0.03515625 0.048177083333333336