2 0.30419921875 0.03125 0.4306640625 0.044270833333333336
3 0.23779296875 0.12825520833333334 0.2978515625 0.10286458333333333
7 0.30419921875 0.21419270833333334 0.4306640625 0.029947916666666668
7 0.30419921875 0.2845052083333333 0.4306640625 0.029947916666666668
7 0.32373046875 0.3548177083333333 0.3916015625 0.029947916666666668
7 0.7080078125 0.02734375 0.33984375 0.028645833333333332
7 0.55419921875 0.06901041666666667 0.0693359375 0.020833333333333332
0 0.56640625 0.06901041666666667 0.09375 0.0546875
7 0.6748046875 0.06901041666666667 0.07421875 0.020833333333333332
0 0.6748046875 0.06901041666666667 0.123046875 0.0546875
7 0.7880859375 0.06901041666666667 0.0546875 0.020833333333333332
0 0.7880859375 0.06901041666666667 0.103515625 0.0546875
7 0.908203125 0.06901041666666667 0.087890625 0.020833333333333332
0 0.908203125 0.06901041666666667 0.13671875 0.0546875
6 0.6982421875 0.16861979166666666 0.0859375 0.022135416666666668
6 0.6982421875 0.16861979166666666 0.0859375 0.022135416666666668
6 0.6982421875 0.16861979166666666 0.0859375 0.022135416666666668
6 0.6982421875 0.16861979166666666 0.0859375 0.022135416666666668
4 0.6328125 0.2630208333333333 0.2265625 0.23177083333333334
4 0.88037109375 0.20963541666666666 0.1982421875 0.09895833333333333
7 0.818359375 0.271484375 0.07421875 0.022135416666666668
7 0.9130859375 0.2727864583333333 0.115234375 0.01953125
4 0.88037109375 0.361328125 0.1982421875 0.03515625
2 0.2626953125 0.5078125 0.513671875 0.0625
2 0.259765625 0.6015625 0.51953125 0.08072916666666667
0 0.32958984375 0.75 0.2216796875 0.06510416666666667
0 0.32958984375 0.75 0.2236328125 0.06770833333333333
2 0.759765625 0.4010416666666667 0.48046875 0.044270833333333336
2 0.57861328125 0.650390625 0.1181640625 0.08463541666666667
0 0.759765625 0.6705729166666666 0.48046875 0.4166666666666667
7 0.5302734375 0.720703125 0.021484375 0.022135416666666668
7 0.55419921875 0.720703125 0.0283203125 0.022135416666666668
2 0.5791015625 0.9537760416666666 0.119140625 0.022135416666666668
7 0.61328125 0.9850260416666666 0.1875 0.029947916666666668
2 0.89453125 0.9537760416666666 0.1484375 0.022135416666666668
7 0.87060546875 0.9850260416666666 0.2587890625 0.029947916666666668