2 0.2333984375 0.016927083333333332 0.466796875 0.033854166666666664
7 0.2333984375 0.19466145833333334 0.466796875 0.029947916666666668
7 0.2333984375 0.2649739583333333 0.466796875 0.029947916666666668
7 0.2333984375 0.3352864583333333 0.466796875 0.029947916666666668
7 0.2333984375 0.3639322916666667 0.466796875 0.029947916666666668
2 0.77978515625 0.046223958333333336 0.4404296875 0.06640625
7 0.77978515625 0.10677083333333333 0.4404296875 0.0546875
0 0.90771484375 0.2109375 0.1298828125 0.049479166666666664
2 0.27978515625 0.50390625 0.5595703125 0.059895833333333336
7 0.27978515625 0.5611979166666666 0.5595703125 0.03125
2 0.08056640625 0.759765625 0.1611328125 0.20703125
7 0.3662109375 0.697265625 0.38671875 0.07421875
7 0.3662109375 0.7623697916666666 0.38671875 0.05859375
0 0.28369140625 0.841796875 0.2216796875 0.05078125
4 0.771484375 0.525390625 0.423828125 0.2513020833333333