4 0.24462890625 0.0546875 0.4892578125 0.109375
0 0.24462890625 0.16861979166666666 0.4892578125 0.3372395833333333
2 0.130859375 0.19466145833333334 0.26171875 0.11067708333333333
7 0.0400390625 0.2819010416666667 0.080078125 0.024739583333333332
4 0.2431640625 0.4388020833333333 0.486328125 0.08072916666666667
0 0.2431640625 0.4388020833333333 0.486328125 0.08072916666666667
7 0.93408203125 0.01953125 0.1318359375 0.0390625
6 0.98486328125 0.030598958333333332 0.0302734375 0.016927083333333332
7 0.93408203125 0.038411458333333336 0.1318359375 0.032552083333333336
7 0.88232421875 0.068359375 0.0283203125 0.01953125
7 0.9482421875 0.068359375 0.103515625 0.016927083333333332
7 0.93408203125 0.083984375 0.1318359375 0.016927083333333332
7 0.93408203125 0.115234375 0.1318359375 0.048177083333333336
6 0.98486328125 0.130859375 0.0302734375 0.016927083333333332
7 0.93408203125 0.138671875 0.1318359375 0.032552083333333336
7 0.88232421875 0.169921875 0.0283203125 0.01953125
7 0.9482421875 0.169921875 0.103515625 0.016927083333333332
7 0.93408203125 0.185546875 0.1318359375 0.016927083333333332
7 0.93408203125 0.216796875 0.1318359375 0.048177083333333336
6 0.98486328125 0.232421875 0.0302734375 0.016927083333333332
7 0.93408203125 0.240234375 0.1318359375 0.032552083333333336
7 0.88232421875 0.2701822916666667 0.0283203125 0.01953125
7 0.9443359375 0.2701822916666667 0.095703125 0.016927083333333332
7 0.93408203125 0.2858072916666667 0.1318359375 0.016927083333333332
7 0.93408203125 0.3170572916666667 0.1318359375 0.048177083333333336
6 0.98486328125 0.3326822916666667 0.0302734375 0.016927083333333332
7 0.93408203125 0.3404947916666667 0.1318359375 0.032552083333333336
7 0.88232421875 0.3717447916666667 0.0283203125 0.01953125
7 0.94189453125 0.3717447916666667 0.0908203125 0.016927083333333332
7 0.93408203125 0.3873697916666667 0.1318359375 0.016927083333333332
7 0.93408203125 0.4186197916666667 0.1318359375 0.048177083333333336
6 0.98486328125 0.4342447916666667 0.0302734375 0.016927083333333332
7 0.93408203125 0.4420572916666667 0.1318359375 0.032552083333333336
7 0.88232421875 0.470703125 0.0283203125 0.016927083333333332
7 0.94189453125 0.4713541666666667 0.0908203125 0.015625
4 0.65283203125 0.13151041666666666 0.3271484375 0.21614583333333334
0 0.74462890625 0.13151041666666666 0.5107421875 0.21614583333333334
7 0.5380859375 0.3111979166666667 0.09765625 0.020833333333333332
7 0.60107421875 0.3111979166666667 0.0048828125 0.020833333333333332
7 0.66064453125 0.3111979166666667 0.1181640625 0.020833333333333332
7 0.5712890625 0.3307291666666667 0.1640625 0.020833333333333332
7 0.666015625 0.3307291666666667 0.00390625 0.020833333333333332
7 0.69921875 0.3307291666666667 0.0625 0.020833333333333332
7 0.51806640625 0.3502604166666667 0.0576171875 0.020833333333333332
7 0.5595703125 0.3502604166666667 0.00390625 0.020833333333333332
7 0.5927734375 0.3502604166666667 0.0625 0.020833333333333332
4 0.51318359375 0.4270833333333333 0.0478515625 0.0390625
6 0.5009765625 0.4596354166666667 0.0234375 0.020833333333333332
7 0.51806640625 0.4596354166666667 0.0146484375 0.020833333333333332
6 0.5634765625 0.4596354166666667 0.076171875 0.020833333333333332
4 0.24462890625 0.6321614583333334 0.4892578125 0.3059895833333333
4 0.03369140625 0.763671875 0.0673828125 0.04296875
7 0.25341796875 0.7532552083333334 0.4716796875 0.024739583333333332
4 0.38720703125 0.6321614583333334 0.2041015625 0.3059895833333333
7 0.1142578125 0.66015625 0.10546875 0.049479166666666664
4 0.1142578125 0.66015625 0.10546875 0.049479166666666664
7 0.42041015625 0.546875 0.1376953125 0.026041666666666668
7 0.43701171875 0.5729166666666666 0.1044921875 0.026041666666666668
4 0.11669921875 0.5 0.2177734375 0.041666666666666664
0 0.04931640625 0.8515625 0.0986328125 0.0546875
0 0.14501953125 0.8515625 0.0908203125 0.0546875
0 0.26416015625 0.8515625 0.1455078125 0.0546875
0 0.41357421875 0.8515625 0.1513671875 0.0546875
2 0.24462890625 0.9296875 0.4892578125 0.033854166666666664
7 0.021484375 0.9694010416666666 0.04296875 0.024739583333333332
7 0.1171875 0.9694010416666666 0.1484375 0.024739583333333332
7 0.24462890625 0.978515625 0.4892578125 0.04296875
0 0.53271484375 0.5345052083333334 0.0869140625 0.053385416666666664
1 0.74462890625 0.6829427083333334 0.5107421875 0.06380208333333333
0 0.54248046875 0.7291666666666666 0.1064453125 0.0234375
2 0.537109375 0.9173177083333334 0.095703125 0.05078125
2 0.75537109375 0.9173177083333334 0.2841796875 0.05078125
7 0.75537109375 0.9778645833333334 0.2802734375 0.044270833333333336
7 0.84912109375 0.9928385416666666 0.0283203125 0.014322916666666666
7 0.75634765625 0.994140625 0.2783203125 0.01171875
2 0.962890625 0.9173177083333334 0.07421875 0.05078125
7 0.9755859375 0.9674479166666666 0.048828125 0.0234375