4 0.24462890625 0.23307291666666666 0.4892578125 0.4661458333333333
2 0.24462890625 0.14713541666666666 0.4892578125 0.234375
7 0.03662109375 0.2838541666666667 0.0732421875 0.03125
0 0.18994140625 0.2845052083333333 0.2333984375 0.032552083333333336
7 0.24462890625 0.3033854166666667 0.4892578125 0.0703125
2 0.212890625 0.5716145833333334 0.42578125 0.0546875
4 0.232421875 0.5859375 0.46484375 0.1875
4 0.232421875 0.5859375 0.46484375 0.1875
2 0.44580078125 0.16731770833333334 0.0869140625 0.032552083333333336
7 0.44580078125 0.2565104166666667 0.0869140625 0.1015625
0 0.44580078125 0.392578125 0.0869140625 0.07942708333333333
0 0.92138671875 0.6705729166666666 0.1376953125 0.018229166666666668
4 0.74462890625 0.33984375 0.5107421875 0.6796875
4 0.86376953125 0.21744791666666666 0.0595703125 0.078125
4 0.86767578125 0.14973958333333334 0.0595703125 0.078125
4 0.84814453125 0.08723958333333333 0.0595703125 0.078125
4 0.87939453125 0.028645833333333332 0.0595703125 0.057291666666666664
4 0.82080078125 0.032552083333333336 0.0595703125 0.06510416666666667
4 0.78759765625 0.0703125 0.0673828125 0.06770833333333333
4 0.90185546875 0.09505208333333333 0.0673828125 0.06770833333333333
4 0.68115234375 0.09244791666666667 0.0595703125 0.078125
4 0.76806640625 0.018880208333333332 0.0595703125 0.037760416666666664
4 0.70751953125 0.009765625 0.0595703125 0.01953125
4 0.66748046875 0.022135416666666668 0.0673828125 0.044270833333333336
4 0.73779296875 0.07161458333333333 0.0595703125 0.078125
4 0.61669921875 0.09244791666666667 0.0595703125 0.078125
4 0.62060546875 0.026041666666666668 0.0595703125 0.052083333333333336
4 0.56689453125 0.053385416666666664 0.0673828125 0.06770833333333333
4 0.84130859375 0.2643229166666667 0.0595703125 0.078125
4 0.81689453125 0.30078125 0.0615234375 0.08072916666666667
4 0.95263671875 0.049479166666666664 0.0595703125 0.078125
4 0.51220703125 0.013671875 0.0458984375 0.02734375
4 0.76806640625 0.3216145833333333 0.1103515625 0.11979166666666667
4 0.77490234375 0.3151041666666667 0.0673828125 0.08854166666666667
4 0.79150390625 0.3098958333333333 0.0673828125 0.08854166666666667
2 0.77294921875 0.208984375 0.1943359375 0.12109375
2 0.765625 0.22135416666666666 0.2265625 0.06510416666666667
4 0.74462890625 0.279296875 0.0068359375 0.009114583333333334
4 0.50634765625 0.6731770833333334 0.0341796875 0.0078125
0 0.55078125 0.6588541666666666 0.123046875 0.041666666666666664
4 0.52880859375 0.6731770833333334 0.0361328125 0.0078125
4 0.13037109375 0.8567708333333334 0.2490234375 0.18229166666666666
4 0.375 0.8567708333333334 0.228515625 0.18229166666666666
7 0.79638671875 0.7415364583333334 0.4072265625 0.12369791666666667
0 0.74462890625 0.83984375 0.5107421875 0.3203125
6 0.74462890625 0.81640625 0.5107421875 0.028645833333333332