7 0.1728515625 0.01953125 0.345703125 0.0390625
0 0.0244140625 0.10091145833333333 0.048828125 0.06380208333333333
2 0.32470703125 0.26953125 0.6494140625 0.041666666666666664
2 0.041015625 0.3365885416666667 0.08203125 0.02734375
7 0.02783203125 0.3795572916666667 0.0556640625 0.029947916666666668
7 0.0791015625 0.396484375 0.158203125 0.06380208333333333
4 0.23828125 0.3619791666666667 0.052734375 0.09114583333333333
0 0.23828125 0.3606770833333333 0.052734375 0.03125
2 0.365234375 0.3352864583333333 0.14453125 0.02734375
7 0.34619140625 0.3782552083333333 0.1064453125 0.029947916666666668
7 0.42333984375 0.3782552083333333 0.0498046875 0.029947916666666668
7 0.400390625 0.3951822916666667 0.21484375 0.06380208333333333
4 0.5634765625 0.3626302083333333 0.052734375 0.09244791666666667
0 0.5634765625 0.3606770833333333 0.052734375 0.03125
2 0.6337890625 0.3352864583333333 0.03125 0.02734375
4 0.8076171875 0.080078125 0.27734375 0.06380208333333333
2 0.83447265625 0.24869791666666666 0.3310546875 0.06510416666666667
2 0.83447265625 0.3138020833333333 0.3310546875 0.06510416666666667
7 0.83447265625 0.4192708333333333 0.3310546875 0.11458333333333333
1 0.529296875 0.5305989583333334 0.208984375 0.061197916666666664
5 0.537109375 0.5305989583333334 0.224609375 0.061197916666666664
0 0.64111328125 0.5319010416666666 0.0166015625 0.06380208333333333
0 0.51318359375 0.6158854166666666 0.1767578125 0.052083333333333336
0 0.62890625 0.6158854166666666 0.041015625 0.0625
4 0.4169921875 0.75 0.46484375 0.5
0 0.06787109375 0.6653645833333334 0.1357421875 0.078125
4 0.1083984375 0.6653645833333334 0.0234375 0.03125
0 0.06787109375 0.7643229166666666 0.1357421875 0.078125
4 0.1083984375 0.7643229166666666 0.0234375 0.03125
0 0.06787109375 0.86328125 0.1357421875 0.078125
4 0.1083984375 0.86328125 0.0234375 0.03125
4 0.82470703125 0.54296875 0.3505859375 0.0859375
1 0.7021484375 0.5091145833333334 0.10546875 0.018229166666666668
0 0.81787109375 0.5169270833333334 0.0400390625 0.033854166666666664
6 0.88330078125 0.5169270833333334 0.0537109375 0.033854166666666664
7 0.94677734375 0.5084635416666666 0.0361328125 0.016927083333333332
4 0.9775390625 0.5091145833333334 0.013671875 0.018229166666666668
0 0.95654296875 0.5169270833333334 0.0556640625 0.033854166666666664
7 0.6884765625 0.87890625 0.078125 0.028645833333333332
0 0.7021484375 0.87890625 0.10546875 0.0390625
7 0.89208984375 0.87890625 0.2158203125 0.028645833333333332
0 0.88720703125 0.87890625 0.2255859375 0.0390625
7 0.67529296875 0.9361979166666666 0.0517578125 0.020833333333333332
4 0.7939453125 0.9375 0.009765625 0.013020833333333334
7 0.88134765625 0.9375 0.1357421875 0.028645833333333332