7 0.3046875 0.18098958333333334 0.609375 0.3619791666666667
4 0.8046875 0.19661458333333334 0.390625 0.3932291666666667
7 0.8125 0.3671875 0.375 0.0234375
0 0.49560546875 0.416015625 0.1572265625 0.032552083333333336
7 0.49560546875 0.416015625 0.1572265625 0.032552083333333336
7 0.49560546875 0.45703125 0.1572265625 0.0234375
0 0.49560546875 0.48046875 0.1572265625 0.0703125
7 0.49560546875 0.4921875 0.1572265625 0.046875
7 0.49560546875 0.5403645833333334 0.1572265625 0.0234375
0 0.49560546875 0.5638020833333334 0.1572265625 0.0703125
7 0.49560546875 0.5755208333333334 0.1572265625 0.046875
0 0.2509765625 0.451171875 0.30859375 0.10286458333333333
4 0.2509765625 0.4791666666666667 0.140625 0.046875
7 0.2509765625 0.5364583333333334 0.279296875 0.052083333333333336
0 0.0908203125 0.8203125 0.181640625 0.359375
7 0.03955078125 0.9908854166666666 0.0791015625 0.018229166666666668
6 0.10693359375 0.9908854166666666 0.0576171875 0.018229166666666668
4 0.09033203125 0.796875 0.1806640625 0.3125
4 0.291015625 0.9876302083333334 0.025390625 0.024739583333333332
0 0.384765625 0.8203125 0.408203125 0.359375
7 0.35595703125 0.9908854166666666 0.0869140625 0.018229166666666668
6 0.42236328125 0.9908854166666666 0.0498046875 0.018229166666666668
7 0.45263671875 0.9908854166666666 0.0126953125 0.018229166666666668
6 0.47509765625 0.9908854166666666 0.0322265625 0.018229166666666668
4 0.38427734375 0.796875 0.2978515625 0.3125
7 0.65673828125 0.5677083333333334 0.0947265625 0.2526041666666667
4 0.65625 0.5677083333333334 0.09375 0.2526041666666667
0 0.65673828125 0.5677083333333334 0.0947265625 0.2526041666666667
7 0.73681640625 0.4505208333333333 0.0439453125 0.015625
6 0.81396484375 0.5026041666666666 0.1982421875 0.057291666666666664
4 0.72314453125 0.5546875 0.0166015625 0.020833333333333332
0 0.7314453125 0.5546875 0.033203125 0.020833333333333332
7 0.7412109375 0.5546875 0.013671875 0.020833333333333332
4 0.75634765625 0.5546875 0.0107421875 0.013020833333333334
7 0.78466796875 0.5546875 0.0322265625 0.013020833333333334
7 0.82373046875 0.5546875 0.0478515625 0.013020833333333334
4 0.65625 0.8723958333333334 0.09375 0.2526041666666667
0 0.65673828125 0.8723958333333334 0.0947265625 0.2526041666666667
7 0.73681640625 0.7552083333333334 0.0439453125 0.015625
6 0.80615234375 0.8229166666666666 0.1826171875 0.08854166666666667
4 0.72314453125 0.890625 0.0166015625 0.020833333333333332
0 0.73583984375 0.890625 0.0419921875 0.020833333333333332
7 0.74560546875 0.890625 0.0224609375 0.020833333333333332
4 0.76513671875 0.890625 0.0107421875 0.013020833333333334
7 0.79345703125 0.890625 0.0322265625 0.013020833333333334
7 0.83544921875 0.890625 0.0537109375 0.013020833333333334