2 0.16455078125 0.087890625 0.3291015625 0.040364583333333336
6 0.0234375 0.15234375 0.046875 0.0234375
7 0.06298828125 0.15234375 0.0341796875 0.0234375
6 0.16796875 0.15234375 0.177734375 0.0234375
7 0.2919921875 0.15234375 0.07421875 0.0234375
7 0.16748046875 0.18619791666666666 0.2822265625 0.0234375
7 0.16455078125 0.203125 0.3291015625 0.057291666666666664
6 0.0498046875 0.22005208333333334 0.099609375 0.0234375
7 0.150390625 0.22005208333333334 0.1015625 0.0234375
6 0.2578125 0.22005208333333334 0.1171875 0.0234375
7 0.16455078125 0.23697916666666666 0.3291015625 0.057291666666666664
4 0.43603515625 0.134765625 0.2138671875 0.26953125
4 0.771484375 0.134765625 0.45703125 0.26953125
2 0.75732421875 0.0390625 0.3583984375 0.028645833333333332
2 0.75732421875 0.17122395833333334 0.3583984375 0.19661458333333334
2 0.9677734375 0.0390625 0.064453125 0.028645833333333332
2 0.9677734375 0.17122395833333334 0.064453125 0.19661458333333334
0 0.02880859375 0.3541666666666667 0.0576171875 0.06770833333333333
0 0.0869140625 0.3541666666666667 0.060546875 0.06770833333333333
0 0.16748046875 0.3541666666666667 0.1025390625 0.06770833333333333
0 0.2568359375 0.3541666666666667 0.078125 0.06770833333333333
0 0.31201171875 0.3541666666666667 0.0341796875 0.06770833333333333
6 0.306640625 0.7506510416666666 0.044921875 0.022135416666666668
6 0.02685546875 0.8020833333333334 0.0537109375 0.020833333333333332
0 0.0341796875 0.8326822916666666 0.068359375 0.13151041666666666
7 0.0224609375 0.8515625 0.044921875 0.041666666666666664
6 0.1845703125 0.8020833333333334 0.19921875 0.020833333333333332
0 0.1845703125 0.8326822916666666 0.228515625 0.13151041666666666
4 0.1005859375 0.8515625 0.03125 0.041666666666666664
7 0.203125 0.8515625 0.1484375 0.041666666666666664
4 0.322265625 0.8515625 0.013671875 0.041666666666666664
2 0.0751953125 0.9635416666666666 0.150390625 0.052083333333333336
2 0.251953125 0.9635416666666666 0.154296875 0.052083333333333336
2 0.44580078125 0.7298177083333334 0.2333984375 0.14973958333333334
2 0.556640625 0.7662760416666666 0.455078125 0.07942708333333333
7 0.52001953125 0.861328125 0.3818359375 0.06380208333333333
0 0.380859375 0.9524739583333334 0.103515625 0.05859375