2 0.224609375 0.013671875 0.44921875 0.02734375
7 0.00732421875 0.07161458333333333 0.0146484375 0.0234375
6 0.1025390625 0.07161458333333333 0.177734375 0.0234375
7 0.251953125 0.07161458333333333 0.125 0.0234375
6 0.37451171875 0.07161458333333333 0.1220703125 0.0234375
7 0.4423828125 0.07161458333333333 0.013671875 0.0234375
7 0.12158203125 0.10546875 0.2431640625 0.0234375
6 0.30517578125 0.10546875 0.1259765625 0.0234375
7 0.224609375 0.12239583333333333 0.44921875 0.057291666666666664
6 0.01708984375 0.13932291666666666 0.0341796875 0.0234375
7 0.0849609375 0.13932291666666666 0.1015625 0.0234375
6 0.1923828125 0.13932291666666666 0.1171875 0.0234375
7 0.224609375 0.15625 0.44921875 0.057291666666666664
6 0.408203125 0.17317708333333334 0.05078125 0.0234375
7 0.224609375 0.22395833333333334 0.44921875 0.125
6 0.2314453125 0.2747395833333333 0.166015625 0.0234375
7 0.38134765625 0.2747395833333333 0.1357421875 0.0234375
7 0.224609375 0.3255208333333333 0.44921875 0.057291666666666664
6 0.42626953125 0.3424479166666667 0.0458984375 0.0234375
7 0.224609375 0.359375 0.44921875 0.057291666666666664
7 0.4208984375 0.4309895833333333 0.056640625 0.0234375
7 0.08935546875 0.46484375 0.0068359375 0.0234375
6 0.1796875 0.46484375 0.17578125 0.0234375
7 0.27001953125 0.46484375 0.0068359375 0.0234375
6 0.34912109375 0.46484375 0.1298828125 0.0234375
6 0.43701171875 0.46484375 0.0244140625 0.0234375
6 0.232421875 0.51171875 0.05859375 0.0234375
6 0.30517578125 0.51171875 0.0654296875 0.0234375
6 0.39892578125 0.51171875 0.1005859375 0.0234375
2 0.77783203125 0.035807291666666664 0.4443359375 0.055989583333333336
7 0.6064453125 0.11588541666666667 0.087890625 0.020833333333333332
7 0.73291015625 0.11588541666666667 0.1591796875 0.020833333333333332
7 0.66162109375 0.15234375 0.1982421875 0.020833333333333332
7 0.78125 0.162109375 0.4375 0.040364583333333336
2 0.77783203125 0.23958333333333334 0.4443359375 0.0234375
7 0.7236328125 0.27734375 0.2578125 0.020833333333333332
7 0.79736328125 0.306640625 0.4052734375 0.07942708333333333
7 0.7021484375 0.3723958333333333 0.21484375 0.020833333333333332
7 0.79736328125 0.3919270833333333 0.4052734375 0.059895833333333336
4 0.224609375 0.76953125 0.44921875 0.4609375
2 0.14990234375 0.724609375 0.2998046875 0.19921875
7 0.14990234375 0.8938802083333334 0.2998046875 0.10286458333333333
2 0.724609375 0.6100260416666666 0.55078125 0.06901041666666667
1 0.724609375 0.703125 0.55078125 0.0390625
4 0.52880859375 0.890625 0.0712890625 0.09375
7 0.52880859375 0.974609375 0.0732421875 0.02734375
0 0.53369140625 0.9095052083333334 0.1689453125 0.18098958333333334
4 0.7197265625 0.890625 0.0703125 0.09375
7 0.728515625 0.974609375 0.173828125 0.02734375
4 0.783203125 0.974609375 0.029296875 0.02734375
0 0.7197265625 0.9095052083333334 0.177734375 0.18098958333333334
4 0.91064453125 0.890625 0.0712890625 0.09375
7 0.916015625 0.974609375 0.16796875 0.02734375
4 0.97412109375 0.974609375 0.0302734375 0.02734375
0 0.91064453125 0.9095052083333334 0.1787109375 0.18098958333333334