4 0.26953125 0.0390625 0.5390625 0.078125
6 0.06494140625 0.16080729166666666 0.0966796875 0.03515625
7 0.1162109375 0.16080729166666666 0.0078125 0.03515625
7 0.02099609375 0.20052083333333334 0.0302734375 0.020833333333333332
6 0.08056640625 0.20052083333333334 0.0927734375 0.020833333333333332
7 0.1279296875 0.20052083333333334 0.00390625 0.020833333333333332
7 0.02099609375 0.22591145833333334 0.0419921875 0.01953125
6 0.0595703125 0.22591145833333334 0.0390625 0.01953125
6 0.32861328125 0.15885416666666666 0.0244140625 0.020833333333333332
6 0.34619140625 0.1875 0.0595703125 0.020833333333333332
6 0.34912109375 0.21484375 0.0654296875 0.020833333333333332
6 0.4443359375 0.15885416666666666 0.041015625 0.020833333333333332
6 0.4609375 0.1875 0.07421875 0.020833333333333332
6 0.447265625 0.21484375 0.046875 0.020833333333333332
2 0.0458984375 0.2877604166666667 0.091796875 0.026041666666666668
6 0.10205078125 0.3430989583333333 0.1513671875 0.022135416666666668
7 0.19287109375 0.3430989583333333 0.0302734375 0.022135416666666668
6 0.1298828125 0.357421875 0.20703125 0.05078125
7 0.20361328125 0.3717447916666667 0.1064453125 0.022135416666666668
6 0.080078125 0.400390625 0.107421875 0.022135416666666668
7 0.14208984375 0.400390625 0.0185546875 0.022135416666666668
6 0.11767578125 0.4147135416666667 0.1826171875 0.05078125
7 0.1455078125 0.443359375 0.23828125 0.05078125
6 0.15966796875 0.4576822916666667 0.1103515625 0.022135416666666668
7 0.13623046875 0.4720052083333333 0.2197265625 0.05078125
6 0.1123046875 0.5006510416666666 0.224609375 0.05078125
6 0.05126953125 0.5149739583333334 0.1025390625 0.022135416666666668
7 0.12841796875 0.5319010416666666 0.2568359375 0.055989583333333336
2 0.34228515625 0.2877604166666667 0.0908203125 0.026041666666666668
6 0.45556640625 0.345703125 0.1318359375 0.022135416666666668
6 0.328125 0.3717447916666667 0.04296875 0.01953125
6 0.3720703125 0.3717447916666667 0.02734375 0.01953125
6 0.4130859375 0.3717447916666667 0.037109375 0.01953125
6 0.4638671875 0.3717447916666667 0.044921875 0.01953125
6 0.5166015625 0.3717447916666667 0.044921875 0.01953125
6 0.43505859375 0.396484375 0.0791015625 0.01953125
6 0.4990234375 0.396484375 0.03125 0.01953125
4 0.50146484375 0.4928385416666667 0.0751953125 0.13411458333333334
7 0.32470703125 0.4368489583333333 0.0283203125 0.022135416666666668
6 0.37646484375 0.4368489583333333 0.0771484375 0.022135416666666668
7 0.4365234375 0.4368489583333333 0.04296875 0.022135416666666668
6 0.33740234375 0.4654947916666667 0.0537109375 0.022135416666666668
7 0.3974609375 0.4654947916666667 0.05859375 0.022135416666666668
7 0.3798828125 0.5084635416666666 0.138671875 0.05078125
6 0.33837890625 0.5501302083333334 0.0556640625 0.01953125
7 0.3828125 0.5501302083333334 0.14453125 0.01953125
7 0.35888671875 0.00390625 0.0849609375 0.0078125
6 0.419921875 0.00390625 0.021484375 0.0078125
6 0.474609375 0.00390625 0.0703125 0.0078125
0 0.23828125 0.052083333333333336 0.046875 0.052083333333333336
0 0.3037109375 0.052083333333333336 0.0859375 0.052083333333333336
0 0.38818359375 0.052083333333333336 0.0849609375 0.052083333333333336
1 0.48828125 0.0546875 0.1015625 0.036458333333333336
2 0.6904296875 0.4212239583333333 0.302734375 0.23567708333333334
4 0.76953125 0.2799479166666667 0.4609375 0.5598958333333334
4 0.76953125 0.2799479166666667 0.4609375 0.5598958333333334
4 0.26953125 0.75 0.5390625 0.3255208333333333
4 0.61669921875 0.626953125 0.1552734375 0.13411458333333334
0 0.71337890625 0.6315104166666666 0.3486328125 0.14322916666666666