7 0.27001953125 0.005208333333333333 0.2197265625 0.010416666666666666
6 0.17919921875 0.01953125 0.3583984375 0.0390625
7 0.0888671875 0.027994791666666668 0.087890625 0.022135416666666668
6 0.1845703125 0.027994791666666668 0.103515625 0.022135416666666668
7 0.1953125 0.056640625 0.390625 0.07942708333333333
6 0.18701171875 0.08528645833333333 0.0439453125 0.022135416666666668
7 0.197265625 0.15690104166666666 0.39453125 0.16536458333333334
6 0.14892578125 0.228515625 0.1455078125 0.022135416666666668
7 0.30224609375 0.228515625 0.1630859375 0.022135416666666668
6 0.03955078125 0.2571614583333333 0.0791015625 0.022135416666666668
7 0.11083984375 0.2571614583333333 0.0595703125 0.022135416666666668
7 0.19580078125 0.3001302083333333 0.3916015625 0.10807291666666667
6 0.30029296875 0.3430989583333333 0.0830078125 0.022135416666666668
7 0.17333984375 0.357421875 0.3466796875 0.05078125
6 0.0390625 0.3717447916666667 0.078125 0.022135416666666668
7 0.07861328125 0.3717447916666667 0.0048828125 0.022135416666666668
7 0.05712890625 0.4036458333333333 0.1142578125 0.010416666666666666
7 0.1171875 0.4036458333333333 0.005859375 0.010416666666666666
6 0.1962890625 0.4036458333333333 0.154296875 0.010416666666666666
7 0.2744140625 0.4036458333333333 0.005859375 0.010416666666666666
6 0.34521484375 0.4036458333333333 0.1142578125 0.010416666666666666
7 0.466796875 0.0234375 0.044921875 0.046875
6 0.466796875 0.064453125 0.044921875 0.022135416666666668
7 0.466796875 0.07877604166666667 0.044921875 0.05078125
6 0.466796875 0.123046875 0.044921875 0.022135416666666668
6 0.466796875 0.21158854166666666 0.044921875 0.022135416666666668
6 0.4560546875 0.2779947916666667 0.06640625 0.022135416666666668
6 0.4560546875 0.306640625 0.06640625 0.022135416666666668
6 0.4560546875 0.3209635416666667 0.06640625 0.05078125
2 0.4599609375 0.4029947916666667 0.05859375 0.01171875
0 0.50048828125 0.035807291666666664 0.0224609375 0.04296875
0 0.55029296875 0.035807291666666664 0.0791015625 0.04296875
0 0.638671875 0.035807291666666664 0.099609375 0.04296875
0 0.7451171875 0.035807291666666664 0.115234375 0.04296875
0 0.837890625 0.035807291666666664 0.072265625 0.04296875
0 0.92236328125 0.035807291666666664 0.0986328125 0.04296875
6 0.5068359375 0.07747395833333333 0.03515625 0.01953125
6 0.56201171875 0.07747395833333333 0.0478515625 0.01953125
6 0.61572265625 0.07747395833333333 0.0322265625 0.01953125
6 0.712890625 0.07747395833333333 0.134765625 0.01953125
6 0.84521484375 0.07747395833333333 0.1025390625 0.01953125
6 0.94140625 0.07747395833333333 0.0625 0.01953125
4 0.58154296875 0.2643229166666667 0.1845703125 0.2890625
0 0.58154296875 0.2643229166666667 0.1845703125 0.2890625
2 0.79833984375 0.2643229166666667 0.2119140625 0.2890625
7 0.70263671875 0.392578125 0.0205078125 0.01953125
6 0.75 0.392578125 0.076171875 0.01953125
7 0.79248046875 0.392578125 0.0107421875 0.01953125
7 0.82275390625 0.392578125 0.0517578125 0.01953125
4 0.24462890625 0.4147135416666667 0.4892578125 0.00390625
7 0.26513671875 0.5735677083333334 0.4130859375 0.13671875
0 0.23193359375 0.7135416666666666 0.3466796875 0.057291666666666664
7 0.1142578125 0.9322916666666666 0.181640625 0.0546875
4 0.2646484375 0.9524739583333334 0.11328125 0.09505208333333333
7 0.41259765625 0.9524739583333334 0.1533203125 0.09505208333333333
7 0.09033203125 0.8645833333333334 0.1806640625 0.057291666666666664
7 0.0830078125 0.9283854166666666 0.166015625 0.0546875
7 0.32470703125 0.8645833333333334 0.2529296875 0.057291666666666664
3 0.32470703125 0.9505208333333334 0.2236328125 0.09895833333333333
6 0.5654296875 0.4329427083333333 0.037109375 0.024739583333333332
6 0.64404296875 0.4329427083333333 0.0576171875 0.024739583333333332
6 0.74072265625 0.4329427083333333 0.0732421875 0.024739583333333332
6 0.8818359375 0.4329427083333333 0.146484375 0.024739583333333332
6 0.9931640625 0.4329427083333333 0.013671875 0.024739583333333332
7 0.6201171875 0.5305989583333334 0.26171875 0.053385416666666664
7 0.52392578125 0.5872395833333334 0.0693359375 0.026041666666666668
7 0.6201171875 0.6302083333333334 0.26171875 0.0234375
7 0.6201171875 0.66015625 0.26171875 0.0234375
7 0.6201171875 0.6901041666666666 0.26171875 0.0234375
6 0.5751953125 0.7688802083333334 0.171875 0.029947916666666668
0 0.59130859375 0.7786458333333334 0.2041015625 0.07552083333333333
7 0.548828125 0.7884114583333334 0.08203125 0.01953125
7 0.49462890625 0.8483072916666666 0.0048828125 0.02734375
6 0.548828125 0.8489583333333334 0.10546875 0.026041666666666668
7 0.60302734375 0.8483072916666666 0.0048828125 0.02734375
7 0.6201171875 0.9192708333333334 0.26171875 0.036458333333333336
4 0.89453125 0.744140625 0.2109375 0.4752604166666667
7 0.7958984375 0.51953125 0.013671875 0.026041666666666668
7 0.806640625 0.51953125 0.009765625 0.026041666666666668