7 0.02392578125 0.119140625 0.0478515625 0.022135416666666668
7 0.11181640625 0.119140625 0.0732421875 0.022135416666666668
7 0.19775390625 0.119140625 0.0419921875 0.022135416666666668
7 0.26708984375 0.119140625 0.0419921875 0.022135416666666668
7 0.33642578125 0.119140625 0.0400390625 0.022135416666666668
7 0.43505859375 0.119140625 0.1025390625 0.022135416666666668
4 0.50146484375 0.119140625 0.0126953125 0.009114583333333334
0 0.45556640625 0.119140625 0.1435546875 0.040364583333333336
3 0.27197265625 0.2552083333333333 0.5439453125 0.1171875
4 0.50634765625 0.3287760416666667 0.0751953125 0.01953125
0 0.50634765625 0.3287760416666667 0.0751953125 0.01953125
4 0.28955078125 0.4407552083333333 0.5791015625 0.14973958333333334
3 0.4765625 0.4921875 0.205078125 0.17447916666666666
2 0.77490234375 0.14973958333333334 0.3916015625 0.14583333333333334
7 0.77490234375 0.2610677083333333 0.3916015625 0.053385416666666664
7 0.65478515625 0.3346354166666667 0.1513671875 0.028645833333333332
7 0.748046875 0.3346354166666667 0.03515625 0.028645833333333332
4 0.77978515625 0.3359375 0.0185546875 0.026041666666666668
0 0.6865234375 0.3346354166666667 0.21484375 0.028645833333333332
7 0.6865234375 0.3919270833333333 0.21484375 0.028645833333333332
7 0.82666015625 0.3919270833333333 0.0654296875 0.028645833333333332
4 0.87353515625 0.3932291666666667 0.0185546875 0.026041666666666668
0 0.7333984375 0.3919270833333333 0.30859375 0.028645833333333332
7 0.78955078125 0.2747395833333333 0.4208984375 0.5494791666666666
4 0.63037109375 0.5735677083333334 0.0166015625 0.01171875
4 0.65087890625 0.5735677083333334 0.0166015625 0.01171875
7 0.8349609375 0.564453125 0.330078125 0.029947916666666668
4 0.28955078125 0.7122395833333334 0.5791015625 0.265625
0 0.28955078125 0.712890625 0.5791015625 0.2669270833333333
7 0.28955078125 0.701171875 0.5791015625 0.06640625
7 0.265625 0.775390625 0.53125 0.048177083333333336
4 0.55712890625 0.7766927083333334 0.0341796875 0.04296875
4 0.150390625 0.9225260416666666 0.30078125 0.15494791666666666
0 0.150390625 0.9225260416666666 0.30078125 0.15494791666666666
7 0.0478515625 0.974609375 0.095703125 0.03515625
7 0.66552734375 0.59375 0.1728515625 0.028645833333333332
0 0.666015625 0.5944010416666666 0.173828125 0.029947916666666668
7 0.88623046875 0.59375 0.2275390625 0.028645833333333332
0 0.8857421875 0.5944010416666666 0.228515625 0.029947916666666668
7 0.78955078125 0.6998697916666666 0.4208984375 0.024739583333333332
0 0.78955078125 0.73046875 0.4208984375 0.125
2 0.78955078125 0.728515625 0.4208984375 0.032552083333333336
7 0.78955078125 0.7591145833333334 0.4208984375 0.028645833333333332
7 0.78955078125 0.9368489583333334 0.4208984375 0.12630208333333334