4 0.58837890625 0.007161458333333333 0.0751953125 0.014322916666666666
0 0.58837890625 0.007161458333333333 0.0751953125 0.014322916666666666
4 0.33984375 0.11653645833333333 0.6796875 0.14973958333333334
4 0.20849609375 0.19010416666666666 0.4169921875 0.21875
4 0.1044921875 0.2584635416666667 0.09765625 0.08203125
3 0.56787109375 0.19010416666666666 0.2236328125 0.21875
7 0.787109375 0.06770833333333333 0.21484375 0.13541666666666666
6 0.00830078125 0.3587239583333333 0.0166015625 0.022135416666666668
6 0.07470703125 0.3587239583333333 0.0908203125 0.022135416666666668
6 0.1787109375 0.3587239583333333 0.091796875 0.022135416666666668
6 0.28662109375 0.3587239583333333 0.0986328125 0.022135416666666668
6 0.39208984375 0.3587239583333333 0.0869140625 0.022135416666666668
6 0.48291015625 0.3587239583333333 0.0693359375 0.022135416666666668
6 0.5615234375 0.3587239583333333 0.0625 0.022135416666666668
6 0.642578125 0.3587239583333333 0.07421875 0.022135416666666668
3 0.33984375 0.5638020833333334 0.6796875 0.3255208333333333
2 0.212890625 0.8671875 0.318359375 0.16666666666666666
4 0.212890625 0.9817708333333334 0.318359375 0.036458333333333336
7 0.462890625 0.8053385416666666 0.1171875 0.04296875
4 0.5380859375 0.8092447916666666 0.029296875 0.040364583333333336
4 0.5771484375 0.8092447916666666 0.029296875 0.040364583333333336
4 0.6162109375 0.8092447916666666 0.029296875 0.040364583333333336
4 0.6552734375 0.8092447916666666 0.029296875 0.040364583333333336
1 0.5224609375 0.865234375 0.236328125 0.04296875
1 0.66015625 0.865234375 0.0390625 0.04296875
3 0.5419921875 0.9583333333333334 0.275390625 0.08333333333333333
4 0.66552734375 0.7005208333333334 0.0283203125 0.0625
7 0.67724609375 0.6822916666666666 0.0048828125 0.026041666666666668
2 0.83984375 0.3170572916666667 0.3203125 0.03515625
7 0.83984375 0.3919270833333333 0.3203125 0.03125
3 0.77197265625 0.5 0.1845703125 0.1015625
7 0.83984375 0.6236979166666666 0.3203125 0.0625
7 0.83984375 0.7122395833333334 0.3203125 0.03125
7 0.83984375 0.78515625 0.3203125 0.03125
7 0.83984375 0.81640625 0.3203125 0.03125
7 0.83984375 0.9049479166666666 0.3203125 0.0625
7 0.83984375 0.9889322916666666 0.3203125 0.022135416666666668