2 0.177734375 0.09635416666666667 0.35546875 0.052083333333333336
7 0.177734375 0.18098958333333334 0.35546875 0.09895833333333333
6 0.16845703125 0.267578125 0.3369140625 0.029947916666666668
7 0.02392578125 0.3326822916666667 0.0478515625 0.029947916666666668
6 0.15576171875 0.3489583333333333 0.3115234375 0.0625
3 0.72998046875 0.11979166666666667 0.5400390625 0.1171875
0 0.6943359375 0.2994791666666667 0.46875 0.026041666666666668
4 0.72998046875 0.4375 0.5400390625 0.1640625
0 0.72998046875 0.4375 0.5400390625 0.1640625
4 0.93359375 0.09244791666666667 0.01953125 0.026041666666666668
0 0.9365234375 0.08854166666666667 0.033203125 0.044270833333333336
4 0.70654296875 0.29296875 0.4931640625 0.453125
0 0.70654296875 0.29296875 0.4931640625 0.453125
7 0.10693359375 0.5397135416666666 0.2138671875 0.03515625
4 0.10693359375 0.6705729166666666 0.2138671875 0.2265625
0 0.10693359375 0.6705729166666666 0.2138671875 0.2265625
2 0.09375 0.8430989583333334 0.1875 0.09505208333333333
7 0.10693359375 0.951171875 0.2138671875 0.09765625
7 0.35107421875 0.5397135416666666 0.2177734375 0.03515625
6 0.271484375 0.84375 0.029296875 0.03125
4 0.35107421875 0.7122395833333334 0.2177734375 0.3098958333333333
0 0.35107421875 0.7122395833333334 0.2177734375 0.3098958333333333
2 0.35107421875 0.9108072916666666 0.2177734375 0.06380208333333333
7 0.35107421875 0.9772135416666666 0.2177734375 0.045572916666666664
4 0.72998046875 0.6256510416666666 0.5400390625 0.21223958333333334
0 0.72998046875 0.7395833333333334 0.5400390625 0.4401041666666667
2 0.73828125 0.8170572916666666 0.498046875 0.11067708333333333
7 0.73828125 0.904296875 0.134765625 0.024739583333333332