7 0.28955078125 0.016276041666666668 0.5791015625 0.032552083333333336
6 0.16015625 0.07356770833333333 0.3203125 0.024739583333333332
6 0.05224609375 0.09830729166666667 0.1044921875 0.024739583333333332
6 0.57080078125 0.07356770833333333 0.0166015625 0.024739583333333332
0 0.236328125 0.3391927083333333 0.47265625 0.4075520833333333
7 0.53076171875 0.5123697916666666 0.0966796875 0.061197916666666664
0 0.53076171875 0.3391927083333333 0.0966796875 0.4075520833333333
7 0.205078125 0.6178385416666666 0.41015625 0.02734375
4 0.78955078125 0.30859375 0.4208984375 0.6171875
4 0.78955078125 0.2513020833333333 0.4208984375 0.5026041666666666
3 0.78955078125 0.2513020833333333 0.4208984375 0.5026041666666666
2 0.78955078125 0.1484375 0.4208984375 0.08333333333333333
7 0.78955078125 0.22330729166666666 0.4208984375 0.045572916666666664
0 0.61669921875 0.2936197916666667 0.0751953125 0.06380208333333333
0 0.76318359375 0.2936197916666667 0.1884765625 0.06380208333333333
4 0.8408203125 0.5813802083333334 0.318359375 0.15494791666666666
0 0.8408203125 0.5813802083333334 0.318359375 0.15494791666666666
2 0.28955078125 0.8815104166666666 0.5791015625 0.21614583333333334
3 0.826171875 0.8841145833333334 0.294921875 0.22135416666666666
4 0.826171875 0.8841145833333334 0.294921875 0.22135416666666666
0 0.82666015625 0.8841145833333334 0.0595703125 0.078125