4 0.32470703125 0.042317708333333336 0.6494140625 0.08463541666666667
2 0.0634765625 0.19856770833333334 0.126953125 0.04296875
2 0.201171875 0.19856770833333334 0.150390625 0.04296875
7 0.09423828125 0.23763020833333334 0.1884765625 0.022135416666666668
7 0.00634765625 0.2662760416666667 0.0126953125 0.022135416666666668
6 0.0732421875 0.2662760416666667 0.12109375 0.022135416666666668
7 0.13525390625 0.2662760416666667 0.0048828125 0.022135416666666668
6 0.55712890625 0.20638020833333334 0.0615234375 0.022135416666666668
7 0.6171875 0.20638020833333334 0.060546875 0.022135416666666668
7 0.58837890625 0.251953125 0.1220703125 0.04296875
0 0.58837890625 0.2506510416666667 0.1220703125 0.022135416666666668
7 0.4697265625 0.251953125 0.1171875 0.04296875
0 0.47021484375 0.2506510416666667 0.1181640625 0.022135416666666668
7 0.38427734375 0.251953125 0.0556640625 0.04296875
0 0.38427734375 0.2506510416666667 0.0556640625 0.022135416666666668
7 0.3203125 0.251953125 0.07421875 0.04296875
0 0.31982421875 0.2506510416666667 0.0732421875 0.022135416666666668
7 0.18310546875 0.375 0.3662109375 0.0234375
2 0.06201171875 0.4029947916666667 0.1240234375 0.032552083333333336
7 0.06103515625 0.4459635416666667 0.1142578125 0.022135416666666668
7 0.08056640625 0.447265625 0.1611328125 0.024739583333333332
2 0.45947265625 0.3795572916666667 0.0908203125 0.032552083333333336
6 0.44091796875 0.419921875 0.0537109375 0.022135416666666668
6 0.54296875 0.453125 0.212890625 0.013020833333333334
7 0.40087890625 0.007161458333333333 0.1044921875 0.014322916666666666
6 0.48681640625 0.007161458333333333 0.0517578125 0.014322916666666666
6 0.56005859375 0.007161458333333333 0.0791015625 0.014322916666666666
6 0.62841796875 0.007161458333333333 0.0419921875 0.014322916666666666
0 0.03466796875 0.05859375 0.0693359375 0.052083333333333336
0 0.36376953125 0.05859375 0.0419921875 0.052083333333333336
0 0.42236328125 0.05859375 0.0771484375 0.052083333333333336
0 0.50146484375 0.05859375 0.0830078125 0.052083333333333336
1 0.599609375 0.061197916666666664 0.099609375 0.036458333333333336
3 0.82470703125 0.03515625 0.3505859375 0.0703125
6 0.701171875 0.14518229166666666 0.103515625 0.01953125
6 0.79541015625 0.14518229166666666 0.0576171875 0.01953125
6 0.87109375 0.14518229166666666 0.06640625 0.01953125
6 0.958984375 0.14518229166666666 0.08203125 0.01953125
2 0.82470703125 0.3255208333333333 0.3505859375 0.24479166666666666
2 0.86669921875 0.0546875 0.2666015625 0.044270833333333336
7 0.86669921875 0.15104166666666666 0.2666015625 0.09895833333333333
2 0.86669921875 0.302734375 0.2666015625 0.032552083333333336
0 0.9697265625 0.3678385416666667 0.060546875 0.048177083333333336
4 0.21923828125 0.494140625 0.1806640625 0.06901041666666667
0 0.173828125 0.494140625 0.08984375 0.06901041666666667
7 0.43408203125 0.494140625 0.4306640625 0.06901041666666667
0 0.0234375 0.6061197916666666 0.046875 0.040364583333333336
0 0.08544921875 0.6061197916666666 0.0771484375 0.040364583333333336
0 0.1640625 0.6061197916666666 0.080078125 0.040364583333333336
0 0.236328125 0.6061197916666666 0.064453125 0.040364583333333336
0 0.31494140625 0.6061197916666666 0.0927734375 0.040364583333333336
0 0.3974609375 0.6061197916666666 0.072265625 0.040364583333333336
0 0.47265625 0.6061197916666666 0.078125 0.040364583333333336
0 0.54052734375 0.6061197916666666 0.0576171875 0.040364583333333336
7 0.02880859375 0.6783854166666666 0.0576171875 0.018229166666666668
0 0.1005859375 0.6783854166666666 0.087890625 0.018229166666666668
0 0.216796875 0.6783854166666666 0.146484375 0.018229166666666668
0 0.34521484375 0.6783854166666666 0.1123046875 0.018229166666666668
0 0.44921875 0.6783854166666666 0.09765625 0.018229166666666668
3 0.32470703125 0.8157552083333334 0.6494140625 0.17317708333333334
4 0.82470703125 0.7298177083333334 0.3505859375 0.5403645833333334
2 0.82470703125 0.7252604166666666 0.3505859375 0.11197916666666667
2 0.82470703125 0.8092447916666666 0.3505859375 0.05859375