7 0.22998046875 0.07096354166666667 0.4599609375 0.08984375
7 0.265625 0.18684895833333334 0.388671875 0.11588541666666667
6 0.490234375 0.012369791666666666 0.041015625 0.022135416666666668
6 0.5556640625 0.012369791666666666 0.05859375 0.022135416666666668
6 0.62060546875 0.012369791666666666 0.0439453125 0.022135416666666668
6 0.7060546875 0.012369791666666666 0.09765625 0.022135416666666668
6 0.810546875 0.012369791666666666 0.080078125 0.022135416666666668
6 0.8935546875 0.012369791666666666 0.056640625 0.022135416666666668
6 0.9560546875 0.012369791666666666 0.0390625 0.022135416666666668
2 0.72998046875 0.08138020833333333 0.5400390625 0.04296875
6 0.53271484375 0.13411458333333334 0.0126953125 0.015625
2 0.67626953125 0.16145833333333334 0.2998046875 0.026041666666666668
4 0.57568359375 0.23567708333333334 0.0986328125 0.09895833333333333
0 0.57568359375 0.23567708333333334 0.0986328125 0.09895833333333333
7 0.732421875 0.24153645833333334 0.185546875 0.10807291666666667
7 0.5498046875 0.3522135416666667 0.046875 0.022135416666666668
2 0.6689453125 0.3795572916666667 0.28515625 0.02734375
7 0.26953125 0.4856770833333333 0.380859375 0.0703125
7 0.26953125 0.5885416666666666 0.380859375 0.09375
0 0.14111328125 0.703125 0.1240234375 0.052083333333333336
0 0.28173828125 0.703125 0.1181640625 0.052083333333333336
4 0.22998046875 0.6536458333333334 0.4599609375 0.46875
0 0.22998046875 0.6536458333333334 0.4599609375 0.46875
7 0.22998046875 0.609375 0.4599609375 0.03125
7 0.22998046875 0.7200520833333334 0.4599609375 0.0234375
4 0.4248046875 0.9596354166666666 0.015625 0.020833333333333332
0 0.87841796875 0.4498697916666667 0.1572265625 0.061197916666666664
7 0.87841796875 0.4498697916666667 0.1572265625 0.061197916666666664
7 0.87841796875 0.5052083333333334 0.1572265625 0.0234375
0 0.87841796875 0.5286458333333334 0.1572265625 0.0703125
7 0.87841796875 0.5403645833333334 0.1572265625 0.046875
7 0.87841796875 0.5885416666666666 0.1572265625 0.0234375
0 0.87841796875 0.6119791666666666 0.1572265625 0.0703125
7 0.87841796875 0.6236979166666666 0.1572265625 0.046875
4 0.6337890625 0.4498697916666667 0.125 0.061197916666666664
0 0.6337890625 0.4850260416666667 0.30859375 0.13151041666666666
4 0.6337890625 0.52734375 0.140625 0.046875
7 0.6337890625 0.5846354166666666 0.279296875 0.052083333333333336
0 0.51220703125 0.8444010416666666 0.1044921875 0.3111979166666667
4 0.51171875 0.8444010416666666 0.103515625 0.3111979166666667
0 0.767578125 0.8444010416666666 0.408203125 0.3111979166666667
4 0.76708984375 0.8444010416666666 0.2978515625 0.3111979166666667