2 0.12060546875 0.16731770833333334 0.2412109375 0.23567708333333334
4 0.2099609375 0.15494791666666666 0.419921875 0.3098958333333333
4 0.2099609375 0.15494791666666666 0.419921875 0.3098958333333333
2 0.470703125 0.024088541666666668 0.1015625 0.032552083333333336
0 0.48828125 0.12630208333333334 0.13671875 0.2526041666666667
2 0.4755859375 0.08919270833333333 0.111328125 0.09765625
2 0.65771484375 0.040364583333333336 0.1337890625 0.06510416666666667
0 0.69140625 0.12630208333333334 0.23046875 0.2526041666666667
2 0.6708984375 0.08919270833333333 0.16015625 0.09765625
0 0.609375 0.22265625 0.037109375 0.020833333333333332
2 0.8837890625 0.024088541666666668 0.0859375 0.032552083333333336
0 0.9130859375 0.12630208333333334 0.173828125 0.2526041666666667
2 0.9130859375 0.040364583333333336 0.14453125 0.06510416666666667
0 0.88623046875 0.22265625 0.0908203125 0.020833333333333332
0 0.0224609375 0.32421875 0.044921875 0.028645833333333332
0 0.08642578125 0.32421875 0.0849609375 0.028645833333333332
0 0.1806640625 0.32421875 0.10546875 0.028645833333333332
0 0.26953125 0.32421875 0.07421875 0.028645833333333332
7 0.35888671875 0.314453125 0.0400390625 0.009114583333333334
7 0.013671875 0.3828125 0.025390625 0.020833333333333332
6 0.0693359375 0.3828125 0.08984375 0.020833333333333332
7 0.181640625 0.44921875 0.052734375 0.020833333333333332
0 0.25927734375 0.4498697916666667 0.0888671875 0.016927083333333332
0 0.36083984375 0.4498697916666667 0.0947265625 0.016927083333333332
1 0.17138671875 0.501953125 0.3427734375 0.061197916666666664
7 0.37890625 0.5013020833333334 0.041015625 0.026041666666666668
0 0.37890625 0.501953125 0.07421875 0.061197916666666664
2 0.0625 0.61328125 0.09375 0.0234375
7 0.046875 0.6373697916666666 0.0546875 0.022135416666666668
7 0.0908203125 0.638671875 0.03515625 0.016927083333333332
2 0.05712890625 0.73046875 0.1044921875 0.0234375
7 0.0400390625 0.7545572916666666 0.0703125 0.022135416666666668
7 0.0908203125 0.7545572916666666 0.03515625 0.022135416666666668
2 0.27978515625 0.6243489583333334 0.2490234375 0.045572916666666664
0 0.41162109375 0.6243489583333334 0.0166015625 0.02734375
4 0.28759765625 0.7154947916666666 0.2646484375 0.13932291666666666
7 0.21044921875 0.7779947916666666 0.0322265625 0.016927083333333332
7 0.30810546875 0.7779947916666666 0.0302734375 0.016927083333333332
7 0.40380859375 0.7779947916666666 0.0322265625 0.016927083333333332
7 0.17724609375 0.759765625 0.0244140625 0.016927083333333332
7 0.17724609375 0.7272135416666666 0.0244140625 0.016927083333333332
7 0.17724609375 0.693359375 0.0244140625 0.016927083333333332
7 0.1728515625 0.6608072916666666 0.033203125 0.016927083333333332
3 0.17138671875 0.8860677083333334 0.3427734375 0.11848958333333333
2 0.05712890625 0.9934895833333334 0.1142578125 0.013020833333333334
7 0.5009765625 0.4537760416666667 0.162109375 0.14453125
1 0.46875 0.6197916666666666 0.09765625 0.0546875
1 0.5537109375 0.6197916666666666 0.07421875 0.059895833333333336
4 0.7099609375 0.6549479166666666 0.580078125 0.6901041666666666