7 0.11328125 0.130859375 0.052734375 0.016927083333333332
7 0.1279296875 0.19466145833333334 0.08203125 0.03515625
2 0.3310546875 0.3678385416666667 0.48828125 0.23567708333333334
7 0.1240234375 0.5338541666666666 0.07421875 0.020833333333333332
7 0.189453125 0.5338541666666666 0.029296875 0.0234375
7 0.22265625 0.5358072916666666 0.0390625 0.01953125
7 0.265625 0.5338541666666666 0.021484375 0.0234375
7 0.29248046875 0.5358072916666666 0.0341796875 0.01953125
4 0.294921875 0.2845052083333333 0.58984375 0.5690104166666666
4 0.294921875 0.2845052083333333 0.58984375 0.5690104166666666
7 0.794921875 0.00390625 0.41015625 0.0078125
2 0.794921875 0.047526041666666664 0.41015625 0.04296875
7 0.794921875 0.11458333333333333 0.41015625 0.044270833333333336
7 0.66552734375 0.201171875 0.1259765625 0.024739583333333332
0 0.6845703125 0.20182291666666666 0.189453125 0.06770833333333333
4 0.7138671875 0.4654947916666667 0.05859375 0.07942708333333333
7 0.7138671875 0.5559895833333334 0.16796875 0.026041666666666668
4 0.9599609375 0.4654947916666667 0.05859375 0.07942708333333333
7 0.93798828125 0.5559895833333334 0.1240234375 0.026041666666666668
7 0.421875 0.9720052083333334 0.16796875 0.032552083333333336
6 0.5302734375 0.9720052083333334 0.048828125 0.032552083333333336
7 0.46728515625 0.9778645833333334 0.2451171875 0.044270833333333336
4 0.48095703125 0.5885416666666666 0.2177734375 0.0390625
7 0.46826171875 0.6569010416666666 0.1591796875 0.032552083333333336
0 0.47705078125 0.6569010416666666 0.2255859375 0.040364583333333336
7 0.560546875 0.6569010416666666 0.02734375 0.032552083333333336
4 0.01171875 0.5768229166666666 0.0234375 0.005208333333333333
0 0.01171875 0.5872395833333334 0.0234375 0.036458333333333336
4 0.01171875 0.5872395833333334 0.0234375 0.005208333333333333
4 0.01171875 0.59765625 0.0234375 0.005208333333333333
4 0.294921875 0.859375 0.58984375 0.28125
0 0.0263671875 0.7395833333333334 0.046875 0.0234375
7 0.6298828125 0.5794270833333334 0.046875 0.020833333333333332
7 0.6552734375 0.5794270833333334 0.0078125 0.020833333333333332
6 0.6875 0.5794270833333334 0.056640625 0.020833333333333332
7 0.71728515625 0.5794270833333334 0.0048828125 0.020833333333333332
7 0.6416015625 0.6217447916666666 0.103515625 0.05078125
7 0.6142578125 0.6360677083333334 0.048828125 0.022135416666666668
6 0.64404296875 0.650390625 0.1083984375 0.05078125
7 0.6533203125 0.6647135416666666 0.11328125 0.022135416666666668
7 0.6533203125 0.7076822916666666 0.126953125 0.05078125
6 0.6640625 0.7220052083333334 0.05859375 0.022135416666666668
7 0.66015625 0.7649739583333334 0.140625 0.10807291666666667
6 0.6435546875 0.8079427083333334 0.0546875 0.022135416666666668
7 0.650390625 0.865234375 0.12109375 0.13671875
7 0.638671875 0.9225260416666666 0.09765625 0.022135416666666668
6 0.625 0.951171875 0.064453125 0.022135416666666668
7 0.6611328125 0.9700520833333334 0.142578125 0.059895833333333336
6 0.884765625 0.5774739583333334 0.1171875 0.016927083333333332
7 0.9140625 0.5826822916666666 0.033203125 0.016927083333333332
6 0.9267578125 0.57421875 0.03125 0.010416666666666666
7 0.97265625 0.5774739583333334 0.0546875 0.016927083333333332
7 0.87646484375 0.603515625 0.1005859375 0.022135416666666668
6 0.958984375 0.603515625 0.06640625 0.022135416666666668
7 0.99462890625 0.603515625 0.0048828125 0.022135416666666668
7 0.857421875 0.6334635416666666 0.0625 0.022135416666666668
6 0.93310546875 0.6334635416666666 0.0888671875 0.022135416666666668
6 0.990234375 0.6334635416666666 0.01953125 0.022135416666666668
7 0.9130859375 0.6477864583333334 0.173828125 0.05078125
7 0.9130859375 0.7076822916666666 0.173828125 0.05078125
6 0.96630859375 0.7220052083333334 0.0673828125 0.022135416666666668
6 0.86328125 0.7506510416666666 0.07421875 0.022135416666666668
6 0.95166015625 0.7506510416666666 0.0966796875 0.022135416666666668
7 0.9130859375 0.7649739583333334 0.173828125 0.05078125
7 0.83056640625 0.8131510416666666 0.0087890625 0.022135416666666668
6 0.89794921875 0.8131510416666666 0.1279296875 0.022135416666666668
7 0.89794921875 0.8274739583333334 0.1435546875 0.05078125
6 0.9130859375 0.8561197916666666 0.173828125 0.05078125
7 0.916015625 0.8704427083333334 0.056640625 0.022135416666666668
7 0.9443359375 0.8704427083333334 0.00390625 0.022135416666666668
6 0.869140625 0.900390625 0.0859375 0.022135416666666668
6 0.9501953125 0.900390625 0.0703125 0.022135416666666668
7 0.9130859375 0.9147135416666666 0.173828125 0.05078125
6 0.88330078125 0.9290364583333334 0.0478515625 0.022135416666666668
7 0.95263671875 0.9290364583333334 0.0947265625 0.022135416666666668
6 0.85888671875 0.9602864583333334 0.0654296875 0.022135416666666668
7 0.89306640625 0.974609375 0.1337890625 0.05078125