2 0.138671875 0.17317708333333334 0.27734375 0.3463541666666667
7 0.4697265625 0.4147135416666667 0.138671875 0.12630208333333334
0 0.4892578125 0.5065104166666666 0.099609375 0.059895833333333336
0 0.4892578125 0.5768229166666666 0.099609375 0.057291666666666664
4 0.6279296875 0.030598958333333332 0.15625 0.061197916666666664
0 0.96142578125 0.03515625 0.0751953125 0.028645833333333332
2 0.91796875 0.3020833333333333 0.1640625 0.3828125
2 0.88916015625 0.19010416666666666 0.2216796875 0.059895833333333336
7 0.81640625 0.3072916666666667 0.3671875 0.0625
4 0.72216796875 0.3971354166666667 0.0498046875 0.06510416666666667
0 0.72265625 0.3971354166666667 0.1796875 0.06510416666666667
0 0.73095703125 0.4680989583333333 0.1962890625 0.05078125
4 0.93115234375 0.3971354166666667 0.0498046875 0.06510416666666667
0 0.92041015625 0.3971354166666667 0.1591796875 0.06510416666666667
0 0.92041015625 0.4680989583333333 0.1591796875 0.05078125
2 0.77490234375 0.6334635416666666 0.4501953125 0.024739583333333332
4 0.1591796875 0.8346354166666666 0.318359375 0.3307291666666667
0 0.1591796875 0.8346354166666666 0.318359375 0.3307291666666667
4 0.4013671875 0.763671875 0.126953125 0.09505208333333333
0 0.4013671875 0.7643229166666666 0.126953125 0.09635416666666667
2 0.5068359375 0.7493489583333334 0.064453125 0.07421875
4 0.4013671875 0.91796875 0.126953125 0.09635416666666667
0 0.4013671875 0.91796875 0.126953125 0.09635416666666667
2 0.5068359375 0.9283854166666666 0.064453125 0.125
0 0.59912109375 0.818359375 0.1201171875 0.2981770833333333
4 0.59912109375 0.759765625 0.1201171875 0.016927083333333332
2 0.59912109375 0.810546875 0.1201171875 0.040364583333333336
6 0.59912109375 0.892578125 0.1201171875 0.09505208333333333
0 0.58837890625 0.9947916666666666 0.0400390625 0.010416666666666666
0 0.63916015625 0.9947916666666666 0.0400390625 0.010416666666666666
0 0.876953125 0.673828125 0.025390625 0.009114583333333334
0 0.9072265625 0.673828125 0.025390625 0.009114583333333334
0 0.9375 0.673828125 0.025390625 0.009114583333333334
4 0.77978515625 0.76953125 0.1240234375 0.1171875
0 0.79150390625 0.76953125 0.1474609375 0.1171875
6 0.93212890625 0.7200520833333334 0.1357421875 0.018229166666666668
7 0.93212890625 0.7486979166666666 0.1357421875 0.0234375
7 0.873046875 0.775390625 0.017578125 0.01953125
7 0.904296875 0.775390625 0.046875 0.01953125
4 0.876953125 0.8118489583333334 0.0234375 0.016927083333333332
0 0.876953125 0.8118489583333334 0.025390625 0.032552083333333336
4 0.9072265625 0.8118489583333334 0.0234375 0.016927083333333332
0 0.9072265625 0.8118489583333334 0.025390625 0.032552083333333336
4 0.9375 0.8118489583333334 0.0234375 0.016927083333333332
0 0.9375 0.8118489583333334 0.025390625 0.032552083333333336