2 0.25 0.20572916666666666 0.466796875 0.4114583333333333
4 0.04150390625 0.4329427083333333 0.0498046875 0.00390625
7 0.9208984375 0.025390625 0.134765625 0.05078125
2 0.9267578125 0.10872395833333333 0.146484375 0.08984375
7 0.9267578125 0.4029947916666667 0.146484375 0.024739583333333332
2 0.076171875 0.490234375 0.15234375 0.040364583333333336
0 0.083984375 0.5384114583333334 0.16796875 0.032552083333333336
0 0.083984375 0.5696614583333334 0.16796875 0.032552083333333336
0 0.083984375 0.6009114583333334 0.16796875 0.032552083333333336
0 0.083984375 0.6321614583333334 0.16796875 0.032552083333333336
0 0.083984375 0.6634114583333334 0.16796875 0.032552083333333336
0 0.083984375 0.6946614583333334 0.16796875 0.032552083333333336
0 0.083984375 0.7259114583333334 0.16796875 0.032552083333333336
0 0.083984375 0.7571614583333334 0.16796875 0.032552083333333336
0 0.083984375 0.7884114583333334 0.16796875 0.032552083333333336
2 0.076171875 0.8444010416666666 0.15234375 0.040364583333333336
0 0.083984375 0.892578125 0.16796875 0.032552083333333336
0 0.083984375 0.923828125 0.16796875 0.032552083333333336
0 0.083984375 0.955078125 0.16796875 0.032552083333333336
0 0.083984375 0.9850260416666666 0.16796875 0.029947916666666668
2 0.36181640625 0.560546875 0.3427734375 0.15755208333333334
7 0.36181640625 0.6907552083333334 0.3427734375 0.09505208333333333
0 0.26806640625 0.8014322916666666 0.1318359375 0.053385416666666664
0 0.42919921875 0.8014322916666666 0.1748046875 0.053385416666666664
2 0.7216796875 0.537109375 0.255859375 0.048177083333333336
7 0.6142578125 0.607421875 0.009765625 0.024739583333333332
7 0.6572265625 0.607421875 0.076171875 0.024739583333333332
7 0.71826171875 0.607421875 0.0478515625 0.024739583333333332
7 0.74658203125 0.607421875 0.0107421875 0.024739583333333332
7 0.6142578125 0.638671875 0.009765625 0.024739583333333332
7 0.638671875 0.638671875 0.0390625 0.024739583333333332
7 0.6611328125 0.638671875 0.009765625 0.024739583333333332
7 0.6142578125 0.669921875 0.009765625 0.024739583333333332
7 0.64306640625 0.669921875 0.0478515625 0.024739583333333332
7 0.67138671875 0.669921875 0.0107421875 0.024739583333333332
7 0.7373046875 0.669921875 0.123046875 0.024739583333333332
7 0.8017578125 0.669921875 0.009765625 0.024739583333333332
7 0.828125 0.669921875 0.04296875 0.024739583333333332
7 0.6142578125 0.701171875 0.009765625 0.024739583333333332
7 0.638671875 0.701171875 0.0390625 0.024739583333333332
7 0.6611328125 0.701171875 0.009765625 0.024739583333333332
7 0.6142578125 0.763671875 0.009765625 0.024739583333333332
7 0.62939453125 0.763671875 0.0205078125 0.024739583333333332
7 0.642578125 0.763671875 0.009765625 0.024739583333333332
7 0.7275390625 0.763671875 0.16015625 0.024739583333333332
7 0.81201171875 0.763671875 0.0107421875 0.024739583333333332
7 0.8310546875 0.763671875 0.029296875 0.024739583333333332
7 0.8466796875 0.763671875 0.005859375 0.024739583333333332
7 0.6142578125 0.794921875 0.009765625 0.024739583333333332
7 0.62451171875 0.794921875 0.0107421875 0.024739583333333332
7 0.63427734375 0.794921875 0.0107421875 0.024739583333333332
7 0.73193359375 0.794921875 0.1884765625 0.024739583333333332
7 0.830078125 0.794921875 0.009765625 0.024739583333333332
7 0.84228515625 0.794921875 0.0146484375 0.024739583333333332
7 0.6142578125 0.857421875 0.009765625 0.024739583333333332
7 0.64306640625 0.857421875 0.0478515625 0.024739583333333332
7 0.67138671875 0.857421875 0.0107421875 0.024739583333333332
7 0.6142578125 0.888671875 0.009765625 0.024739583333333332
7 0.64306640625 0.888671875 0.0478515625 0.024739583333333332
7 0.67138671875 0.888671875 0.0107421875 0.024739583333333332
0 0.66357421875 0.9680989583333334 0.1396484375 0.053385416666666664
5 0.921875 0.5592447916666666 0.017578125 0.06380208333333333
4 0.8857421875 0.8014322916666666 0.048828125 0.06380208333333333
0 0.916015625 0.8190104166666666 0.1328125 0.15104166666666666
7 0.892578125 0.8502604166666666 0.0859375 0.033854166666666664