2 0.08056640625 0.024088541666666668 0.1611328125 0.032552083333333336
1 0.0302734375 0.080078125 0.060546875 0.061197916666666664
1 0.25927734375 0.080078125 0.4013671875 0.061197916666666664
2 0.103515625 0.19140625 0.20703125 0.0234375
7 0.01123046875 0.21549479166666666 0.0224609375 0.022135416666666668
7 0.07275390625 0.21549479166666666 0.1025390625 0.022135416666666668
7 0.1474609375 0.216796875 0.048828125 0.016927083333333332
2 0.103515625 0.30859375 0.20703125 0.0234375
6 0.03759765625 0.3326822916666667 0.0751953125 0.022135416666666668
4 0.26611328125 0.205078125 0.0263671875 0.03515625
2 0.35791015625 0.19140625 0.1435546875 0.0234375
6 0.31494140625 0.21549479166666666 0.0576171875 0.022135416666666668
7 0.36767578125 0.21744791666666666 0.0478515625 0.015625
2 0.4443359375 0.19140625 0.03125 0.0234375
7 0.4462890625 0.21549479166666666 0.02734375 0.022135416666666668
4 0.26611328125 0.322265625 0.0263671875 0.03515625
2 0.3525390625 0.30859375 0.1328125 0.0234375
6 0.32421875 0.3326822916666667 0.076171875 0.022135416666666668
2 0.43896484375 0.30859375 0.0419921875 0.0234375
7 0.43896484375 0.3326822916666667 0.0419921875 0.022135416666666668
3 0.23974609375 0.4641927083333333 0.4404296875 0.11848958333333333
2 0.72998046875 0.18684895833333334 0.5400390625 0.10546875
2 0.7548828125 0.2721354166666667 0.490234375 0.0390625
1 0.7470703125 0.3365885416666667 0.248046875 0.03515625
7 0.9267578125 0.3365885416666667 0.076171875 0.048177083333333336
7 0.7890625 0.38671875 0.35546875 0.028645833333333332
4 0.2255859375 0.7669270833333334 0.439453125 0.390625
2 0.1884765625 0.728515625 0.365234375 0.032552083333333336
7 0.1884765625 0.7649739583333334 0.365234375 0.02734375
4 0.4248046875 0.6627604166666666 0.0703125 0.18229166666666666
2 0.4248046875 0.6399739583333334 0.0703125 0.032552083333333336
7 0.4248046875 0.6764322916666666 0.0703125 0.02734375
4 0.4248046875 0.87109375 0.0703125 0.18229166666666666
2 0.4248046875 0.8483072916666666 0.0703125 0.032552083333333336
7 0.4248046875 0.884765625 0.0703125 0.02734375
0 0.7578125 0.6966145833333334 0.166015625 0.078125
4 0.72998046875 0.9537760416666666 0.5400390625 0.09244791666666667