2 0.1083984375 0.044921875 0.1875 0.08463541666666667
0 0.29736328125 0.13671875 0.5947265625 0.2734375
7 0.0859375 0.115234375 0.0390625 0.022135416666666668
7 0.11865234375 0.115234375 0.0283203125 0.022135416666666668
2 0.1337890625 0.3483072916666667 0.138671875 0.022135416666666668
7 0.1357421875 0.38671875 0.271484375 0.044270833333333336
2 0.458984375 0.3483072916666667 0.1484375 0.022135416666666668
7 0.451171875 0.38671875 0.291015625 0.044270833333333336
7 0.822265625 0.15755208333333334 0.35546875 0.09375
7 0.822265625 0.23567708333333334 0.35546875 0.0625
7 0.77392578125 0.322265625 0.2236328125 0.02734375
0 0.783203125 0.3190104166666667 0.27734375 0.0625
4 0.89892578125 0.322265625 0.0107421875 0.032552083333333336
3 0.31494140625 0.5169270833333334 0.6298828125 0.21614583333333334
4 0.33642578125 0.8190104166666666 0.5869140625 0.3619791666666667
2 0.353515625 0.9713541666666666 0.552734375 0.057291666666666664
4 0.66552734375 0.537109375 0.0712890625 0.05078125
2 0.76611328125 0.6790364583333334 0.2724609375 0.13671875
7 0.76611328125 0.7779947916666666 0.2724609375 0.06380208333333333
6 0.64599609375 0.8873697916666666 0.0322265625 0.022135416666666668
0 0.66162109375 0.8873697916666666 0.0634765625 0.07421875
6 0.64404296875 0.9557291666666666 0.0283203125 0.020833333333333332