2 0.22998046875 0.05078125 0.4599609375 0.046875
2 0.037109375 0.3014322916666667 0.07421875 0.08463541666666667
0 0.22998046875 0.3216145833333333 0.4599609375 0.4166666666666667
2 0.72998046875 0.15299479166666666 0.5400390625 0.3059895833333333
3 0.72998046875 0.26953125 0.5400390625 0.5390625
7 0.1357421875 0.5546875 0.271484375 0.03125
0 0.13671875 0.6360677083333334 0.2734375 0.045572916666666664
7 0.13671875 0.7265625 0.2734375 0.057291666666666664
7 0.12255859375 0.875 0.2216796875 0.018229166666666668
7 0.23681640625 0.869140625 0.0087890625 0.014322916666666666
7 0.13623046875 0.884765625 0.2685546875 0.037760416666666664
6 0.09765625 0.9140625 0.07421875 0.018229166666666668
6 0.177734375 0.9140625 0.0703125 0.018229166666666668
0 0.4775390625 0.6341145833333334 0.03515625 0.059895833333333336
0 0.4775390625 0.6341145833333334 0.03515625 0.059895833333333336
0 0.5771484375 0.6341145833333334 0.134765625 0.059895833333333336
0 0.56982421875 0.6341145833333334 0.1494140625 0.059895833333333336
0 0.82861328125 0.6341145833333334 0.1474609375 0.10416666666666667
6 0.5048828125 0.7369791666666666 0.08984375 0.018229166666666668
6 0.61962890625 0.7369791666666666 0.1181640625 0.018229166666666668
6 0.7109375 0.7369791666666666 0.04296875 0.018229166666666668
6 0.7734375 0.7369791666666666 0.060546875 0.018229166666666668
6 0.83544921875 0.7369791666666666 0.0419921875 0.018229166666666668
6 0.93359375 0.7369791666666666 0.1328125 0.018229166666666668
6 0.8349609375 0.8424479166666666 0.119140625 0.018229166666666668
7 0.771484375 0.84375 0.232421875 0.028645833333333332
0 0.953125 0.84375 0.09375 0.06510416666666667
0 0.953125 0.8430989583333334 0.09375 0.02734375
4 0.51904296875 0.96484375 0.1181640625 0.0703125