7 0.064453125 0.294921875 0.12890625 0.58984375
6 0.22216796875 0.294921875 0.1806640625 0.58984375
1 0.0703125 0.009114583333333334 0.06640625 0.018229166666666668
6 0.01123046875 0.044270833333333336 0.0224609375 0.020833333333333332
6 0.04248046875 0.044270833333333336 0.0283203125 0.020833333333333332
6 0.07958984375 0.044270833333333336 0.0302734375 0.020833333333333332
0 0.00244140625 0.13346354166666666 0.0048828125 0.029947916666666668
0 0.0283203125 0.13346354166666666 0.021484375 0.029947916666666668
0 0.06298828125 0.13346354166666666 0.0224609375 0.029947916666666668
0 0.09716796875 0.13346354166666666 0.0224609375 0.029947916666666668
0 0.13134765625 0.13346354166666666 0.0224609375 0.029947916666666668
0 0.16552734375 0.13346354166666666 0.0224609375 0.029947916666666668
0 0.19970703125 0.13346354166666666 0.0224609375 0.029947916666666668
0 0.23486328125 0.13346354166666666 0.0224609375 0.029947916666666668
0 0.26904296875 0.13346354166666666 0.0224609375 0.029947916666666668
0 0.30322265625 0.13346354166666666 0.0224609375 0.029947916666666668
0 0.33740234375 0.13346354166666666 0.0224609375 0.029947916666666668
7 0.29833984375 0.22916666666666666 0.0380859375 0.0234375
0 0.30419921875 0.228515625 0.0908203125 0.053385416666666664
4 0.2099609375 0.4251302083333333 0.27734375 0.26171875
0 0.2099609375 0.44140625 0.279296875 0.296875
2 0.2099609375 0.5852864583333334 0.23828125 0.009114583333333334
7 0.44287109375 0.10416666666666667 0.1064453125 0.049479166666666664
0 0.4482421875 0.10286458333333333 0.1171875 0.052083333333333336
7 0.89208984375 0.10416666666666667 0.2158203125 0.049479166666666664
0 0.88623046875 0.10286458333333333 0.2275390625 0.052083333333333336
4 0.19482421875 0.728515625 0.3896484375 0.27734375
2 0.19482421875 0.611328125 0.3896484375 0.04296875
7 0.0908203125 0.7265625 0.181640625 0.033854166666666664
0 0.11181640625 0.7272135416666666 0.2236328125 0.06640625
7 0.33447265625 0.7265625 0.1103515625 0.033854166666666664
0 0.31298828125 0.7272135416666666 0.1533203125 0.06640625
7 0.0908203125 0.8125 0.181640625 0.033854166666666664
0 0.11181640625 0.8131510416666666 0.2236328125 0.06640625
2 0.19482421875 0.9518229166666666 0.3896484375 0.0390625
6 0.0732421875 0.9921875 0.080078125 0.015625
7 0.16015625 0.9921875 0.09375 0.015625
0 0.4052734375 0.638671875 0.03125 0.05078125
0 0.7578125 0.6022135416666666 0.05078125 0.024739583333333332
0 0.771484375 0.638671875 0.078125 0.05078125
0 0.77197265625 0.6881510416666666 0.0791015625 0.05078125
0 0.75390625 0.73828125 0.04296875 0.052083333333333336
0 0.54541015625 0.8704427083333334 0.3115234375 0.029947916666666668
0 0.4443359375 0.9166666666666666 0.109375 0.052083333333333336
0 0.8662109375 0.8704427083333334 0.267578125 0.029947916666666668
0 0.81396484375 0.9166666666666666 0.1630859375 0.052083333333333336
0 0.78173828125 0.966796875 0.0986328125 0.05078125
4 0.54052734375 0.7473958333333334 0.3017578125 0.3151041666666667
0 0.54052734375 0.794921875 0.3017578125 0.41015625
6 0.54052734375 0.931640625 0.3017578125 0.022135416666666668
7 0.54052734375 0.958984375 0.3017578125 0.03515625
4 0.87109375 0.7473958333333334 0.2578125 0.3151041666666667
0 0.87109375 0.794921875 0.2578125 0.41015625
6 0.87109375 0.931640625 0.2578125 0.022135416666666668
7 0.87109375 0.958984375 0.2578125 0.03515625