7 0.06982421875 0.026041666666666668 0.0615234375 0.0234375
0 0.078125 0.036458333333333336 0.119140625 0.07291666666666667
1 0.34814453125 0.027994791666666668 0.3916015625 0.055989583333333336
4 0.04052734375 0.205078125 0.0810546875 0.25390625
0 0.04248046875 0.20768229166666666 0.0849609375 0.2591145833333333
4 0.1591796875 0.205078125 0.150390625 0.25390625
0 0.1611328125 0.20768229166666666 0.154296875 0.2591145833333333
4 0.1591796875 0.3723958333333333 0.150390625 0.07291666666666667
0 0.1611328125 0.3723958333333333 0.154296875 0.07291666666666667
4 0.38916015625 0.205078125 0.3037109375 0.25390625
0 0.39111328125 0.20768229166666666 0.3076171875 0.2591145833333333
4 0.38916015625 0.3723958333333333 0.3037109375 0.07291666666666667
0 0.39111328125 0.3723958333333333 0.3076171875 0.07291666666666667
0 0.7705078125 0.011067708333333334 0.2109375 0.022135416666666668
4 0.77490234375 0.23111979166666666 0.4501953125 0.35546875
7 0.27490234375 0.4186197916666667 0.5498046875 0.01953125
2 0.11865234375 0.4680989583333333 0.2275390625 0.032552083333333336
2 0.234375 0.4680989583333333 0.00390625 0.032552083333333336
2 0.16943359375 0.5143229166666666 0.3349609375 0.033854166666666664
2 0.16455078125 0.560546875 0.3193359375 0.032552083333333336
2 0.32861328125 0.560546875 0.0087890625 0.032552083333333336
2 0.37451171875 0.560546875 0.0830078125 0.032552083333333336
2 0.42041015625 0.560546875 0.0087890625 0.032552083333333336
2 0.12158203125 0.6067708333333334 0.2333984375 0.033854166666666664
2 0.240234375 0.6067708333333334 0.00390625 0.033854166666666664
7 0.1904296875 0.6536458333333334 0.353515625 0.0234375
6 0.419921875 0.6536458333333334 0.10546875 0.0234375
7 0.47412109375 0.6536458333333334 0.0029296875 0.0234375
7 0.21728515625 0.6822916666666666 0.4072265625 0.0234375
6 0.44873046875 0.6822916666666666 0.0556640625 0.0234375
7 0.47802734375 0.6822916666666666 0.0029296875 0.0234375
7 0.17431640625 0.7109375 0.3212890625 0.0234375
6 0.3837890625 0.7109375 0.09765625 0.0234375
7 0.43408203125 0.7109375 0.0029296875 0.0234375
2 0.05224609375 0.818359375 0.1044921875 0.029947916666666668
7 0.0263671875 0.8880208333333334 0.029296875 0.0234375
6 0.1513671875 0.8880208333333334 0.21484375 0.0234375
7 0.02685546875 0.9166666666666666 0.0302734375 0.0234375
6 0.091796875 0.9166666666666666 0.099609375 0.0234375
7 0.0263671875 0.9661458333333334 0.029296875 0.0234375
6 0.09716796875 0.9661458333333334 0.1064453125 0.0234375
7 0.02685546875 0.9915364583333334 0.0302734375 0.016927083333333332
6 0.109375 0.9915364583333334 0.134765625 0.016927083333333332
0 0.6142578125 0.4147135416666667 0.078125 0.01171875
0 0.7099609375 0.4147135416666667 0.087890625 0.01171875
0 0.79296875 0.4147135416666667 0.052734375 0.01171875
0 0.8681640625 0.4147135416666667 0.072265625 0.01171875
0 0.611328125 0.4544270833333333 0.072265625 0.041666666666666664
0 0.6953125 0.4544270833333333 0.0703125 0.041666666666666664
4 0.58154296875 0.5032552083333334 0.0126953125 0.016927083333333332
6 0.68359375 0.505859375 0.181640625 0.01953125
7 0.94873046875 0.412109375 0.0126953125 0.006510416666666667
6 0.9755859375 0.4765625 0.048828125 0.0390625
0 0.97119140625 0.48828125 0.0576171875 0.08854166666666667
4 0.57568359375 0.61328125 0.0244140625 0.020833333333333332
0 0.59130859375 0.61328125 0.0673828125 0.078125
7 0.60302734375 0.61328125 0.0302734375 0.020833333333333332
4 0.64306640625 0.61328125 0.0244140625 0.020833333333333332
0 0.67626953125 0.61328125 0.1025390625 0.078125
7 0.68798828125 0.61328125 0.0654296875 0.020833333333333332
7 0.77490234375 0.6119791666666666 0.0458984375 0.0234375
7 0.8916015625 0.611328125 0.177734375 0.01953125
2 0.58642578125 0.67578125 0.0732421875 0.046875
1 0.58642578125 0.7213541666666666 0.0732421875 0.044270833333333336
1 0.583984375 0.7864583333333334 0.068359375 0.052083333333333336
0 0.56787109375 0.8483072916666666 0.0361328125 0.016927083333333332
2 0.56640625 0.9661458333333334 0.033203125 0.020833333333333332
7 0.65966796875 0.6783854166666666 0.0322265625 0.018229166666666668
0 0.6650390625 0.6783854166666666 0.0625 0.052083333333333336
4 0.68212890625 0.6783854166666666 0.0087890625 0.010416666666666666
7 0.666015625 0.720703125 0.033203125 0.022135416666666668
7 0.84521484375 0.7200520833333334 0.3095703125 0.020833333333333332
4 0.66259765625 0.8522135416666666 0.0576171875 0.2955729166666667