7 0.19970703125 0.23958333333333334 0.3994140625 0.4791666666666667
4 0.19970703125 0.23958333333333334 0.3994140625 0.4791666666666667
2 0.19970703125 0.216796875 0.3994140625 0.23828125
5 0.16796875 0.4615885416666667 0.3359375 0.01953125
7 0.69970703125 0.014973958333333334 0.6005859375 0.029947916666666668
2 0.44287109375 0.16015625 0.0869140625 0.19791666666666666
0 0.44287109375 0.16015625 0.0869140625 0.19791666666666666
4 0.7548828125 0.2701822916666667 0.490234375 0.41796875
0 0.7548828125 0.2701822916666667 0.490234375 0.41796875
7 0.44091796875 0.3209635416666667 0.0830078125 0.10286458333333333
0 0.09814453125 0.5032552083333334 0.1962890625 0.048177083333333336
0 0.09814453125 0.5572916666666666 0.1962890625 0.049479166666666664
0 0.09814453125 0.6119791666666666 0.1962890625 0.049479166666666664
0 0.09814453125 0.6666666666666666 0.1962890625 0.049479166666666664
0 0.09814453125 0.7213541666666666 0.1962890625 0.049479166666666664
0 0.09814453125 0.7760416666666666 0.1962890625 0.049479166666666664
4 0.01806640625 0.7747395833333334 0.0166015625 0.020833333333333332
7 0.013671875 0.830078125 0.02734375 0.022135416666666668
0 0.09814453125 0.8307291666666666 0.1962890625 0.049479166666666664
4 0.03955078125 0.8294270833333334 0.0166015625 0.020833333333333332
1 0.3173828125 0.53515625 0.1640625 0.0546875
2 0.3173828125 0.7819010416666666 0.1640625 0.02734375
0 0.30712890625 0.8854166666666666 0.1435546875 0.1171875
0 0.30712890625 0.9876302083333334 0.1435546875 0.024739583333333332
2 0.48486328125 0.5833333333333334 0.1708984375 0.0703125
2 0.56640625 0.6510416666666666 0.333984375 0.0703125
2 0.537109375 0.71875 0.275390625 0.0703125
7 0.4130859375 0.82421875 0.02734375 0.0234375
7 0.4482421875 0.82421875 0.04296875 0.0234375