4 0.06103515625 0.2265625 0.1220703125 0.2864583333333333
4 0.20458984375 0.2265625 0.4091796875 0.3802083333333333
2 0.20458984375 0.1484375 0.4091796875 0.036458333333333336
2 0.20458984375 0.1875 0.4091796875 0.041666666666666664
4 0.70458984375 0.10546875 0.5908203125 0.2109375
4 0.70458984375 0.10546875 0.5908203125 0.2109375
2 0.44580078125 0.265625 0.0732421875 0.028645833333333332
0 0.59521484375 0.265625 0.3720703125 0.03125
2 0.6318359375 0.265625 0.298828125 0.028645833333333332
4 0.4306640625 0.35546875 0.04296875 0.049479166666666664
0 0.4306640625 0.35546875 0.04296875 0.049479166666666664
4 0.49658203125 0.3561197916666667 0.0517578125 0.07161458333333333
0 0.49658203125 0.3561197916666667 0.0517578125 0.07161458333333333
4 0.580078125 0.3561197916666667 0.078125 0.04296875
0 0.580078125 0.3561197916666667 0.078125 0.04296875
4 0.703125 0.35546875 0.130859375 0.046875
0 0.703125 0.35546875 0.130859375 0.046875
4 0.8486328125 0.3561197916666667 0.123046875 0.03515625
0 0.8486328125 0.35546875 0.123046875 0.036458333333333336
4 0.96435546875 0.35546875 0.0712890625 0.049479166666666664
0 0.96435546875 0.35546875 0.0712890625 0.049479166666666664
2 0.1904296875 0.55859375 0.380859375 0.078125
2 0.1904296875 0.6171875 0.380859375 0.0390625
7 0.033203125 0.71484375 0.06640625 0.036458333333333336
0 0.03369140625 0.71484375 0.0673828125 0.0390625
0 0.20458984375 0.85546875 0.4091796875 0.125
7 0.29833984375 0.853515625 0.0654296875 0.01953125
1 0.74267578125 0.513671875 0.5146484375 0.07682291666666667
6 0.8154296875 0.5755208333333334 0.09375 0.0234375
7 0.70458984375 0.6529947916666666 0.5908203125 0.032552083333333336
4 0.70458984375 0.6204427083333334 0.5908203125 0.3033854166666667
2 0.70458984375 0.8352864583333334 0.5908203125 0.037760416666666664
6 0.5869140625 0.9205729166666666 0.35546875 0.026041666666666668
6 0.5869140625 0.9700520833333334 0.35546875 0.026041666666666668
6 0.9091796875 0.9205729166666666 0.181640625 0.026041666666666668
6 0.9091796875 0.9700520833333334 0.181640625 0.026041666666666668