0 0.515625 0.011067708333333334 0.11328125 0.022135416666666668
0 0.61083984375 0.011067708333333334 0.0771484375 0.022135416666666668
7 0.1494140625 0.09244791666666667 0.298828125 0.020833333333333332
6 0.3291015625 0.09244791666666667 0.060546875 0.020833333333333332
7 0.3740234375 0.09244791666666667 0.029296875 0.020833333333333332
6 0.4140625 0.09244791666666667 0.05078125 0.020833333333333332
7 0.44140625 0.09244791666666667 0.00390625 0.020833333333333332
4 0.18994140625 0.3424479166666667 0.3798828125 0.2864583333333333
4 0.44921875 0.3424479166666667 0.400390625 0.3802083333333333
2 0.32470703125 0.2643229166666667 0.6494140625 0.036458333333333336
2 0.32470703125 0.3033854166666667 0.6494140625 0.041666666666666664
1 0.1533203125 0.59765625 0.306640625 0.08333333333333333
7 0.02099609375 0.6634114583333334 0.0283203125 0.01171875
0 0.02099609375 0.6555989583333334 0.0283203125 0.02734375
7 0.0771484375 0.6634114583333334 0.037109375 0.01171875
0 0.0771484375 0.6555989583333334 0.037109375 0.02734375
7 0.158203125 0.6634114583333334 0.078125 0.01171875
0 0.158203125 0.6555989583333334 0.078125 0.02734375
7 0.2734375 0.6634114583333334 0.10546875 0.01171875
0 0.2734375 0.6555989583333334 0.10546875 0.02734375
2 0.82470703125 0.2825520833333333 0.3505859375 0.078125
7 0.78759765625 0.345703125 0.2763671875 0.032552083333333336
2 0.82470703125 0.650390625 0.3505859375 0.037760416666666664
7 0.32470703125 0.7102864583333334 0.6494140625 0.05859375
7 0.32470703125 0.794921875 0.6494140625 0.029947916666666668
6 0.70654296875 0.9674479166666666 0.0927734375 0.018229166666666668
6 0.79052734375 0.9674479166666666 0.0556640625 0.018229166666666668
6 0.8515625 0.9674479166666666 0.048828125 0.018229166666666668
6 0.93212890625 0.9674479166666666 0.0947265625 0.018229166666666668
6 0.994140625 0.9674479166666666 0.01171875 0.018229166666666668