3 0.31982421875 0.032552083333333336 0.6396484375 0.06510416666666667
6 0.28857421875 0.091796875 0.3388671875 0.022135416666666668
7 0.01416015625 0.16927083333333334 0.0283203125 0.0234375
0 0.03271484375 0.16927083333333334 0.0654296875 0.09375
7 0.13134765625 0.16927083333333334 0.0615234375 0.0234375
0 0.1396484375 0.16927083333333334 0.119140625 0.09375
1 0.40966796875 0.16927083333333334 0.3916015625 0.059895833333333336
4 0.046875 0.3483072916666667 0.09375 0.25390625
0 0.048828125 0.3509114583333333 0.09765625 0.2591145833333333
4 0.0712890625 0.3483072916666667 0.142578125 0.25390625
0 0.0732421875 0.3509114583333333 0.146484375 0.2591145833333333
4 0.0712890625 0.5442708333333334 0.142578125 0.13020833333333334
0 0.0732421875 0.5442708333333334 0.146484375 0.13020833333333334
4 0.220703125 0.3483072916666667 0.150390625 0.25390625
0 0.22265625 0.3509114583333333 0.154296875 0.2591145833333333
4 0.220703125 0.5442708333333334 0.150390625 0.13020833333333334
0 0.22265625 0.5442708333333334 0.154296875 0.13020833333333334
4 0.45068359375 0.3483072916666667 0.3037109375 0.25390625
0 0.45263671875 0.3509114583333333 0.3076171875 0.2591145833333333
4 0.45068359375 0.5442708333333334 0.3037109375 0.13020833333333334
0 0.45263671875 0.5442708333333334 0.3076171875 0.13020833333333334
4 0.62255859375 0.3483072916666667 0.0341796875 0.25390625
0 0.62255859375 0.3509114583333333 0.0341796875 0.2591145833333333
3 0.81982421875 0.036458333333333336 0.3603515625 0.07291666666666667
0 0.6728515625 0.07942708333333333 0.06640625 0.013020833333333334
0 0.81982421875 0.036458333333333336 0.3603515625 0.07291666666666667
7 0.85595703125 0.015625 0.1513671875 0.03125
6 0.94775390625 0.015625 0.0322265625 0.03125
7 0.89013671875 0.03125 0.2197265625 0.0625
0 0.94384765625 0.12434895833333333 0.0615234375 0.024739583333333332
0 0.68798828125 0.1640625 0.0966796875 0.0234375
0 0.68798828125 0.1875 0.0966796875 0.0234375
0 0.68798828125 0.2109375 0.0966796875 0.0234375
0 0.68798828125 0.234375 0.0966796875 0.0234375
0 0.68798828125 0.2578125 0.0966796875 0.0234375
7 0.7578125 0.1640625 0.0234375 0.0234375
0 0.87158203125 0.1640625 0.2001953125 0.0234375
7 0.7578125 0.1875 0.0234375 0.0234375
0 0.87158203125 0.1875 0.2001953125 0.0234375
7 0.7578125 0.2109375 0.0234375 0.0234375
0 0.87158203125 0.2109375 0.2001953125 0.0234375
7 0.7578125 0.234375 0.0234375 0.0234375
0 0.87158203125 0.234375 0.2001953125 0.0234375
7 0.7578125 0.2578125 0.0234375 0.0234375
0 0.87158203125 0.2578125 0.2001953125 0.0234375
4 0.87744140625 0.4524739583333333 0.2451171875 0.3138020833333333
4 0.87744140625 0.5657552083333334 0.2451171875 0.08723958333333333
4 0.87744140625 0.3841145833333333 0.2451171875 0.17708333333333334
7 0.8857421875 0.3326822916666667 0.228515625 0.02734375
7 0.982421875 0.4713541666666667 0.03515625 0.06510416666666667
7 0.81982421875 0.5618489583333334 0.3603515625 0.06640625
4 0.16943359375 0.94140625 0.0205078125 0.026041666666666668
4 0.1982421875 0.94140625 0.01953125 0.026041666666666668
4 0.22705078125 0.94140625 0.0205078125 0.026041666666666668
2 0.48388671875 0.990234375 0.2236328125 0.01953125
4 0.7666015625 0.6614583333333334 0.25390625 0.10416666666666667
0 0.7666015625 0.6640625 0.25390625 0.109375
7 0.7666015625 0.728515625 0.25390625 0.014322916666666666
7 0.7666015625 0.767578125 0.25390625 0.055989583333333336
2 0.7666015625 0.8587239583333334 0.25390625 0.08723958333333333
7 0.7666015625 0.912109375 0.25390625 0.014322916666666666
7 0.7666015625 0.9635416666666666 0.25390625 0.07291666666666667
7 0.955078125 0.71484375 0.05859375 0.020833333333333332
7 0.955078125 0.8463541666666666 0.05859375 0.020833333333333332
7 0.97021484375 0.822265625 0.0595703125 0.01953125
0 0.96435546875 0.822265625 0.0712890625 0.04296875
7 0.97998046875 0.9147135416666666 0.0400390625 0.016927083333333332
0 0.97998046875 0.9147135416666666 0.0400390625 0.016927083333333332
7 0.97998046875 0.990234375 0.0400390625 0.016927083333333332
0 0.97998046875 0.990234375 0.0400390625 0.016927083333333332