7 0.2197265625 0.18033854166666666 0.439453125 0.3606770833333333
4 0.2197265625 0.18033854166666666 0.439453125 0.3606770833333333
2 0.2197265625 0.08268229166666667 0.439453125 0.16536458333333334
5 0.20654296875 0.291015625 0.4130859375 0.01953125
1 0.2060546875 0.3528645833333333 0.412109375 0.07552083333333333
0 0.0302734375 0.4557291666666667 0.060546875 0.0625
0 0.20751953125 0.4557291666666667 0.2939453125 0.0625
0 0.39697265625 0.4557291666666667 0.0849609375 0.0625
2 0.16259765625 0.5533854166666666 0.3251953125 0.06770833333333333
6 0.39111328125 0.5651041666666666 0.0966796875 0.06770833333333333
2 0.6708984375 0.16015625 0.462890625 0.14322916666666666
7 0.6708984375 0.296875 0.462890625 0.109375
0 0.58837890625 0.408203125 0.2978515625 0.055989583333333336
4 0.365234375 0.625 0.1484375 0.052083333333333336
7 0.05419921875 0.7102864583333334 0.1083984375 0.022135416666666668
0 0.072265625 0.7102864583333334 0.14453125 0.06640625
7 0.2119140625 0.7102864583333334 0.103515625 0.022135416666666668
0 0.2216796875 0.7102864583333334 0.15625 0.06640625
7 0.3466796875 0.7102864583333334 0.0625 0.022135416666666668
0 0.3564453125 0.7102864583333334 0.115234375 0.06640625
7 0.4345703125 0.7102864583333334 0.009765625 0.022135416666666668
0 0.42626953125 0.7102864583333334 0.0263671875 0.06640625
2 0.236328125 0.8828125 0.40625 0.018229166666666668
7 0.24365234375 0.958984375 0.3916015625 0.08203125
6 0.8876953125 0.609375 0.224609375 0.020833333333333332
6 0.8876953125 0.6354166666666666 0.224609375 0.020833333333333332
7 0.70703125 0.6901041666666666 0.083984375 0.026041666666666668
4 0.51904296875 0.7942708333333334 0.1337890625 0.11979166666666667
0 0.51904296875 0.833984375 0.1337890625 0.19921875
2 0.51904296875 0.8997395833333334 0.1337890625 0.06770833333333333
4 0.681640625 0.7942708333333334 0.134765625 0.11979166666666667
0 0.681640625 0.833984375 0.134765625 0.19921875
2 0.681640625 0.8997395833333334 0.134765625 0.06770833333333333
6 0.5869140625 0.9680989583333334 0.052734375 0.022135416666666668
6 0.6103515625 0.994140625 0.099609375 0.01171875
7 0.8994140625 0.6953125 0.025390625 0.018229166666666668
0 0.888671875 0.6953125 0.06640625 0.0390625
7 0.96728515625 0.6953125 0.0302734375 0.018229166666666668
0 0.95654296875 0.6953125 0.0732421875 0.0390625
7 0.91650390625 0.7350260416666666 0.1123046875 0.01171875
7 0.8828125 0.876953125 0.234375 0.24609375
7 0.45263671875 0.6236979166666666 0.0263671875 0.020833333333333332
0 0.46484375 0.6276041666666666 0.05078125 0.057291666666666664
7 0.52587890625 0.6236979166666666 0.0439453125 0.020833333333333332
0 0.53076171875 0.6276041666666666 0.0830078125 0.057291666666666664
1 0.8828125 0.6236979166666666 0.234375 0.044270833333333336