4 0.00927734375 0.064453125 0.0185546875 0.06380208333333333
7 0.365234375 0.06315104166666667 0.615234375 0.02734375
0 0.7353515625 0.064453125 0.107421875 0.06380208333333333
2 0.18798828125 0.34375 0.3759765625 0.28125
4 0.6015625 0.4615885416666667 0.375 0.09505208333333333
4 0.39453125 0.2545572916666667 0.7890625 0.5091145833333334
2 0.591796875 0.291015625 0.28125 0.08723958333333333
4 0.240234375 0.3372395833333333 0.3515625 0.34375
7 0.591796875 0.4010416666666667 0.28125 0.08333333333333333
0 0.5419921875 0.4947916666666667 0.181640625 0.028645833333333332
4 0.7333984375 0.201171875 0.01953125 0.02734375
2 0.89453125 0.3470052083333333 0.2109375 0.23828125
2 0.3740234375 0.5390625 0.748046875 0.057291666666666664
7 0.34521484375 0.6302083333333334 0.6904296875 0.09375
7 0.2021484375 0.7428385416666666 0.244140625 0.05859375
7 0.4853515625 0.744140625 0.244140625 0.05859375
0 0.4853515625 0.744140625 0.244140625 0.05859375
4 0.392578125 0.8645833333333334 0.037109375 0.049479166666666664
4 0.080078125 0.986328125 0.037109375 0.02734375
4 0.05078125 0.7994791666666666 0.037109375 0.049479166666666664
4 0.5390625 0.9296875 0.037109375 0.049479166666666664
4 0.01513671875 0.890625 0.0302734375 0.049479166666666664
4 0.685546875 0.7994791666666666 0.037109375 0.049479166666666664
4 0.4609375 0.9915364583333334 0.037109375 0.016927083333333332
4 0.39453125 0.9166666666666666 0.7890625 0.049479166666666664
4 0.4609375 0.8600260416666666 0.078125 0.10546875
4 0.6328125 0.9837239583333334 0.08984375 0.032552083333333336
4 0.154296875 0.943359375 0.087890625 0.11328125
4 0.89453125 0.6985677083333334 0.2109375 0.37890625
7 0.91357421875 0.58203125 0.1728515625 0.0390625
0 0.90185546875 0.58203125 0.1962890625 0.057291666666666664
7 0.9833984375 0.6451822916666666 0.033203125 0.016927083333333332
7 0.88671875 0.6920572916666666 0.10546875 0.01953125
7 0.88671875 0.7076822916666666 0.109375 0.01953125
7 0.880859375 0.9029947916666666 0.125 0.022135416666666668
6 0.88134765625 0.923828125 0.1259765625 0.016927083333333332
6 0.87451171875 0.9446614583333334 0.1123046875 0.016927083333333332
6 0.857421875 0.9654947916666666 0.078125 0.016927083333333332
7 0.98095703125 0.9029947916666666 0.0380859375 0.022135416666666668
6 0.98095703125 0.923828125 0.0380859375 0.016927083333333332
6 0.97314453125 0.9446614583333334 0.0224609375 0.016927083333333332