2 0.19140625 0.19401041666666666 0.3828125 0.28125
2 0.19140625 0.4798177083333333 0.3828125 0.23828125
4 0.56005859375 0.431640625 0.2783203125 0.3346354166666667
4 0.349609375 0.2994791666666667 0.69921875 0.5989583333333334
2 0.57861328125 0.14127604166666666 0.2412109375 0.08723958333333333
4 0.2470703125 0.25 0.3515625 0.46875
7 0.57861328125 0.2513020833333333 0.2412109375 0.08333333333333333
0 0.548828125 0.3665364583333333 0.181640625 0.07161458333333333
4 0.849609375 0.2701822916666667 0.30078125 0.5403645833333334
0 0.849609375 0.2701822916666667 0.30078125 0.5403645833333334
2 0.849609375 0.4361979166666667 0.30078125 0.15625
0 0.849609375 0.4361979166666667 0.30078125 0.16927083333333334
7 0.06591796875 0.6158854166666666 0.1318359375 0.0234375
7 0.06591796875 0.6510416666666666 0.1318359375 0.046875
7 0.06591796875 0.6861979166666666 0.1318359375 0.0234375
4 0.1162109375 0.7005208333333334 0.0234375 0.03125
7 0.0478515625 0.7610677083333334 0.095703125 0.022135416666666668
7 0.06591796875 0.8125 0.1318359375 0.0234375
7 0.06591796875 0.8359375 0.1318359375 0.0234375
7 0.06591796875 0.859375 0.1318359375 0.0234375
7 0.06591796875 0.9466145833333334 0.1318359375 0.0234375
7 0.06591796875 0.9700520833333334 0.1318359375 0.0234375
7 0.06591796875 0.9908854166666666 0.1318359375 0.018229166666666668
4 0.40185546875 0.7395833333333334 0.4853515625 0.28125
0 0.40185546875 0.7395833333333334 0.4853515625 0.28125
7 0.19775390625 0.8561197916666666 0.0615234375 0.03515625
7 0.6181640625 0.8873697916666666 0.052734375 0.014322916666666666
2 0.31982421875 0.9140625 0.3212890625 0.036458333333333336
0 0.40185546875 0.9147135416666666 0.4853515625 0.037760416666666664
0 0.40185546875 0.97265625 0.4853515625 0.0546875
4 0.6865234375 0.8196614583333334 0.025390625 0.048177083333333336
2 0.82958984375 0.755859375 0.2607421875 0.3138020833333333
3 0.849609375 0.736328125 0.30078125 0.2747395833333333