2 0.17333984375 0.022786458333333332 0.3466796875 0.045572916666666664
2 0.353515625 0.004557291666666667 0.015625 0.009114583333333334
2 0.51513671875 0.022786458333333332 0.3095703125 0.045572916666666664
2 0.3349609375 0.08203125 0.669921875 0.044270833333333336
0 0.2314453125 0.19010416666666666 0.216796875 0.06770833333333333
2 0.83251953125 0.14453125 0.3251953125 0.19010416666666666
6 0.724609375 0.30859375 0.10546875 0.0234375
0 0.775390625 0.30859375 0.2109375 0.0625
2 0.326171875 0.4420572916666667 0.65234375 0.045572916666666664
2 0.326171875 0.5 0.65234375 0.03125
4 0.1953125 0.6497395833333334 0.09375 0.125
1 0.1953125 0.76171875 0.267578125 0.057291666666666664
1 0.1953125 0.822265625 0.267578125 0.048177083333333336
0 0.2822265625 0.8684895833333334 0.09375 0.020833333333333332
6 0.19482421875 0.9759114583333334 0.0927734375 0.022135416666666668
2 0.7236328125 0.484375 0.107421875 0.0390625
6 0.7392578125 0.5546875 0.12890625 0.033854166666666664
6 0.98974609375 0.5553385416666666 0.0205078125 0.024739583333333332
2 0.9091796875 0.6184895833333334 0.181640625 0.0234375
2 0.95556640625 0.68359375 0.0888671875 0.078125
4 0.85986328125 0.6848958333333334 0.0830078125 0.08333333333333333
2 0.95556640625 0.7981770833333334 0.0888671875 0.10677083333333333
4 0.85986328125 0.7858072916666666 0.0830078125 0.08463541666666667
2 0.95556640625 0.89453125 0.0888671875 0.052083333333333336
4 0.85986328125 0.9095052083333334 0.0830078125 0.08463541666666667
4 0.755859375 0.8203125 0.02734375 0.036458333333333336