2 0.21484375 0.008463541666666666 0.4296875 0.016927083333333332
7 0.21484375 0.048177083333333336 0.4296875 0.03125
3 0.1103515625 0.13020833333333334 0.220703125 0.1015625
7 0.021484375 0.22721354166666666 0.04296875 0.05859375
0 0.02197265625 0.22786458333333334 0.0439453125 0.0625
0 0.3525390625 0.3893229166666667 0.154296875 0.0390625
7 0.87841796875 0.236328125 0.2431640625 0.02734375
7 0.87841796875 0.2877604166666667 0.2431640625 0.0546875
7 0.0146484375 0.607421875 0.029296875 0.022135416666666668
0 0.0205078125 0.607421875 0.041015625 0.053385416666666664
7 0.10791015625 0.607421875 0.1123046875 0.022135416666666668
0 0.1083984375 0.607421875 0.13671875 0.053385416666666664
7 0.21044921875 0.607421875 0.0458984375 0.022135416666666668
0 0.2099609375 0.607421875 0.068359375 0.053385416666666664
7 0.27099609375 0.607421875 0.0322265625 0.022135416666666668
0 0.27099609375 0.607421875 0.0556640625 0.053385416666666664
7 0.341796875 0.607421875 0.064453125 0.022135416666666668
0 0.34228515625 0.607421875 0.0888671875 0.053385416666666664
7 0.41357421875 0.607421875 0.0322265625 0.022135416666666668
0 0.40771484375 0.607421875 0.0439453125 0.053385416666666664
2 0.21484375 0.6822916666666666 0.4296875 0.046875
2 0.0234375 0.8216145833333334 0.046875 0.0859375
4 0.16162109375 0.8619791666666666 0.1279296875 0.16927083333333334
2 0.3046875 0.8216145833333334 0.140625 0.0859375
4 0.412109375 0.8619791666666666 0.03515625 0.16927083333333334
2 0.71484375 0.7513020833333334 0.5703125 0.046875
6 0.50390625 0.849609375 0.1484375 0.061197916666666664
0 0.50390625 0.9095052083333334 0.1484375 0.18098958333333334
4 0.50390625 0.939453125 0.1484375 0.12109375
6 0.71044921875 0.849609375 0.2255859375 0.061197916666666664
0 0.71044921875 0.9095052083333334 0.2255859375 0.18098958333333334
4 0.71044921875 0.939453125 0.2255859375 0.12109375
6 0.92138671875 0.849609375 0.1572265625 0.061197916666666664
0 0.92138671875 0.9095052083333334 0.1572265625 0.18098958333333334
4 0.92138671875 0.939453125 0.1572265625 0.12109375
7 0.99267578125 0.9830729166666666 0.0146484375 0.033854166666666664
0 0.984375 0.9765625 0.03125 0.046875