7 0.0185546875 0.013671875 0.037109375 0.022135416666666668
0 0.02294921875 0.018229166666666668 0.0458984375 0.036458333333333336
7 0.095703125 0.013671875 0.083984375 0.022135416666666668
0 0.095703125 0.018229166666666668 0.1015625 0.036458333333333336
7 0.17333984375 0.013671875 0.0380859375 0.022135416666666668
0 0.17333984375 0.018229166666666668 0.0556640625 0.036458333333333336
7 0.23828125 0.013671875 0.05859375 0.022135416666666668
0 0.23876953125 0.018229166666666668 0.0771484375 0.036458333333333336
7 0.30712890625 0.013671875 0.0439453125 0.022135416666666668
0 0.30712890625 0.018229166666666668 0.0615234375 0.036458333333333336
2 0.18994140625 0.11393229166666667 0.3798828125 0.03515625
7 0.18994140625 0.16276041666666666 0.3798828125 0.03125
0 0.15673828125 0.5078125 0.2373046875 0.046875
2 0.04345703125 0.6178385416666666 0.0869140625 0.04296875
7 0.69091796875 0.08463541666666667 0.4462890625 0.078125
0 0.39697265625 0.16927083333333334 0.0341796875 0.059895833333333336
7 0.484375 0.17057291666666666 0.115234375 0.0234375
0 0.48486328125 0.16927083333333334 0.1435546875 0.059895833333333336
7 0.6279296875 0.17057291666666666 0.1171875 0.0234375
0 0.6279296875 0.16927083333333334 0.14453125 0.059895833333333336
7 0.77490234375 0.17057291666666666 0.1240234375 0.0234375
0 0.77490234375 0.16927083333333334 0.1513671875 0.059895833333333336
7 0.91064453125 0.17057291666666666 0.0947265625 0.0234375
0 0.91064453125 0.16927083333333334 0.1220703125 0.059895833333333336
4 0.54150390625 0.4381510416666667 0.3232421875 0.40234375
0 0.54150390625 0.4381510416666667 0.3232421875 0.40234375
2 0.5361328125 0.5833333333333334 0.3125 0.036458333333333336
6 0.5361328125 0.626953125 0.3125 0.024739583333333332
2 0.82958984375 0.29296875 0.2255859375 0.08333333333333333
0 0.82958984375 0.3079427083333333 0.2255859375 0.11328125
6 0.82958984375 0.3522135416666667 0.2255859375 0.024739583333333332
2 0.82958984375 0.4186197916666667 0.2255859375 0.055989583333333336
0 0.82958984375 0.43359375 0.2255859375 0.0859375
6 0.82958984375 0.4641927083333333 0.2255859375 0.024739583333333332
2 0.82958984375 0.5442708333333334 0.2255859375 0.08333333333333333
0 0.82958984375 0.5592447916666666 0.2255859375 0.11328125
6 0.82958984375 0.603515625 0.2255859375 0.024739583333333332
1 0.283203125 0.6966145833333334 0.193359375 0.0625
5 0.283203125 0.6966145833333334 0.193359375 0.0625
0 0.27490234375 0.7825520833333334 0.1767578125 0.052083333333333336
4 0.18994140625 0.8196614583333334 0.3798828125 0.3606770833333333
0 0.4013671875 0.6614583333333334 0.04296875 0.015625
0 0.451171875 0.6614583333333334 0.041015625 0.015625
0 0.5244140625 0.6614583333333334 0.08984375 0.015625
0 0.5927734375 0.6614583333333334 0.03125 0.015625
0 0.634765625 0.6614583333333334 0.037109375 0.015625
0 0.68212890625 0.6614583333333334 0.0419921875 0.015625
0 0.732421875 0.6614583333333334 0.04296875 0.015625
4 0.85009765625 0.662109375 0.0068359375 0.009114583333333334
0 0.88037109375 0.662109375 0.0673828125 0.024739583333333332
7 0.88720703125 0.662109375 0.0537109375 0.024739583333333332
7 0.95703125 0.662109375 0.0390625 0.01953125
0 0.9658203125 0.662109375 0.056640625 0.01953125
2 0.404296875 0.7259114583333334 0.048828125 0.024739583333333332
0 0.4140625 0.7265625 0.068359375 0.0234375
2 0.50146484375 0.7259114583333334 0.1064453125 0.024739583333333332
0 0.51123046875 0.7265625 0.1259765625 0.0234375
2 0.6005859375 0.7259114583333334 0.052734375 0.024739583333333332
0 0.6103515625 0.7265625 0.072265625 0.0234375
2 0.68115234375 0.7259114583333334 0.0693359375 0.024739583333333332
0 0.69091796875 0.7265625 0.0888671875 0.0234375
2 0.76611328125 0.7259114583333334 0.0615234375 0.024739583333333332
0 0.77587890625 0.7265625 0.0810546875 0.0234375
2 0.8720703125 0.7259114583333334 0.111328125 0.024739583333333332
0 0.8818359375 0.7265625 0.130859375 0.0234375
2 0.9736328125 0.7259114583333334 0.052734375 0.024739583333333332
0 0.9736328125 0.7265625 0.052734375 0.0234375
2 0.4482421875 0.85546875 0.13671875 0.203125
0 0.4482421875 0.9407552083333334 0.13671875 0.024739583333333332
7 0.685546875 0.869140625 0.30078125 0.23046875
4 0.685546875 0.8665364583333334 0.30078125 0.22526041666666666
0 0.685546875 0.97265625 0.30078125 0.026041666666666668
4 0.92724609375 0.8665364583333334 0.1455078125 0.22526041666666666
0 0.92724609375 0.8665364583333334 0.1455078125 0.22526041666666666
3 0.68994140625 0.8196614583333334 0.6201171875 0.3606770833333333
3 0.68994140625 0.8196614583333334 0.6201171875 0.3606770833333333