0 0.42041015625 0.020833333333333332 0.0380859375 0.041666666666666664
4 0.2197265625 0.3352864583333333 0.439453125 0.5872395833333334
4 0.2197265625 0.3352864583333333 0.439453125 0.5872395833333334
4 0.16064453125 0.43359375 0.3212890625 0.390625
2 0.11328125 0.3033854166666667 0.2265625 0.1015625
2 0.16064453125 0.3899739583333333 0.3212890625 0.07161458333333333
0 0.0458984375 0.4798177083333333 0.091796875 0.055989583333333336
4 0.50634765625 0.3561197916666667 0.1337890625 0.5455729166666666
4 0.6416015625 0.3509114583333333 0.31640625 0.5559895833333334
4 0.6416015625 0.21744791666666666 0.26953125 0.07291666666666667
7 0.5498046875 0.2760416666666667 0.05078125 0.015625
7 0.58740234375 0.2760416666666667 0.0205078125 0.015625
7 0.6220703125 0.2760416666666667 0.044921875 0.015625
7 0.546875 0.2942708333333333 0.044921875 0.015625
7 0.53369140625 0.3190104166666667 0.0185546875 0.015625
7 0.58544921875 0.3190104166666667 0.0458984375 0.015625
7 0.74609375 0.275390625 0.01171875 0.014322916666666666
4 0.7607421875 0.2747395833333333 0.01171875 0.015625
7 0.541015625 0.3645833333333333 0.033203125 0.015625
7 0.56982421875 0.3645833333333333 0.0205078125 0.015625
7 0.60009765625 0.3645833333333333 0.0361328125 0.015625
7 0.5390625 0.3828125 0.029296875 0.015625
7 0.56982421875 0.3828125 0.0283203125 0.015625
7 0.6005859375 0.3828125 0.029296875 0.015625
7 0.53369140625 0.4075520833333333 0.0185546875 0.015625
7 0.58544921875 0.4075520833333333 0.0458984375 0.015625
7 0.74609375 0.3639322916666667 0.01171875 0.014322916666666666
4 0.7607421875 0.36328125 0.01171875 0.015625
7 0.541015625 0.453125 0.033203125 0.015625
7 0.56982421875 0.453125 0.0205078125 0.015625
7 0.60009765625 0.453125 0.0361328125 0.015625
7 0.52978515625 0.4713541666666667 0.0107421875 0.015625
7 0.54833984375 0.4713541666666667 0.0205078125 0.015625
7 0.56494140625 0.4713541666666667 0.0107421875 0.015625
7 0.583984375 0.4713541666666667 0.021484375 0.015625
7 0.60498046875 0.4713541666666667 0.0185546875 0.015625
7 0.62451171875 0.4713541666666667 0.0166015625 0.015625
7 0.6494140625 0.4713541666666667 0.029296875 0.015625
7 0.53369140625 0.49609375 0.0185546875 0.015625
7 0.58544921875 0.49609375 0.0458984375 0.015625
7 0.74609375 0.4524739583333333 0.01171875 0.014322916666666666
4 0.7607421875 0.4518229166666667 0.01171875 0.015625
7 0.5419921875 0.5416666666666666 0.03515625 0.015625
7 0.57275390625 0.5416666666666666 0.0205078125 0.015625
7 0.59765625 0.5416666666666666 0.025390625 0.015625
7 0.541015625 0.5598958333333334 0.033203125 0.015625
7 0.5673828125 0.5598958333333334 0.013671875 0.015625
7 0.59912109375 0.5598958333333334 0.0478515625 0.015625
7 0.6337890625 0.5598958333333334 0.017578125 0.015625
7 0.650390625 0.5598958333333334 0.01171875 0.015625
7 0.53369140625 0.5846354166666666 0.0185546875 0.015625
7 0.58544921875 0.5846354166666666 0.0458984375 0.015625
7 0.74609375 0.541015625 0.01171875 0.014322916666666666
4 0.7607421875 0.5403645833333334 0.01171875 0.015625
7 0.53857421875 0.6256510416666666 0.0283203125 0.006510416666666667
7 0.564453125 0.6256510416666666 0.01953125 0.006510416666666667
7 0.59765625 0.6256510416666666 0.041015625 0.006510416666666667
7 0.74609375 0.6256510416666666 0.01171875 0.006510416666666667
4 0.7607421875 0.625 0.01171875 0.0078125
2 0.93798828125 0.25 0.1240234375 0.07291666666666667
2 0.927734375 0.3151041666666667 0.14453125 0.07291666666666667
2 0.91943359375 0.3802083333333333 0.1611328125 0.07291666666666667
0 0.93408203125 0.54296875 0.1318359375 0.07291666666666667
2 0.2197265625 0.8971354166666666 0.439453125 0.0625
2 0.7197265625 0.701171875 0.560546875 0.05859375
7 0.6513671875 0.8359375 0.115234375 0.028645833333333332
0 0.6513671875 0.8359375 0.208984375 0.0625
7 0.8662109375 0.8359375 0.107421875 0.028645833333333332
0 0.8662109375 0.8359375 0.205078125 0.06770833333333333
7 0.703125 0.919921875 0.49609375 0.024739583333333332
6 0.83642578125 0.931640625 0.3271484375 0.048177083333333336
7 0.771484375 0.943359375 0.142578125 0.024739583333333332