4 0.06103515625 0.2565104166666667 0.1220703125 0.4557291666666667
2 0.2607421875 0.255859375 0.23828125 0.45703125
6 0.2607421875 0.19075520833333334 0.23828125 0.05859375
4 0.23095703125 0.3893229166666667 0.1787109375 0.15885416666666666
0 0.2607421875 0.3893229166666667 0.23828125 0.15885416666666666
2 0.35498046875 0.373046875 0.0498046875 0.11067708333333333
4 0.05908203125 0.546875 0.1181640625 0.0859375
0 0.05908203125 0.546875 0.1181640625 0.0859375
7 0.2607421875 0.517578125 0.23828125 0.02734375
4 0.68994140625 0.2799479166666667 0.6201171875 0.5598958333333334
2 0.68994140625 0.18294270833333334 0.6201171875 0.2513020833333333
0 0.783203125 0.3795572916666667 0.14453125 0.06380208333333333
7 0.00439453125 0.611328125 0.0087890625 0.01953125
0 0.01416015625 0.6204427083333334 0.0283203125 0.061197916666666664
0 0.0537109375 0.6204427083333334 0.05078125 0.061197916666666664
7 0.11376953125 0.611328125 0.0498046875 0.01953125
0 0.11865234375 0.6204427083333334 0.0791015625 0.061197916666666664
7 0.205078125 0.611328125 0.07421875 0.01953125
0 0.2099609375 0.6204427083333334 0.103515625 0.061197916666666664
7 0.2939453125 0.611328125 0.044921875 0.01953125
0 0.298828125 0.6204427083333334 0.07421875 0.061197916666666664
3 0.18994140625 0.7356770833333334 0.3798828125 0.1171875
6 0.18994140625 0.8424479166666666 0.3798828125 0.020833333333333332
4 0.18359375 0.9388020833333334 0.3671875 0.12239583333333333
0 0.18359375 0.9388020833333334 0.3671875 0.12239583333333333
7 0.68310546875 0.6100260416666666 0.3349609375 0.040364583333333336
7 0.638671875 0.6634114583333334 0.24609375 0.022135416666666668
7 0.7802734375 0.6634114583333334 0.0390625 0.022135416666666668
7 0.6865234375 0.7259114583333334 0.341796875 0.14713541666666666
7 0.68701171875 0.8489583333333334 0.3427734375 0.0625
7 0.56494140625 0.908203125 0.0986328125 0.022135416666666668
6 0.65869140625 0.923828125 0.2861328125 0.053385416666666664
7 0.68505859375 0.986328125 0.3388671875 0.02734375