7 0.14794921875 0.16796875 0.2431640625 0.028645833333333332
7 0.1572265625 0.24934895833333334 0.224609375 0.10026041666666667
4 0.134765625 0.14973958333333334 0.26953125 0.2994791666666667
6 0.328125 0.016276041666666668 0.1171875 0.032552083333333336
4 0.634765625 0.14973958333333334 0.73046875 0.2994791666666667
4 0.84375 0.14973958333333334 0.3125 0.2994791666666667
1 0.1748046875 0.4401041666666667 0.189453125 0.059895833333333336
2 0.1943359375 0.5826822916666666 0.150390625 0.05859375
4 0.38818359375 0.5162760416666666 0.2373046875 0.43359375
0 0.38818359375 0.5162760416666666 0.2373046875 0.43359375
2 0.38232421875 0.6555989583333334 0.2255859375 0.12109375
4 0.658203125 0.40234375 0.2734375 0.20572916666666666
0 0.658203125 0.40234375 0.2734375 0.20572916666666666
0 0.5546875 0.3938802083333333 0.04296875 0.016927083333333332
2 0.65771484375 0.4485677083333333 0.2490234375 0.08203125
4 0.904296875 0.40234375 0.19140625 0.20572916666666666
0 0.904296875 0.40234375 0.19140625 0.20572916666666666
0 0.85302734375 0.3938802083333333 0.0634765625 0.016927083333333332
2 0.91064453125 0.4485677083333333 0.1787109375 0.08203125
4 0.658203125 0.6315104166666666 0.2734375 0.21614583333333334
0 0.658203125 0.6315104166666666 0.2734375 0.21614583333333334
0 0.5654296875 0.626953125 0.064453125 0.016927083333333332
2 0.65771484375 0.681640625 0.2490234375 0.08203125
4 0.904296875 0.6315104166666666 0.19140625 0.21614583333333334
0 0.904296875 0.6315104166666666 0.19140625 0.21614583333333334
0 0.8515625 0.626953125 0.060546875 0.016927083333333332
2 0.91064453125 0.681640625 0.1787109375 0.08203125
2 0.515625 0.873046875 0.4921875 0.061197916666666664
0 0.576171875 0.9303385416666666 0.37109375 0.016927083333333332
2 0.576171875 0.9720052083333334 0.37109375 0.055989583333333336
2 0.900390625 0.873046875 0.19921875 0.061197916666666664
4 0.900390625 0.9609375 0.19921875 0.078125
0 0.900390625 0.9609375 0.19921875 0.078125