2 0.04296875 0.2584635416666667 0.0859375 0.055989583333333336
4 0.04296875 0.3873697916666667 0.0859375 0.16276041666666666
7 0.0283203125 0.50390625 0.056640625 0.026041666666666668
4 0.06787109375 0.5045572916666666 0.0166015625 0.022135416666666668
0 0.0283203125 0.50390625 0.056640625 0.026041666666666668
2 0.228515625 0.2584635416666667 0.21484375 0.055989583333333336
4 0.228515625 0.3873697916666667 0.21484375 0.16276041666666666
7 0.1728515625 0.50390625 0.103515625 0.026041666666666668
4 0.23583984375 0.5045572916666666 0.0166015625 0.022135416666666668
0 0.1728515625 0.50390625 0.103515625 0.026041666666666668
2 0.478515625 0.2584635416666667 0.21484375 0.055989583333333336
4 0.478515625 0.3873697916666667 0.21484375 0.16276041666666666
7 0.4501953125 0.50390625 0.158203125 0.026041666666666668
4 0.54052734375 0.5045572916666666 0.0166015625 0.022135416666666668
0 0.4501953125 0.50390625 0.158203125 0.026041666666666668
7 0.7333984375 0.490234375 0.1875 0.10546875
6 0.693359375 0.525390625 0.083984375 0.03515625
0 0.93310546875 0.4817708333333333 0.1337890625 0.0625
0 0.93310546875 0.5540364583333334 0.1337890625 0.029947916666666668
2 0.67626953125 0.228515625 0.0732421875 0.21223958333333334
4 0.16259765625 0.7330729166666666 0.3251953125 0.328125
0 0.16259765625 0.7330729166666666 0.3251953125 0.328125
2 0.10888671875 0.9576822916666666 0.2177734375 0.08463541666666667
4 0.490234375 0.7330729166666666 0.298828125 0.328125
0 0.490234375 0.7330729166666666 0.298828125 0.328125
2 0.494140625 0.9576822916666666 0.291015625 0.08463541666666667
3 0.3330078125 0.7845052083333334 0.478515625 0.4309895833333333
4 0.31982421875 0.7845052083333334 0.6396484375 0.4309895833333333
7 0.67919921875 0.5748697916666666 0.0791015625 0.01171875
7 0.81982421875 0.6165364583333334 0.3603515625 0.040364583333333336
6 0.68798828125 0.6263020833333334 0.0966796875 0.020833333333333332
7 0.81982421875 0.6458333333333334 0.3603515625 0.059895833333333336
7 0.81982421875 0.7311197916666666 0.3603515625 0.07942708333333333
4 0.81982421875 0.8932291666666666 0.3603515625 0.21354166666666666
0 0.81982421875 0.8932291666666666 0.3603515625 0.21354166666666666