2 0.224609375 0.08854166666666667 0.357421875 0.17708333333333334
2 0.1533203125 0.3938802083333333 0.21484375 0.055989583333333336
2 0.4033203125 0.3938802083333333 0.21484375 0.055989583333333336
7 0.54736328125 0.024088541666666668 0.0361328125 0.022135416666666668
0 0.5615234375 0.0234375 0.064453125 0.046875
4 0.57763671875 0.026692708333333332 0.0126953125 0.009114583333333334
7 0.6826171875 0.024088541666666668 0.099609375 0.022135416666666668
0 0.6923828125 0.0234375 0.138671875 0.046875
4 0.74560546875 0.026692708333333332 0.0126953125 0.009114583333333334
0 0.82177734375 0.0234375 0.0537109375 0.046875
0 0.927734375 0.0234375 0.12890625 0.041666666666666664
2 0.7578125 0.140625 0.1875 0.0390625
2 0.88525390625 0.1640625 0.1923828125 0.0859375
7 0.87255859375 0.2513020833333333 0.0849609375 0.052083333333333336
7 0.95654296875 0.2513020833333333 0.0849609375 0.052083333333333336
7 0.73828125 0.3033854166666667 0.185546875 0.052083333333333336
4 0.87255859375 0.3001302083333333 0.0107421875 0.016927083333333332
7 0.95654296875 0.3033854166666667 0.0849609375 0.052083333333333336
7 0.73828125 0.35546875 0.185546875 0.052083333333333336
4 0.87255859375 0.3522135416666667 0.0107421875 0.016927083333333332
7 0.95654296875 0.35546875 0.0849609375 0.052083333333333336
7 0.73828125 0.4075520833333333 0.185546875 0.052083333333333336
4 0.87255859375 0.404296875 0.0107421875 0.016927083333333332
7 0.95654296875 0.4075520833333333 0.0849609375 0.052083333333333336
7 0.73828125 0.4466145833333333 0.185546875 0.026041666666666668
4 0.87255859375 0.4537760416666667 0.0107421875 0.01171875
7 0.95654296875 0.4466145833333333 0.0849609375 0.026041666666666668
4 0.7646484375 0.22981770833333334 0.470703125 0.4596354166666667
4 0.7919921875 0.23111979166666666 0.046875 0.45703125
7 0.67236328125 0.028645833333333332 0.2861328125 0.052083333333333336
7 0.67236328125 0.13541666666666666 0.2861328125 0.052083333333333336
7 0.67236328125 0.21809895833333334 0.2861328125 0.048177083333333336
7 0.650390625 0.3671875 0.2421875 0.18489583333333334
1 0.0546875 0.4778645833333333 0.052734375 0.028645833333333332
7 0.0224609375 0.5143229166666666 0.044921875 0.015625
6 0.08837890625 0.5143229166666666 0.0888671875 0.015625
7 0.134765625 0.5143229166666666 0.00390625 0.015625
4 0.4990234375 0.4993489583333333 0.060546875 0.03515625
4 0.8935546875 0.9869791666666666 0.013671875 0.018229166666666668
4 0.92578125 0.9869791666666666 0.013671875 0.018229166666666668
4 0.9580078125 0.9869791666666666 0.013671875 0.018229166666666668
7 0.92578125 0.6100260416666666 0.02734375 0.03515625
0 0.92578125 0.5930989583333334 0.08984375 0.048177083333333336
4 0.92578125 0.5930989583333334 0.08984375 0.048177083333333336
7 0.92578125 0.5930989583333334 0.060546875 0.024739583333333332
6 0.767578125 0.78515625 0.46484375 0.2838541666666667