7 0.08935546875 0.22916666666666666 0.1787109375 0.1640625
0 0.05419921875 0.42578125 0.0244140625 0.03125
0 0.08251953125 0.42578125 0.0244140625 0.03125
0 0.10986328125 0.42578125 0.0244140625 0.03125
0 0.13818359375 0.42578125 0.0244140625 0.03125
0 0.166015625 0.42578125 0.0234375 0.03125
2 0.099609375 0.3046875 0.19921875 0.4973958333333333
3 0.32568359375 0.134765625 0.1474609375 0.18619791666666666
7 0.32568359375 0.4264322916666667 0.1474609375 0.3450520833333333
4 0.630859375 0.2994791666666667 0.462890625 0.5989583333333334
2 0.62353515625 0.474609375 0.4482421875 0.04296875
0 0.630859375 0.3125 0.462890625 0.020833333333333332
7 0.62353515625 0.51953125 0.4482421875 0.028645833333333332
7 0.94580078125 0.2994791666666667 0.1083984375 0.5989583333333334
0 0.02734375 0.6516927083333334 0.0546875 0.040364583333333336
0 0.10107421875 0.6516927083333334 0.0927734375 0.040364583333333336
0 0.18359375 0.6516927083333334 0.072265625 0.040364583333333336
0 0.2587890625 0.6516927083333334 0.078125 0.040364583333333336
0 0.32666015625 0.6516927083333334 0.0576171875 0.040364583333333336
0 0.0380859375 0.7239583333333334 0.076171875 0.018229166666666668
0 0.13134765625 0.7239583333333334 0.1123046875 0.018229166666666668
0 0.2353515625 0.7239583333333334 0.09765625 0.018229166666666668
3 0.19970703125 0.861328125 0.3994140625 0.17317708333333334
4 0.69970703125 0.6998697916666666 0.6005859375 0.20182291666666666
4 0.69970703125 0.68359375 0.6005859375 0.125
0 0.43798828125 0.8424479166666666 0.0771484375 0.046875
7 0.43115234375 0.8424479166666666 0.0634765625 0.020833333333333332
1 0.740234375 0.8424479166666666 0.423828125 0.046875
4 0.93408203125 0.8424479166666666 0.0205078125 0.026041666666666668
0 0.93408203125 0.8424479166666666 0.0361328125 0.046875
4 0.69970703125 0.7994791666666666 0.6005859375 0.4010416666666667
7 0.7314453125 0.9166666666666666 0.537109375 0.044270833333333336
7 0.42236328125 0.958984375 0.0458984375 0.022135416666666668