7 0.15478515625 0.11848958333333333 0.3095703125 0.1640625
2 0.15478515625 0.22135416666666666 0.3095703125 0.4427083333333333
0 0.04736328125 0.4856770833333333 0.0791015625 0.028645833333333332
0 0.12646484375 0.4856770833333333 0.0791015625 0.028645833333333332
0 0.20556640625 0.4856770833333333 0.0791015625 0.028645833333333332
0 0.27734375 0.4856770833333333 0.064453125 0.028645833333333332
2 0.3466796875 0.047526041666666664 0.07421875 0.04296875
0 0.65478515625 0.09830729166666667 0.6904296875 0.19661458333333334
7 0.4658203125 0.09700520833333333 0.3125 0.05859375
7 0.55419921875 0.4661458333333333 0.2294921875 0.06770833333333333
0 0.55419921875 0.3743489583333333 0.2314453125 0.2513020833333333
7 0.8037109375 0.4661458333333333 0.228515625 0.06770833333333333
0 0.8037109375 0.3743489583333333 0.23046875 0.2513020833333333
7 0.15478515625 0.55078125 0.3095703125 0.0625
0 0.04248046875 0.6106770833333334 0.0849609375 0.0234375
7 0.1396484375 0.6100260416666666 0.109375 0.022135416666666668
7 0.0244140625 0.6412760416666666 0.048828125 0.022135416666666668
0 0.1787109375 0.6419270833333334 0.26171875 0.0234375
0 0.087890625 0.6731770833333334 0.17578125 0.0234375
7 0.2421875 0.6725260416666666 0.134765625 0.022135416666666668
0 0.02294921875 0.7174479166666666 0.0458984375 0.0234375
7 0.09716796875 0.716796875 0.1044921875 0.022135416666666668
0 0.22900390625 0.7174479166666666 0.1611328125 0.0234375
2 0.15478515625 0.8014322916666666 0.3095703125 0.04296875
2 0.09619140625 0.865234375 0.1923828125 0.03515625
7 0.15478515625 0.9420572916666666 0.3095703125 0.08463541666666667
7 0.73291015625 0.5501302083333334 0.5341796875 0.10026041666666667
7 0.73291015625 0.82421875 0.5341796875 0.15885416666666666