4 0.119140625 0.02734375 0.1953125 0.0546875
7 0.07275390625 0.11263020833333333 0.0732421875 0.024739583333333332
0 0.07275390625 0.11002604166666667 0.1025390625 0.08463541666666667
7 0.1611328125 0.11263020833333333 0.044921875 0.024739583333333332
0 0.1611328125 0.11002604166666667 0.07421875 0.08463541666666667
7 0.24072265625 0.11263020833333333 0.0556640625 0.024739583333333332
0 0.24072265625 0.11002604166666667 0.0849609375 0.08463541666666667
7 0.345703125 0.11263020833333333 0.095703125 0.024739583333333332
0 0.345703125 0.11002604166666667 0.125 0.08463541666666667
7 0.44482421875 0.11263020833333333 0.0439453125 0.024739583333333332
0 0.44482421875 0.11002604166666667 0.0732421875 0.08463541666666667
0 0.5439453125 0.11002604166666667 0.125 0.08463541666666667
7 0.0107421875 0.23046875 0.021484375 0.026041666666666668
4 0.3203125 0.3033854166666667 0.59765625 0.171875
2 0.8095703125 0.109375 0.380859375 0.0390625
7 0.70947265625 0.22526041666666666 0.1806640625 0.0859375
1 0.70703125 0.3053385416666667 0.17578125 0.06901041666666667
1 0.90771484375 0.3053385416666667 0.1845703125 0.06901041666666667
7 0.96484375 0.3580729166666667 0.0703125 0.018229166666666668
7 0.05322265625 0.40234375 0.0400390625 0.026041666666666668
0 0.05078125 0.40234375 0.0546875 0.026041666666666668
7 0.107421875 0.40234375 0.041015625 0.026041666666666668
0 0.1044921875 0.40234375 0.0546875 0.026041666666666668
7 0.16845703125 0.40234375 0.0556640625 0.026041666666666668
0 0.16259765625 0.40234375 0.0634765625 0.026041666666666668
7 0.22314453125 0.40234375 0.0400390625 0.026041666666666668
0 0.21923828125 0.40234375 0.0517578125 0.026041666666666668
7 0.54736328125 0.40234375 0.0556640625 0.026041666666666668
0 0.55322265625 0.40234375 0.0634765625 0.026041666666666668
7 0.6064453125 0.40234375 0.025390625 0.026041666666666668
7 0.04345703125 0.6197916666666666 0.0869140625 0.049479166666666664
7 0.04345703125 0.693359375 0.0869140625 0.055989583333333336
0 0.04345703125 0.693359375 0.0869140625 0.055989583333333336
7 0.04150390625 0.8645833333333334 0.0830078125 0.23958333333333334
6 0.02001953125 0.9739583333333334 0.0400390625 0.020833333333333332
4 0.3310546875 0.6881510416666666 0.42578125 0.22786458333333334
0 0.3310546875 0.6881510416666666 0.42578125 0.22786458333333334
2 0.3310546875 0.8424479166666666 0.39453125 0.041666666666666664
0 0.3310546875 0.8424479166666666 0.39453125 0.041666666666666664
7 0.3271484375 0.89453125 0.38671875 0.049479166666666664
6 0.392578125 0.908203125 0.04296875 0.024739583333333332
6 0.59912109375 0.826171875 0.0400390625 0.01953125
7 0.8095703125 0.4095052083333333 0.380859375 0.040364583333333336
0 0.8095703125 0.4095052083333333 0.380859375 0.040364583333333336
2 0.8095703125 0.63671875 0.380859375 0.2734375
7 0.68798828125 0.875 0.1376953125 0.036458333333333336
0 0.80859375 0.875 0.37890625 0.078125
4 0.970703125 0.875 0.0234375 0.03125
7 0.7236328125 0.9739583333333334 0.208984375 0.036458333333333336
0 0.80859375 0.9674479166666666 0.37890625 0.06510416666666667
4 0.970703125 0.9739583333333334 0.0234375 0.03125