1 0.2490234375 0.010416666666666666 0.15625 0.020833333333333332
7 0.3291015625 0.010416666666666666 0.00390625 0.020833333333333332
4 0.36767578125 0.0078125 0.0126953125 0.015625
0 0.36767578125 0.012369791666666666 0.0673828125 0.024739583333333332
0 0.03466796875 0.11393229166666667 0.0693359375 0.08463541666666667
0 0.12646484375 0.11393229166666667 0.1142578125 0.08463541666666667
0 0.326171875 0.11653645833333333 0.15234375 0.04296875
4 0.25830078125 0.3255208333333333 0.3427734375 0.20833333333333334
4 0.2587890625 0.3157552083333333 0.287109375 0.09765625
0 0.48291015625 0.21484375 0.1064453125 0.4296875
4 0.466796875 0.15950520833333334 0.07421875 0.3190104166666667
7 0.466796875 0.3854166666666667 0.07421875 0.08854166666666667
0 0.759765625 0.21484375 0.322265625 0.4296875
4 0.759765625 0.15950520833333334 0.2578125 0.3190104166666667
6 0.73193359375 0.3522135416666667 0.2353515625 0.022135416666666668
7 0.755859375 0.3854166666666667 0.283203125 0.08854166666666667
4 0.01953125 0.49609375 0.0390625 0.08072916666666667
0 0.1279296875 0.4557291666666667 0.255859375 0.020833333333333332
6 0.146484375 0.4869791666666667 0.21484375 0.08333333333333333
4 0.31982421875 0.49609375 0.0908203125 0.08072916666666667
0 0.3427734375 0.4557291666666667 0.173828125 0.020833333333333332
6 0.3974609375 0.4869791666666667 0.064453125 0.08333333333333333
4 0.21142578125 0.7252604166666666 0.1845703125 0.1640625
0 0.21142578125 0.8111979166666666 0.1845703125 0.3359375
0 0.3330078125 0.6614583333333334 0.029296875 0.036458333333333336
6 0.3740234375 0.7473958333333334 0.111328125 0.12760416666666666
6 0.3740234375 0.875 0.111328125 0.07291666666666667
7 0.32861328125 0.9466145833333334 0.0205078125 0.018229166666666668
6 0.38134765625 0.9466145833333334 0.0869140625 0.018229166666666668
7 0.708984375 0.5013020833333334 0.16796875 0.03125
0 0.708984375 0.5013020833333334 0.20703125 0.057291666666666664
4 0.71484375 0.791015625 0.5703125 0.41796875