4 0.26953125 0.11328125 0.5390625 0.2265625
4 0.26953125 0.11328125 0.5390625 0.2265625
7 0.06494140625 0.2545572916666667 0.1298828125 0.016927083333333332
0 0.06494140625 0.3125 0.1298828125 0.1328125
2 0.06494140625 0.3274739583333333 0.1298828125 0.10286458333333333
7 0.2744140625 0.2545572916666667 0.2109375 0.016927083333333332
0 0.2744140625 0.2942708333333333 0.2109375 0.09635416666666667
2 0.2744140625 0.3092447916666667 0.2109375 0.06640625
7 0.47900390625 0.2545572916666667 0.1201171875 0.016927083333333332
0 0.47900390625 0.3053385416666667 0.1201171875 0.11848958333333333
2 0.47900390625 0.3203125 0.1201171875 0.08854166666666667
7 0.75146484375 0.05078125 0.4248046875 0.033854166666666664
7 0.75146484375 0.10416666666666667 0.4248046875 0.052083333333333336
0 0.62353515625 0.275390625 0.1689453125 0.20703125
0 0.7744140625 0.275390625 0.193359375 0.20703125
0 0.17529296875 0.4088541666666667 0.2646484375 0.0546875
0 0.42626953125 0.4088541666666667 0.2060546875 0.0546875
7 0.037109375 0.55078125 0.07421875 0.052083333333333336
7 0.12890625 0.55078125 0.103515625 0.052083333333333336
7 0.2353515625 0.55078125 0.103515625 0.052083333333333336
7 0.341796875 0.55078125 0.103515625 0.052083333333333336
7 0.46240234375 0.55078125 0.1318359375 0.052083333333333336
6 0.1494140625 0.6764322916666666 0.298828125 0.05078125
4 0.1416015625 0.8619791666666666 0.283203125 0.2760416666666667
4 0.4375 0.6901041666666666 0.18359375 0.08333333333333333
3 0.4375 0.87890625 0.18359375 0.2421875
4 0.67578125 0.4505208333333333 0.2734375 0.14322916666666666
0 0.67578125 0.4505208333333333 0.2734375 0.14322916666666666
4 0.87060546875 0.416015625 0.2392578125 0.07421875
6 0.916015625 0.404296875 0.16796875 0.05078125
7 0.90087890625 0.4563802083333333 0.1376953125 0.040364583333333336
4 0.8427734375 0.494140625 0.021484375 0.02734375
7 0.91357421875 0.4928385416666667 0.1103515625 0.016927083333333332
4 0.62255859375 0.5703125 0.1142578125 0.07291666666666667
0 0.62255859375 0.6022135416666666 0.1142578125 0.13671875
2 0.62255859375 0.6412760416666666 0.1142578125 0.05859375
4 0.74560546875 0.5703125 0.1142578125 0.07291666666666667
0 0.74560546875 0.6022135416666666 0.1142578125 0.13671875
2 0.74560546875 0.6412760416666666 0.1142578125 0.05859375
4 0.86865234375 0.5703125 0.1142578125 0.07291666666666667
0 0.86865234375 0.6022135416666666 0.1142578125 0.13671875
2 0.86865234375 0.6412760416666666 0.1142578125 0.05859375
4 0.96728515625 0.5703125 0.0654296875 0.07291666666666667
0 0.96728515625 0.6022135416666666 0.0654296875 0.13671875
2 0.96728515625 0.6412760416666666 0.0654296875 0.05859375
4 0.56982421875 0.7649739583333334 0.0615234375 0.11848958333333333
7 0.64892578125 0.7174479166666666 0.0498046875 0.0234375
7 0.71484375 0.7194010416666666 0.06640625 0.01953125
2 0.8037109375 0.7805989583333334 0.359375 0.08984375
0 0.81201171875 0.765625 0.3759765625 0.0625
7 0.81201171875 0.8255208333333334 0.3759765625 0.046875
4 0.56982421875 0.9440104166666666 0.0615234375 0.11197916666666667
7 0.65478515625 0.8997395833333334 0.0615234375 0.0234375
7 0.728515625 0.9016927083333334 0.0703125 0.01953125
2 0.8115234375 0.958984375 0.375 0.08203125
0 0.81201171875 0.9479166666666666 0.3759765625 0.0625
7 0.7666015625 0.9973958333333334 0.28515625 0.005208333333333333
0 0.7958984375 0.9973958333333334 0.34375 0.005208333333333333