4 0.134765625 0.091796875 0.26953125 0.18359375
4 0.134765625 0.091796875 0.26953125 0.18359375
7 0.03857421875 0.21158854166666666 0.0771484375 0.016927083333333332
0 0.03857421875 0.2734375 0.0771484375 0.140625
2 0.03857421875 0.2884114583333333 0.0771484375 0.11067708333333333
7 0.19287109375 0.21158854166666666 0.1533203125 0.016927083333333332
0 0.19287109375 0.2513020833333333 0.1533203125 0.09635416666666667
2 0.19287109375 0.2662760416666667 0.1533203125 0.06640625
4 0.634765625 0.18489583333333334 0.73046875 0.3697916666666667
2 0.634765625 0.25390625 0.73046875 0.11197916666666667
2 0.6396484375 0.337890625 0.720703125 0.05859375
4 0.134765625 0.6686197916666666 0.26953125 0.4752604166666667
7 0.23779296875 0.953125 0.0634765625 0.026041666666666668
2 0.5478515625 0.4986979166666667 0.556640625 0.0625
2 0.56689453125 0.5924479166666666 0.5947265625 0.08072916666666667
0 0.50146484375 0.7408854166666666 0.2216796875 0.06510416666666667
0 0.50146484375 0.7408854166666666 0.2236328125 0.06770833333333333