0 0.08154296875 0.296875 0.1630859375 0.018229166666666668
0 0.08154296875 0.3411458333333333 0.1630859375 0.018229166666666668
0 0.08154296875 0.3854166666666667 0.1630859375 0.018229166666666668
0 0.33984375 0.296875 0.296875 0.018229166666666668
0 0.33984375 0.3411458333333333 0.296875 0.018229166666666668
2 0.244140625 0.5423177083333334 0.48828125 0.03515625
4 0.89306640625 0.051432291666666664 0.0439453125 0.048177083333333336
0 0.91650390625 0.08463541666666667 0.1669921875 0.16145833333333334
7 0.96044921875 0.052083333333333336 0.0791015625 0.0859375
7 0.91650390625 0.09895833333333333 0.1669921875 0.03125
7 0.91650390625 0.13020833333333334 0.1669921875 0.03125
0 0.91650390625 0.19921875 0.1669921875 0.028645833333333332
0 0.91650390625 0.22786458333333334 0.1669921875 0.028645833333333332
4 0.537109375 0.07356770833333333 0.095703125 0.13932291666666666
2 0.54296875 0.17578125 0.107421875 0.026041666666666668
7 0.54296875 0.23307291666666666 0.107421875 0.0625
4 0.71435546875 0.07356770833333333 0.1181640625 0.13932291666666666
2 0.71484375 0.17578125 0.140625 0.026041666666666668
6 0.71435546875 0.22526041666666666 0.1396484375 0.049479166666666664
2 0.63427734375 0.3841145833333333 0.2900390625 0.03125
7 0.64013671875 0.4928385416666667 0.3017578125 0.13411458333333334
2 0.93701171875 0.3684895833333333 0.1259765625 0.026041666666666668
6 0.95654296875 0.4309895833333333 0.0869140625 0.049479166666666664
6 0.95654296875 0.4830729166666667 0.0869140625 0.0234375
6 0.95166015625 0.5221354166666666 0.0771484375 0.0234375
6 0.95654296875 0.5546875 0.0869140625 0.010416666666666666
2 0.091796875 0.6608072916666666 0.18359375 0.20182291666666666
2 0.091796875 0.8430989583333334 0.18359375 0.08463541666666667
4 0.3720703125 0.7799479166666666 0.234375 0.4401041666666667
2 0.63916015625 0.7740885416666666 0.2998046875 0.08984375