0 0.03076171875 0.20963541666666666 0.0615234375 0.018229166666666668
0 0.03076171875 0.25390625 0.0615234375 0.018229166666666668
0 0.03076171875 0.2981770833333333 0.0615234375 0.018229166666666668
0 0.20947265625 0.20963541666666666 0.2392578125 0.018229166666666668
0 0.20947265625 0.25390625 0.2392578125 0.018229166666666668
4 0.6064453125 0.2109375 0.5546875 0.3958333333333333
2 0.96142578125 0.08333333333333333 0.0771484375 0.036458333333333336
6 0.96142578125 0.16666666666666666 0.0771484375 0.059895833333333336
7 0.9873046875 0.18359375 0.025390625 0.026041666666666668
6 0.96142578125 0.25 0.0771484375 0.026041666666666668
7 0.96142578125 0.2838541666666667 0.0771484375 0.026041666666666668
6 0.96142578125 0.3671875 0.0771484375 0.059895833333333336
7 0.9873046875 0.3841145833333333 0.025390625 0.026041666666666668
4 0.16455078125 0.7044270833333334 0.3291015625 0.5911458333333334
2 0.12353515625 0.943359375 0.2470703125 0.11328125
7 0.388671875 0.4108072916666667 0.091796875 0.00390625
0 0.4404296875 0.4407552083333333 0.22265625 0.06380208333333333
7 0.439453125 0.4322916666666667 0.193359375 0.03125
2 0.58154296875 0.4309895833333333 0.0224609375 0.020833333333333332
7 0.646484375 0.4114583333333333 0.048828125 0.005208333333333333
0 0.7099609375 0.4407552083333333 0.19921875 0.06380208333333333
7 0.69482421875 0.4114583333333333 0.0498046875 0.005208333333333333
7 0.74365234375 0.4114583333333333 0.0302734375 0.005208333333333333
7 0.77783203125 0.4114583333333333 0.0400390625 0.005208333333333333
4 0.63037109375 0.4296875 0.0166015625 0.020833333333333332
7 0.67333984375 0.4296875 0.0615234375 0.018229166666666668
7 0.77734375 0.4296875 0.041015625 0.018229166666666668
4 0.63037109375 0.4557291666666667 0.0166015625 0.020833333333333332
7 0.66650390625 0.4557291666666667 0.0478515625 0.018229166666666668
7 0.7802734375 0.4557291666666667 0.03515625 0.018229166666666668
7 0.84521484375 0.4114583333333333 0.0478515625 0.005208333333333333
0 0.90478515625 0.4407552083333333 0.1904296875 0.06380208333333333
7 0.8935546875 0.4114583333333333 0.05078125 0.005208333333333333
7 0.94287109375 0.4114583333333333 0.0302734375 0.005208333333333333
7 0.9765625 0.4114583333333333 0.0390625 0.005208333333333333
4 0.82958984375 0.4296875 0.0166015625 0.020833333333333332
7 0.8701171875 0.4296875 0.056640625 0.018229166666666668
7 0.978515625 0.4296875 0.03515625 0.018229166666666668
4 0.82958984375 0.4557291666666667 0.0166015625 0.020833333333333332
7 0.857421875 0.4557291666666667 0.03125 0.018229166666666668
7 0.978515625 0.4557291666666667 0.03515625 0.018229166666666668
7 0.3359375 0.5013020833333334 0.013671875 0.020833333333333332
0 0.3408203125 0.5013020833333334 0.0234375 0.057291666666666664
7 0.3759765625 0.5013020833333334 0.029296875 0.020833333333333332
0 0.3759765625 0.5013020833333334 0.048828125 0.057291666666666664
7 0.43115234375 0.5013020833333334 0.0439453125 0.020833333333333332
0 0.4306640625 0.5013020833333334 0.0625 0.057291666666666664
0 0.48779296875 0.5013020833333334 0.0537109375 0.057291666666666664
7 0.97119140625 0.5013020833333334 0.0498046875 0.020833333333333332
0 0.96826171875 0.5013020833333334 0.0634765625 0.057291666666666664
7 0.908203125 0.5013020833333334 0.037109375 0.020833333333333332
0 0.90869140625 0.5013020833333334 0.0576171875 0.057291666666666664
7 0.8515625 0.5013020833333334 0.0390625 0.020833333333333332
0 0.8515625 0.5013020833333334 0.05859375 0.057291666666666664
7 0.77880859375 0.5013020833333334 0.0693359375 0.057291666666666664
0 0.77880859375 0.5013020833333334 0.0888671875 0.057291666666666664
3 0.66455078125 0.7057291666666666 0.6708984375 0.3255208333333333
4 0.564453125 0.9466145833333334 0.470703125 0.10677083333333333
7 0.7841796875 0.9140625 0.015625 0.020833333333333332
2 0.91552734375 0.9212239583333334 0.1689453125 0.055989583333333336
0 0.91845703125 0.98046875 0.1630859375 0.0390625