4 0.2001953125 0.16666666666666666 0.271484375 0.2526041666666667
2 0.5400390625 0.07747395833333333 0.259765625 0.06380208333333333
2 0.5400390625 0.212890625 0.259765625 0.12630208333333334
4 0.16796875 0.5364583333333334 0.263671875 0.026041666666666668
7 0.4111328125 0.5345052083333334 0.0625 0.029947916666666668
4 0.58740234375 0.5364583333333334 0.1650390625 0.026041666666666668
4 0.8349609375 0.17903645833333334 0.330078125 0.3580729166666667
7 0.974609375 0.23958333333333334 0.05078125 0.026041666666666668
6 0.974609375 0.341796875 0.05078125 0.022135416666666668
4 0.89501953125 0.4921875 0.2099609375 0.11458333333333333
2 0.310546875 0.6555989583333334 0.193359375 0.029947916666666668
4 0.3779296875 0.7180989583333334 0.34375 0.06640625
7 0.63134765625 0.705078125 0.0712890625 0.024739583333333332
7 0.6328125 0.7311197916666666 0.07421875 0.024739583333333332
4 0.35302734375 0.783203125 0.2939453125 0.06640625
7 0.6328125 0.7701822916666666 0.07421875 0.024739583333333332
7 0.6328125 0.7962239583333334 0.07421875 0.024739583333333332
6 0.58154296875 0.83984375 0.0791015625 0.026041666666666668
2 0.3955078125 0.8821614583333334 0.36328125 0.029947916666666668
6 0.28515625 0.92578125 0.11328125 0.026041666666666668
6 0.3125 0.9583333333333334 0.16796875 0.026041666666666668
6 0.2802734375 0.98828125 0.103515625 0.0234375
2 0.087890625 0.7747395833333334 0.17578125 0.4505208333333333
0 0.20458984375 0.5553385416666666 0.0732421875 0.01171875
0 0.27783203125 0.5553385416666666 0.0751953125 0.01171875
0 0.5615234375 0.5553385416666666 0.04296875 0.01171875
0 0.62353515625 0.5553385416666666 0.0830078125 0.01171875
4 0.0810546875 0.6067708333333334 0.15625 0.11458333333333333
6 0.05078125 0.7024739583333334 0.05859375 0.022135416666666668
6 0.06787109375 0.7272135416666666 0.0927734375 0.022135416666666668
6 0.05224609375 0.751953125 0.0615234375 0.022135416666666668
6 0.06494140625 0.7766927083333334 0.0869140625 0.022135416666666668
6 0.0634765625 0.8014322916666666 0.083984375 0.022135416666666668
6 0.0595703125 0.826171875 0.076171875 0.022135416666666668
6 0.03466796875 0.8509114583333334 0.0263671875 0.022135416666666668
2 0.08349609375 0.888671875 0.1337890625 0.022135416666666668
6 0.0830078125 0.916015625 0.099609375 0.022135416666666668
6 0.076171875 0.9407552083333334 0.0859375 0.022135416666666668
6 0.09033203125 0.9654947916666666 0.1142578125 0.022135416666666668
6 0.06787109375 0.9895833333333334 0.0693359375 0.020833333333333332
4 0.751953125 0.755859375 0.1640625 0.4127604166666667
4 0.751953125 0.755859375 0.1640625 0.4127604166666667
2 0.9267578125 0.6009114583333334 0.146484375 0.09765625
2 0.87109375 0.66796875 0.017578125 0.0234375
6 0.8916015625 0.70703125 0.076171875 0.0234375
7 0.96875 0.70703125 0.0625 0.0234375
7 0.9248046875 0.78515625 0.126953125 0.018229166666666668
0 0.9248046875 0.78515625 0.142578125 0.03125
2 0.9267578125 0.875 0.146484375 0.13020833333333334
6 0.8935546875 0.96484375 0.080078125 0.0234375
6 0.970703125 0.96484375 0.05859375 0.0234375
7 0.9267578125 0.9752604166666666 0.146484375 0.044270833333333336