4 0.09912109375 0.2421875 0.1982421875 0.2526041666666667
4 0.5126953125 0.005208333333333333 0.009765625 0.010416666666666666
4 0.6845703125 0.06640625 0.630859375 0.12239583333333333
0 0.6845703125 0.06640625 0.630859375 0.12239583333333333
2 0.6845703125 0.043619791666666664 0.630859375 0.024739583333333332
7 0.74365234375 0.078125 0.5126953125 0.0234375
4 0.6845703125 0.318359375 0.630859375 0.3424479166666667
0 0.6845703125 0.318359375 0.630859375 0.3424479166666667
7 0.8662109375 0.462890625 0.193359375 0.053385416666666664
7 0.8662109375 0.4778645833333333 0.1328125 0.0234375
6 0.0341796875 0.5 0.068359375 0.020833333333333332
6 0.1318359375 0.5 0.06640625 0.020833333333333332
7 0.11865234375 0.5514322916666666 0.2373046875 0.022135416666666668
7 0.27783203125 0.5520833333333334 0.0751953125 0.026041666666666668
0 0.291015625 0.5520833333333334 0.1015625 0.028645833333333332
4 0.32861328125 0.5462239583333334 0.0185546875 0.024739583333333332
4 0.06005859375 0.8177083333333334 0.0673828125 0.08854166666666667
2 0.14501953125 0.9401041666666666 0.2900390625 0.11979166666666667
3 0.6845703125 0.630859375 0.630859375 0.2825520833333333
0 0.6845703125 0.630859375 0.630859375 0.2825520833333333
4 0.6845703125 0.9095052083333334 0.630859375 0.14453125