2 0.06103515625 0.3776041666666667 0.1220703125 0.07291666666666667
0 0.07470703125 0.4817708333333333 0.1494140625 0.052083333333333336
7 0.06591796875 0.482421875 0.1318359375 0.01953125
4 0.34228515625 0.291015625 0.3935546875 0.5559895833333334
0 0.34228515625 0.291015625 0.3935546875 0.5559895833333334
4 0.77734375 0.109375 0.4453125 0.21875
2 0.78515625 0.0625 0.4296875 0.0859375
7 0.78515625 0.140625 0.4296875 0.049479166666666664
0 0.78515625 0.19010416666666666 0.4296875 0.018229166666666668
2 0.59130859375 0.2799479166666667 0.0732421875 0.03125
4 0.7109375 0.4348958333333333 0.3125 0.234375
4 0.94140625 0.4348958333333333 0.1171875 0.234375
2 0.3359375 0.5944010416666666 0.16796875 0.048177083333333336
2 0.478515625 0.5944010416666666 0.12109375 0.048177083333333336
7 0.279296875 0.6516927083333334 0.021484375 0.01953125
7 0.30224609375 0.6516927083333334 0.0263671875 0.01953125
6 0.35498046875 0.6516927083333334 0.0791015625 0.01953125
7 0.40771484375 0.6516927083333334 0.0283203125 0.01953125
6 0.47509765625 0.6516927083333334 0.1083984375 0.01953125
1 0.3642578125 0.6920572916666666 0.177734375 0.040364583333333336
1 0.48876953125 0.6920572916666666 0.0673828125 0.040364583333333336
7 0.2685546875 0.7337239583333334 0.064453125 0.01953125
6 0.3212890625 0.7337239583333334 0.044921875 0.01953125
7 0.3837890625 0.7337239583333334 0.080078125 0.01953125
6 0.48095703125 0.7337239583333334 0.1162109375 0.01953125
6 0.25634765625 0.7701822916666666 0.2119140625 0.022135416666666668
7 0.36669921875 0.7701822916666666 0.0048828125 0.022135416666666668
6 0.41259765625 0.7701822916666666 0.0810546875 0.022135416666666668
7 0.45751953125 0.7701822916666666 0.0048828125 0.022135416666666668
6 0.49658203125 0.7701822916666666 0.0673828125 0.022135416666666668
7 0.5361328125 0.7701822916666666 0.00390625 0.022135416666666668
6 0.23828125 0.798828125 0.107421875 0.022135416666666668
7 0.4150390625 0.798828125 0.248046875 0.022135416666666668
4 0.37109375 0.9069010416666666 0.09765625 0.029947916666666668
2 0.09521484375 0.90625 0.1201171875 0.026041666666666668
7 0.115234375 0.9440104166666666 0.169921875 0.020833333333333332
6 0.2822265625 0.9440104166666666 0.166015625 0.020833333333333332
7 0.36767578125 0.9440104166666666 0.0048828125 0.020833333333333332
7 0.0634765625 0.97265625 0.06640625 0.020833333333333332
7 0.23974609375 0.97265625 0.2880859375 0.020833333333333332
6 0.07373046875 0.9954427083333334 0.0869140625 0.009114583333333334
7 0.21240234375 0.9954427083333334 0.1923828125 0.009114583333333334
6 0.3544921875 0.9954427083333334 0.091796875 0.009114583333333334
2 0.4990234375 0.90625 0.080078125 0.026041666666666668
4 0.49658203125 0.96484375 0.0849609375 0.0703125
7 0.6552734375 0.7506510416666666 0.232421875 0.03515625
7 0.6298828125 0.787109375 0.1484375 0.03515625
7 0.9501953125 0.703125 0.099609375 0.052083333333333336
7 0.9560546875 0.7669270833333334 0.087890625 0.044270833333333336
7 0.9560546875 0.802734375 0.087890625 0.02734375