7 0.330078125 0.009114583333333334 0.21484375 0.018229166666666668
7 0.37109375 0.028645833333333332 0.296875 0.057291666666666664
1 0.69873046875 0.028645833333333332 0.2099609375 0.044270833333333336
1 0.69873046875 0.07942708333333333 0.2099609375 0.044270833333333336
1 0.69873046875 0.13020833333333334 0.2099609375 0.044270833333333336
1 0.69873046875 0.18098958333333334 0.2099609375 0.044270833333333336
1 0.69873046875 0.23177083333333334 0.2099609375 0.044270833333333336
7 0.69873046875 0.2734375 0.0771484375 0.020833333333333332
7 0.62109375 0.3216145833333333 0.126953125 0.020833333333333332
7 0.77490234375 0.3229166666666667 0.0576171875 0.015625
0 0.77490234375 0.322265625 0.0576171875 0.02734375
7 0.8291015625 0.3229166666666667 0.037109375 0.015625
0 0.8291015625 0.322265625 0.037109375 0.02734375
7 0.671875 0.3502604166666667 0.3046875 0.015625
7 0.87939453125 0.3502604166666667 0.1123046875 0.015625
3 0.759765625 0.416015625 0.48046875 0.10546875
4 0.259765625 0.734375 0.51953125 0.53125
7 0.14208984375 0.5162760416666666 0.2841796875 0.05859375
3 0.759765625 0.5078125 0.48046875 0.078125
6 0.7587890625 0.5950520833333334 0.478515625 0.020833333333333332
4 0.72119140625 0.8151041666666666 0.4033203125 0.3697916666666667
0 0.72119140625 0.8151041666666666 0.4033203125 0.3697916666666667