4 0.17626953125 0.125 0.3525390625 0.25
2 0.1640625 0.11653645833333333 0.328125 0.06640625
0 0.1640625 0.16666666666666666 0.328125 0.16666666666666666
6 0.1640625 0.17122395833333334 0.328125 0.045572916666666664
6 0.1640625 0.22135416666666666 0.328125 0.057291666666666664
4 0.40576171875 0.020182291666666668 0.0693359375 0.040364583333333336
0 0.43017578125 0.020182291666666668 0.1181640625 0.040364583333333336
6 0.43017578125 0.029296875 0.1181640625 0.01953125
4 0.40576171875 0.099609375 0.0693359375 0.09244791666666667
0 0.43017578125 0.09895833333333333 0.1181640625 0.09114583333333333
2 0.47021484375 0.09049479166666667 0.0380859375 0.06380208333333333
6 0.43017578125 0.134765625 0.1181640625 0.01953125
4 0.40576171875 0.205078125 0.0693359375 0.09244791666666667
0 0.43017578125 0.20442708333333334 0.1181640625 0.09114583333333333
2 0.47021484375 0.19596354166666666 0.0380859375 0.06380208333333333
6 0.43017578125 0.240234375 0.1181640625 0.01953125
4 0.107421875 0.3938802083333333 0.05859375 0.07942708333333333
4 0.13232421875 0.3938802083333333 0.2646484375 0.23828125
4 0.13232421875 0.3938802083333333 0.2646484375 0.23828125
7 0.13232421875 0.3743489583333333 0.2646484375 0.032552083333333336
7 0.1240234375 0.419921875 0.248046875 0.053385416666666664
7 0.13232421875 0.4641927083333333 0.2646484375 0.022135416666666668
4 0.34814453125 0.3307291666666667 0.1474609375 0.11197916666666667
4 0.34814453125 0.3352864583333333 0.0595703125 0.07942708333333333
0 0.34326171875 0.39453125 0.1572265625 0.23958333333333334
2 0.34814453125 0.431640625 0.1474609375 0.06380208333333333
6 0.34814453125 0.4791666666666667 0.1474609375 0.033854166666666664
4 0.46044921875 0.3307291666666667 0.0576171875 0.11197916666666667
4 0.482421875 0.3352864583333333 0.013671875 0.07942708333333333
0 0.45556640625 0.39453125 0.0673828125 0.23958333333333334
2 0.46044921875 0.431640625 0.0576171875 0.06380208333333333
6 0.46044921875 0.4791666666666667 0.0576171875 0.033854166666666664
7 0.80859375 0.016276041666666668 0.3828125 0.032552083333333336
7 0.8369140625 0.11848958333333333 0.326171875 0.07552083333333333
7 0.83154296875 0.228515625 0.1962890625 0.037760416666666664
0 0.84765625 0.228515625 0.27734375 0.06380208333333333
7 0.716796875 0.3131510416666667 0.01953125 0.029947916666666668
6 0.869140625 0.3111979166666667 0.23828125 0.028645833333333332
7 0.60302734375 0.5091145833333334 0.0712890625 0.028645833333333332
7 0.81884765625 0.4915364583333333 0.3623046875 0.07682291666666667
2 0.28955078125 0.6334635416666666 0.3994140625 0.07421875
7 0.29931640625 0.7356770833333334 0.3798828125 0.078125
0 0.43505859375 0.8463541666666666 0.1083984375 0.06510416666666667
7 0.76171875 0.548828125 0.283203125 0.03515625
7 0.76171875 0.5852864583333334 0.1484375 0.03515625
4 0.8896484375 0.9049479166666666 0.220703125 0.13020833333333334
4 0.83251953125 0.9889322916666666 0.3349609375 0.022135416666666668