0 0.08837890625 0.005859375 0.1142578125 0.01171875
0 0.197265625 0.005859375 0.044921875 0.01171875
0 0.28369140625 0.005859375 0.0693359375 0.01171875
0 0.36328125 0.005859375 0.03125 0.01171875
0 0.1396484375 0.009765625 0.279296875 0.01953125
7 0.025390625 0.005859375 0.05078125 0.01171875
7 0.06005859375 0.005859375 0.0126953125 0.01171875
7 0.08251953125 0.005859375 0.0322265625 0.01171875
7 0.1005859375 0.005859375 0.00390625 0.01171875
7 0.11376953125 0.005859375 0.0224609375 0.01171875
7 0.173828125 0.005859375 0.0625 0.01171875
7 0.22900390625 0.005859375 0.0380859375 0.01171875
4 0.2626953125 0.007161458333333333 0.01953125 0.014322916666666666
2 0.01171875 0.08984375 0.0234375 0.018229166666666668
2 0.02490234375 0.08984375 0.0048828125 0.018229166666666668
2 0.12890625 0.042317708333333336 0.05078125 0.022135416666666668
2 0.13134765625 0.06966145833333333 0.0556640625 0.022135416666666668
2 0.12255859375 0.08984375 0.0380859375 0.018229166666666668
2 0.1455078125 0.08984375 0.005859375 0.018229166666666668
2 0.16796875 0.08984375 0.041015625 0.018229166666666668
2 0.18994140625 0.08984375 0.0048828125 0.018229166666666668
2 0.3173828125 0.042317708333333336 0.083984375 0.022135416666666668
2 0.30322265625 0.06966145833333333 0.0556640625 0.022135416666666668
2 0.291015625 0.08984375 0.03125 0.018229166666666668
2 0.310546875 0.08984375 0.005859375 0.018229166666666668
2 0.3330078125 0.08984375 0.041015625 0.018229166666666668
2 0.35498046875 0.08984375 0.0048828125 0.018229166666666668
2 0.4765625 0.042317708333333336 0.05859375 0.022135416666666668
2 0.46484375 0.06966145833333333 0.03515625 0.022135416666666668
2 0.46240234375 0.08984375 0.0302734375 0.018229166666666668
2 0.48193359375 0.08984375 0.0048828125 0.018229166666666668
2 0.4970703125 0.08984375 0.025390625 0.018229166666666668
4 0.08154296875 0.2734375 0.1630859375 0.3020833333333333
2 0.0693359375 0.291015625 0.138671875 0.06640625
0 0.0693359375 0.3411458333333333 0.138671875 0.16666666666666666
6 0.0693359375 0.345703125 0.138671875 0.045572916666666664
6 0.0693359375 0.3958333333333333 0.138671875 0.057291666666666664
4 0.21630859375 0.16861979166666666 0.0693359375 0.09244791666666667
0 0.28564453125 0.16861979166666666 0.2080078125 0.09244791666666667
2 0.32568359375 0.15950520833333334 0.1279296875 0.06380208333333333
6 0.28564453125 0.20377604166666666 0.2080078125 0.01953125
4 0.21630859375 0.2740885416666667 0.0693359375 0.09244791666666667
0 0.28564453125 0.2734375 0.2080078125 0.09114583333333333
2 0.32568359375 0.2649739583333333 0.1279296875 0.06380208333333333
6 0.28564453125 0.3092447916666667 0.2080078125 0.01953125
4 0.21630859375 0.3795572916666667 0.0693359375 0.09244791666666667
0 0.28564453125 0.37890625 0.2080078125 0.09114583333333333
2 0.32568359375 0.3704427083333333 0.1279296875 0.06380208333333333
6 0.28564453125 0.4147135416666667 0.2080078125 0.01953125
4 0.03759765625 0.5494791666666666 0.0751953125 0.20052083333333334
4 0.03759765625 0.5494791666666666 0.0751953125 0.20052083333333334
7 0.03759765625 0.548828125 0.0751953125 0.032552083333333336
7 0.029296875 0.5944010416666666 0.05859375 0.053385416666666664
7 0.03759765625 0.638671875 0.0751953125 0.022135416666666668
4 0.15869140625 0.5052083333333334 0.1474609375 0.11197916666666667
4 0.15869140625 0.509765625 0.0595703125 0.07942708333333333
0 0.15380859375 0.5494791666666666 0.1572265625 0.20052083333333334
2 0.15869140625 0.6061197916666666 0.1474609375 0.06380208333333333
6 0.15869140625 0.6432291666666666 0.1474609375 0.013020833333333334
4 0.31591796875 0.5052083333333334 0.1474609375 0.11197916666666667
4 0.31591796875 0.509765625 0.0595703125 0.07942708333333333
0 0.31103515625 0.5494791666666666 0.1572265625 0.20052083333333334
7 0.36279296875 0.5423177083333334 0.0439453125 0.02734375
2 0.31591796875 0.6061197916666666 0.1474609375 0.06380208333333333
6 0.31591796875 0.6432291666666666 0.1474609375 0.013020833333333334
1 0.46923828125 0.14388020833333334 0.0810546875 0.04296875
0 0.46923828125 0.220703125 0.0810546875 0.061197916666666664
7 0.46923828125 0.28515625 0.0810546875 0.0234375
7 0.46923828125 0.3157552083333333 0.0810546875 0.024739583333333332
0 0.46923828125 0.31640625 0.0810546875 0.026041666666666668
7 0.46923828125 0.4563802083333333 0.0810546875 0.024739583333333332
7 0.48193359375 0.5201822916666666 0.0556640625 0.022135416666666668
7 0.46923828125 0.6334635416666666 0.0810546875 0.024739583333333332
0 0.46923828125 0.6341145833333334 0.0810546875 0.026041666666666668
2 0.60498046875 0.10546875 0.1904296875 0.036458333333333336
0 0.6494140625 0.3515625 0.279296875 0.5703125
4 0.63330078125 0.3177083333333333 0.2470703125 0.34375
6 0.609375 0.5227864583333334 0.19921875 0.022135416666666668
7 0.63330078125 0.5696614583333334 0.2470703125 0.11588541666666667
2 0.93359375 0.10546875 0.1328125 0.036458333333333336
0 0.92578125 0.3515625 0.1484375 0.5703125
4 0.94189453125 0.3177083333333333 0.1162109375 0.34375
6 0.93359375 0.5227864583333334 0.1328125 0.022135416666666668
7 0.93359375 0.5579427083333334 0.1328125 0.09244791666666667
2 0.2548828125 0.67578125 0.509765625 0.052083333333333336
6 0.1474609375 0.7747395833333334 0.294921875 0.03125
6 0.14111328125 0.8268229166666666 0.2822265625 0.03125
6 0.47705078125 0.7747395833333334 0.0654296875 0.03125
6 0.47705078125 0.8268229166666666 0.0654296875 0.03125
7 0.2548828125 0.9837239583333334 0.509765625 0.032552083333333336
0 0.541015625 0.6608072916666666 0.0390625 0.022135416666666668
0 0.59765625 0.6608072916666666 0.0390625 0.022135416666666668
0 0.541015625 0.7213541666666666 0.0390625 0.052083333333333336
0 0.59765625 0.7213541666666666 0.0390625 0.052083333333333336
0 0.541015625 0.796875 0.0390625 0.052083333333333336
0 0.59765625 0.796875 0.0390625 0.052083333333333336
6 0.52099609375 0.869140625 0.0224609375 0.02734375
7 0.595703125 0.869140625 0.126953125 0.02734375
6 0.677734375 0.869140625 0.037109375 0.02734375
6 0.72119140625 0.869140625 0.0439453125 0.02734375
7 0.7451171875 0.869140625 0.00390625 0.02734375
7 0.5234375 0.947265625 0.00390625 0.02734375