4 0.109375 0.15690104166666666 0.123046875 0.16276041666666666
2 0.2958984375 0.2890625 0.591796875 0.049479166666666664
2 0.15234375 0.3430989583333333 0.3046875 0.032552083333333336
7 0.2958984375 0.4309895833333333 0.591796875 0.078125
3 0.12890625 0.5208333333333334 0.2578125 0.1015625
7 0.21728515625 0.6002604166666666 0.4345703125 0.057291666666666664
4 0.72998046875 0.046223958333333336 0.2333984375 0.06640625
0 0.7314453125 0.07877604166666667 0.244140625 0.06640625
7 0.64404296875 0.16015625 0.0732421875 0.028645833333333332
0 0.64404296875 0.16080729166666666 0.0732421875 0.032552083333333336
7 0.73193359375 0.16015625 0.1025390625 0.028645833333333332
0 0.73193359375 0.16080729166666666 0.1025390625 0.032552083333333336
7 0.830078125 0.16015625 0.09375 0.028645833333333332
0 0.830078125 0.16080729166666666 0.09375 0.032552083333333336
7 0.91845703125 0.16015625 0.0830078125 0.028645833333333332
7 0.97998046875 0.16015625 0.0400390625 0.028645833333333332
0 0.97998046875 0.16080729166666666 0.0400390625 0.032552083333333336
4 0.92529296875 0.4322916666666667 0.1494140625 0.3932291666666667
0 0.92529296875 0.4322916666666667 0.1494140625 0.3932291666666667
4 0.92529296875 0.4322916666666667 0.1494140625 0.3932291666666667
4 0.92529296875 0.4322916666666667 0.1494140625 0.3932291666666667
7 0.71923828125 0.2669270833333333 0.1806640625 0.036458333333333336
0 0.71923828125 0.2819010416666667 0.2001953125 0.09244791666666667
7 0.7021484375 0.302734375 0.146484375 0.024739583333333332
7 0.63525390625 0.361328125 0.0322265625 0.024739583333333332
4 0.666015625 0.3626302083333333 0.01953125 0.01171875
7 0.6328125 0.4283854166666667 0.02734375 0.018229166666666668
0 0.6328125 0.4270833333333333 0.02734375 0.018229166666666668
0 0.71533203125 0.4700520833333333 0.1923828125 0.046875
7 0.6572265625 0.5260416666666666 0.076171875 0.018229166666666668
4 0.6259765625 0.59375 0.013671875 0.013020833333333334
7 0.6708984375 0.5950520833333334 0.0625 0.018229166666666668
0 0.71533203125 0.62109375 0.1923828125 0.015625
0 0.064453125 0.6634114583333334 0.08984375 0.045572916666666664
1 0.3173828125 0.6634114583333334 0.330078125 0.045572916666666664
4 0.5263671875 0.6634114583333334 0.0234375 0.032552083333333336
0 0.5263671875 0.6634114583333334 0.087890625 0.045572916666666664
0 0.03466796875 0.73046875 0.0693359375 0.049479166666666664
0 0.140625 0.73046875 0.083984375 0.049479166666666664
0 0.2470703125 0.73046875 0.0703125 0.049479166666666664
0 0.3544921875 0.73046875 0.0859375 0.049479166666666664
0 0.46044921875 0.73046875 0.0673828125 0.049479166666666664
7 0.55322265625 0.7330729166666666 0.0595703125 0.020833333333333332
0 0.560546875 0.73046875 0.07421875 0.049479166666666664
4 0.5927734375 0.7337239583333334 0.009765625 0.016927083333333332
0 0.12646484375 0.78515625 0.0556640625 0.049479166666666664
0 0.20068359375 0.78515625 0.0341796875 0.049479166666666664
0 0.30419921875 0.78515625 0.1142578125 0.049479166666666664
0 0.4130859375 0.78515625 0.044921875 0.049479166666666664
0 0.49951171875 0.78515625 0.0693359375 0.049479166666666664
0 0.5791015625 0.78515625 0.03125 0.049479166666666664
4 0.013671875 0.798828125 0.015625 0.022135416666666668
0 0.24755859375 0.7994791666666666 0.4951171875 0.036458333333333336
7 0.056640625 0.798828125 0.05859375 0.022135416666666668
7 0.14111328125 0.798828125 0.1044921875 0.022135416666666668
7 0.19482421875 0.798828125 0.0029296875 0.022135416666666668
7 0.236328125 0.798828125 0.060546875 0.022135416666666668
7 0.27587890625 0.798828125 0.0126953125 0.022135416666666668
7 0.29833984375 0.798828125 0.0322265625 0.022135416666666668
7 0.31640625 0.798828125 0.00390625 0.022135416666666668
7 0.32958984375 0.798828125 0.0224609375 0.022135416666666668
7 0.3896484375 0.798828125 0.0625 0.022135416666666668
7 0.44482421875 0.798828125 0.0380859375 0.022135416666666668
4 0.478515625 0.798828125 0.01953125 0.02734375
2 0.0146484375 0.8404947916666666 0.029296875 0.022135416666666668
2 0.015625 0.8678385416666666 0.03125 0.022135416666666668
2 0.0068359375 0.8880208333333334 0.013671875 0.018229166666666668
2 0.01806640625 0.8880208333333334 0.0048828125 0.018229166666666668
2 0.04052734375 0.8880208333333334 0.0400390625 0.018229166666666668
2 0.0625 0.8880208333333334 0.00390625 0.018229166666666668
2 0.17138671875 0.8404947916666666 0.0478515625 0.022135416666666668
2 0.17919921875 0.8678385416666666 0.0634765625 0.022135416666666668
2 0.169921875 0.8880208333333334 0.044921875 0.018229166666666668
2 0.1962890625 0.8880208333333334 0.005859375 0.018229166666666668
2 0.21875 0.8880208333333334 0.041015625 0.018229166666666668
2 0.24072265625 0.8880208333333334 0.0048828125 0.018229166666666668
2 0.3447265625 0.8404947916666666 0.05078125 0.022135416666666668
2 0.34716796875 0.8678385416666666 0.0556640625 0.022135416666666668
2 0.33837890625 0.8880208333333334 0.0380859375 0.018229166666666668
2 0.361328125 0.8880208333333334 0.005859375 0.018229166666666668
2 0.3837890625 0.8880208333333334 0.041015625 0.018229166666666668
2 0.40576171875 0.8880208333333334 0.0048828125 0.018229166666666668
2 0.533203125 0.8404947916666666 0.083984375 0.022135416666666668
2 0.51904296875 0.8678385416666666 0.0556640625 0.022135416666666668
2 0.5068359375 0.8880208333333334 0.03125 0.018229166666666668
2 0.5263671875 0.8880208333333334 0.005859375 0.018229166666666668
2 0.548828125 0.8880208333333334 0.041015625 0.018229166666666668
2 0.57080078125 0.8880208333333334 0.0048828125 0.018229166666666668
4 0.189453125 0.9602864583333334 0.37890625 0.07942708333333333
4 0.43212890625 0.9602864583333334 0.0693359375 0.07942708333333333
0 0.49853515625 0.9602864583333334 0.2021484375 0.07942708333333333
2 0.53857421875 0.9576822916666666 0.1220703125 0.06380208333333333
6 0.49853515625 0.99609375 0.2021484375 0.0078125
2 0.70556640625 0.6393229166666666 0.2119140625 0.020833333333333332
7 0.7177734375 0.716796875 0.185546875 0.10807291666666667
2 0.6982421875 0.8548177083333334 0.197265625 0.02734375
7 0.7216796875 0.9348958333333334 0.193359375 0.109375