4 0.072265625 0.142578125 0.123046875 0.16276041666666666
2 0.2548828125 0.2747395833333333 0.509765625 0.049479166666666664
2 0.1337890625 0.3287760416666667 0.267578125 0.032552083333333336
7 0.2548828125 0.4166666666666667 0.509765625 0.078125
3 0.1103515625 0.5065104166666666 0.220703125 0.1015625
2 0.7548828125 0.16341145833333334 0.490234375 0.07421875
4 0.67724609375 0.447265625 0.3349609375 0.28515625
0 0.96875 0.3736979166666667 0.0625 0.09635416666666667
0 0.96875 0.4778645833333333 0.0625 0.0703125
0 0.96875 0.5618489583333334 0.0625 0.055989583333333336
2 0.23681640625 0.705078125 0.4736328125 0.06901041666666667
2 0.23681640625 0.7884114583333334 0.4736328125 0.07942708333333333
0 0.11474609375 0.8899739583333334 0.2294921875 0.06380208333333333
0 0.23681640625 0.9453125 0.4736328125 0.049479166666666664
4 0.2548828125 0.794921875 0.509765625 0.41015625
7 0.712890625 0.6451822916666666 0.185546875 0.11067708333333333
7 0.9287109375 0.65625 0.142578125 0.1328125
4 0.712890625 0.8658854166666666 0.22265625 0.19791666666666666
6 0.64794921875 0.9954427083333334 0.0556640625 0.009114583333333334
4 0.91943359375 0.8658854166666666 0.1611328125 0.19791666666666666
6 0.8935546875 0.9954427083333334 0.072265625 0.009114583333333334