7 0.0498046875 0.039713541666666664 0.099609375 0.06640625
7 0.181640625 0.039713541666666664 0.1640625 0.06640625
7 0.33154296875 0.039713541666666664 0.1357421875 0.06640625
2 0.03173828125 0.11393229166666667 0.0634765625 0.029947916666666668
2 0.23095703125 0.11393229166666667 0.3369140625 0.029947916666666668
1 0.19970703125 0.18424479166666666 0.3994140625 0.08463541666666667
7 0.19970703125 0.2805989583333333 0.3994140625 0.032552083333333336
0 0.03173828125 0.337890625 0.0517578125 0.032552083333333336
0 0.09375 0.337890625 0.0546875 0.032552083333333336
0 0.16552734375 0.337890625 0.0712890625 0.032552083333333336
0 0.234375 0.337890625 0.048828125 0.032552083333333336
0 0.30517578125 0.337890625 0.0751953125 0.032552083333333336
0 0.37548828125 0.337890625 0.0478515625 0.032552083333333336
0 0.888671875 0.060546875 0.037109375 0.040364583333333336
0 0.9560546875 0.060546875 0.087890625 0.040364583333333336
0 0.52490234375 0.12239583333333333 0.1064453125 0.041666666666666664
0 0.638671875 0.12239583333333333 0.12109375 0.041666666666666664
0 0.771484375 0.12239583333333333 0.14453125 0.041666666666666664
0 0.88818359375 0.12239583333333333 0.0888671875 0.041666666666666664
0 0.96630859375 0.12239583333333333 0.0673828125 0.041666666666666664
2 0.69970703125 0.23177083333333334 0.6005859375 0.028645833333333332
4 0.49609375 0.3665364583333333 0.193359375 0.12630208333333334
2 0.8095703125 0.34375 0.380859375 0.07291666666666667
2 0.75341796875 0.4244791666666667 0.2685546875 0.010416666666666666
2 0.19970703125 0.4446614583333333 0.3994140625 0.029947916666666668
7 0.19970703125 0.53125 0.3994140625 0.14322916666666666
4 0.12744140625 0.76171875 0.0634765625 0.08333333333333333
7 0.12744140625 0.8196614583333334 0.0712890625 0.024739583333333332
2 0.126953125 0.8561197916666666 0.04296875 0.032552083333333336
2 0.126953125 0.8951822916666666 0.076171875 0.032552083333333336
7 0.130859375 0.9772135416666666 0.26171875 0.045572916666666664
7 0.359375 0.9772135416666666 0.080078125 0.045572916666666664
4 0.69970703125 0.7721354166666666 0.6005859375 0.1953125
2 0.453125 0.7265625 0.107421875 0.046875
7 0.48388671875 0.767578125 0.1689453125 0.022135416666666668
7 0.61376953125 0.767578125 0.0830078125 0.022135416666666668
6 0.68310546875 0.767578125 0.0595703125 0.022135416666666668
7 0.43115234375 0.8372395833333334 0.0634765625 0.0234375
0 0.43115234375 0.8372395833333334 0.0634765625 0.0234375
7 0.59619140625 0.8365885416666666 0.1806640625 0.045572916666666664
6 0.6494140625 0.8489583333333334 0.052734375 0.020833333333333332
6 0.41162109375 0.9596354166666666 0.0244140625 0.020833333333333332
6 0.41455078125 0.9856770833333334 0.0302734375 0.020833333333333332
6 0.54931640625 0.93359375 0.0341796875 0.020833333333333332
6 0.58984375 0.9596354166666666 0.115234375 0.020833333333333332
6 0.55810546875 0.9856770833333334 0.0517578125 0.020833333333333332