4 0.21484375 0.05078125 0.4296875 0.1015625
4 0.21484375 0.208984375 0.4296875 0.18880208333333334
0 0.21484375 0.208984375 0.4296875 0.19140625
4 0.21484375 0.4680989583333333 0.4296875 0.3033854166666667
0 0.21484375 0.4680989583333333 0.4296875 0.3033854166666667
0 0.35546875 0.029947916666666668 0.0234375 0.041666666666666664
1 0.1484375 0.10677083333333333 0.296875 0.049479166666666664
7 0.07861328125 0.08528645833333333 0.1572265625 0.024739583333333332
1 0.1484375 0.20052083333333334 0.296875 0.049479166666666664
7 0.03857421875 0.20247395833333334 0.0771484375 0.024739583333333332
7 0.2724609375 0.19791666666666666 0.048828125 0.0234375
0 0.2724609375 0.19856770833333334 0.048828125 0.02734375
7 0.1328125 0.30078125 0.03515625 0.0234375
0 0.1484375 0.30078125 0.296875 0.0625
7 0.1484375 0.365234375 0.296875 0.024739583333333332
0 0.1484375 0.4296875 0.296875 0.0625
7 0.74609375 0.07356770833333333 0.380859375 0.14713541666666666
6 0.6015625 0.17578125 0.041015625 0.020833333333333332
7 0.76025390625 0.20052083333333334 0.2802734375 0.020833333333333332
6 0.7509765625 0.22526041666666666 0.18359375 0.020833333333333332
6 0.76171875 0.25 0.205078125 0.020833333333333332
6 0.611328125 0.2747395833333333 0.060546875 0.020833333333333332
7 0.7783203125 0.2994791666666667 0.31640625 0.026041666666666668
6 0.60302734375 0.32421875 0.0439453125 0.020833333333333332
7 0.7783203125 0.3489583333333333 0.31640625 0.026041666666666668
6 0.61328125 0.3736979166666667 0.064453125 0.020833333333333332
7 0.7783203125 0.3984375 0.31640625 0.026041666666666668
7 0.74609375 0.4908854166666667 0.380859375 0.026041666666666668
3 0.2900390625 0.8665364583333334 0.279296875 0.2669270833333333
7 0.568359375 0.6627604166666666 0.0859375 0.015625
0 0.568359375 0.6634114583333334 0.103515625 0.037760416666666664
4 0.50341796875 0.7291666666666666 0.0048828125 0.010416666666666666
0 0.46142578125 0.73828125 0.0634765625 0.03125
7 0.45751953125 0.82421875 0.0556640625 0.078125
7 0.451171875 0.9485677083333334 0.04296875 0.08203125
2 0.76904296875 0.8723958333333334 0.4619140625 0.03125
7 0.76904296875 0.8977864583333334 0.4619140625 0.01953125
2 0.76904296875 0.94921875 0.4619140625 0.03125
7 0.76904296875 0.974609375 0.4619140625 0.01953125