6 0.25439453125 0.004557291666666667 0.0185546875 0.009114583333333334
2 0.041015625 0.016927083333333332 0.08203125 0.026041666666666668
0 0.048828125 0.17903645833333334 0.09765625 0.3580729166666667
2 0.041015625 0.06380208333333333 0.08203125 0.057291666666666664
7 0.04345703125 0.016927083333333332 0.0166015625 0.018229166666666668
7 0.06689453125 0.016927083333333332 0.0302734375 0.018229166666666668
6 0.048828125 0.18359375 0.09765625 0.171875
2 0.3369140625 0.016927083333333332 0.396484375 0.026041666666666668
0 0.3310546875 0.17903645833333334 0.416015625 0.3580729166666667
2 0.3369140625 0.06380208333333333 0.396484375 0.057291666666666664
7 0.5 0.016927083333333332 0.009765625 0.018229166666666668
7 0.52001953125 0.016927083333333332 0.0302734375 0.018229166666666668
6 0.3310546875 0.18359375 0.416015625 0.171875
2 0.6025390625 0.201171875 0.126953125 0.11588541666666667
7 0.578125 0.3391927083333333 0.078125 0.10026041666666667
4 0.76953125 0.20703125 0.4609375 0.3645833333333333
4 0.22119140625 0.6321614583333334 0.4423828125 0.4856770833333333
0 0.22119140625 0.6321614583333334 0.4423828125 0.4856770833333333
0 0.21142578125 0.9485677083333334 0.4228515625 0.10286458333333333
6 0.20458984375 0.93359375 0.4091796875 0.07291666666666667
2 0.21142578125 0.9889322916666666 0.4228515625 0.022135416666666668
4 0.50048828125 0.4270833333333333 0.0771484375 0.07552083333333333
0 0.50048828125 0.4270833333333333 0.0771484375 0.07552083333333333
7 0.49267578125 0.451171875 0.0615234375 0.02734375
7 0.486328125 0.4915364583333333 0.029296875 0.022135416666666668
4 0.505859375 0.4889322916666667 0.005859375 0.01171875
0 0.486328125 0.48828125 0.029296875 0.020833333333333332
4 0.53662109375 0.48828125 0.0048828125 0.013020833333333334
4 0.50048828125 0.6028645833333334 0.0771484375 0.12760416666666666
0 0.50048828125 0.6028645833333334 0.0771484375 0.12760416666666666
7 0.4833984375 0.6529947916666666 0.04296875 0.02734375
7 0.48486328125 0.693359375 0.0263671875 0.022135416666666668
4 0.5029296875 0.6907552083333334 0.005859375 0.01171875
0 0.48486328125 0.6901041666666666 0.0263671875 0.020833333333333332
4 0.53515625 0.6901041666666666 0.0078125 0.013020833333333334
4 0.50048828125 0.8046875 0.0771484375 0.12760416666666666
0 0.50048828125 0.8046875 0.0771484375 0.12760416666666666
7 0.48486328125 0.8951822916666666 0.0263671875 0.022135416666666668
4 0.5029296875 0.892578125 0.005859375 0.01171875
0 0.48486328125 0.8919270833333334 0.0263671875 0.020833333333333332
4 0.53515625 0.8919270833333334 0.0078125 0.013020833333333334
4 0.50048828125 0.9713541666666666 0.0771484375 0.057291666666666664
0 0.50048828125 0.9713541666666666 0.0771484375 0.057291666666666664
0 0.68896484375 0.4186197916666667 0.2822265625 0.05859375
1 0.94921875 0.5403645833333334 0.1015625 0.052083333333333336
7 0.66650390625 0.6276041666666666 0.1259765625 0.026041666666666668
0 0.66650390625 0.6276041666666666 0.1572265625 0.06770833333333333
7 0.88037109375 0.6276041666666666 0.0908203125 0.026041666666666668
0 0.88037109375 0.6276041666666666 0.1220703125 0.06770833333333333
2 0.76953125 0.712890625 0.4609375 0.040364583333333336