2 0.205078125 0.44921875 0.349609375 0.0390625
2 0.74609375 0.17122395833333334 0.43359375 0.16536458333333334
7 0.74609375 0.3678385416666667 0.43359375 0.18880208333333334
7 0.1845703125 0.4739583333333333 0.0703125 0.010416666666666666
0 0.1845703125 0.4798177083333333 0.103515625 0.022135416666666668
4 0.2646484375 0.5729166666666666 0.529296875 0.125
7 0.1611328125 0.5703125 0.322265625 0.028645833333333332
7 0.3623046875 0.5703125 0.08203125 0.028645833333333332
7 0.4697265625 0.5703125 0.119140625 0.026041666666666668
4 0.2646484375 0.8177083333333334 0.529296875 0.3645833333333333
2 0.056640625 0.8561197916666666 0.11328125 0.2877604166666667
2 0.75 0.6536458333333334 0.41015625 0.11458333333333333
1 0.75927734375 0.806640625 0.4599609375 0.07421875
4 0.53955078125 0.8053385416666666 0.0185546875 0.024739583333333332