0 0.056640625 0.024088541666666668 0.11328125 0.048177083333333336
0 0.056640625 0.07356770833333333 0.11328125 0.048177083333333336
0 0.056640625 0.13411458333333334 0.11328125 0.0703125
0 0.056640625 0.20572916666666666 0.11328125 0.0703125
0 0.056640625 0.27734375 0.11328125 0.0703125
0 0.056640625 0.337890625 0.11328125 0.048177083333333336
0 0.056640625 0.4095052083333333 0.11328125 0.09244791666666667
0 0.056640625 0.478515625 0.11328125 0.04296875
4 0.2783203125 0.25 0.31640625 0.5
0 0.2783203125 0.25 0.31640625 0.5
2 0.2783203125 0.4544270833333333 0.287109375 0.09114583333333333
7 0.54150390625 0.029296875 0.1201171875 0.01953125
7 0.6669921875 0.029296875 0.05859375 0.01953125
7 0.5166015625 0.06640625 0.0703125 0.036458333333333336
4 0.56005859375 0.06510416666666667 0.0205078125 0.026041666666666668
7 0.65380859375 0.064453125 0.0322265625 0.022135416666666668
4 0.67822265625 0.055338541666666664 0.0205078125 0.02734375
7 0.58935546875 0.13802083333333334 0.2412109375 0.0390625
0 0.60205078125 0.20377604166666666 0.1806640625 0.061197916666666664
7 0.58935546875 0.283203125 0.2412109375 0.045572916666666664
7 0.60205078125 0.3229166666666667 0.1923828125 0.0234375
4 0.58935546875 0.4166666666666667 0.2412109375 0.16666666666666666
7 0.77587890625 0.004557291666666667 0.1181640625 0.009114583333333334
0 0.7861328125 0.004557291666666667 0.138671875 0.009114583333333334
7 0.888671875 0.004557291666666667 0.037109375 0.009114583333333334
0 0.89892578125 0.004557291666666667 0.0576171875 0.009114583333333334
7 0.97119140625 0.004557291666666667 0.0576171875 0.009114583333333334
0 0.97119140625 0.004557291666666667 0.0576171875 0.009114583333333334
2 0.8701171875 0.09505208333333333 0.259765625 0.03125
4 0.85498046875 0.34375 0.2900390625 0.3125
0 0.0654296875 0.5110677083333334 0.130859375 0.022135416666666668
0 0.232421875 0.5110677083333334 0.125 0.022135416666666668
0 0.66259765625 0.509765625 0.0576171875 0.01953125
1 0.28515625 0.57421875 0.5703125 0.052083333333333336
6 0.66259765625 0.57421875 0.0947265625 0.036458333333333336
0 0.65478515625 0.57421875 0.1103515625 0.041666666666666664
2 0.1494140625 0.775390625 0.298828125 0.06640625
7 0.140625 0.8483072916666666 0.28125 0.029947916666666668
7 0.1728515625 0.8873697916666666 0.345703125 0.029947916666666668
7 0.1748046875 0.9264322916666666 0.349609375 0.029947916666666668
6 0.7431640625 0.5065104166666666 0.06640625 0.013020833333333334
7 0.7890625 0.5065104166666666 0.021484375 0.013020833333333334
7 0.81884765625 0.505859375 0.0341796875 0.01171875
7 0.8447265625 0.5065104166666666 0.01171875 0.013020833333333334
6 0.89306640625 0.5065104166666666 0.0810546875 0.013020833333333334
7 0.93798828125 0.5065104166666666 0.0107421875 0.013020833333333334
7 0.97119140625 0.5065104166666666 0.0576171875 0.013020833333333334
2 0.85498046875 0.5338541666666666 0.2900390625 0.0234375
6 0.85498046875 0.5592447916666666 0.2900390625 0.024739583333333332
4 0.71240234375 0.603515625 0.0048828125 0.024739583333333332
7 0.7265625 0.6002604166666666 0.009765625 0.026041666666666668
7 0.740234375 0.6002604166666666 0.021484375 0.026041666666666668
7 0.75927734375 0.6002604166666666 0.0185546875 0.026041666666666668
4 0.77685546875 0.6061197916666666 0.0185546875 0.024739583333333332
4 0.8095703125 0.603515625 0.017578125 0.024739583333333332
7 0.83154296875 0.6002604166666666 0.0205078125 0.026041666666666668
4 0.8828125 0.603515625 0.017578125 0.024739583333333332
7 0.8974609375 0.6002604166666666 0.0078125 0.026041666666666668
4 0.94189453125 0.603515625 0.0185546875 0.024739583333333332
6 0.7568359375 0.6608072916666666 0.09375 0.024739583333333332
7 0.81640625 0.6608072916666666 0.021484375 0.024739583333333332
7 0.83447265625 0.6608072916666666 0.0107421875 0.024739583333333332
6 0.890625 0.6608072916666666 0.095703125 0.024739583333333332
7 0.943359375 0.6608072916666666 0.009765625 0.024739583333333332
7 0.97412109375 0.6608072916666666 0.0517578125 0.024739583333333332
4 0.7529296875 0.7330729166666666 0.0859375 0.09635416666666667
0 0.7529296875 0.775390625 0.0859375 0.02734375
2 0.90478515625 0.6940104166666666 0.1904296875 0.0234375
6 0.90478515625 0.7194010416666666 0.1904296875 0.024739583333333332
4 0.822265625 0.7623697916666666 0.017578125 0.024739583333333332
4 0.84619140625 0.7623697916666666 0.0185546875 0.024739583333333332
7 0.8671875 0.7604166666666666 0.009765625 0.026041666666666668
7 0.87744140625 0.7604166666666666 0.0146484375 0.026041666666666668
7 0.89306640625 0.7604166666666666 0.0185546875 0.026041666666666668
4 0.91064453125 0.7649739583333334 0.0185546875 0.024739583333333332
4 0.943359375 0.7623697916666666 0.017578125 0.024739583333333332
7 0.96533203125 0.7604166666666666 0.0205078125 0.026041666666666668
6 0.7314453125 0.830078125 0.04296875 0.024739583333333332
7 0.765625 0.830078125 0.021484375 0.024739583333333332
7 0.78369140625 0.830078125 0.0107421875 0.024739583333333332
6 0.85302734375 0.830078125 0.1220703125 0.024739583333333332
7 0.9189453125 0.830078125 0.009765625 0.024739583333333332
7 0.96142578125 0.830078125 0.0751953125 0.024739583333333332
4 0.7529296875 0.90234375 0.0859375 0.0859375
0 0.7529296875 0.9446614583333334 0.0859375 0.02734375
2 0.90478515625 0.86328125 0.1904296875 0.0234375
6 0.90478515625 0.888671875 0.1904296875 0.024739583333333332
4 0.822265625 0.9329427083333334 0.017578125 0.024739583333333332
4 0.84619140625 0.9329427083333334 0.0185546875 0.024739583333333332
7 0.8671875 0.9296875 0.009765625 0.026041666666666668
7 0.87744140625 0.9296875 0.0146484375 0.026041666666666668
7 0.89306640625 0.9296875 0.0185546875 0.026041666666666668
4 0.91064453125 0.935546875 0.0185546875 0.024739583333333332
4 0.943359375 0.9329427083333334 0.017578125 0.024739583333333332
7 0.96533203125 0.9296875 0.0205078125 0.026041666666666668
6 0.75927734375 0.9934895833333334 0.0986328125 0.013020833333333334
7 0.8212890625 0.9934895833333334 0.021484375 0.013020833333333334
7 0.85107421875 0.9947916666666666 0.0341796875 0.010416666666666666
7 0.876953125 0.9934895833333334 0.01171875 0.013020833333333334
6 0.9345703125 0.9934895833333334 0.099609375 0.013020833333333334
7 0.98876953125 0.9934895833333334 0.0107421875 0.013020833333333334