2 0.2099609375 0.22005208333333334 0.419921875 0.328125
7 0.2099609375 0.458984375 0.419921875 0.055989583333333336
7 0.56591796875 0.072265625 0.2919921875 0.09505208333333333
0 0.46630859375 0.18294270833333334 0.0927734375 0.053385416666666664
0 0.60791015625 0.18294270833333334 0.1748046875 0.053385416666666664
7 0.79296875 0.020182291666666668 0.009765625 0.024739583333333332
7 0.8173828125 0.020182291666666668 0.0390625 0.024739583333333332
7 0.83984375 0.020182291666666668 0.009765625 0.024739583333333332
7 0.79296875 0.051432291666666664 0.009765625 0.024739583333333332
7 0.82177734375 0.051432291666666664 0.0478515625 0.024739583333333332
7 0.85009765625 0.051432291666666664 0.0107421875 0.024739583333333332
7 0.916015625 0.051432291666666664 0.123046875 0.024739583333333332
7 0.98046875 0.051432291666666664 0.009765625 0.024739583333333332
7 0.99267578125 0.051432291666666664 0.0146484375 0.024739583333333332
7 0.79296875 0.08268229166666667 0.009765625 0.024739583333333332
7 0.8173828125 0.08268229166666667 0.0390625 0.024739583333333332
7 0.83984375 0.08268229166666667 0.009765625 0.024739583333333332
7 0.79296875 0.14518229166666666 0.009765625 0.024739583333333332
7 0.80810546875 0.14518229166666666 0.0205078125 0.024739583333333332
7 0.8212890625 0.14518229166666666 0.009765625 0.024739583333333332
7 0.90625 0.14518229166666666 0.16015625 0.024739583333333332
7 0.99072265625 0.14518229166666666 0.0107421875 0.024739583333333332
7 0.79296875 0.17643229166666666 0.009765625 0.024739583333333332
7 0.80322265625 0.17643229166666666 0.0107421875 0.024739583333333332
7 0.81298828125 0.17643229166666666 0.0107421875 0.024739583333333332
7 0.908203125 0.17643229166666666 0.18359375 0.024739583333333332
7 0.79296875 0.23893229166666666 0.009765625 0.024739583333333332
7 0.82177734375 0.23893229166666666 0.0478515625 0.024739583333333332
7 0.85009765625 0.23893229166666666 0.0107421875 0.024739583333333332
7 0.79296875 0.2701822916666667 0.009765625 0.024739583333333332
7 0.82177734375 0.2701822916666667 0.0478515625 0.024739583333333332
7 0.85009765625 0.2701822916666667 0.0107421875 0.024739583333333332
0 0.84228515625 0.349609375 0.1396484375 0.053385416666666664
0 0.025390625 0.5533854166666666 0.05078125 0.026041666666666668
0 0.0986328125 0.5533854166666666 0.076171875 0.026041666666666668
0 0.17431640625 0.5533854166666666 0.0556640625 0.026041666666666668
0 0.265625 0.5533854166666666 0.107421875 0.026041666666666668
0 0.3740234375 0.5533854166666666 0.08984375 0.026041666666666668
7 0.2099609375 0.6139322916666666 0.419921875 0.014322916666666666
3 0.2099609375 0.8059895833333334 0.419921875 0.3567708333333333
4 0.89990234375 0.8717447916666666 0.0322265625 0.04296875
4 0.9052734375 0.6009114583333334 0.08984375 0.11848958333333333
4 0.87841796875 0.7018229166666666 0.2431640625 0.041666666666666664
4 0.9052734375 0.75 0.138671875 0.0234375
4 0.587890625 0.9700520833333334 0.0234375 0.020833333333333332
4 0.71484375 0.9700520833333334 0.05078125 0.020833333333333332
4 0.84228515625 0.9700520833333334 0.0517578125 0.020833333333333332
4 0.96826171875 0.9700520833333334 0.0400390625 0.020833333333333332
4 0.666015625 0.5123697916666666 0.05859375 0.045572916666666664
4 0.6806640625 0.5123697916666666 0.05859375 0.045572916666666664
4 0.6953125 0.5123697916666666 0.05859375 0.045572916666666664
7 0.8701171875 0.509765625 0.259765625 0.024739583333333332
0 0.8701171875 0.5104166666666666 0.259765625 0.03125
3 0.79638671875 0.7858072916666666 0.4072265625 0.4283854166666667