2 0.27490234375 0.17578125 0.5498046875 0.328125
7 0.27490234375 0.4147135416666667 0.5498046875 0.055989583333333336
0 0.1005859375 0.5579427083333334 0.201171875 0.10026041666666667
0 0.58154296875 0.07421875 0.0634765625 0.052083333333333336
0 0.666015625 0.07421875 0.080078125 0.052083333333333336
0 0.76220703125 0.07421875 0.0869140625 0.052083333333333336
0 0.8564453125 0.07421875 0.076171875 0.052083333333333336
4 0.94384765625 0.06966145833333333 0.0146484375 0.01953125
0 0.94384765625 0.07486979166666667 0.0146484375 0.029947916666666668
0 0.9794921875 0.07486979166666667 0.041015625 0.029947916666666668
4 0.67431640625 0.3522135416666667 0.2490234375 0.24869791666666666
2 0.69873046875 0.6204427083333334 0.2978515625 0.18880208333333334
2 0.728515625 0.2805989583333333 0.1640625 0.02734375
7 0.85546875 0.3971354166666667 0.2890625 0.2604166666666667
2 0.85546875 0.5709635416666666 0.2890625 0.03515625
7 0.85546875 0.6126302083333334 0.2890625 0.02734375
6 0.802734375 0.7259114583333334 0.111328125 0.006510416666666667
7 0.23974609375 0.9915364583333334 0.4794921875 0.016927083333333332
2 0.1064453125 0.8645833333333334 0.212890625 0.2708333333333333
4 0.400390625 0.8424479166666666 0.298828125 0.2265625
4 0.27490234375 0.8645833333333334 0.5498046875 0.2708333333333333
4 0.578125 0.916015625 0.056640625 0.16796875
0 0.580078125 0.916015625 0.060546875 0.16796875
4 0.76123046875 0.7786458333333334 0.3037109375 0.09895833333333333
0 0.76318359375 0.78125 0.3076171875 0.10416666666666667
4 0.76123046875 0.916015625 0.3037109375 0.16796875
0 0.76318359375 0.916015625 0.3076171875 0.16796875
4 0.9580078125 0.7786458333333334 0.083984375 0.09895833333333333
0 0.9580078125 0.78125 0.083984375 0.10416666666666667
4 0.9580078125 0.916015625 0.083984375 0.16796875
0 0.9580078125 0.916015625 0.083984375 0.16796875