6 0.23974609375 0.25 0.4794921875 0.5
4 0.25439453125 0.11393229166666667 0.4501953125 0.22786458333333334
0 0.25439453125 0.11393229166666667 0.4501953125 0.22786458333333334
4 0.12451171875 0.4524739583333333 0.1904296875 0.09505208333333333
0 0.12451171875 0.4524739583333333 0.1904296875 0.09505208333333333
4 0.35302734375 0.4524739583333333 0.1904296875 0.09505208333333333
0 0.35302734375 0.4524739583333333 0.1904296875 0.09505208333333333
4 0.732421875 0.16145833333333334 0.09765625 0.13020833333333334
7 0.73974609375 0.275390625 0.5205078125 0.032552083333333336
7 0.73974609375 0.3216145833333333 0.5205078125 0.026041666666666668
7 0.732421875 0.3984375 0.078125 0.049479166666666664
0 0.732421875 0.3984375 0.078125 0.049479166666666664
4 0.13330078125 0.693359375 0.2666015625 0.30078125
0 0.13330078125 0.693359375 0.2666015625 0.30078125
7 0.31396484375 0.5540364583333334 0.0654296875 0.022135416666666668
2 0.38037109375 0.6158854166666666 0.1982421875 0.08854166666666667
7 0.38037109375 0.728515625 0.1982421875 0.12369791666666667
7 0.29150390625 0.8177083333333334 0.0205078125 0.0234375
7 0.35888671875 0.8177083333333334 0.0849609375 0.0234375
7 0.015625 0.8971354166666666 0.03125 0.0234375
2 0.11376953125 0.9270833333333334 0.2275390625 0.026041666666666668
7 0.048828125 0.96484375 0.09765625 0.0234375
7 0.30224609375 0.8971354166666666 0.0419921875 0.0234375
2 0.38037109375 0.9381510416666666 0.1982421875 0.048177083333333336
7 0.29052734375 0.9869791666666666 0.0185546875 0.0234375
7 0.35400390625 0.9869791666666666 0.0791015625 0.0234375
2 0.50244140625 0.5768229166666666 0.0458984375 0.0625
0 0.57177734375 0.5885416666666666 0.0458984375 0.03125
0 0.65185546875 0.5885416666666666 0.0673828125 0.03125
0 0.7333984375 0.5885416666666666 0.048828125 0.03125
7 0.8017578125 0.587890625 0.041015625 0.024739583333333332
0 0.80859375 0.5891927083333334 0.0546875 0.02734375
4 0.83154296875 0.5852864583333334 0.0087890625 0.01171875
7 0.869140625 0.5143229166666666 0.109375 0.018229166666666668
0 0.87646484375 0.513671875 0.1240234375 0.02734375
4 0.93310546875 0.5130208333333334 0.0107421875 0.013020833333333334
7 0.974609375 0.5143229166666666 0.05078125 0.018229166666666668
0 0.974609375 0.513671875 0.05078125 0.02734375
4 0.5732421875 0.8326822916666666 0.1875 0.3059895833333333
7 0.88037109375 0.6927083333333334 0.2392578125 0.026041666666666668
2 0.88037109375 0.7454427083333334 0.2392578125 0.04296875
7 0.88037109375 0.8125 0.2392578125 0.044270833333333336
7 0.87451171875 0.8990885416666666 0.1259765625 0.024739583333333332
0 0.87451171875 0.8997395833333334 0.2275390625 0.06770833333333333