3 0.25 0.09505208333333333 0.5 0.19010416666666666
1 0.216796875 0.2975260416666667 0.43359375 0.05859375
4 0.3798828125 0.3541666666666667 0.107421875 0.010416666666666666
7 0.75 0.1796875 0.5 0.359375
4 0.75 0.1796875 0.5 0.359375
2 0.68115234375 0.03125 0.3623046875 0.0625
7 0.572265625 0.13020833333333334 0.14453125 0.0390625
7 0.61083984375 0.18880208333333334 0.2216796875 0.0390625
7 0.62353515625 0.24739583333333334 0.2470703125 0.0390625
4 0.0693359375 0.6627604166666666 0.138671875 0.390625
0 0.0693359375 0.6627604166666666 0.138671875 0.390625
0 0.07763671875 0.8098958333333334 0.0830078125 0.044270833333333336
7 0.08349609375 0.9016927083333334 0.0712890625 0.029947916666666668
7 0.08349609375 0.931640625 0.0712890625 0.029947916666666668
2 0.3193359375 0.390625 0.361328125 0.0625
4 0.3193359375 0.6627604166666666 0.361328125 0.390625
0 0.3193359375 0.6627604166666666 0.361328125 0.390625
4 0.18310546875 0.9166666666666666 0.0498046875 0.06510416666666667
0 0.18310546875 0.9166666666666666 0.0498046875 0.06510416666666667
2 0.25634765625 0.90234375 0.0595703125 0.026041666666666668
2 0.25634765625 0.9342447916666666 0.0595703125 0.022135416666666668
7 0.033203125 0.9231770833333334 0.009765625 0.020833333333333332
7 0.025390625 0.9934895833333334 0.00390625 0.013020833333333334
0 0.060546875 0.82421875 0.046875 0.0625
6 0.55859375 0.3717447916666667 0.1171875 0.01953125
6 0.69873046875 0.3717447916666667 0.1220703125 0.01953125
7 0.50927734375 0.474609375 0.0185546875 0.022135416666666668
7 0.52734375 0.474609375 0.017578125 0.022135416666666668
4 0.54052734375 0.4778645833333333 0.0048828125 0.013020833333333334
0 0.52978515625 0.4739583333333333 0.0595703125 0.06510416666666667
7 0.59619140625 0.474609375 0.0537109375 0.022135416666666668
4 0.62744140625 0.4778645833333333 0.0048828125 0.013020833333333334
0 0.60302734375 0.4739583333333333 0.0869140625 0.06510416666666667
7 0.68115234375 0.474609375 0.0498046875 0.022135416666666668
4 0.71044921875 0.4778645833333333 0.0048828125 0.013020833333333334
0 0.68798828125 0.4739583333333333 0.0830078125 0.06510416666666667
7 0.755859375 0.474609375 0.033203125 0.022135416666666668
4 0.77685546875 0.4778645833333333 0.0048828125 0.013020833333333334
0 0.7626953125 0.4739583333333333 0.06640625 0.06510416666666667
7 0.82568359375 0.474609375 0.0400390625 0.022135416666666668
4 0.85009765625 0.4778645833333333 0.0048828125 0.013020833333333334
0 0.83251953125 0.4739583333333333 0.0732421875 0.06510416666666667
7 0.88720703125 0.474609375 0.0166015625 0.024739583333333332
0 0.88720703125 0.474609375 0.0361328125 0.06380208333333333
4 0.92236328125 0.4739583333333333 0.0146484375 0.020833333333333332
4 0.96142578125 0.4739583333333333 0.0146484375 0.020833333333333332
0 0.99169921875 0.474609375 0.0166015625 0.04296875
0 0.66796875 0.705078125 0.25 0.58984375
4 0.66796875 0.705078125 0.25 0.58984375
2 0.66015625 0.884765625 0.17578125 0.14713541666666666
7 0.58203125 0.9928385416666666 0.01953125 0.014322916666666666
6 0.63525390625 0.9928385416666666 0.0771484375 0.014322916666666666
0 0.896484375 0.705078125 0.20703125 0.58984375
4 0.896484375 0.705078125 0.20703125 0.58984375
2 0.8994140625 0.9029947916666666 0.154296875 0.11067708333333333
7 0.83203125 0.9928385416666666 0.01953125 0.014322916666666666
6 0.89208984375 0.9928385416666666 0.0908203125 0.014322916666666666