1 0.2685546875 0.064453125 0.361328125 0.05859375
2 0.224609375 0.18815104166666666 0.44921875 0.03515625
6 0.0654296875 0.23372395833333334 0.130859375 0.029947916666666668
6 0.17529296875 0.23372395833333334 0.0771484375 0.029947916666666668
6 0.32958984375 0.23372395833333334 0.1123046875 0.029947916666666668
6 0.4296875 0.23372395833333334 0.0390625 0.029947916666666668
6 0.06494140625 0.2786458333333333 0.1298828125 0.059895833333333336
6 0.1923828125 0.263671875 0.111328125 0.029947916666666668
6 0.30615234375 0.263671875 0.0654296875 0.029947916666666668
6 0.4296875 0.263671875 0.0390625 0.029947916666666668
0 0.06103515625 0.375 0.1220703125 0.028645833333333332
0 0.19970703125 0.375 0.1416015625 0.028645833333333332
0 0.34814453125 0.375 0.1416015625 0.028645833333333332
2 0.5576171875 0.177734375 0.216796875 0.14973958333333334
2 0.66845703125 0.21419270833333334 0.4384765625 0.07942708333333333
7 0.6318359375 0.3092447916666667 0.365234375 0.06380208333333333
0 0.49267578125 0.3802083333333333 0.0869140625 0.018229166666666668
7 0.150390625 0.5319010416666666 0.212890625 0.032552083333333336
6 0.296875 0.5319010416666666 0.08203125 0.032552083333333336
7 0.34033203125 0.5319010416666666 0.0068359375 0.032552083333333336
7 0.13623046875 0.57421875 0.1455078125 0.018229166666666668
6 0.27685546875 0.57421875 0.1357421875 0.018229166666666668
7 0.34619140625 0.57421875 0.0048828125 0.018229166666666668
4 0.05908203125 0.6770833333333334 0.0322265625 0.044270833333333336
6 0.10986328125 0.6458333333333334 0.0419921875 0.020833333333333332
7 0.140625 0.6458333333333334 0.021484375 0.020833333333333332
6 0.18212890625 0.6458333333333334 0.0615234375 0.020833333333333332
6 0.10791015625 0.6809895833333334 0.0380859375 0.020833333333333332
7 0.1318359375 0.6809895833333334 0.00390625 0.020833333333333332
6 0.18359375 0.6809895833333334 0.0859375 0.020833333333333332
7 0.2373046875 0.6809895833333334 0.021484375 0.020833333333333332
6 0.2666015625 0.6809895833333334 0.041015625 0.020833333333333332
7 0.2919921875 0.6809895833333334 0.00390625 0.020833333333333332
6 0.3369140625 0.6809895833333334 0.072265625 0.020833333333333332
7 0.3779296875 0.6809895833333334 0.00390625 0.020833333333333332
6 0.1123046875 0.7083333333333334 0.046875 0.020833333333333332
7 0.14111328125 0.7083333333333334 0.0048828125 0.020833333333333332
6 0.1923828125 0.7083333333333334 0.0859375 0.020833333333333332
7 0.240234375 0.7083333333333334 0.00390625 0.020833333333333332
6 0.30419921875 0.7083333333333334 0.1103515625 0.020833333333333332
4 0.4453125 0.6796875 0.0078125 0.044270833333333336
4 0.05859375 0.791015625 0.01953125 0.02734375
7 0.18115234375 0.7903645833333334 0.1982421875 0.0234375
6 0.40576171875 0.7903645833333334 0.0419921875 0.013020833333333334
7 0.4306640625 0.7903645833333334 0.0078125 0.013020833333333334
6 0.439453125 0.7903645833333334 0.01171875 0.013020833333333334
7 0.44677734375 0.7903645833333334 0.0048828125 0.013020833333333334
4 0.4013671875 0.9134114583333334 0.095703125 0.15755208333333334
6 0.09326171875 0.8352864583333334 0.1044921875 0.01953125
7 0.1484375 0.8352864583333334 0.0078125 0.01953125
6 0.16357421875 0.8352864583333334 0.0224609375 0.01953125
7 0.224609375 0.8352864583333334 0.095703125 0.01953125
7 0.28076171875 0.8352864583333334 0.0205078125 0.01953125
6 0.1044921875 0.861328125 0.126953125 0.01953125
7 0.19580078125 0.861328125 0.0556640625 0.01953125
6 0.24658203125 0.861328125 0.0498046875 0.01953125
7 0.16748046875 0.8743489583333334 0.2529296875 0.045572916666666664
6 0.1962890625 0.8873697916666666 0.130859375 0.01953125
7 0.1806640625 0.900390625 0.279296875 0.045572916666666664
6 0.1474609375 0.9134114583333334 0.115234375 0.01953125
7 0.21044921875 0.9134114583333334 0.0146484375 0.01953125
6 0.23681640625 0.9134114583333334 0.0400390625 0.01953125
7 0.2666015625 0.9134114583333334 0.021484375 0.01953125
6 0.1806640625 0.939453125 0.279296875 0.01953125
7 0.32470703125 0.939453125 0.0107421875 0.01953125
6 0.12158203125 0.9654947916666666 0.1611328125 0.01953125
7 0.21240234375 0.9654947916666666 0.0205078125 0.01953125
6 0.25634765625 0.9654947916666666 0.0712890625 0.01953125
7 0.16796875 0.9908854166666666 0.25390625 0.018229166666666668
0 0.0439453125 0.412109375 0.064453125 0.045572916666666664
0 0.1220703125 0.412109375 0.09375 0.045572916666666664
0 0.37939453125 0.412109375 0.0576171875 0.045572916666666664
0 0.42822265625 0.412109375 0.0419921875 0.045572916666666664
7 0.56494140625 0.4602864583333333 0.2314453125 0.053385416666666664
7 0.56494140625 0.5598958333333334 0.2314453125 0.0234375
7 0.56494140625 0.58984375 0.2314453125 0.0234375
7 0.56494140625 0.6197916666666666 0.2314453125 0.0234375
6 0.52001953125 0.6985677083333334 0.1416015625 0.029947916666666668
0 0.5361328125 0.7083333333333334 0.173828125 0.07552083333333333
7 0.484375 0.7180989583333334 0.0703125 0.01953125
6 0.490234375 0.7786458333333334 0.08203125 0.026041666666666668
7 0.53271484375 0.7779947916666666 0.0048828125 0.02734375
7 0.56494140625 0.8489583333333334 0.2314453125 0.036458333333333336
4 0.859375 0.673828125 0.28125 0.4752604166666667
7 0.7255859375 0.44921875 0.013671875 0.026041666666666668
7 0.736328125 0.44921875 0.009765625 0.026041666666666668
6 0.484375 0.958984375 0.0703125 0.024739583333333332
7 0.52685546875 0.9583333333333334 0.0166015625 0.026041666666666668
6 0.5859375 0.958984375 0.103515625 0.024739583333333332