2 0.259765625 0.048177083333333336 0.51953125 0.044270833333333336
3 0.14453125 0.14518229166666666 0.2890625 0.10286458333333333
7 0.259765625 0.23111979166666666 0.51953125 0.029947916666666668
7 0.259765625 0.3014322916666667 0.51953125 0.029947916666666668
3 0.759765625 0.16471354166666666 0.48046875 0.11848958333333333
7 0.23876953125 0.9635416666666666 0.4775390625 0.0390625
7 0.18896484375 0.9739583333333334 0.3740234375 0.018229166666666668
2 0.134765625 0.3893229166666667 0.26953125 0.036458333333333336
7 0.134765625 0.43359375 0.26953125 0.026041666666666668
7 0.3837890625 0.3528645833333333 0.056640625 0.0390625
1 0.46533203125 0.3528645833333333 0.1083984375 0.03125
7 0.3837890625 0.3919270833333333 0.056640625 0.0390625
1 0.46533203125 0.3919270833333333 0.1083984375 0.03125
1 0.45068359375 0.4296875 0.0791015625 0.028645833333333332
7 0.41748046875 0.4928385416666667 0.0791015625 0.016927083333333332
4 0.46728515625 0.4934895833333333 0.0205078125 0.026041666666666668
4 0.49267578125 0.4934895833333333 0.0205078125 0.026041666666666668
6 0.3974609375 0.5286458333333334 0.0234375 0.013020833333333334
7 0.412109375 0.5286458333333334 0.0078125 0.013020833333333334
6 0.44287109375 0.5286458333333334 0.0537109375 0.013020833333333334
7 0.47314453125 0.5286458333333334 0.0087890625 0.013020833333333334
6 0.48681640625 0.5286458333333334 0.0224609375 0.013020833333333334
2 0.046875 0.6171875 0.09375 0.026041666666666668
2 0.046875 0.7916666666666666 0.09375 0.026041666666666668
2 0.32568359375 0.6171875 0.3876953125 0.026041666666666668
4 0.15234375 0.6822916666666666 0.037109375 0.078125
6 0.2275390625 0.65625 0.0703125 0.018229166666666668
7 0.2900390625 0.65625 0.0546875 0.018229166666666668
6 0.2578125 0.6822916666666666 0.130859375 0.018229166666666668
7 0.2001953125 0.7083333333333334 0.015625 0.018229166666666668
6 0.26025390625 0.7083333333333334 0.1044921875 0.018229166666666668
4 0.2275390625 0.7311197916666666 0.0703125 0.016927083333333332
7 0.26611328125 0.734375 0.0068359375 0.018229166666666668
6 0.30029296875 0.734375 0.0615234375 0.018229166666666668
7 0.33251953125 0.734375 0.0048828125 0.018229166666666668
4 0.15283203125 0.8138020833333334 0.0380859375 0.078125
6 0.21630859375 0.7877604166666666 0.0478515625 0.018229166666666668
7 0.28271484375 0.7877604166666666 0.0869140625 0.018229166666666668
6 0.265625 0.87890625 0.146484375 0.1484375
7 0.31201171875 0.9440104166666666 0.0166015625 0.018229166666666668
6 0.24658203125 0.9700520833333334 0.1083984375 0.018229166666666668
4 0.212890625 0.9921875 0.041015625 0.015625
7 0.23681640625 0.9934895833333334 0.0068359375 0.013020833333333334
6 0.27099609375 0.9934895833333334 0.0615234375 0.013020833333333334
7 0.30322265625 0.9934895833333334 0.0048828125 0.013020833333333334
4 0.37548828125 0.6822916666666666 0.0380859375 0.078125
6 0.44873046875 0.65625 0.0673828125 0.018229166666666668
7 0.5009765625 0.65625 0.037109375 0.018229166666666668
6 0.46728515625 0.6822916666666666 0.1044921875 0.018229166666666668
6 0.45166015625 0.7083333333333334 0.0732421875 0.018229166666666668
4 0.44287109375 0.7298177083333334 0.0556640625 0.016927083333333332
4 0.3759765625 0.8046875 0.0390625 0.078125
6 0.4365234375 0.7786458333333334 0.04296875 0.018229166666666668
7 0.48876953125 0.7786458333333334 0.0615234375 0.018229166666666668
6 0.46728515625 0.84375 0.1044921875 0.09635416666666667
7 0.4228515625 0.9088541666666666 0.015625 0.018229166666666668
6 0.47509765625 0.9088541666666666 0.0888671875 0.018229166666666668
4 0.4423828125 0.9303385416666666 0.0546875 0.016927083333333332
4 0.376953125 0.9830729166666666 0.041015625 0.033854166666666664
6 0.43798828125 0.9791666666666666 0.0458984375 0.018229166666666668
7 0.48974609375 0.9791666666666666 0.0595703125 0.018229166666666668
6 0.46533203125 0.998046875 0.1005859375 0.00390625
4 0.56982421875 0.361328125 0.1005859375 0.08463541666666667
5 0.91650390625 0.353515625 0.0517578125 0.01953125
1 0.9736328125 0.3541666666666667 0.052734375 0.020833333333333332
4 0.71044921875 0.5807291666666666 0.3818359375 0.25
2 0.56689453125 0.7330729166666666 0.0947265625 0.018229166666666668
6 0.53515625 0.8209635416666666 0.03125 0.016927083333333332
6 0.57080078125 0.9290364583333334 0.0830078125 0.016927083333333332
2 0.56689453125 0.9713541666666666 0.0947265625 0.018229166666666668
6 0.6796875 0.7350260416666666 0.08984375 0.016927083333333332
6 0.76513671875 0.8196614583333334 0.2607421875 0.10026041666666667
6 0.75146484375 0.908203125 0.2333984375 0.037760416666666664
6 0.76318359375 0.966796875 0.2568359375 0.037760416666666664
2 0.52294921875 0.4205729166666667 0.0068359375 0.020833333333333332
2 0.56494140625 0.4205729166666667 0.0322265625 0.020833333333333332
2 0.6220703125 0.4205729166666667 0.0390625 0.020833333333333332
2 0.6943359375 0.4205729166666667 0.060546875 0.020833333333333332
2 0.79541015625 0.4205729166666667 0.0986328125 0.020833333333333332
2 0.88916015625 0.4205729166666667 0.0458984375 0.020833333333333332
2 0.951171875 0.4205729166666667 0.03515625 0.020833333333333332
1 0.9638671875 0.4921875 0.072265625 0.0234375
2 0.96142578125 0.5657552083333334 0.0771484375 0.016927083333333332
0 0.9443359375 0.603515625 0.0234375 0.032552083333333336
0 0.9716796875 0.603515625 0.0234375 0.032552083333333336
0 0.99365234375 0.603515625 0.0126953125 0.032552083333333336
2 0.97607421875 0.6634114583333334 0.0478515625 0.016927083333333332
4 0.9716796875 0.6940104166666666 0.056640625 0.0234375
4 0.97998046875 0.75390625 0.0400390625 0.059895833333333336
2 0.982421875 0.830078125 0.03515625 0.016927083333333332
4 0.9736328125 0.8821614583333334 0.052734375 0.07682291666666667