2 0.30029296875 0.2109375 0.5576171875 0.044270833333333336
3 0.17041015625 0.3079427083333333 0.2978515625 0.10286458333333333
7 0.30029296875 0.3938802083333333 0.5576171875 0.029947916666666668
7 0.30029296875 0.4641927083333333 0.5576171875 0.029947916666666668
7 0.78955078125 0.007161458333333333 0.4208984375 0.014322916666666666
7 0.71435546875 0.037760416666666664 0.2705078125 0.020833333333333332
6 0.61474609375 0.13736979166666666 0.0712890625 0.022135416666666668
4 0.6376953125 0.20247395833333334 0.1171875 0.05859375
7 0.7197265625 0.201171875 0.048828125 0.022135416666666668
6 0.54931640625 0.4947916666666667 0.0595703125 0.010416666666666666
1 0.21630859375 0.615234375 0.1669921875 0.022135416666666668
1 0.3525390625 0.615234375 0.1015625 0.022135416666666668
7 0.15185546875 0.662109375 0.0380859375 0.016927083333333332
7 0.19677734375 0.662109375 0.0537109375 0.016927083333333332
7 0.25 0.662109375 0.0546875 0.016927083333333332
7 0.2939453125 0.662109375 0.03515625 0.016927083333333332
7 0.337890625 0.662109375 0.0546875 0.016927083333333332
7 0.3935546875 0.662109375 0.05859375 0.016927083333333332
7 0.44091796875 0.662109375 0.0380859375 0.016927083333333332
7 0.50390625 0.662109375 0.08984375 0.016927083333333332
7 0.16015625 0.685546875 0.0546875 0.016927083333333332
7 0.22265625 0.685546875 0.072265625 0.016927083333333332
7 0.2802734375 0.685546875 0.044921875 0.016927083333333332
7 0.328125 0.685546875 0.052734375 0.016927083333333332
7 0.37255859375 0.685546875 0.0380859375 0.016927083333333332
7 0.46240234375 0.685546875 0.1435546875 0.016927083333333332
2 0.345703125 0.7356770833333334 0.42578125 0.033854166666666664
6 0.18701171875 0.7740885416666666 0.1083984375 0.016927083333333332
7 0.36376953125 0.7740885416666666 0.2470703125 0.016927083333333332
7 0.22998046875 0.7975260416666666 0.1943359375 0.016927083333333332
6 0.35498046875 0.7975260416666666 0.0576171875 0.016927083333333332
7 0.45556640625 0.7975260416666666 0.1455078125 0.016927083333333332
6 0.19140625 0.8209635416666666 0.1171875 0.016927083333333332
7 0.2509765625 0.8209635416666666 0.00390625 0.016927083333333332
2 0.345703125 0.87109375 0.42578125 0.033854166666666664
2 0.16455078125 0.9505208333333334 0.0634765625 0.08333333333333333
2 0.2275390625 0.9485677083333334 0.056640625 0.024739583333333332
4 0.78955078125 0.6640625 0.4208984375 0.3489583333333333
2 0.748046875 0.8795572916666666 0.337890625 0.23567708333333334