2 0.19873046875 0.08984375 0.3974609375 0.1796875
4 0.3857421875 0.19986979166666666 0.1484375 0.3997395833333333
7 0.0263671875 0.28125 0.052734375 0.036458333333333336
0 0.13134765625 0.28125 0.2626953125 0.078125
4 0.2353515625 0.28125 0.0234375 0.03125
7 0.10400390625 0.380859375 0.2080078125 0.037760416666666664
0 0.13134765625 0.3704427083333333 0.2626953125 0.05859375
4 0.2353515625 0.3912760416666667 0.0234375 0.016927083333333332
2 0.564453125 0.109375 0.208984375 0.07552083333333333
2 0.5732421875 0.3098958333333333 0.2265625 0.09895833333333333
1 0.61181640625 0.3919270833333333 0.1826171875 0.015625
4 0.8427734375 0.205078125 0.314453125 0.3893229166666667
7 0.2490234375 0.419921875 0.421875 0.040364583333333336
4 0.2880859375 0.5143229166666666 0.17578125 0.028645833333333332
0 0.2880859375 0.5143229166666666 0.17578125 0.028645833333333332
0 0.0615234375 0.59765625 0.123046875 0.03125
0 0.19775390625 0.59765625 0.1025390625 0.03125
0 0.28759765625 0.59765625 0.0302734375 0.03125
0 0.37158203125 0.59765625 0.0908203125 0.03125
0 0.4501953125 0.59765625 0.01953125 0.03125
2 0.1513671875 0.7200520833333334 0.302734375 0.0234375
4 0.1513671875 0.8776041666666666 0.302734375 0.24479166666666666
0 0.1513671875 0.8776041666666666 0.302734375 0.24479166666666666
2 0.41064453125 0.7200520833333334 0.0986328125 0.0234375
4 0.41064453125 0.8138020833333334 0.0986328125 0.1171875
0 0.41064453125 0.8138020833333334 0.0986328125 0.1171875
4 0.41064453125 0.9524739583333334 0.0986328125 0.09505208333333333
0 0.41064453125 0.9524739583333334 0.0986328125 0.09505208333333333
4 0.72998046875 0.43359375 0.5400390625 0.06770833333333333
4 0.9013671875 0.5130208333333334 0.0078125 0.010416666666666666
6 0.94287109375 0.51171875 0.0771484375 0.018229166666666668
4 0.9873046875 0.5130208333333334 0.0078125 0.010416666666666666
7 0.55078125 0.564453125 0.181640625 0.032552083333333336
6 0.681640625 0.564453125 0.08203125 0.032552083333333336
7 0.72509765625 0.564453125 0.0068359375 0.032552083333333336
7 0.52685546875 0.6067708333333334 0.1337890625 0.018229166666666668
6 0.66162109375 0.6067708333333334 0.1357421875 0.018229166666666668
7 0.73095703125 0.6067708333333334 0.0048828125 0.018229166666666668
7 0.9873046875 0.546875 0.025390625 0.018229166666666668
7 0.9775390625 0.5690104166666666 0.044921875 0.018229166666666668
6 0.98486328125 0.61328125 0.0283203125 0.018229166666666668
6 0.49462890625 0.6783854166666666 0.0419921875 0.020833333333333332
7 0.525390625 0.6783854166666666 0.021484375 0.020833333333333332
6 0.56689453125 0.6783854166666666 0.0615234375 0.020833333333333332
6 0.49267578125 0.7135416666666666 0.0380859375 0.020833333333333332
7 0.5166015625 0.7135416666666666 0.00390625 0.020833333333333332
6 0.568359375 0.7135416666666666 0.0859375 0.020833333333333332
7 0.6220703125 0.7135416666666666 0.021484375 0.020833333333333332
6 0.6513671875 0.7135416666666666 0.041015625 0.020833333333333332
7 0.6767578125 0.7135416666666666 0.00390625 0.020833333333333332
6 0.7216796875 0.7135416666666666 0.072265625 0.020833333333333332
7 0.7626953125 0.7135416666666666 0.00390625 0.020833333333333332
6 0.4970703125 0.7408854166666666 0.046875 0.020833333333333332
7 0.52587890625 0.7408854166666666 0.0048828125 0.020833333333333332
6 0.5771484375 0.7408854166666666 0.0859375 0.020833333333333332
7 0.625 0.7408854166666666 0.00390625 0.020833333333333332
6 0.68896484375 0.7408854166666666 0.1103515625 0.020833333333333332
4 0.84228515625 0.7122395833333334 0.0322265625 0.044270833333333336
6 0.89599609375 0.6783854166666666 0.0556640625 0.020833333333333332
7 0.93505859375 0.6783854166666666 0.0224609375 0.020833333333333332
6 0.96630859375 0.6783854166666666 0.0439453125 0.020833333333333332
6 0.8916015625 0.7135416666666666 0.046875 0.020833333333333332
7 0.919921875 0.7135416666666666 0.00390625 0.020833333333333332
6 0.96435546875 0.7135416666666666 0.0712890625 0.020833333333333332
6 0.91015625 0.7408854166666666 0.083984375 0.020833333333333332
7 0.95751953125 0.7408854166666666 0.0048828125 0.020833333333333332
6 0.9833984375 0.7408854166666666 0.033203125 0.020833333333333332
7 0.56591796875 0.8229166666666666 0.1982421875 0.0234375
6 0.79052734375 0.8229166666666666 0.0419921875 0.013020833333333334
7 0.8154296875 0.8229166666666666 0.0078125 0.013020833333333334
6 0.82421875 0.8229166666666666 0.01171875 0.013020833333333334
7 0.8330078125 0.8229166666666666 0.0078125 0.013020833333333334
6 0.853515625 0.8229166666666666 0.037109375 0.013020833333333334
7 0.8759765625 0.8229166666666666 0.0078125 0.013020833333333334
6 0.89306640625 0.8229166666666666 0.0283203125 0.013020833333333334
4 0.8212890625 0.93359375 0.166015625 0.1328125
6 0.4951171875 0.8678385416666666 0.0703125 0.01953125
7 0.533203125 0.8678385416666666 0.0078125 0.01953125
6 0.54833984375 0.8678385416666666 0.0224609375 0.01953125
7 0.609375 0.8678385416666666 0.095703125 0.01953125
7 0.66552734375 0.8678385416666666 0.0205078125 0.01953125
6 0.50634765625 0.8938802083333334 0.0927734375 0.01953125
7 0.58056640625 0.8938802083333334 0.0556640625 0.01953125
6 0.63134765625 0.8938802083333334 0.0498046875 0.01953125
7 0.5693359375 0.9069010416666666 0.21875 0.045572916666666664
6 0.5810546875 0.919921875 0.130859375 0.01953125
7 0.58251953125 0.9329427083333334 0.2451171875 0.045572916666666664
6 0.5322265625 0.9459635416666666 0.115234375 0.01953125
7 0.59521484375 0.9459635416666666 0.0146484375 0.01953125
6 0.62158203125 0.9459635416666666 0.0400390625 0.01953125
7 0.6513671875 0.9459635416666666 0.021484375 0.01953125
6 0.58251953125 0.9720052083333334 0.2451171875 0.01953125
7 0.70947265625 0.9720052083333334 0.0107421875 0.01953125
6 0.5234375 0.994140625 0.126953125 0.01171875
7 0.59716796875 0.994140625 0.0205078125 0.01171875
6 0.64111328125 0.994140625 0.0712890625 0.01171875
4 0.953125 0.8235677083333334 0.029296875 0.022135416666666668
7 0.98583984375 0.8216145833333334 0.0283203125 0.0234375
6 0.97509765625 0.8639322916666666 0.0498046875 0.01953125
6 0.97509765625 0.8899739583333334 0.0498046875 0.01953125
6 0.97509765625 0.9029947916666666 0.0498046875 0.045572916666666664
7 0.97509765625 0.9700520833333334 0.0498046875 0.059895833333333336
0 0.5068359375 0.44140625 0.09375 0.052083333333333336
0 0.76416015625 0.44140625 0.0576171875 0.052083333333333336
0 0.82861328125 0.44140625 0.0732421875 0.052083333333333336
0 0.93212890625 0.44140625 0.1357421875 0.052083333333333336