2 0.11474609375 0.078125 0.2294921875 0.15625
0 0.11474609375 0.2578125 0.2294921875 0.078125
4 0.2138671875 0.2578125 0.0234375 0.03125
6 0.244140625 0.025390625 0.029296875 0.022135416666666668
6 0.2333984375 0.07096354166666667 0.0078125 0.016927083333333332
6 0.2421875 0.08658854166666667 0.025390625 0.016927083333333332
6 0.25244140625 0.10221354166666667 0.0458984375 0.016927083333333332
6 0.24267578125 0.15299479166666666 0.0263671875 0.022135416666666668
7 0.2392578125 0.17903645833333334 0.01953125 0.022135416666666668
6 0.2353515625 0.228515625 0.01171875 0.022135416666666668
6 0.24462890625 0.255859375 0.0302734375 0.022135416666666668
6 0.24169921875 0.2819010416666667 0.0244140625 0.022135416666666668
4 0.3173828125 0.07161458333333333 0.03515625 0.046875
7 0.4033203125 0.07877604166666667 0.134765625 0.022135416666666668
6 0.41015625 0.107421875 0.1484375 0.022135416666666668
7 0.3603515625 0.12825520833333334 0.048828125 0.01953125
7 0.3427734375 0.14908854166666666 0.013671875 0.022135416666666668
6 0.3662109375 0.14908854166666666 0.033203125 0.022135416666666668
7 0.48779296875 0.16015625 0.3037109375 0.044270833333333336
6 0.41064453125 0.216796875 0.1494140625 0.022135416666666668
7 0.36865234375 0.23763020833333334 0.0654296875 0.01953125
7 0.5244140625 0.2884114583333333 0.376953125 0.08203125
4 0.759765625 0.07161458333333333 0.03515625 0.046875
7 0.8916015625 0.07877604166666667 0.216796875 0.022135416666666668
6 0.87353515625 0.107421875 0.1806640625 0.022135416666666668
7 0.8916015625 0.12955729166666666 0.216796875 0.022135416666666668
7 0.88427734375 0.15169270833333334 0.2021484375 0.022135416666666668
7 0.84765625 0.173828125 0.12890625 0.022135416666666668
7 0.8955078125 0.19856770833333334 0.208984375 0.01953125
7 0.85205078125 0.21809895833333334 0.1376953125 0.022135416666666668
7 0.8955078125 0.24283854166666666 0.208984375 0.01953125
7 0.8916015625 0.2623697916666667 0.216796875 0.022135416666666668
7 0.84765625 0.2845052083333333 0.12890625 0.022135416666666668
7 0.8955078125 0.3092447916666667 0.208984375 0.01953125
7 0.85205078125 0.3235677083333333 0.1376953125 0.01171875
6 0.1201171875 0.3470052083333333 0.087890625 0.022135416666666668
6 0.20458984375 0.3470052083333333 0.0498046875 0.022135416666666668
2 0.11474609375 0.673828125 0.2294921875 0.14973958333333334
0 0.11474609375 0.689453125 0.2294921875 0.18098958333333334
6 0.099609375 0.8268229166666666 0.19921875 0.020833333333333332
6 0.11474609375 0.86328125 0.2294921875 0.020833333333333332
6 0.11474609375 0.8997395833333334 0.2294921875 0.020833333333333332
4 0.49853515625 0.9661458333333334 0.0244140625 0.03125
7 0.5712890625 0.9661458333333334 0.083984375 0.0234375
4 0.86962890625 0.9661458333333334 0.0166015625 0.020833333333333332
7 0.25244140625 0.345703125 0.0458984375 0.032552083333333336
0 0.71826171875 0.3404947916666667 0.0771484375 0.022135416666666668
0 0.8203125 0.3404947916666667 0.05078125 0.022135416666666668
7 0.90869140625 0.3404947916666667 0.0498046875 0.022135416666666668
7 0.423828125 0.4759114583333333 0.388671875 0.09244791666666667
7 0.51708984375 0.501953125 0.5751953125 0.14453125
7 0.30029296875 0.7122395833333334 0.1416015625 0.16927083333333334
7 0.30029296875 0.875 0.1416015625 0.078125
4 0.6396484375 0.8138020833333334 0.5078125 0.3723958333333333