2 0.3349609375 0.07291666666666667 0.669921875 0.0390625
7 0.07080078125 0.18880208333333334 0.1416015625 0.0859375
1 0.068359375 0.2688802083333333 0.13671875 0.06901041666666667
1 0.26025390625 0.2688802083333333 0.2060546875 0.06901041666666667
7 0.4345703125 0.2682291666666667 0.060546875 0.0234375
0 0.4873046875 0.2682291666666667 0.205078125 0.06770833333333333
4 0.56494140625 0.2682291666666667 0.0107421875 0.0078125
7 0.64013671875 0.2682291666666667 0.0595703125 0.0703125
0 0.64013671875 0.2682291666666667 0.0595703125 0.0703125
7 0.34130859375 0.3216145833333333 0.1396484375 0.018229166666666668
6 0.44873046875 0.3209635416666667 0.0751953125 0.016927083333333332
7 0.068359375 0.3919270833333333 0.13671875 0.052083333333333336
7 0.16650390625 0.3919270833333333 0.0576171875 0.052083333333333336
7 0.27001953125 0.3919270833333333 0.1474609375 0.052083333333333336
7 0.3759765625 0.3919270833333333 0.0625 0.052083333333333336
7 0.4677734375 0.3919270833333333 0.119140625 0.052083333333333336
7 0.58740234375 0.3919270833333333 0.1181640625 0.052083333333333336
7 0.65869140625 0.3919270833333333 0.0224609375 0.052083333333333336
0 0.6923828125 0.048177083333333336 0.0390625 0.052083333333333336
0 0.7490234375 0.048177083333333336 0.0390625 0.052083333333333336
0 0.6923828125 0.12369791666666667 0.0390625 0.052083333333333336
0 0.7490234375 0.12369791666666667 0.0390625 0.052083333333333336
0 0.6923828125 0.19921875 0.0390625 0.052083333333333336
0 0.7490234375 0.19921875 0.0390625 0.052083333333333336
4 0.8349609375 0.044921875 0.330078125 0.08984375
6 0.6767578125 0.271484375 0.013671875 0.02734375
7 0.7470703125 0.271484375 0.126953125 0.02734375
6 0.8291015625 0.271484375 0.037109375 0.02734375
6 0.87255859375 0.271484375 0.0439453125 0.02734375
7 0.896484375 0.271484375 0.00390625 0.02734375
7 0.6748046875 0.349609375 0.00390625 0.02734375
4 0.8349609375 0.4420572916666667 0.330078125 0.11588541666666667
2 0.06103515625 0.8059895833333334 0.1220703125 0.07291666666666667
0 0.07470703125 0.91015625 0.1494140625 0.052083333333333336
7 0.06591796875 0.9108072916666666 0.1318359375 0.01953125
4 0.3935546875 0.75 0.49609375 0.5
0 0.3935546875 0.75 0.49609375 0.5
0 0.72412109375 0.51171875 0.0478515625 0.020833333333333332
7 0.8349609375 0.5110677083333334 0.330078125 0.022135416666666668
2 0.8349609375 0.751953125 0.330078125 0.08203125
7 0.8349609375 0.87109375 0.330078125 0.046875
7 0.8349609375 0.94921875 0.330078125 0.049479166666666664
6 0.9248046875 0.9622395833333334 0.150390625 0.0234375
7 0.8349609375 0.9752604166666666 0.330078125 0.049479166666666664
6 0.6826171875 0.98828125 0.025390625 0.0234375