2 0.26318359375 0.08528645833333333 0.5263671875 0.032552083333333336
2 0.26318359375 0.181640625 0.5263671875 0.032552083333333336
2 0.26318359375 0.2779947916666667 0.5263671875 0.032552083333333336
2 0.26318359375 0.3899739583333333 0.5263671875 0.06380208333333333
2 0.11083984375 0.5234375 0.0830078125 0.046875
2 0.27587890625 0.5234375 0.1240234375 0.046875
2 0.44677734375 0.5234375 0.0966796875 0.046875
5 0.84033203125 0.134765625 0.3193359375 0.02734375
1 0.84033203125 0.18619791666666666 0.3193359375 0.059895833333333336
5 0.84033203125 0.24934895833333334 0.3193359375 0.02734375
1 0.84033203125 0.30078125 0.3193359375 0.059895833333333336
5 0.84033203125 0.3639322916666667 0.3193359375 0.02734375
1 0.84033203125 0.4153645833333333 0.3193359375 0.059895833333333336
7 0.71875 0.4635416666666667 0.076171875 0.018229166666666668
7 0.8125 0.4635416666666667 0.11328125 0.018229166666666668
7 0.8798828125 0.4635416666666667 0.025390625 0.018229166666666668
7 0.94482421875 0.4635416666666667 0.1064453125 0.018229166666666668
7 0.84033203125 0.4752604166666667 0.3193359375 0.041666666666666664
7 0.791015625 0.4869791666666667 0.115234375 0.018229166666666668
7 0.8515625 0.4869791666666667 0.0078125 0.018229166666666668
6 0.8837890625 0.4869791666666667 0.060546875 0.018229166666666668
7 0.916015625 0.4869791666666667 0.00390625 0.018229166666666668
0 0.84033203125 0.5540364583333334 0.3193359375 0.029947916666666668
0 0.06982421875 0.595703125 0.1396484375 0.048177083333333336
0 0.06982421875 0.6673177083333334 0.1396484375 0.09244791666666667
0 0.06982421875 0.75 0.1396484375 0.0703125
0 0.06982421875 0.8216145833333334 0.1396484375 0.0703125
4 0.3046875 0.712890625 0.31640625 0.2877604166666667
0 0.3046875 0.712890625 0.31640625 0.2877604166666667
2 0.3046875 0.7486979166666666 0.287109375 0.1640625
4 0.5224609375 0.6783854166666666 0.0546875 0.17447916666666666
4 0.18310546875 0.93359375 0.2353515625 0.1328125
0 0.18310546875 0.93359375 0.2353515625 0.1328125
4 0.42578125 0.93359375 0.236328125 0.1328125
0 0.42578125 0.93359375 0.236328125 0.1328125
2 0.77490234375 0.79296875 0.4501953125 0.13802083333333334
2 0.7861328125 0.935546875 0.427734375 0.12890625