7 0.46435546875 0.396484375 0.0341796875 0.024739583333333332
7 0.1240234375 0.07356770833333333 0.248046875 0.07421875
0 0.05224609375 0.18815104166666666 0.1044921875 0.07421875
4 0.74462890625 0.07942708333333333 0.5107421875 0.15885416666666666
7 0.67822265625 0.005859375 0.3779296875 0.01171875
7 0.68798828125 0.026692708333333332 0.3974609375 0.024739583333333332
7 0.5458984375 0.095703125 0.07421875 0.024739583333333332
6 0.65478515625 0.095703125 0.1279296875 0.024739583333333332
7 0.54052734375 0.16927083333333334 0.0693359375 0.026041666666666668
0 0.572265625 0.16927083333333334 0.166015625 0.057291666666666664
7 0.60693359375 0.16927083333333334 0.0634765625 0.026041666666666668
0 0.75146484375 0.16927083333333334 0.1533203125 0.0546875
2 0.798828125 0.3522135416666667 0.04296875 0.048177083333333336
2 0.85302734375 0.3522135416666667 0.0673828125 0.048177083333333336
2 0.94287109375 0.3522135416666667 0.1142578125 0.048177083333333336
7 0.62841796875 0.4498697916666667 0.2783203125 0.022135416666666668
7 0.90185546875 0.4498697916666667 0.1962890625 0.022135416666666668
4 0.943359375 0.01171875 0.091796875 0.0234375
7 0.53515625 0.09765625 0.091796875 0.028645833333333332
6 0.552734375 0.13997395833333334 0.126953125 0.022135416666666668
6 0.529296875 0.16471354166666666 0.080078125 0.022135416666666668
6 0.50927734375 0.189453125 0.0400390625 0.022135416666666668
6 0.5400390625 0.22721354166666666 0.1015625 0.022135416666666668
6 0.55322265625 0.2649739583333333 0.1279296875 0.022135416666666668
7 0.5341796875 0.3151041666666667 0.08984375 0.028645833333333332
6 0.55029296875 0.357421875 0.1220703125 0.022135416666666668
6 0.51025390625 0.3821614583333333 0.0419921875 0.022135416666666668
6 0.52001953125 0.419921875 0.0615234375 0.022135416666666668
6 0.51171875 0.4446614583333333 0.044921875 0.022135416666666668
6 0.52880859375 0.4635416666666667 0.0791015625 0.010416666666666666
7 0.70556640625 0.09765625 0.0693359375 0.028645833333333332
6 0.736328125 0.13997395833333334 0.130859375 0.022135416666666668
6 0.6962890625 0.177734375 0.05078125 0.022135416666666668
6 0.69775390625 0.20247395833333334 0.0537109375 0.022135416666666668
6 0.71484375 0.240234375 0.087890625 0.022135416666666668
6 0.7265625 0.2649739583333333 0.111328125 0.022135416666666668
6 0.70263671875 0.302734375 0.0634765625 0.022135416666666668
7 0.888671875 0.09765625 0.0703125 0.028645833333333332
6 0.89501953125 0.13997395833333334 0.0830078125 0.022135416666666668
6 0.87841796875 0.16471354166666666 0.0498046875 0.022135416666666668
6 0.875 0.20247395833333334 0.04296875 0.022135416666666668
6 0.8681640625 0.22721354166666666 0.029296875 0.022135416666666668
6 0.8876953125 0.251953125 0.068359375 0.022135416666666668
6 0.869140625 0.2897135416666667 0.03125 0.022135416666666668
6 0.8955078125 0.3274739583333333 0.083984375 0.022135416666666668
6 0.89013671875 0.3522135416666667 0.0732421875 0.022135416666666668
6 0.87158203125 0.3899739583333333 0.0361328125 0.022135416666666668
7 0.8935546875 0.3899739583333333 0.009765625 0.022135416666666668
6 0.9208984375 0.3899739583333333 0.046875 0.022135416666666668
7 0.9482421875 0.3899739583333333 0.009765625 0.022135416666666668
6 0.970703125 0.3899739583333333 0.037109375 0.022135416666666668
6 0.8798828125 0.4147135416666667 0.052734375 0.022135416666666668
7 0.91015625 0.4147135416666667 0.009765625 0.022135416666666668
6 0.92724609375 0.4147135416666667 0.0263671875 0.022135416666666668
0 0.33984375 0.4889322916666667 0.11328125 0.040364583333333336
4 0.4296875 0.482421875 0.017578125 0.024739583333333332
0 0.4296875 0.4837239583333333 0.017578125 0.02734375
4 0.4716796875 0.482421875 0.017578125 0.01953125
7 0.3427734375 0.5638020833333334 0.044921875 0.026041666666666668
7 0.41064453125 0.5638020833333334 0.0810546875 0.026041666666666668
4 0.46875 0.56640625 0.0078125 0.015625
4 0.1259765625 0.8203125 0.251953125 0.359375
0 0.1259765625 0.8203125 0.251953125 0.359375
4 0.1259765625 0.8203125 0.251953125 0.359375
4 0.1259765625 0.8203125 0.251953125 0.359375
7 0.32666015625 0.6549479166666666 0.0791015625 0.026041666666666668
7 0.38134765625 0.6979166666666666 0.1884765625 0.11197916666666667
4 0.2978515625 0.8020833333333334 0.021484375 0.028645833333333332
0 0.318359375 0.8313802083333334 0.0625 0.022135416666666668
4 0.443359375 0.8157552083333334 0.060546875 0.08984375
0 0.443359375 0.8151041666666666 0.06640625 0.08854166666666667
7 0.32861328125 0.8815104166666666 0.0830078125 0.018229166666666668
4 0.38671875 0.880859375 0.013671875 0.01171875
7 0.3310546875 0.9544270833333334 0.087890625 0.026041666666666668
7 0.3818359375 0.970703125 0.189453125 0.05859375
3 0.74462890625 0.6783854166666666 0.5107421875 0.4192708333333333
0 0.74462890625 0.6783854166666666 0.5107421875 0.4192708333333333