2 0.1240234375 0.11002604166666667 0.248046875 0.13671875
7 0.0947265625 0.2740885416666667 0.189453125 0.11067708333333333
4 0.1142578125 0.470703125 0.11328125 0.07161458333333333
4 0.7998046875 0.17057291666666666 0.400390625 0.3411458333333333
0 0.7998046875 0.17057291666666666 0.400390625 0.3411458333333333
2 0.73291015625 0.4479166666666667 0.2666015625 0.125
7 0.7998046875 0.5416666666666666 0.400390625 0.0546875
2 0.1845703125 0.5983072916666666 0.369140625 0.048177083333333336
0 0.2998046875 0.69921875 0.599609375 0.2604166666666667
2 0.1845703125 0.677734375 0.369140625 0.061197916666666664
7 0.1845703125 0.7571614583333334 0.369140625 0.06640625
4 0.14453125 0.9342447916666666 0.2890625 0.13151041666666666
0 0.14453125 0.8776041666666666 0.2890625 0.018229166666666668
4 0.44921875 0.9342447916666666 0.30078125 0.13151041666666666
0 0.44921875 0.8776041666666666 0.30078125 0.018229166666666668
4 0.7998046875 0.7845052083333334 0.400390625 0.4309895833333333
2 0.7998046875 0.9694010416666666 0.400390625 0.061197916666666664