7 0.185546875 0.059244791666666664 0.37109375 0.11067708333333333
1 0.115234375 0.17903645833333334 0.23046875 0.06640625
7 0.05322265625 0.2552083333333333 0.1064453125 0.036458333333333336
0 0.115234375 0.255859375 0.23046875 0.07161458333333333
4 0.2958984375 0.255859375 0.11328125 0.07161458333333333
7 0.02880859375 0.3203125 0.0576171875 0.020833333333333332
6 0.10595703125 0.3203125 0.0966796875 0.020833333333333332
7 0.16943359375 0.3203125 0.0302734375 0.020833333333333332
6 0.11328125 0.33203125 0.2265625 0.044270833333333336
7 0.00732421875 0.34375 0.0087890625 0.020833333333333332
6 0.06982421875 0.34375 0.1181640625 0.020833333333333332
7 0.13134765625 0.4446614583333333 0.2626953125 0.02734375
7 0.43115234375 0.4446614583333333 0.3369140625 0.02734375
3 0.47412109375 0.4733072916666667 0.2509765625 0.053385416666666664
2 0.73486328125 0.041015625 0.2705078125 0.08203125
7 0.73486328125 0.19596354166666666 0.2705078125 0.18880208333333334
7 0.7998046875 0.470703125 0.400390625 0.053385416666666664
7 0.7998046875 0.4850260416666667 0.400390625 0.024739583333333332
4 0.03076171875 0.6002604166666666 0.0615234375 0.0390625
0 0.03076171875 0.6002604166666666 0.0615234375 0.0390625
0 0.2998046875 0.517578125 0.599609375 0.024739583333333332
6 0.142578125 0.5143229166666666 0.28515625 0.020833333333333332
7 0.05029296875 0.64453125 0.0166015625 0.026041666666666668
7 0.12744140625 0.6471354166666666 0.1396484375 0.020833333333333332
7 0.39794921875 0.64453125 0.4033203125 0.026041666666666668
2 0.18310546875 0.9375 0.3662109375 0.125
2 0.5478515625 0.8092447916666666 0.103515625 0.048177083333333336
1 0.5478515625 0.90625 0.103515625 0.0625
1 0.5478515625 0.9791666666666666 0.103515625 0.041666666666666664
7 0.7998046875 0.5279947916666666 0.400390625 0.02734375
7 0.7998046875 0.5670572916666666 0.400390625 0.02734375
7 0.7998046875 0.6061197916666666 0.400390625 0.02734375
2 0.7998046875 0.6555989583333334 0.400390625 0.02734375
2 0.80615234375 0.7024739583333334 0.3876953125 0.02734375
7 0.80615234375 0.7389322916666666 0.3876953125 0.02734375
2 0.80615234375 0.7858072916666666 0.3876953125 0.02734375
7 0.80615234375 0.8352864583333334 0.3876953125 0.053385416666666664