4 0.11474609375 0.22916666666666666 0.2294921875 0.3697916666666667
0 0.11474609375 0.22916666666666666 0.2294921875 0.3697916666666667
3 0.09765625 0.22981770833333334 0.1953125 0.4596354166666667
4 0.11474609375 0.22981770833333334 0.2294921875 0.4596354166666667
7 0.29052734375 0.16536458333333334 0.0126953125 0.3307291666666667
7 0.48388671875 0.014973958333333334 0.0986328125 0.029947916666666668
7 0.54638671875 0.014973958333333334 0.0283203125 0.029947916666666668
1 0.66552734375 0.013020833333333334 0.2060546875 0.026041666666666668
7 0.48388671875 0.048828125 0.0986328125 0.040364583333333336
7 0.54638671875 0.048828125 0.0283203125 0.040364583333333336
1 0.66552734375 0.048828125 0.2060546875 0.032552083333333336
7 0.48388671875 0.087890625 0.0986328125 0.040364583333333336
7 0.54638671875 0.087890625 0.0283203125 0.040364583333333336
1 0.66552734375 0.087890625 0.2060546875 0.032552083333333336
1 0.68359375 0.125 0.05078125 0.028645833333333332
1 0.740234375 0.125 0.056640625 0.028645833333333332
7 0.60205078125 0.23502604166666666 0.6123046875 0.006510416666666667
4 0.298828125 0.3274739583333333 0.005859375 0.006510416666666667
7 0.47509765625 0.28515625 0.3486328125 0.09114583333333333
7 0.7646484375 0.2845052083333333 0.052734375 0.014322916666666666
4 0.79296875 0.2858072916666667 0.005859375 0.006510416666666667
4 0.84912109375 0.28515625 0.0810546875 0.057291666666666664
4 0.9052734375 0.3274739583333333 0.005859375 0.006510416666666667
7 0.91357421875 0.16536458333333334 0.0126953125 0.3307291666666667
4 0.29052734375 0.3385416666666667 0.0126953125 0.015625
4 0.30224609375 0.3385416666666667 0.0126953125 0.015625
4 0.91357421875 0.3385416666666667 0.0126953125 0.015625
4 0.01708984375 0.5 0.0341796875 0.0390625
2 0.11474609375 0.748046875 0.2294921875 0.06640625
2 0.11474609375 0.8196614583333334 0.2294921875 0.06640625
2 0.11474609375 0.9401041666666666 0.2294921875 0.1171875
2 0.63134765625 0.4811197916666667 0.7373046875 0.02734375
7 0.63134765625 0.5305989583333334 0.7373046875 0.053385416666666664
6 0.25048828125 0.748046875 0.0341796875 0.016927083333333332
6 0.3154296875 0.748046875 0.06640625 0.016927083333333332
6 0.4013671875 0.748046875 0.078125 0.016927083333333332