4 0.28955078125 0.203125 0.5791015625 0.40625
0 0.28955078125 0.203125 0.5791015625 0.40625
0 0.0234375 0.3411458333333333 0.0390625 0.052083333333333336
4 0.28955078125 0.4830729166666667 0.5791015625 0.15364583333333334
2 0.28955078125 0.2506510416666667 0.5791015625 0.5013020833333334
7 0.78955078125 0.015625 0.4208984375 0.03125
3 0.71728515625 0.09765625 0.2763671875 0.1015625
7 0.62841796875 0.19466145833333334 0.0986328125 0.05859375
0 0.62890625 0.1953125 0.099609375 0.0625
0 0.955078125 0.3606770833333333 0.08984375 0.046875
4 0.63037109375 0.4798177083333333 0.0556640625 0.07421875
2 0.8154296875 0.470703125 0.287109375 0.04296875
1 0.810546875 0.5377604166666666 0.279296875 0.044270833333333336
7 0.978515625 0.5403645833333334 0.04296875 0.0390625
0 0.97802734375 0.5377604166666666 0.0439453125 0.044270833333333336
2 0.28955078125 0.5865885416666666 0.5791015625 0.053385416666666664
7 0.28955078125 0.640625 0.5791015625 0.03125
7 0.28955078125 0.7766927083333334 0.5791015625 0.07421875
7 0.28955078125 0.841796875 0.5791015625 0.05859375
0 0.10546875 0.9212239583333334 0.2109375 0.05078125
7 0.78955078125 0.87109375 0.4208984375 0.041666666666666664
0 0.8876953125 0.9479166666666666 0.181640625 0.0546875
6 0.88720703125 0.9954427083333334 0.1181640625 0.009114583333333334
2 0.7744140625 0.5989583333333334 0.390625 0.078125
7 0.5888671875 0.6861979166666666 0.01953125 0.0234375
7 0.6171875 0.6881510416666666 0.0390625 0.01953125
7 0.66015625 0.6861979166666666 0.021484375 0.0234375
7 0.68701171875 0.6881510416666666 0.0341796875 0.01953125
0 0.6279296875 0.7936197916666666 0.09765625 0.06640625
4 0.63671875 0.7936197916666666 0.021484375 0.016927083333333332
4 0.78955078125 0.7799479166666666 0.4208984375 0.4401041666666667
4 0.78955078125 0.7799479166666666 0.4208984375 0.4401041666666667