7 0.10107421875 0.009114583333333334 0.2021484375 0.018229166666666668
0 0.11083984375 0.009114583333333334 0.2216796875 0.018229166666666668
7 0.10107421875 0.009114583333333334 0.2021484375 0.018229166666666668
0 0.11083984375 0.009114583333333334 0.2216796875 0.018229166666666668
7 0.10107421875 0.044270833333333336 0.2021484375 0.052083333333333336
0 0.11083984375 0.044270833333333336 0.2216796875 0.052083333333333336
7 0.10107421875 0.09635416666666667 0.2021484375 0.052083333333333336
0 0.11083984375 0.09635416666666667 0.2216796875 0.052083333333333336
7 0.10107421875 0.009114583333333334 0.2021484375 0.018229166666666668
0 0.11083984375 0.009114583333333334 0.2216796875 0.018229166666666668
7 0.10107421875 0.009114583333333334 0.2021484375 0.018229166666666668
0 0.11083984375 0.009114583333333334 0.2216796875 0.018229166666666668
7 0.10107421875 0.009114583333333334 0.2021484375 0.018229166666666668
0 0.11083984375 0.009114583333333334 0.2216796875 0.018229166666666668
7 0.10107421875 0.009114583333333334 0.2021484375 0.018229166666666668
0 0.11083984375 0.009114583333333334 0.2216796875 0.018229166666666668
7 0.10107421875 0.044270833333333336 0.2021484375 0.052083333333333336
0 0.11083984375 0.044270833333333336 0.2216796875 0.052083333333333336
7 0.10107421875 0.009114583333333334 0.2021484375 0.018229166666666668
0 0.11083984375 0.009114583333333334 0.2216796875 0.018229166666666668
7 0.10107421875 0.009114583333333334 0.2021484375 0.018229166666666668
0 0.11083984375 0.009114583333333334 0.2216796875 0.018229166666666668
7 0.10107421875 0.044270833333333336 0.2021484375 0.052083333333333336
0 0.11083984375 0.044270833333333336 0.2216796875 0.052083333333333336
7 0.10107421875 0.09635416666666667 0.2021484375 0.052083333333333336
0 0.11083984375 0.09635416666666667 0.2216796875 0.052083333333333336
7 0.10107421875 0.009114583333333334 0.2021484375 0.018229166666666668
0 0.11083984375 0.009114583333333334 0.2216796875 0.018229166666666668
0 0.28076171875 0.009114583333333334 0.1181640625 0.018229166666666668
7 0.29052734375 0.044270833333333336 0.0986328125 0.052083333333333336
0 0.28076171875 0.044270833333333336 0.1181640625 0.052083333333333336
7 0.29052734375 0.09635416666666667 0.0986328125 0.052083333333333336
0 0.28076171875 0.09635416666666667 0.1181640625 0.052083333333333336
7 0.29052734375 0.1484375 0.0986328125 0.052083333333333336
0 0.28076171875 0.1484375 0.1181640625 0.052083333333333336
0 0.28076171875 0.009114583333333334 0.1181640625 0.018229166666666668
7 0.10107421875 0.009114583333333334 0.2021484375 0.018229166666666668
0 0.11083984375 0.009114583333333334 0.2216796875 0.018229166666666668
7 0.10107421875 0.044270833333333336 0.2021484375 0.052083333333333336
0 0.11083984375 0.044270833333333336 0.2216796875 0.052083333333333336
7 0.10107421875 0.009114583333333334 0.2021484375 0.018229166666666668
0 0.11083984375 0.009114583333333334 0.2216796875 0.018229166666666668
7 0.10107421875 0.009114583333333334 0.2021484375 0.018229166666666668
0 0.11083984375 0.009114583333333334 0.2216796875 0.018229166666666668
7 0.10107421875 0.009114583333333334 0.2021484375 0.018229166666666668
0 0.11083984375 0.009114583333333334 0.2216796875 0.018229166666666668
7 0.10107421875 0.009114583333333334 0.2021484375 0.018229166666666668
0 0.11083984375 0.009114583333333334 0.2216796875 0.018229166666666668
7 0.10107421875 0.009114583333333334 0.2021484375 0.018229166666666668
0 0.11083984375 0.009114583333333334 0.2216796875 0.018229166666666668
0 0.28076171875 0.009114583333333334 0.1181640625 0.018229166666666668
7 0.29052734375 0.044270833333333336 0.0986328125 0.052083333333333336
0 0.28076171875 0.044270833333333336 0.1181640625 0.052083333333333336
7 0.10107421875 0.009114583333333334 0.2021484375 0.018229166666666668
0 0.11083984375 0.009114583333333334 0.2216796875 0.018229166666666668
7 0.10107421875 0.009114583333333334 0.2021484375 0.018229166666666668
0 0.11083984375 0.009114583333333334 0.2216796875 0.018229166666666668
7 0.10107421875 0.009114583333333334 0.2021484375 0.018229166666666668
0 0.11083984375 0.009114583333333334 0.2216796875 0.018229166666666668
7 0.10107421875 0.009114583333333334 0.2021484375 0.018229166666666668
0 0.11083984375 0.009114583333333334 0.2216796875 0.018229166666666668
7 0.10107421875 0.044270833333333336 0.2021484375 0.052083333333333336
0 0.11083984375 0.044270833333333336 0.2216796875 0.052083333333333336
7 0.10107421875 0.09635416666666667 0.2021484375 0.052083333333333336
0 0.11083984375 0.09635416666666667 0.2216796875 0.052083333333333336
7 0.10107421875 0.1484375 0.2021484375 0.052083333333333336
0 0.11083984375 0.1484375 0.2216796875 0.052083333333333336
0 0.28076171875 0.009114583333333334 0.1181640625 0.018229166666666668
7 0.29052734375 0.044270833333333336 0.0986328125 0.052083333333333336
0 0.28076171875 0.044270833333333336 0.1181640625 0.052083333333333336
7 0.29052734375 0.09635416666666667 0.0986328125 0.052083333333333336
0 0.28076171875 0.09635416666666667 0.1181640625 0.052083333333333336
7 0.29052734375 0.1484375 0.0986328125 0.052083333333333336
0 0.28076171875 0.1484375 0.1181640625 0.052083333333333336
0 0.28076171875 0.009114583333333334 0.1181640625 0.018229166666666668
7 0.29052734375 0.044270833333333336 0.0986328125 0.052083333333333336
0 0.28076171875 0.044270833333333336 0.1181640625 0.052083333333333336
0 0.28076171875 0.009114583333333334 0.1181640625 0.018229166666666668
7 0.29052734375 0.044270833333333336 0.0986328125 0.052083333333333336
0 0.28076171875 0.044270833333333336 0.1181640625 0.052083333333333336
0 0.28076171875 0.009114583333333334 0.1181640625 0.018229166666666668
0 0.28076171875 0.009114583333333334 0.1181640625 0.018229166666666668
7 0.29052734375 0.044270833333333336 0.0986328125 0.052083333333333336
0 0.28076171875 0.044270833333333336 0.1181640625 0.052083333333333336
7 0.29052734375 0.09635416666666667 0.0986328125 0.052083333333333336
0 0.28076171875 0.09635416666666667 0.1181640625 0.052083333333333336
7 0.29052734375 0.1484375 0.0986328125 0.052083333333333336
0 0.28076171875 0.1484375 0.1181640625 0.052083333333333336
7 0.10107421875 0.009114583333333334 0.2021484375 0.018229166666666668
0 0.11083984375 0.009114583333333334 0.2216796875 0.018229166666666668
4 0.1982421875 0.0026041666666666665 0.01953125 0.005208333333333333
0 0.28076171875 0.009114583333333334 0.1181640625 0.018229166666666668
7 0.29052734375 0.044270833333333336 0.0986328125 0.052083333333333336
0 0.28076171875 0.044270833333333336 0.1181640625 0.052083333333333336
7 0.10107421875 0.044270833333333336 0.2021484375 0.052083333333333336
0 0.11083984375 0.044270833333333336 0.2216796875 0.052083333333333336
4 0.1982421875 0.044270833333333336 0.01953125 0.026041666666666668
0 0.28076171875 0.009114583333333334 0.1181640625 0.018229166666666668
7 0.29052734375 0.044270833333333336 0.0986328125 0.052083333333333336
0 0.28076171875 0.044270833333333336 0.1181640625 0.052083333333333336
7 0.29052734375 0.09635416666666667 0.0986328125 0.052083333333333336
0 0.28076171875 0.09635416666666667 0.1181640625 0.052083333333333336
0 0.28076171875 0.009114583333333334 0.1181640625 0.018229166666666668
7 0.29052734375 0.044270833333333336 0.0986328125 0.052083333333333336
0 0.28076171875 0.044270833333333336 0.1181640625 0.052083333333333336
7 0.29052734375 0.09635416666666667 0.0986328125 0.052083333333333336
0 0.28076171875 0.09635416666666667 0.1181640625 0.052083333333333336
0 0.28076171875 0.009114583333333334 0.1181640625 0.018229166666666668
0 0.28076171875 0.009114583333333334 0.1181640625 0.018229166666666668
0 0.28076171875 0.009114583333333334 0.1181640625 0.018229166666666668
0 0.28076171875 0.009114583333333334 0.1181640625 0.018229166666666668
7 0.29052734375 0.044270833333333336 0.0986328125 0.052083333333333336
0 0.28076171875 0.044270833333333336 0.1181640625 0.052083333333333336
0 0.28076171875 0.009114583333333334 0.1181640625 0.018229166666666668
7 0.29052734375 0.044270833333333336 0.0986328125 0.052083333333333336
0 0.28076171875 0.044270833333333336 0.1181640625 0.052083333333333336
0 0.28076171875 0.009114583333333334 0.1181640625 0.018229166666666668
7 0.29052734375 0.044270833333333336 0.0986328125 0.052083333333333336
0 0.28076171875 0.044270833333333336 0.1181640625 0.052083333333333336
0 0.28076171875 0.009114583333333334 0.1181640625 0.018229166666666668
7 0.29052734375 0.044270833333333336 0.0986328125 0.052083333333333336
0 0.28076171875 0.044270833333333336 0.1181640625 0.052083333333333336
7 0.29052734375 0.09635416666666667 0.0986328125 0.052083333333333336
0 0.28076171875 0.09635416666666667 0.1181640625 0.052083333333333336
7 0.29052734375 0.1484375 0.0986328125 0.052083333333333336
0 0.28076171875 0.1484375 0.1181640625 0.052083333333333336
7 0.29052734375 0.20052083333333334 0.0986328125 0.052083333333333336
0 0.28076171875 0.20052083333333334 0.1181640625 0.052083333333333336
7 0.29052734375 0.2526041666666667 0.0986328125 0.052083333333333336
0 0.28076171875 0.2526041666666667 0.1181640625 0.052083333333333336
0 0.28076171875 0.009114583333333334 0.1181640625 0.018229166666666668
7 0.29052734375 0.044270833333333336 0.0986328125 0.052083333333333336
0 0.28076171875 0.044270833333333336 0.1181640625 0.052083333333333336
7 0.10107421875 0.009114583333333334 0.2021484375 0.018229166666666668
0 0.11083984375 0.009114583333333334 0.2216796875 0.018229166666666668
4 0.1982421875 0.0026041666666666665 0.01953125 0.005208333333333333
0 0.28076171875 0.009114583333333334 0.1181640625 0.018229166666666668
7 0.29052734375 0.044270833333333336 0.0986328125 0.052083333333333336
0 0.28076171875 0.044270833333333336 0.1181640625 0.052083333333333336
7 0.10107421875 0.044270833333333336 0.2021484375 0.052083333333333336
0 0.11083984375 0.044270833333333336 0.2216796875 0.052083333333333336
4 0.1982421875 0.044270833333333336 0.01953125 0.026041666666666668
0 0.28076171875 0.009114583333333334 0.1181640625 0.018229166666666668
7 0.10107421875 0.09635416666666667 0.2021484375 0.052083333333333336
0 0.11083984375 0.09635416666666667 0.2216796875 0.052083333333333336
4 0.1982421875 0.09635416666666667 0.01953125 0.026041666666666668
0 0.28076171875 0.009114583333333334 0.1181640625 0.018229166666666668
7 0.10107421875 0.1484375 0.2021484375 0.052083333333333336
0 0.11083984375 0.1484375 0.2216796875 0.052083333333333336
4 0.1982421875 0.1484375 0.01953125 0.026041666666666668
0 0.28076171875 0.009114583333333334 0.1181640625 0.018229166666666668
7 0.29052734375 0.044270833333333336 0.0986328125 0.052083333333333336
0 0.28076171875 0.044270833333333336 0.1181640625 0.052083333333333336
7 0.10107421875 0.20052083333333334 0.2021484375 0.052083333333333336
0 0.11083984375 0.20052083333333334 0.2216796875 0.052083333333333336
4 0.1982421875 0.20052083333333334 0.01953125 0.026041666666666668
0 0.28076171875 0.009114583333333334 0.1181640625 0.018229166666666668
7 0.29052734375 0.044270833333333336 0.0986328125 0.052083333333333336
0 0.28076171875 0.044270833333333336 0.1181640625 0.052083333333333336
7 0.29052734375 0.09635416666666667 0.0986328125 0.052083333333333336
0 0.28076171875 0.09635416666666667 0.1181640625 0.052083333333333336
7 0.29052734375 0.1484375 0.0986328125 0.052083333333333336
0 0.28076171875 0.1484375 0.1181640625 0.052083333333333336
7 0.29052734375 0.20052083333333334 0.0986328125 0.052083333333333336
0 0.28076171875 0.20052083333333334 0.1181640625 0.052083333333333336
7 0.29052734375 0.2526041666666667 0.0986328125 0.052083333333333336
0 0.28076171875 0.2526041666666667 0.1181640625 0.052083333333333336
7 0.10107421875 0.2526041666666667 0.2021484375 0.052083333333333336
0 0.11083984375 0.2526041666666667 0.2216796875 0.052083333333333336
4 0.1982421875 0.2526041666666667 0.01953125 0.026041666666666668
7 0.10107421875 0.3046875 0.2021484375 0.052083333333333336
0 0.11083984375 0.3046875 0.2216796875 0.052083333333333336
4 0.1982421875 0.3046875 0.01953125 0.026041666666666668
0 0.28076171875 0.009114583333333334 0.1181640625 0.018229166666666668
7 0.29052734375 0.044270833333333336 0.0986328125 0.052083333333333336
0 0.28076171875 0.044270833333333336 0.1181640625 0.052083333333333336
7 0.10107421875 0.3567708333333333 0.2021484375 0.052083333333333336
0 0.11083984375 0.3567708333333333 0.2216796875 0.052083333333333336
4 0.1982421875 0.3567708333333333 0.01953125 0.026041666666666668
0 0.28076171875 0.009114583333333334 0.1181640625 0.018229166666666668
0 0.28076171875 0.009114583333333334 0.1181640625 0.018229166666666668
7 0.29052734375 0.044270833333333336 0.0986328125 0.052083333333333336
0 0.28076171875 0.044270833333333336 0.1181640625 0.052083333333333336
0 0.28076171875 0.009114583333333334 0.1181640625 0.018229166666666668
7 0.29052734375 0.044270833333333336 0.0986328125 0.052083333333333336
0 0.28076171875 0.044270833333333336 0.1181640625 0.052083333333333336
7 0.29052734375 0.09635416666666667 0.0986328125 0.052083333333333336
0 0.28076171875 0.09635416666666667 0.1181640625 0.052083333333333336
0 0.28076171875 0.009114583333333334 0.1181640625 0.018229166666666668
7 0.29052734375 0.044270833333333336 0.0986328125 0.052083333333333336
0 0.28076171875 0.044270833333333336 0.1181640625 0.052083333333333336
7 0.29052734375 0.09635416666666667 0.0986328125 0.052083333333333336
0 0.28076171875 0.09635416666666667 0.1181640625 0.052083333333333336
7 0.29052734375 0.1484375 0.0986328125 0.052083333333333336
0 0.28076171875 0.1484375 0.1181640625 0.052083333333333336
7 0.29052734375 0.20052083333333334 0.0986328125 0.052083333333333336
0 0.28076171875 0.20052083333333334 0.1181640625 0.052083333333333336
7 0.29052734375 0.2526041666666667 0.0986328125 0.052083333333333336
0 0.28076171875 0.2526041666666667 0.1181640625 0.052083333333333336
0 0.28076171875 0.009114583333333334 0.1181640625 0.018229166666666668
7 0.29052734375 0.044270833333333336 0.0986328125 0.052083333333333336
0 0.28076171875 0.044270833333333336 0.1181640625 0.052083333333333336
7 0.29052734375 0.09635416666666667 0.0986328125 0.052083333333333336
0 0.28076171875 0.09635416666666667 0.1181640625 0.052083333333333336
7 0.29052734375 0.1484375 0.0986328125 0.052083333333333336
0 0.28076171875 0.1484375 0.1181640625 0.052083333333333336
7 0.10107421875 0.009114583333333334 0.2021484375 0.018229166666666668
0 0.11083984375 0.009114583333333334 0.2216796875 0.018229166666666668
7 0.10107421875 0.009114583333333334 0.2021484375 0.018229166666666668
0 0.11083984375 0.009114583333333334 0.2216796875 0.018229166666666668
7 0.10107421875 0.044270833333333336 0.2021484375 0.052083333333333336
0 0.11083984375 0.044270833333333336 0.2216796875 0.052083333333333336
7 0.10107421875 0.09635416666666667 0.2021484375 0.052083333333333336
0 0.11083984375 0.09635416666666667 0.2216796875 0.052083333333333336
7 0.10107421875 0.009114583333333334 0.2021484375 0.018229166666666668
0 0.11083984375 0.009114583333333334 0.2216796875 0.018229166666666668
7 0.10107421875 0.044270833333333336 0.2021484375 0.052083333333333336
0 0.11083984375 0.044270833333333336 0.2216796875 0.052083333333333336
7 0.10107421875 0.09635416666666667 0.2021484375 0.052083333333333336
0 0.11083984375 0.09635416666666667 0.2216796875 0.052083333333333336
0 0.169921875 0.13671875 0.33984375 0.0703125
7 0.26611328125 0.13671875 0.1259765625 0.020833333333333332
4 0.33740234375 0.13671875 0.0048828125 0.015625
7 0.16259765625 0.265625 0.3251953125 0.020833333333333332
0 0.169921875 0.3619791666666667 0.33984375 0.2760416666666667
7 0.16259765625 0.4173177083333333 0.3251953125 0.12630208333333334
7 0.12646484375 0.4505208333333333 0.2529296875 0.044270833333333336
6 0.1669921875 0.4615885416666667 0.15625 0.022135416666666668
0 0.30859375 0.4505208333333333 0.0625 0.0390625
6 0.54443359375 0.032552083333333336 0.0478515625 0.0234375
6 0.6337890625 0.032552083333333336 0.1015625 0.0234375
6 0.72900390625 0.032552083333333336 0.0595703125 0.0234375
6 0.80078125 0.032552083333333336 0.0546875 0.0234375
6 0.87939453125 0.032552083333333336 0.0712890625 0.0234375
6 0.96484375 0.032552083333333336 0.0703125 0.0234375
4 0.669921875 0.25 0.66015625 0.5
2 0.67529296875 0.431640625 0.6494140625 0.12109375
2 0.81591796875 0.4602864583333333 0.3681640625 0.06380208333333333
2 0.169921875 0.5325520833333334 0.33984375 0.044270833333333336
1 0.169921875 0.5299479166666666 0.33984375 0.036458333333333336
7 0.31201171875 0.5299479166666666 0.0439453125 0.020833333333333332
0 0.30859375 0.5299479166666666 0.0625 0.033854166666666664
0 0.033203125 0.5950520833333334 0.06640625 0.0390625
0 0.10302734375 0.5950520833333334 0.0732421875 0.0390625
0 0.1884765625 0.5950520833333334 0.09765625 0.0390625
4 0.169921875 0.8072916666666666 0.33984375 0.3854166666666667
3 0.669921875 0.6165364583333334 0.66015625 0.23307291666666666
0 0.8564453125 0.826171875 0.11328125 0.05078125
4 0.9462890625 0.8248697916666666 0.017578125 0.024739583333333332
0 0.9462890625 0.826171875 0.017578125 0.02734375
4 0.98828125 0.8248697916666666 0.017578125 0.01953125
7 0.376953125 0.9075520833333334 0.07421875 0.028645833333333332
7 0.47314453125 0.9075520833333334 0.1181640625 0.028645833333333332
0 0.47314453125 0.908203125 0.1181640625 0.032552083333333336
7 0.859375 0.90625 0.044921875 0.026041666666666668
7 0.92724609375 0.90625 0.0810546875 0.026041666666666668
4 0.9853515625 0.9088541666666666 0.0078125 0.015625
7 0.84326171875 0.9921875 0.0791015625 0.015625