4 0.7646484375 0.166015625 0.470703125 0.33203125
4 0.7646484375 0.166015625 0.470703125 0.33203125
7 0.681640625 0.026692708333333332 0.3046875 0.053385416666666664
4 0.56689453125 0.18880208333333334 0.0244140625 0.03125
0 0.56787109375 0.18880208333333334 0.0771484375 0.10416666666666667
7 0.5703125 0.2877604166666667 0.08203125 0.020833333333333332
4 0.69677734375 0.18880208333333334 0.0244140625 0.03125
0 0.69677734375 0.18880208333333334 0.0791015625 0.10416666666666667
7 0.69677734375 0.2877604166666667 0.0791015625 0.020833333333333332
7 0.55322265625 0.3736979166666667 0.0478515625 0.020833333333333332
4 0.61083984375 0.3756510416666667 0.0244140625 0.032552083333333336
7 0.66015625 0.3736979166666667 0.068359375 0.020833333333333332
4 0.72900390625 0.3756510416666667 0.0244140625 0.032552083333333336
7 0.77099609375 0.3736979166666667 0.0537109375 0.020833333333333332
7 0.8125 0.3736979166666667 0.01171875 0.020833333333333332
7 0.90234375 0.3736979166666667 0.1484375 0.020833333333333332
4 0.994140625 0.3756510416666667 0.01171875 0.032552083333333336
5 0.041015625 0.517578125 0.060546875 0.022135416666666668
1 0.30908203125 0.5188802083333334 0.4404296875 0.032552083333333336
0 0.0791015625 0.568359375 0.12890625 0.029947916666666668
0 0.45703125 0.6334635416666666 0.14453125 0.045572916666666664
7 0.083984375 0.7239583333333334 0.16796875 0.0234375
6 0.21923828125 0.7239583333333334 0.1044921875 0.0234375
7 0.2646484375 0.7369791666666666 0.529296875 0.049479166666666664
6 0.16259765625 0.75 0.1162109375 0.0234375
7 0.2314453125 0.75 0.0234375 0.0234375
6 0.2998046875 0.75 0.115234375 0.0234375
7 0.3623046875 0.75 0.009765625 0.0234375
6 0.4287109375 0.75 0.125 0.0234375
7 0.509765625 0.75 0.0390625 0.0234375
7 0.1611328125 0.7760416666666666 0.322265625 0.0234375
6 0.40869140625 0.7760416666666666 0.1748046875 0.0234375
7 0.49755859375 0.7760416666666666 0.0048828125 0.0234375
4 0.09765625 0.8756510416666666 0.181640625 0.06640625
7 0.37841796875 0.83984375 0.3017578125 0.0234375
6 0.46337890625 0.8528645833333334 0.1318359375 0.049479166666666664
7 0.486328125 0.8658854166666666 0.0859375 0.0234375
6 0.4052734375 0.91796875 0.05078125 0.0234375
7 0.47998046875 0.91796875 0.0986328125 0.0234375
0 0.2275390625 0.9915364583333334 0.04296875 0.016927083333333332
0 0.291015625 0.9915364583333334 0.0546875 0.016927083333333332
0 0.35498046875 0.9915364583333334 0.0400390625 0.016927083333333332
0 0.40869140625 0.9915364583333334 0.0361328125 0.016927083333333332
7 0.4697265625 0.9915364583333334 0.052734375 0.016927083333333332
0 0.4853515625 0.9915364583333334 0.083984375 0.016927083333333332
6 0.51025390625 0.9915364583333334 0.0322265625 0.016927083333333332
7 0.7646484375 0.5084635416666666 0.470703125 0.037760416666666664
1 0.7431640625 0.615234375 0.427734375 0.07421875
7 0.6640625 0.677734375 0.12109375 0.02734375
7 0.7734375 0.677734375 0.09765625 0.02734375