2 0.294921875 0.07877604166666667 0.58984375 0.15755208333333334
7 0.453125 0.216796875 0.2734375 0.040364583333333336
6 0.7158203125 0.004557291666666667 0.138671875 0.009114583333333334
7 0.7900390625 0.004557291666666667 0.009765625 0.009114583333333334
7 0.6669921875 0.17057291666666666 0.154296875 0.044270833333333336
7 0.70361328125 0.2734375 0.2275390625 0.03125
4 0.8642578125 0.08203125 0.03515625 0.046875
7 0.94384765625 0.08919270833333333 0.1123046875 0.022135416666666668
6 0.94384765625 0.11783854166666667 0.1123046875 0.022135416666666668
7 0.94384765625 0.13997395833333334 0.1123046875 0.022135416666666668
7 0.94384765625 0.162109375 0.1123046875 0.022135416666666668
7 0.94384765625 0.18424479166666666 0.1123046875 0.022135416666666668
7 0.94775390625 0.208984375 0.1044921875 0.01953125
7 0.94384765625 0.228515625 0.1123046875 0.022135416666666668
7 0.94775390625 0.2532552083333333 0.1044921875 0.01953125
7 0.94384765625 0.2727864583333333 0.1123046875 0.022135416666666668
7 0.94384765625 0.2864583333333333 0.1123046875 0.005208333333333333
4 0.1591796875 0.3671875 0.078125 0.10416666666666667
2 0.24853515625 0.4453125 0.4970703125 0.041666666666666664
2 0.24853515625 0.548828125 0.4970703125 0.13671875
7 0.24853515625 0.712890625 0.4970703125 0.15234375
0 0.169921875 0.8639322916666666 0.33984375 0.048177083333333336
7 0.1064453125 0.9212239583333334 0.181640625 0.022135416666666668
6 0.2509765625 0.9212239583333334 0.103515625 0.022135416666666668
4 0.9072265625 0.3352864583333333 0.041015625 0.055989583333333336
7 0.943359375 0.439453125 0.11328125 0.11328125
7 0.943359375 0.5787760416666666 0.11328125 0.032552083333333336
0 0.943359375 0.63671875 0.11328125 0.052083333333333336
0 0.943359375 0.70703125 0.11328125 0.052083333333333336
7 0.66650390625 0.5299479166666666 0.1533203125 0.0390625
7 0.60888671875 0.62109375 0.0380859375 0.0390625