7 0.43896484375 0.09309895833333333 0.7412109375 0.061197916666666664
0 0.61474609375 0.111328125 0.0830078125 0.032552083333333336
7 0.658203125 0.11067708333333333 0.00390625 0.026041666666666668
2 0.43896484375 0.4661458333333333 0.7412109375 0.20572916666666666
2 0.90576171875 0.447265625 0.1884765625 0.04296875
2 0.90576171875 0.4928385416666667 0.1884765625 0.04296875
2 0.90576171875 0.5384114583333334 0.1884765625 0.04296875
4 0.92529296875 0.3352864583333333 0.1494140625 0.4674479166666667
4 0.876953125 0.21158854166666666 0.130859375 0.08723958333333333
4 0.8583984375 0.047526041666666664 0.09375 0.032552083333333336
4 0.90576171875 0.4622395833333333 0.1884765625 0.21354166666666666
7 0.47265625 0.626953125 0.17578125 0.024739583333333332
0 0.47265625 0.626953125 0.2109375 0.06901041666666667
4 0.40478515625 0.8463541666666666 0.8095703125 0.3072916666666667
4 0.90478515625 0.7545572916666666 0.1904296875 0.36328125
0 0.90478515625 0.7545572916666666 0.1904296875 0.36328125
2 0.85595703125 0.92578125 0.0927734375 0.020833333333333332
0 0.85595703125 0.9244791666666666 0.0927734375 0.013020833333333334
2 0.90478515625 0.9772135416666666 0.1904296875 0.045572916666666664