2 0.28759765625 0.08984375 0.3037109375 0.03125
2 0.28759765625 0.130859375 0.3037109375 0.053385416666666664
7 0.28759765625 0.22005208333333334 0.3037109375 0.0234375
7 0.28759765625 0.3138020833333333 0.3037109375 0.2109375
4 0.7197265625 0.20963541666666666 0.560546875 0.4192708333333333
1 0.298828125 0.4348958333333333 0.28125 0.03125
5 0.298828125 0.4348958333333333 0.28125 0.03125
1 0.259765625 0.4973958333333333 0.203125 0.0625
5 0.298828125 0.4973958333333333 0.28125 0.0625
0 0.39990234375 0.4986979166666667 0.0791015625 0.06510416666666667
0 0.2294921875 0.5833333333333334 0.142578125 0.052083333333333336
0 0.37353515625 0.5833333333333334 0.1318359375 0.0625
4 0.2197265625 0.7096354166666666 0.439453125 0.5807291666666666
2 0.7197265625 0.4563802083333333 0.560546875 0.07421875
0 0.7197265625 0.4563802083333333 0.560546875 0.07421875
2 0.7177734375 0.6608072916666666 0.556640625 0.08203125
7 0.513671875 0.72265625 0.1484375 0.026041666666666668
7 0.7197265625 0.900390625 0.560546875 0.19921875