7 0.10546875 0.010416666666666666 0.1484375 0.020833333333333332
7 0.40869140625 0.018880208333333332 0.0419921875 0.02734375
4 0.2763671875 0.3229166666666667 0.306640625 0.13020833333333334
4 0.21923828125 0.4075520833333333 0.4208984375 0.0234375
4 0.52978515625 0.057942708333333336 0.2001953125 0.11067708333333333
7 0.46484375 0.173828125 0.0703125 0.022135416666666668
0 0.470703125 0.173828125 0.08203125 0.053385416666666664
7 0.5927734375 0.173828125 0.140625 0.022135416666666668
0 0.5927734375 0.173828125 0.1640625 0.053385416666666664
7 0.74169921875 0.173828125 0.1123046875 0.022135416666666668
0 0.7421875 0.173828125 0.13671875 0.053385416666666664
7 0.84423828125 0.173828125 0.0458984375 0.022135416666666668
0 0.84375 0.173828125 0.068359375 0.053385416666666664
7 0.90478515625 0.173828125 0.0322265625 0.022135416666666668
0 0.90478515625 0.173828125 0.0556640625 0.053385416666666664
7 0.9716796875 0.173828125 0.056640625 0.022135416666666668
0 0.9658203125 0.173828125 0.068359375 0.053385416666666664
2 0.71484375 0.24869791666666666 0.5703125 0.046875
4 0.498046875 0.3815104166666667 0.126953125 0.07552083333333333
2 0.6259765625 0.3821614583333333 0.109375 0.07421875
4 0.79541015625 0.3815104166666667 0.1279296875 0.07552083333333333
2 0.93408203125 0.3821614583333333 0.1318359375 0.07421875
4 0.21484375 0.7096354166666666 0.4296875 0.5807291666666666