7 0.2314453125 0.018880208333333332 0.1484375 0.03515625
4 0.32421875 0.3216145833333333 0.150390625 0.09635416666666667
2 0.4599609375 0.016927083333333332 0.12109375 0.03125
0 0.47265625 0.016927083333333332 0.146484375 0.03125
2 0.53662109375 0.016927083333333332 0.0185546875 0.0234375
2 0.48876953125 0.23893229166666666 0.1455078125 0.022135416666666668
2 0.48583984375 0.2701822916666667 0.1396484375 0.022135416666666668
7 0.4736328125 0.3333333333333333 0.1484375 0.018229166666666668
4 0.69287109375 0.2552083333333333 0.0400390625 0.052083333333333336
2 0.76953125 0.23893229166666666 0.068359375 0.022135416666666668
2 0.78759765625 0.2701822916666667 0.1044921875 0.022135416666666668
7 0.6865234375 0.3333333333333333 0.01171875 0.018229166666666668
7 0.7939453125 0.3333333333333333 0.1875 0.018229166666666668
7 0.7353515625 0.046875 0.529296875 0.09375
7 0.5830078125 0.12890625 0.224609375 0.0234375
6 0.74072265625 0.12890625 0.0908203125 0.0234375
7 0.87939453125 0.12890625 0.1904296875 0.0234375
6 0.98681640625 0.12890625 0.0263671875 0.0234375
7 0.7353515625 0.14453125 0.529296875 0.0546875
0 0.603515625 0.2701822916666667 0.265625 0.06380208333333333
7 0.91455078125 0.2701822916666667 0.1708984375 0.032552083333333336
0 0.91455078125 0.2701822916666667 0.1708984375 0.032552083333333336
2 0.1591796875 0.400390625 0.318359375 0.061197916666666664
7 0.173828125 0.4361979166666667 0.34765625 0.1328125
0 0.04248046875 0.54296875 0.0849609375 0.044270833333333336
0 0.1376953125 0.54296875 0.06640625 0.044270833333333336
0 0.29150390625 0.54296875 0.2021484375 0.044270833333333336
4 0.099609375 0.748046875 0.19921875 0.24609375
0 0.099609375 0.748046875 0.19921875 0.24609375
2 0.08984375 0.9147135416666666 0.1796875 0.06380208333333333
7 0.08984375 0.98046875 0.1796875 0.0390625
4 0.31396484375 0.748046875 0.1708984375 0.24609375
0 0.31396484375 0.748046875 0.1708984375 0.24609375
7 0.263671875 0.8372395833333334 0.03125 0.020833333333333332
2 0.32373046875 0.9147135416666666 0.1513671875 0.06380208333333333
7 0.32373046875 0.98046875 0.1513671875 0.0390625
7 0.69970703125 0.9192708333333334 0.6005859375 0.06510416666666667
7 0.61669921875 0.9427083333333334 0.4013671875 0.018229166666666668
4 0.69970703125 0.9244791666666666 0.6005859375 0.15104166666666666
0 0.69970703125 0.5911458333333334 0.6005859375 0.4427083333333333
2 0.44677734375 0.4609375 0.0947265625 0.16927083333333334
7 0.447265625 0.6171875 0.095703125 0.10677083333333333
7 0.40673828125 0.66015625 0.0146484375 0.020833333333333332
7 0.45068359375 0.6875 0.1025390625 0.026041666666666668
4 0.7607421875 0.5911458333333334 0.478515625 0.4427083333333333
4 0.451171875 0.9388020833333334 0.103515625 0.12239583333333333
0 0.451171875 0.9388020833333334 0.103515625 0.12239583333333333
4 0.671875 0.9388020833333334 0.30078125 0.12239583333333333
0 0.671875 0.9388020833333334 0.30078125 0.12239583333333333
4 0.92041015625 0.9388020833333334 0.1591796875 0.12239583333333333
0 0.92041015625 0.9388020833333334 0.1591796875 0.12239583333333333
3 0.671875 0.9876302083333334 0.0859375 0.024739583333333332
0 0.671875 0.9876302083333334 0.0859375 0.024739583333333332