0 0.1650390625 0.12434895833333333 0.2890625 0.04296875
3 0.1650390625 0.345703125 0.2890625 0.34765625
7 0.3330078125 0.008463541666666666 0.046875 0.016927083333333332
1 0.501953125 0.01171875 0.28125 0.0234375
2 0.40087890625 0.0625 0.1826171875 0.026041666666666668
2 0.40087890625 0.10677083333333333 0.1826171875 0.0625
2 0.40087890625 0.154296875 0.1826171875 0.032552083333333336
7 0.34716796875 0.20182291666666666 0.0751953125 0.018229166666666668
0 0.40087890625 0.2994791666666667 0.1826171875 0.1171875
7 0.41796875 0.2994791666666667 0.1484375 0.049479166666666664
0 0.40087890625 0.4375 0.1826171875 0.1171875
7 0.41796875 0.4375 0.1484375 0.07552083333333333
4 0.67919921875 0.16731770833333334 0.3134765625 0.23567708333333334
0 0.6796875 0.19661458333333334 0.3125 0.2942708333333333
7 0.5419921875 0.06510416666666667 0.029296875 0.020833333333333332
7 0.6796875 0.3190104166666667 0.3125 0.049479166666666664
4 0.60205078125 0.423828125 0.1572265625 0.11848958333333333
0 0.6796875 0.4231770833333333 0.3125 0.1171875
7 0.5419921875 0.3802083333333333 0.029296875 0.020833333333333332
7 0.76171875 0.4231770833333333 0.1484375 0.09895833333333333
7 0.5419921875 0.513671875 0.029296875 0.01171875
3 0.93798828125 0.22395833333333334 0.1240234375 0.3255208333333333
2 0.93994140625 0.453125 0.1201171875 0.028645833333333332
6 0.93994140625 0.4993489583333333 0.1201171875 0.01953125
7 0.15478515625 0.5520833333333334 0.3095703125 0.06510416666666667
7 0.25390625 0.57421875 0.076171875 0.020833333333333332
7 0.15478515625 0.587890625 0.3095703125 0.048177083333333336
6 0.02197265625 0.7024739583333334 0.0439453125 0.055989583333333336
4 0.15478515625 0.82421875 0.3095703125 0.3515625
6 0.95068359375 0.75 0.0986328125 0.020833333333333332