7 0.47265625 0.053385416666666664 0.052734375 0.026041666666666668
4 0.509765625 0.052734375 0.01171875 0.016927083333333332
0 0.56689453125 0.054036458333333336 0.0498046875 0.037760416666666664
0 0.63623046875 0.054036458333333336 0.0458984375 0.053385416666666664
4 0.32958984375 0.234375 0.6591796875 0.46875
2 0.291015625 0.24348958333333334 0.58203125 0.0546875
4 0.283203125 0.333984375 0.048828125 0.06640625
0 0.283203125 0.333984375 0.048828125 0.06640625
7 0.291015625 0.4095052083333333 0.58203125 0.024739583333333332
7 0.291015625 0.44140625 0.58203125 0.028645833333333332
3 0.82958984375 0.13151041666666666 0.3408203125 0.1171875
2 0.6689453125 0.251953125 0.01953125 0.09765625
0 0.67041015625 0.2734375 0.0224609375 0.0546875
0 0.72216796875 0.2734375 0.0791015625 0.0546875
0 0.80224609375 0.2734375 0.0791015625 0.0546875
0 0.88232421875 0.2734375 0.0791015625 0.0546875
0 0.9609375 0.2734375 0.078125 0.0546875
2 0.7197265625 0.3424479166666667 0.12109375 0.033854166666666664
0 0.82958984375 0.39453125 0.3408203125 0.1484375
6 0.7197265625 0.3736979166666667 0.12109375 0.028645833333333332
4 0.82958984375 0.39453125 0.3408203125 0.1484375
0 0.46728515625 0.498046875 0.1083984375 0.05859375
0 0.47509765625 0.5559895833333334 0.1240234375 0.059895833333333336
0 0.4765625 0.6145833333333334 0.126953125 0.059895833333333336
0 0.4638671875 0.6731770833333334 0.1015625 0.059895833333333336
0 0.5361328125 0.8014322916666666 0.24609375 0.053385416666666664
0 0.44921875 0.8893229166666666 0.072265625 0.059895833333333336
0 0.46923828125 0.9485677083333334 0.1123046875 0.061197916666666664
0 0.47509765625 0.9889322916666666 0.1240234375 0.022135416666666668
0 0.06591796875 0.494140625 0.1318359375 0.05078125
0 0.06591796875 0.548828125 0.1318359375 0.061197916666666664
0 0.06591796875 0.6087239583333334 0.1318359375 0.061197916666666664
4 0.41796875 0.7395833333333334 0.482421875 0.5208333333333334
0 0.41796875 0.7395833333333334 0.482421875 0.5208333333333334
7 0.32275390625 0.9934895833333334 0.6201171875 0.013020833333333334
0 0.6708984375 0.5625 0.0234375 0.078125
6 0.73583984375 0.5625 0.0693359375 0.020833333333333332
0 0.82763671875 0.5625 0.0771484375 0.078125
0 0.9130859375 0.5625 0.046875 0.078125
0 0.97998046875 0.5625 0.0400390625 0.078125
4 0.818359375 0.7903645833333334 0.205078125 0.2734375
0 0.818359375 0.7903645833333334 0.205078125 0.2734375
2 0.81591796875 0.9778645833333334 0.2001953125 0.044270833333333336
4 0.97021484375 0.7903645833333334 0.0595703125 0.2734375
0 0.97021484375 0.7903645833333334 0.0595703125 0.2734375