4 0.31494140625 0.259765625 0.6298828125 0.51953125
2 0.333984375 0.020833333333333332 0.591796875 0.041666666666666664
4 0.3369140625 0.10481770833333333 0.048828125 0.06640625
0 0.3369140625 0.10481770833333333 0.048828125 0.06640625
7 0.333984375 0.18033854166666666 0.591796875 0.024739583333333332
7 0.333984375 0.21223958333333334 0.591796875 0.028645833333333332
2 0.22705078125 0.4537760416666667 0.4541015625 0.04296875
7 0.29248046875 0.513671875 0.5849609375 0.032552083333333336
7 0.708984375 0.08333333333333333 0.158203125 0.06510416666666667
7 0.69580078125 0.15885416666666666 0.1318359375 0.06510416666666667
0 0.6640625 0.2565104166666667 0.068359375 0.059895833333333336
0 0.66162109375 0.5208333333333334 0.0498046875 0.018229166666666668
7 0.7119140625 0.525390625 0.025390625 0.009114583333333334
0 0.822265625 0.5208333333333334 0.16796875 0.018229166666666668
2 0.3779296875 0.5553385416666666 0.48828125 0.024739583333333332
3 0.37109375 0.646484375 0.296875 0.10286458333333333
4 0.3779296875 0.7063802083333334 0.064453125 0.01953125
2 0.31494140625 0.7740885416666666 0.6298828125 0.024739583333333332
3 0.86865234375 0.6451822916666666 0.2626953125 0.23046875