4 0.17626953125 0.2734375 0.1865234375 0.4635416666666667
2 0.134765625 0.5625 0.26953125 0.052083333333333336
7 0.20263671875 0.6354166666666666 0.0517578125 0.0234375
7 0.2490234375 0.6354166666666666 0.041015625 0.0234375
2 0.33447265625 0.043619791666666664 0.1298828125 0.08723958333333333
7 0.49658203125 0.11328125 0.4541015625 0.020833333333333332
6 0.2783203125 0.166015625 0.017578125 0.01953125
6 0.28662109375 0.201171875 0.0341796875 0.01953125
6 0.3232421875 0.236328125 0.107421875 0.01953125
6 0.2958984375 0.271484375 0.052734375 0.01953125
6 0.3095703125 0.3111979166666667 0.080078125 0.020833333333333332
7 0.359375 0.3059895833333333 0.021484375 0.013020833333333334
6 0.29345703125 0.3463541666666667 0.0478515625 0.020833333333333332
6 0.2998046875 0.3815104166666667 0.060546875 0.020833333333333332
6 0.2841796875 0.4166666666666667 0.029296875 0.020833333333333332
6 0.29638671875 0.4518229166666667 0.0537109375 0.020833333333333332
3 0.33544921875 0.5709635416666666 0.1318359375 0.15755208333333334
3 0.73291015625 0.20572916666666666 0.5341796875 0.1171875
3 0.96240234375 0.4661458333333333 0.0751953125 0.3255208333333333
2 0.705078125 0.3157552083333333 0.58984375 0.029947916666666668
7 0.65234375 0.3802083333333333 0.484375 0.059895833333333336
7 0.66015625 0.4095052083333333 0.5 0.040364583333333336
7 0.51123046875 0.4192708333333333 0.0283203125 0.020833333333333332
7 0.56640625 0.4192708333333333 0.08203125 0.020833333333333332
7 0.607421875 0.4192708333333333 0.00390625 0.020833333333333332
7 0.5947265625 0.4635416666666667 0.181640625 0.020833333333333332
1 0.59619140625 0.4869791666666667 0.1845703125 0.028645833333333332
1 0.744140625 0.4869791666666667 0.10546875 0.028645833333333332
7 0.5693359375 0.5299479166666666 0.130859375 0.020833333333333332
7 0.56494140625 0.5553385416666666 0.1220703125 0.016927083333333332
1 0.67529296875 0.5533854166666666 0.0927734375 0.028645833333333332
7 0.60205078125 0.5774739583333334 0.1962890625 0.016927083333333332
2 0.705078125 0.6295572916666666 0.58984375 0.029947916666666668
7 0.06005859375 0.6979166666666666 0.1201171875 0.026041666666666668
2 0.134765625 0.8470052083333334 0.26953125 0.23046875
6 0.31982421875 0.6634114583333334 0.1005859375 0.022135416666666668
7 0.27783203125 0.6842447916666666 0.0166015625 0.01953125
7 0.43359375 0.73828125 0.328125 0.08854166666666667
6 0.36328125 0.8170572916666666 0.1875 0.022135416666666668
7 0.28173828125 0.837890625 0.0244140625 0.01953125
7 0.41796875 0.8697916666666666 0.296875 0.044270833333333336
6 0.4345703125 0.880859375 0.060546875 0.022135416666666668
7 0.41943359375 0.8919270833333334 0.2998046875 0.044270833333333336
6 0.326171875 0.9485677083333334 0.11328125 0.022135416666666668
7 0.27880859375 0.9694010416666666 0.0185546875 0.01953125
7 0.42822265625 0.9895833333333334 0.3173828125 0.020833333333333332
7 0.80029296875 0.65234375 0.2490234375 0.005208333333333333
7 0.73681640625 0.6647135416666666 0.1376953125 0.022135416666666668
7 0.83447265625 0.689453125 0.3173828125 0.01953125
7 0.8046875 0.708984375 0.2734375 0.022135416666666668
7 0.732421875 0.7311197916666666 0.12890625 0.022135416666666668
7 0.80712890625 0.755859375 0.2626953125 0.01953125
7 0.73681640625 0.775390625 0.1376953125 0.022135416666666668
7 0.837890625 0.8001302083333334 0.32421875 0.01953125
7 0.80029296875 0.8196614583333334 0.2646484375 0.022135416666666668
7 0.96630859375 0.822265625 0.0673828125 0.01953125
7 0.833984375 0.8307291666666666 0.33203125 0.044270833333333336
7 0.779296875 0.8665364583333334 0.193359375 0.01953125
6 0.810546875 0.9095052083333334 0.28515625 0.022135416666666668
7 0.7021484375 0.9303385416666666 0.068359375 0.01953125
7 0.833984375 0.9700520833333334 0.33203125 0.059895833333333336