0 0.02783203125 0.020182291666666668 0.0556640625 0.040364583333333336
0 0.11279296875 0.020182291666666668 0.0771484375 0.040364583333333336
0 0.21826171875 0.020182291666666668 0.0966796875 0.040364583333333336
0 0.32763671875 0.020182291666666668 0.0830078125 0.040364583333333336
0 0.44091796875 0.020182291666666668 0.1044921875 0.040364583333333336
7 0.1748046875 0.09505208333333333 0.2578125 0.026041666666666668
0 0.388671875 0.09505208333333333 0.111328125 0.046875
0 0.5087890625 0.19661458333333334 0.021484375 0.033854166666666664
4 0.03564453125 0.3776041666666667 0.0712890625 0.22395833333333334
4 0.05126953125 0.2890625 0.0244140625 0.03125
4 0.23828125 0.3776041666666667 0.31640625 0.22395833333333334
4 0.46240234375 0.3776041666666667 0.1142578125 0.22395833333333334
2 0.8642578125 0.057942708333333336 0.271484375 0.11588541666666667
2 0.77880859375 0.16796875 0.4423828125 0.044270833333333336
7 0.9365234375 0.3138020833333333 0.126953125 0.033854166666666664
0 0.92822265625 0.314453125 0.1435546875 0.06380208333333333
7 0.1142578125 0.5592447916666666 0.228515625 0.032552083333333336
4 0.38134765625 0.5787760416666666 0.2763671875 0.05859375
2 0.109375 0.765625 0.21875 0.06510416666666667
7 0.109375 0.833984375 0.21875 0.032552083333333336
7 0.109375 0.8665364583333334 0.21875 0.032552083333333336
1 0.08935546875 0.9348958333333334 0.1787109375 0.052083333333333336
0 0.1982421875 0.9348958333333334 0.0390625 0.052083333333333336
2 0.39111328125 0.7493489583333334 0.2568359375 0.032552083333333336
6 0.39111328125 0.8040364583333334 0.2568359375 0.053385416666666664
6 0.39111328125 0.849609375 0.2568359375 0.02734375
6 0.322265625 0.8821614583333334 0.119140625 0.02734375
6 0.2958984375 0.9147135416666666 0.06640625 0.02734375
6 0.337890625 0.947265625 0.150390625 0.02734375
7 0.798828125 0.5319010416666666 0.40234375 0.08463541666666667
7 0.802734375 0.6399739583333334 0.244140625 0.05859375
4 0.9873046875 0.76171875 0.025390625 0.049479166666666664
4 0.6806640625 0.89453125 0.037109375 0.049479166666666664
4 0.6513671875 0.6966145833333334 0.037109375 0.049479166666666664
4 0.6123046875 0.7877604166666666 0.037109375 0.049479166666666664
4 0.759765625 0.8138020833333334 0.48046875 0.049479166666666664
4 0.7548828125 0.8424479166666666 0.087890625 0.1171875
4 0.83056640625 0.9388020833333334 0.3388671875 0.12239583333333333