4 0.0419921875 0.20442708333333334 0.083984375 0.18229166666666666
4 0.158203125 0.20442708333333334 0.13671875 0.18229166666666666
4 0.35693359375 0.20442708333333334 0.2490234375 0.18229166666666666
4 0.55322265625 0.20442708333333334 0.1318359375 0.18229166666666666
0 0.05712890625 0.384765625 0.1142578125 0.048177083333333336
7 0.044921875 0.384765625 0.08984375 0.05859375
4 0.10205078125 0.3860677083333333 0.0244140625 0.032552083333333336
4 0.28173828125 0.5579427083333334 0.5634765625 0.2825520833333333
4 0.6015625 0.5944010416666666 0.029296875 0.040364583333333336
4 0.58935546875 0.6809895833333334 0.0244140625 0.033854166666666664
2 0.7880859375 0.029296875 0.337890625 0.05859375
0 0.7880859375 0.029296875 0.337890625 0.05859375
0 0.69140625 0.10807291666666667 0.14453125 0.052083333333333336
0 0.865234375 0.10807291666666667 0.205078125 0.052083333333333336
2 0.78857421875 0.24544270833333334 0.3388671875 0.029947916666666668
7 0.8095703125 0.3815104166666667 0.380859375 0.1640625
0 0.90478515625 0.578125 0.0244140625 0.03125
0 0.93310546875 0.578125 0.0244140625 0.03125
0 0.96044921875 0.578125 0.0244140625 0.03125
0 0.98828125 0.578125 0.0234375 0.03125
2 0.8095703125 0.4537760416666667 0.380859375 0.4908854166666667
4 0.0947265625 0.7513020833333334 0.126953125 0.10416666666666667
2 0.22265625 0.7102864583333334 0.109375 0.022135416666666668
4 0.39208984375 0.7513020833333334 0.1279296875 0.10416666666666667
2 0.53515625 0.7102864583333334 0.140625 0.022135416666666668
4 0.0947265625 0.9231770833333334 0.126953125 0.15364583333333334
2 0.23828125 0.9212239583333334 0.140625 0.14713541666666666
4 0.39208984375 0.9231770833333334 0.1279296875 0.15364583333333334
2 0.5263671875 0.8912760416666666 0.123046875 0.08723958333333333
0 0.8095703125 0.80859375 0.380859375 0.21875