7 0.3095703125 0.024739583333333332 0.619140625 0.044270833333333336
2 0.0439453125 0.08658854166666667 0.087890625 0.02734375
7 0.013671875 0.15104166666666666 0.02734375 0.020833333333333332
0 0.02197265625 0.15104166666666666 0.0439453125 0.052083333333333336
7 0.09228515625 0.15104166666666666 0.0478515625 0.020833333333333332
0 0.0869140625 0.15104166666666666 0.087890625 0.052083333333333336
7 0.18408203125 0.15104166666666666 0.0498046875 0.020833333333333332
0 0.17724609375 0.15104166666666666 0.0947265625 0.052083333333333336
6 0.017578125 0.22135416666666666 0.03515625 0.020833333333333332
7 0.04052734375 0.22135416666666666 0.0126953125 0.020833333333333332
6 0.0732421875 0.22135416666666666 0.0546875 0.020833333333333332
7 0.01220703125 0.24609375 0.0244140625 0.015625
7 0.06298828125 0.24609375 0.0771484375 0.015625
7 0.03076171875 0.3294270833333333 0.0419921875 0.018229166666666668
7 0.17529296875 0.3294270833333333 0.2333984375 0.018229166666666668
7 0.294921875 0.3294270833333333 0.0078125 0.018229166666666668
7 0.03076171875 0.35546875 0.0419921875 0.018229166666666668
7 0.1015625 0.35546875 0.0859375 0.018229166666666668
7 0.146484375 0.35546875 0.0078125 0.018229166666666668
7 0.02392578125 0.3815104166666667 0.0283203125 0.018229166666666668
7 0.0595703125 0.3815104166666667 0.029296875 0.018229166666666668
7 0.0869140625 0.3815104166666667 0.029296875 0.018229166666666668
7 0.04541015625 0.4075520833333333 0.0439453125 0.018229166666666668
7 0.076171875 0.4075520833333333 0.021484375 0.018229166666666668
7 0.0908203125 0.4075520833333333 0.0078125 0.018229166666666668
7 0.1220703125 0.4075520833333333 0.04296875 0.018229166666666668
7 0.1533203125 0.4075520833333333 0.021484375 0.018229166666666668
7 0.02392578125 0.43359375 0.0283203125 0.018229166666666668
7 0.0517578125 0.43359375 0.029296875 0.018229166666666668
7 0.076171875 0.43359375 0.021484375 0.018229166666666668
2 0.9443359375 0.010416666666666666 0.111328125 0.020833333333333332
2 0.66796875 0.11393229166666667 0.09765625 0.04296875
4 0.865234375 0.11783854166666667 0.017578125 0.024739583333333332
7 0.90576171875 0.11783854166666667 0.0634765625 0.022135416666666668
7 0.96875 0.11783854166666667 0.0625 0.022135416666666668
1 0.81591796875 0.169921875 0.3681640625 0.06640625
2 0.68603515625 0.3587239583333333 0.1337890625 0.22005208333333334
2 0.67529296875 0.3958333333333333 0.0478515625 0.14583333333333334
2 0.82568359375 0.388671875 0.3486328125 0.07682291666666667
7 0.65966796875 0.4368489583333333 0.0166015625 0.022135416666666668
6 0.7041015625 0.4368489583333333 0.072265625 0.022135416666666668
7 0.794921875 0.4368489583333333 0.109375 0.022135416666666668
6 0.91162109375 0.4368489583333333 0.1240234375 0.022135416666666668
0 0.083984375 0.517578125 0.115234375 0.09765625
0 0.20361328125 0.517578125 0.1259765625 0.09765625
0 0.30517578125 0.517578125 0.0791015625 0.09765625
0 0.38330078125 0.517578125 0.0791015625 0.09765625
0 0.4609375 0.517578125 0.078125 0.09765625
1 0.5712890625 0.51171875 0.095703125 0.046875
2 0.052734375 0.6256510416666666 0.10546875 0.07682291666666667
2 0.01611328125 0.6861979166666666 0.0322265625 0.036458333333333336
2 0.08349609375 0.6861979166666666 0.1044921875 0.036458333333333336
4 0.07568359375 0.8470052083333334 0.1513671875 0.20182291666666666
0 0.07568359375 0.9739583333333334 0.1513671875 0.052083333333333336
7 0.021484375 0.9856770833333334 0.04296875 0.028645833333333332
2 0.2705078125 0.6022135416666666 0.0625 0.032552083333333336
0 0.544921875 0.6041666666666666 0.1484375 0.026041666666666668
1 0.4296875 0.74609375 0.37890625 0.2265625
4 0.43408203125 0.912109375 0.3701171875 0.07682291666666667
4 0.65673828125 0.5358072916666666 0.0751953125 0.07682291666666667
0 0.65673828125 0.5338541666666666 0.0751953125 0.0234375
0 0.7333984375 0.5598958333333334 0.04296875 0.0703125
0 0.80859375 0.5598958333333334 0.080078125 0.0703125
0 0.90087890625 0.5598958333333334 0.0771484375 0.0703125
0 0.9765625 0.5598958333333334 0.046875 0.0703125
2 0.8095703125 0.6588541666666666 0.380859375 0.07291666666666667