7 0.31982421875 0.03515625 0.6396484375 0.044270833333333336
7 0.548828125 0.09635416666666667 0.025390625 0.018229166666666668
0 0.58251953125 0.09635416666666667 0.1142578125 0.036458333333333336
7 0.60205078125 0.09635416666666667 0.0751953125 0.018229166666666668
7 0.416015625 0.23046875 0.03125 0.018229166666666668
7 0.48046875 0.23046875 0.04296875 0.018229166666666668
7 0.57177734375 0.23046875 0.0732421875 0.018229166666666668
7 0.03271484375 0.33984375 0.0654296875 0.018229166666666668
7 0.068359375 0.33984375 0.0078125 0.018229166666666668
7 0.31982421875 0.49609375 0.6396484375 0.026041666666666668
7 0.416015625 0.6256510416666666 0.03125 0.006510416666666667
7 0.48046875 0.6256510416666666 0.04296875 0.006510416666666667
7 0.57177734375 0.6256510416666666 0.0732421875 0.006510416666666667
7 0.8193359375 0.013671875 0.359375 0.02734375
4 0.8193359375 0.2845052083333333 0.359375 0.4518229166666667
0 0.8193359375 0.2845052083333333 0.359375 0.4518229166666667
4 0.7021484375 0.5852864583333334 0.125 0.08723958333333333
0 0.7021484375 0.5852864583333334 0.125 0.08723958333333333
4 0.8935546875 0.5852864583333334 0.2109375 0.08723958333333333
0 0.8935546875 0.5852864583333334 0.2109375 0.08723958333333333
7 0.78466796875 0.5572916666666666 0.2900390625 0.046875
7 0.79052734375 0.583984375 0.3017578125 0.045572916666666664
4 0.02587890625 0.68359375 0.0517578125 0.020833333333333332
0 0.14697265625 0.6328125 0.0986328125 0.0078125
0 0.2470703125 0.6328125 0.0625 0.0078125
7 0.3466796875 0.6328125 0.052734375 0.0078125
0 0.33544921875 0.634765625 0.0751953125 0.01171875
0 0.41455078125 0.6328125 0.0400390625 0.0078125
6 0.125 0.685546875 0.052734375 0.01953125
6 0.2490234375 0.685546875 0.15625 0.01953125
6 0.408203125 0.685546875 0.123046875 0.01953125
6 0.564453125 0.685546875 0.150390625 0.01953125
2 0.3193359375 0.9388020833333334 0.638671875 0.12239583333333333
2 0.76953125 0.7747395833333334 0.259765625 0.14322916666666666
7 0.76171875 0.9420572916666666 0.244140625 0.11588541666666667