4 0.25537109375 0.12044270833333333 0.3681640625 0.24088541666666666
0 0.0400390625 0.390625 0.080078125 0.11197916666666667
2 0.0400390625 0.3561197916666667 0.080078125 0.04296875
6 0.0400390625 0.4108072916666667 0.080078125 0.06640625
2 0.0400390625 0.5201822916666666 0.080078125 0.04296875
2 0.30029296875 0.3763020833333333 0.2666015625 0.028645833333333332
7 0.30029296875 0.4049479166666667 0.2666015625 0.028645833333333332
6 0.2001953125 0.44140625 0.06640625 0.018229166666666668
7 0.26806640625 0.44140625 0.0634765625 0.018229166666666668
0 0.27734375 0.4908854166666667 0.220703125 0.044270833333333336
4 0.5615234375 0.009114583333333334 0.1953125 0.018229166666666668
0 0.5615234375 0.009114583333333334 0.1953125 0.018229166666666668
4 0.611328125 0.17317708333333334 0.126953125 0.16927083333333334
0 0.611328125 0.1875 0.1875 0.2421875
7 0.611328125 0.3098958333333333 0.080078125 0.028645833333333332
4 0.798828125 0.17317708333333334 0.126953125 0.16927083333333334
0 0.798828125 0.1875 0.1875 0.2421875
7 0.798828125 0.3098958333333333 0.052734375 0.028645833333333332
4 0.96142578125 0.17317708333333334 0.0771484375 0.16927083333333334
0 0.9462890625 0.1875 0.107421875 0.2421875
7 0.97314453125 0.3098958333333333 0.0537109375 0.028645833333333332
2 0.73193359375 0.4231770833333333 0.5361328125 0.052083333333333336
7 0.841796875 0.48828125 0.31640625 0.052083333333333336
7 0.97021484375 0.5345052083333334 0.0595703125 0.02734375
0 0.95654296875 0.5345052083333334 0.0869140625 0.02734375
4 0.2197265625 0.7799479166666666 0.439453125 0.4401041666666667
2 0.2197265625 0.7005208333333334 0.439453125 0.14583333333333334
0 0.2060546875 0.8346354166666666 0.2734375 0.0703125
0 0.90673828125 0.572265625 0.0654296875 0.024739583333333332
0 0.9716796875 0.572265625 0.056640625 0.024739583333333332
0 0.7197265625 0.57421875 0.560546875 0.028645833333333332
2 0.68896484375 0.90234375 0.4990234375 0.1953125