4 0.0458984375 0.23177083333333334 0.072265625 0.09635416666666667
0 0.146484375 0.23958333333333334 0.2734375 0.11197916666666667
2 0.1904296875 0.205078125 0.185546875 0.04296875
6 0.1904296875 0.259765625 0.185546875 0.06640625
4 0.0458984375 0.3958333333333333 0.072265625 0.09635416666666667
0 0.146484375 0.4036458333333333 0.2734375 0.11197916666666667
2 0.1904296875 0.369140625 0.185546875 0.04296875
6 0.1904296875 0.423828125 0.185546875 0.06640625
2 0.45458984375 0.22526041666666666 0.1689453125 0.028645833333333332
7 0.45458984375 0.25390625 0.1689453125 0.028645833333333332
6 0.4033203125 0.2903645833333333 0.06640625 0.018229166666666668
7 0.47119140625 0.2903645833333333 0.0634765625 0.018229166666666668
0 0.45458984375 0.33984375 0.1689453125 0.044270833333333336
0 0.392578125 0.52734375 0.099609375 0.0234375
0 0.521484375 0.52734375 0.03515625 0.0234375
2 0.74267578125 0.09765625 0.4072265625 0.171875
7 0.71826171875 0.24348958333333334 0.3583984375 0.078125
7 0.60595703125 0.3658854166666667 0.0927734375 0.03125
0 0.64697265625 0.3658854166666667 0.2158203125 0.078125
7 0.69189453125 0.3658854166666667 0.0791015625 0.03125
4 0.26953125 0.76953125 0.5390625 0.4609375
7 0.162109375 0.5970052083333334 0.32421875 0.05859375
7 0.02880859375 0.6764322916666666 0.0576171875 0.040364583333333336
2 0.7724609375 0.634765625 0.455078125 0.14192708333333334
2 0.8154296875 0.751953125 0.369140625 0.14192708333333334
7 0.8037109375 0.8548177083333334 0.392578125 0.03515625
7 0.873046875 0.896484375 0.25390625 0.03515625
0 0.921875 0.9817708333333334 0.15625 0.036458333333333336