2 0.23974609375 0.014973958333333334 0.4794921875 0.029947916666666668
1 0.23974609375 0.095703125 0.4794921875 0.08463541666666667
1 0.23974609375 0.19986979166666666 0.4794921875 0.08463541666666667
1 0.23974609375 0.3040364583333333 0.4794921875 0.08463541666666667
7 0.73974609375 0.150390625 0.5205078125 0.13151041666666666
7 0.73974609375 0.291015625 0.5205078125 0.13151041666666666
7 0.73974609375 0.4088541666666667 0.5205078125 0.059895833333333336
7 0.2490234375 0.984375 0.4609375 0.03125
6 0.2939453125 0.9947916666666666 0.1875 0.010416666666666666
7 0.36474609375 0.4583333333333333 0.2294921875 0.026041666666666668
2 0.25 0.6419270833333334 0.45703125 0.026041666666666668
6 0.08544921875 0.68359375 0.0791015625 0.020833333333333332
7 0.12646484375 0.68359375 0.0048828125 0.020833333333333332
6 0.06884765625 0.7161458333333334 0.0458984375 0.020833333333333332
7 0.17529296875 0.7161458333333334 0.1669921875 0.020833333333333332
7 0.06005859375 0.7486979166666666 0.0283203125 0.020833333333333332
6 0.173828125 0.7486979166666666 0.201171875 0.020833333333333332
7 0.3359375 0.7486979166666666 0.123046875 0.020833333333333332
2 0.25 0.81640625 0.45703125 0.026041666666666668
7 0.25390625 0.87109375 0.416015625 0.046875
7 0.15478515625 0.9166666666666666 0.2177734375 0.020833333333333332
7 0.13037109375 0.94921875 0.1689453125 0.020833333333333332
7 0.11865234375 0.9817708333333334 0.1455078125 0.020833333333333332
4 0.626953125 0.5110677083333334 0.294921875 0.14453125
4 0.85986328125 0.5110677083333334 0.1552734375 0.14453125
4 0.6640625 0.7962239583333334 0.369140625 0.4049479166666667
4 0.92822265625 0.7962239583333334 0.1435546875 0.4049479166666667
7 0.70361328125 0.97265625 0.4482421875 0.0234375
0 0.9794921875 0.97265625 0.041015625 0.052083333333333336