1 0.10986328125 0.037760416666666664 0.2197265625 0.0625
4 0.208984375 0.037760416666666664 0.021484375 0.03125
0 0.02880859375 0.11588541666666667 0.0576171875 0.052083333333333336
0 0.04150390625 0.17903645833333334 0.0830078125 0.024739583333333332
0 0.10986328125 0.3040364583333333 0.2197265625 0.061197916666666664
7 0.06689453125 0.302734375 0.1337890625 0.022135416666666668
6 0.17626953125 0.302734375 0.0869140625 0.022135416666666668
2 0.10986328125 0.40625 0.2197265625 0.0390625
4 0.0908203125 0.4576822916666667 0.0625 0.022135416666666668
7 0.10986328125 0.6171875 0.2197265625 0.0390625
6 0.107421875 0.6516927083333334 0.08984375 0.01953125
7 0.15625 0.6516927083333334 0.0078125 0.01953125
6 0.10986328125 0.6666666666666666 0.2197265625 0.049479166666666664
6 0.02294921875 0.681640625 0.0361328125 0.01953125
7 0.10986328125 0.6966145833333334 0.2197265625 0.049479166666666664
7 0.0908203125 0.7115885416666666 0.181640625 0.01953125
7 0.10986328125 0.7493489583333334 0.2197265625 0.029947916666666668
4 0.01220703125 0.6126302083333334 0.0048828125 0.006510416666666667
4 0.13720703125 0.6256510416666666 0.0087890625 0.01171875
4 0.10986328125 0.767578125 0.2197265625 0.19661458333333334
4 0.17333984375 0.6809895833333334 0.0927734375 0.203125
7 0.06591796875 0.841796875 0.0439453125 0.01953125
7 0.1318359375 0.8515625 0.17578125 0.0390625
5 0.07421875 0.90234375 0.060546875 0.015625
1 0.16552734375 0.9029947916666666 0.1083984375 0.024739583333333332
5 0.0712890625 0.9296875 0.0546875 0.015625
1 0.16552734375 0.9303385416666666 0.1083984375 0.024739583333333332
1 0.05078125 0.9602864583333334 0.013671875 0.016927083333333332
5 0.13818359375 0.9635416666666666 0.1552734375 0.015625
1 0.07373046875 0.9895833333333334 0.0595703125 0.020833333333333332
6 0.2431640625 0.490234375 0.046875 0.022135416666666668
7 0.23193359375 0.517578125 0.0244140625 0.016927083333333332
4 0.3466796875 0.5026041666666666 0.01171875 0.013020833333333334
0 0.38330078125 0.5026041666666666 0.1064453125 0.03125
7 0.38916015625 0.5045572916666666 0.0732421875 0.016927083333333332
0 0.50537109375 0.5026041666666666 0.1240234375 0.03125
0 0.64501953125 0.5026041666666666 0.1416015625 0.03125
0 0.7900390625 0.5026041666666666 0.134765625 0.03125
0 0.93212890625 0.5026041666666666 0.1357421875 0.03125
0 0.4052734375 0.5436197916666666 0.150390625 0.029947916666666668
0 0.54833984375 0.5436197916666666 0.1220703125 0.029947916666666668
0 0.66650390625 0.5436197916666666 0.1005859375 0.029947916666666668
0 0.79150390625 0.5436197916666666 0.1357421875 0.029947916666666668
4 0.88330078125 0.5436197916666666 0.0107421875 0.014322916666666666
0 0.93310546875 0.5436197916666666 0.1337890625 0.029947916666666668
7 0.947265625 0.544921875 0.10546875 0.014322916666666666
7 0.26416015625 0.6243489583333334 0.0888671875 0.029947916666666668
7 0.58740234375 0.6236979166666666 0.5185546875 0.018229166666666668
6 0.8828125 0.6236979166666666 0.072265625 0.018229166666666668
3 0.64501953125 0.7513020833333334 0.7099609375 0.1171875
7 0.60986328125 0.8216145833333334 0.7802734375 0.0234375
6 0.3095703125 0.9368489583333334 0.1796875 0.12630208333333334
4 0.607421875 0.9368489583333334 0.37109375 0.12630208333333334
0 0.607421875 0.9368489583333334 0.37109375 0.12630208333333334
7 0.82080078125 0.8841145833333334 0.0185546875 0.020833333333333332
7 0.87060546875 0.8841145833333334 0.0556640625 0.020833333333333332
7 0.92724609375 0.8841145833333334 0.0322265625 0.020833333333333332
7 0.96484375 0.8841145833333334 0.017578125 0.020833333333333332
7 0.9931640625 0.8841145833333334 0.013671875 0.020833333333333332
4 0.90576171875 0.951171875 0.1884765625 0.09765625