7 0.3828125 0.028645833333333332 0.380859375 0.057291666666666664
6 0.23828125 0.0859375 0.041015625 0.020833333333333332
7 0.39697265625 0.11067708333333333 0.2802734375 0.020833333333333332
6 0.3876953125 0.13541666666666666 0.18359375 0.020833333333333332
6 0.3984375 0.16015625 0.205078125 0.020833333333333332
6 0.248046875 0.18489583333333334 0.060546875 0.020833333333333332
7 0.4150390625 0.20963541666666666 0.31640625 0.026041666666666668
6 0.23974609375 0.234375 0.0439453125 0.020833333333333332
7 0.4150390625 0.2591145833333333 0.31640625 0.026041666666666668
6 0.25 0.2838541666666667 0.064453125 0.020833333333333332
7 0.4150390625 0.30859375 0.31640625 0.026041666666666668
7 0.3828125 0.4010416666666667 0.380859375 0.026041666666666668
4 0.8095703125 0.2421875 0.380859375 0.40625
0 0.8095703125 0.314453125 0.380859375 0.55078125
2 0.80712890625 0.4947916666666667 0.3759765625 0.046875
6 0.80712890625 0.5572916666666666 0.3759765625 0.06510416666666667
2 0.3095703125 0.6087239583333334 0.619140625 0.037760416666666664
2 0.0205078125 0.607421875 0.013671875 0.016927083333333332
2 0.3359375 0.6197916666666666 0.50390625 0.044270833333333336
2 0.087890625 0.6028645833333334 0.009765625 0.013020833333333334
0 0.29931640625 0.6204427083333334 0.4326171875 0.061197916666666664
2 0.2998046875 0.619140625 0.43359375 0.05859375
7 0.12109375 0.6647135416666666 0.07421875 0.01953125
7 0.16162109375 0.6647135416666666 0.0068359375 0.01953125
0 0.18505859375 0.6653645833333334 0.0419921875 0.020833333333333332
7 0.201171875 0.7311197916666666 0.234375 0.022135416666666668
0 0.40478515625 0.7317708333333334 0.1748046875 0.0234375
7 0.30712890625 0.7447916666666666 0.4462890625 0.049479166666666664
0 0.31591796875 0.7727864583333334 0.4638671875 0.05078125
7 0.31591796875 0.8131510416666666 0.4638671875 0.07682291666666667
7 0.35205078125 0.8404947916666666 0.0869140625 0.022135416666666668
7 0.39697265625 0.8404947916666666 0.0048828125 0.022135416666666668
2 0.087890625 0.9114583333333334 0.009765625 0.013020833333333334
0 0.30810546875 0.927734375 0.4501953125 0.06380208333333333
2 0.30810546875 0.9264322916666666 0.4501953125 0.061197916666666664
7 0.1181640625 0.9733072916666666 0.068359375 0.01953125
7 0.15478515625 0.9733072916666666 0.0068359375 0.01953125
0 0.177734375 0.9739583333333334 0.041015625 0.020833333333333332
2 0.60791015625 0.6184895833333334 0.0224609375 0.0234375
7 0.60791015625 0.7330729166666666 0.0224609375 0.020833333333333332
2 0.60791015625 0.8411458333333334 0.0224609375 0.0234375
7 0.60791015625 0.90625 0.0224609375 0.020833333333333332
0 0.60791015625 0.9563802083333334 0.0224609375 0.022135416666666668
2 0.904296875 0.6080729166666666 0.19140625 0.036458333333333336
2 0.904296875 0.6575520833333334 0.19140625 0.052083333333333336
1 0.904296875 0.7565104166666666 0.19140625 0.0625
5 0.904296875 0.7565104166666666 0.19140625 0.0625
1 0.904296875 0.8346354166666666 0.19140625 0.0625
5 0.904296875 0.8346354166666666 0.19140625 0.0625
0 0.8798828125 0.9205729166666666 0.142578125 0.052083333333333336
0 0.97900390625 0.9205729166666666 0.0419921875 0.0625
4 0.8095703125 0.8209635416666666 0.380859375 0.3580729166666667