2 0.072265625 0.09375 0.14453125 0.049479166666666664
7 0.072265625 0.2623697916666667 0.14453125 0.24869791666666666
7 0.05419921875 0.4401041666666667 0.1083984375 0.020833333333333332
6 0.025390625 0.46484375 0.05078125 0.020833333333333332
6 0.0361328125 0.4895833333333333 0.072265625 0.020833333333333332
7 0.072265625 0.5390625 0.14453125 0.026041666666666668
7 0.072265625 0.5885416666666666 0.14453125 0.026041666666666668
2 0.6748046875 0.08919270833333333 0.650390625 0.17838541666666666
2 0.6748046875 0.22265625 0.650390625 0.036458333333333336
4 0.38330078125 0.3333333333333333 0.0302734375 0.0390625
7 0.4443359375 0.3333333333333333 0.08203125 0.041666666666666664
4 0.52685546875 0.3333333333333333 0.0302734375 0.0390625
7 0.60205078125 0.3333333333333333 0.1103515625 0.041666666666666664
4 0.69873046875 0.3333333333333333 0.0302734375 0.0390625
7 0.767578125 0.3333333333333333 0.09765625 0.041666666666666664
4 0.85791015625 0.3333333333333333 0.0302734375 0.0390625
7 0.91015625 0.3333333333333333 0.064453125 0.041666666666666664
4 0.98388671875 0.3333333333333333 0.0302734375 0.0390625
7 0.365234375 0.4010416666666667 0.03125 0.041666666666666664
4 0.4228515625 0.4010416666666667 0.029296875 0.0390625
7 0.4853515625 0.4010416666666667 0.083984375 0.041666666666666664
4 0.5693359375 0.4010416666666667 0.029296875 0.0390625
7 0.623046875 0.4010416666666667 0.06640625 0.041666666666666664
4 0.6982421875 0.4010416666666667 0.029296875 0.0390625
7 0.7431640625 0.4010416666666667 0.048828125 0.041666666666666664
4 0.8095703125 0.4010416666666667 0.029296875 0.0390625
7 0.8662109375 0.4010416666666667 0.072265625 0.041666666666666664
4 0.9443359375 0.4010416666666667 0.029296875 0.0390625
7 0.982421875 0.4010416666666667 0.03515625 0.041666666666666664
4 0.40625 0.46875 0.029296875 0.0390625
7 0.44970703125 0.46875 0.0458984375 0.041666666666666664
4 0.5146484375 0.46875 0.029296875 0.0390625
7 0.56884765625 0.46875 0.0673828125 0.041666666666666664
4 0.64453125 0.46875 0.029296875 0.0390625
7 0.73046875 0.46875 0.130859375 0.041666666666666664
4 0.837890625 0.46875 0.029296875 0.0390625
7 0.89111328125 0.46875 0.0654296875 0.041666666666666664
4 0.9658203125 0.46875 0.029296875 0.0390625
7 0.38623046875 0.5364583333333334 0.0732421875 0.041666666666666664
4 0.46484375 0.5364583333333334 0.029296875 0.0390625
7 0.517578125 0.5364583333333334 0.064453125 0.041666666666666664
4 0.591796875 0.5364583333333334 0.029296875 0.0390625
7 0.64697265625 0.5364583333333334 0.0693359375 0.041666666666666664
4 0.7236328125 0.5364583333333334 0.029296875 0.0390625
7 0.80810546875 0.5364583333333334 0.1279296875 0.041666666666666664
4 0.9140625 0.5364583333333334 0.029296875 0.0390625
7 0.96728515625 0.5364583333333334 0.0654296875 0.041666666666666664
7 0.359375 0.5963541666666666 0.01953125 0.026041666666666668
4 0.41064453125 0.5970052083333334 0.0302734375 0.024739583333333332
7 0.47216796875 0.5963541666666666 0.0830078125 0.026041666666666668
4 0.55517578125 0.5970052083333334 0.0302734375 0.024739583333333332
7 0.64892578125 0.5963541666666666 0.1474609375 0.026041666666666668
4 0.76416015625 0.5970052083333334 0.0302734375 0.024739583333333332
7 0.81103515625 0.5963541666666666 0.0537109375 0.026041666666666668
4 0.87939453125 0.5970052083333334 0.0302734375 0.024739583333333332
7 0.94970703125 0.5963541666666666 0.1005859375 0.026041666666666668
2 0.1748046875 0.9342447916666666 0.349609375 0.055989583333333336
4 0.38916015625 0.74609375 0.0791015625 0.033854166666666664
0 0.38916015625 0.74609375 0.0791015625 0.036458333333333336
0 0.4833984375 0.74609375 0.078125 0.0625
0 0.5625 0.74609375 0.080078125 0.0625
0 0.638671875 0.74609375 0.072265625 0.0625
0 0.72021484375 0.74609375 0.0908203125 0.0625
0 0.79541015625 0.74609375 0.0595703125 0.0625
0 0.8525390625 0.74609375 0.0546875 0.0625
0 0.98828125 0.74609375 0.0234375 0.0625
2 0.458984375 0.9290364583333334 0.21875 0.08984375
2 0.4423828125 0.9876302083333334 0.185546875 0.024739583333333332
3 0.6748046875 0.662109375 0.650390625 0.10546875