4 0.1767578125 0.048828125 0.353515625 0.07682291666666667
1 0.0634765625 0.16145833333333334 0.126953125 0.049479166666666664
0 0.1650390625 0.16145833333333334 0.064453125 0.049479166666666664
0 0.2587890625 0.16145833333333334 0.064453125 0.049479166666666664
0 0.3330078125 0.16145833333333334 0.064453125 0.049479166666666664
2 0.1826171875 0.2936197916666667 0.365234375 0.032552083333333336
3 0.1826171875 0.4264322916666667 0.365234375 0.20703125
7 0.43212890625 0.08919270833333333 0.1259765625 0.02734375
7 0.59033203125 0.08919270833333333 0.1865234375 0.022135416666666668
7 0.40380859375 0.193359375 0.0693359375 0.02734375
7 0.60009765625 0.193359375 0.3193359375 0.022135416666666668
1 0.92822265625 0.024088541666666668 0.1435546875 0.048177083333333336
7 0.92822265625 0.087890625 0.1435546875 0.02734375
1 0.890625 0.12760416666666666 0.068359375 0.0390625
1 0.95166015625 0.12760416666666666 0.0556640625 0.0390625
1 0.9892578125 0.12760416666666666 0.021484375 0.0390625
7 0.92822265625 0.173828125 0.1435546875 0.02734375
1 0.8720703125 0.212890625 0.013671875 0.016927083333333332
5 0.9169921875 0.216796875 0.072265625 0.02734375
1 0.97265625 0.212890625 0.013671875 0.016927083333333332
5 0.99072265625 0.216796875 0.0185546875 0.02734375
7 0.92822265625 0.2584635416666667 0.1435546875 0.016927083333333332
6 0.8916015625 0.2766927083333333 0.0703125 0.016927083333333332
7 0.92822265625 0.2858072916666667 0.1435546875 0.03515625
0 0.92822265625 0.3567708333333333 0.1435546875 0.052083333333333336
6 0.89892578125 0.4401041666666667 0.0849609375 0.020833333333333332
7 0.97021484375 0.4401041666666667 0.0595703125 0.020833333333333332
2 0.1845703125 0.5813802083333334 0.369140625 0.040364583333333336
2 0.05322265625 0.6158854166666666 0.1064453125 0.018229166666666668
6 0.03515625 0.654296875 0.05078125 0.02734375
0 0.03515625 0.6555989583333334 0.052734375 0.02734375
6 0.0859375 0.654296875 0.04296875 0.02734375
0 0.0859375 0.6555989583333334 0.044921875 0.02734375
6 0.14208984375 0.654296875 0.0615234375 0.02734375
0 0.14208984375 0.6555989583333334 0.0634765625 0.02734375
1 0.12353515625 0.701171875 0.2470703125 0.029947916666666668
1 0.3095703125 0.69921875 0.111328125 0.026041666666666668
6 0.0205078125 0.7259114583333334 0.041015625 0.016927083333333332
2 0.1845703125 0.7721354166666666 0.369140625 0.020833333333333332
2 0.04541015625 0.9889322916666666 0.0908203125 0.022135416666666668
4 0.607421875 0.7350260416666666 0.333984375 0.02734375
4 0.88671875 0.7350260416666666 0.2265625 0.02734375
4 0.6845703125 0.6393229166666666 0.630859375 0.21875
2 0.52880859375 0.544921875 0.3193359375 0.029947916666666668
7 0.52685546875 0.6373697916666666 0.3154296875 0.08723958333333333
0 0.53173828125 0.7063802083333334 0.3251953125 0.02734375
2 0.40283203125 0.857421875 0.0673828125 0.14192708333333334
4 0.54345703125 0.8196614583333334 0.0498046875 0.06640625
0 0.54345703125 0.853515625 0.0966796875 0.13411458333333334
7 0.54345703125 0.892578125 0.0966796875 0.055989583333333336
4 0.65087890625 0.8196614583333334 0.0498046875 0.06640625
0 0.650390625 0.8444010416666666 0.095703125 0.11588541666666667
7 0.650390625 0.8834635416666666 0.095703125 0.037760416666666664
4 0.75732421875 0.8196614583333334 0.0498046875 0.06640625
0 0.7578125 0.853515625 0.095703125 0.13411458333333334
7 0.7578125 0.892578125 0.095703125 0.055989583333333336
4 0.86474609375 0.8196614583333334 0.0498046875 0.06640625
0 0.86474609375 0.853515625 0.0966796875 0.13411458333333334
7 0.86474609375 0.892578125 0.0966796875 0.055989583333333336
4 0.97216796875 0.8196614583333334 0.0498046875 0.06640625
0 0.9619140625 0.8444010416666666 0.076171875 0.11588541666666667
7 0.9619140625 0.8834635416666666 0.076171875 0.037760416666666664
7 0.607421875 0.98046875 0.283203125 0.0390625
7 0.888671875 0.98046875 0.22265625 0.0390625