1 0.1845703125 0.048828125 0.369140625 0.09765625
4 0.17919921875 0.150390625 0.3583984375 0.07682291666666667
1 0.06591796875 0.2630208333333333 0.1318359375 0.049479166666666664
0 0.169921875 0.2630208333333333 0.064453125 0.049479166666666664
0 0.263671875 0.2630208333333333 0.064453125 0.049479166666666664
0 0.33740234375 0.2630208333333333 0.0634765625 0.049479166666666664
2 0.1845703125 0.3951822916666667 0.369140625 0.032552083333333336
6 0.427734375 0.022786458333333332 0.1171875 0.045572916666666664
4 0.6845703125 0.21484375 0.630859375 0.4296875
4 0.8935546875 0.21484375 0.212890625 0.4296875
2 0.56005859375 0.37890625 0.3818359375 0.1015625
0 0.12744140625 0.7864583333333334 0.2548828125 0.018229166666666668
0 0.12744140625 0.8307291666666666 0.2548828125 0.018229166666666668
0 0.12744140625 0.875 0.2548828125 0.018229166666666668
0 0.326171875 0.7864583333333334 0.0859375 0.018229166666666668
0 0.326171875 0.8307291666666666 0.0859375 0.018229166666666668
7 0.6845703125 0.6197916666666666 0.630859375 0.3802083333333333
4 0.77197265625 0.802734375 0.0146484375 0.01953125
4 0.78662109375 0.802734375 0.0146484375 0.01953125
4 0.80126953125 0.802734375 0.0146484375 0.01953125
4 0.81591796875 0.802734375 0.0146484375 0.01953125
4 0.83056640625 0.802734375 0.0146484375 0.01953125
4 0.84521484375 0.802734375 0.0146484375 0.01953125
4 0.40869140625 0.95703125 0.0732421875 0.0859375
2 0.59130859375 0.9290364583333334 0.2236328125 0.032552083333333336
7 0.6328125 0.9837239583333334 0.306640625 0.032552083333333336
4 0.86474609375 0.95703125 0.0732421875 0.0859375
2 0.9677734375 0.9290364583333334 0.064453125 0.032552083333333336