4 0.22998046875 0.041666666666666664 0.4599609375 0.078125
0 0.06103515625 0.043619791666666664 0.1220703125 0.08203125
7 0.22998046875 0.11458333333333333 0.4599609375 0.026041666666666668
7 0.7529296875 0.029296875 0.41015625 0.04296875
0 0.89111328125 0.041666666666666664 0.1357421875 0.020833333333333332
7 0.76123046875 0.064453125 0.4267578125 0.06640625
0 0.8544921875 0.08854166666666667 0.1015625 0.020833333333333332
7 0.90625 0.087890625 0.00390625 0.01953125
7 0.69189453125 0.126953125 0.2880859375 0.01953125
0 0.86181640625 0.12760416666666666 0.0517578125 0.020833333333333332
7 0.75927734375 0.138671875 0.4228515625 0.04296875
2 0.60009765625 0.189453125 0.1044921875 0.01953125
0 0.720703125 0.19010416666666666 0.048828125 0.020833333333333332
7 0.7470703125 0.189453125 0.0078125 0.01953125
0 0.79248046875 0.19010416666666666 0.0771484375 0.020833333333333332
7 0.5927734375 0.23502604166666666 0.078125 0.016927083333333332
0 0.59326171875 0.23502604166666666 0.0908203125 0.029947916666666668
4 0.65771484375 0.236328125 0.0166015625 0.022135416666666668
0 0.685546875 0.23502604166666666 0.083984375 0.029947916666666668
7 0.69384765625 0.23502604166666666 0.0576171875 0.016927083333333332
0 0.7734375 0.23502604166666666 0.08203125 0.029947916666666668
2 0.7666015625 0.2942708333333333 0.4375 0.010416666666666666
2 0.06640625 0.3307291666666667 0.1328125 0.0625
7 0.06640625 0.423828125 0.1328125 0.07942708333333333
4 0.31103515625 0.447265625 0.2978515625 0.2955729166666667
1 0.22998046875 0.658203125 0.4599609375 0.06380208333333333
2 0.14697265625 0.892578125 0.2841796875 0.05078125
7 0.14697265625 0.958984375 0.2802734375 0.055989583333333336
7 0.24072265625 0.974609375 0.0283203125 0.02734375
7 0.14794921875 0.9817708333333334 0.2783203125 0.036458333333333336
2 0.388671875 0.892578125 0.142578125 0.05078125
7 0.39501953125 0.9427083333333334 0.1044921875 0.0234375
7 0.390625 0.9654947916666666 0.138671875 0.06901041666666667
7 0.72998046875 0.3541666666666667 0.5400390625 0.044270833333333336
7 0.5634765625 0.4192708333333333 0.20703125 0.028645833333333332
7 0.56396484375 0.453125 0.2080078125 0.028645833333333332
1 0.54150390625 0.6106770833333334 0.1416015625 0.036458333333333336
7 0.68359375 0.6119791666666666 0.095703125 0.0234375
0 0.6962890625 0.6106770833333334 0.142578125 0.036458333333333336
4 0.75732421875 0.6106770833333334 0.0185546875 0.033854166666666664
1 0.6962890625 0.6484375 0.1328125 0.03125
7 0.83837890625 0.6119791666666666 0.0947265625 0.0234375
0 0.85107421875 0.6106770833333334 0.1416015625 0.036458333333333336
4 0.91162109375 0.6106770833333334 0.0185546875 0.033854166666666664
1 0.85107421875 0.6484375 0.1318359375 0.03125
1 0.966796875 0.6106770833333334 0.064453125 0.036458333333333336
4 0.65771484375 0.8079427083333334 0.3955078125 0.2643229166666667
0 0.65771484375 0.8079427083333334 0.3955078125 0.2643229166666667
7 0.6142578125 0.8541666666666666 0.30859375 0.049479166666666664
4 0.927734375 0.8079427083333334 0.14453125 0.2643229166666667
0 0.927734375 0.8079427083333334 0.14453125 0.2643229166666667
6 0.90234375 0.7890625 0.064453125 0.0234375
7 0.93505859375 0.8411458333333334 0.1298828125 0.07552083333333333
4 0.927734375 0.8079427083333334 0.14453125 0.2643229166666667
0 0.927734375 0.8079427083333334 0.14453125 0.2643229166666667
6 0.93505859375 0.7630208333333334 0.1298828125 0.0234375
7 0.93505859375 0.828125 0.1298828125 0.1015625
4 0.927734375 0.8079427083333334 0.14453125 0.2643229166666667
0 0.927734375 0.8079427083333334 0.14453125 0.2643229166666667
6 0.8935546875 0.8151041666666666 0.046875 0.0234375
7 0.93505859375 0.8541666666666666 0.1298828125 0.049479166666666664
4 0.927734375 0.8079427083333334 0.14453125 0.2643229166666667
0 0.927734375 0.8079427083333334 0.14453125 0.2643229166666667
6 0.91015625 0.8151041666666666 0.080078125 0.0234375
7 0.93505859375 0.8541666666666666 0.1298828125 0.049479166666666664
4 0.5888671875 0.9134114583333334 0.0078125 0.009114583333333334
2 0.5068359375 0.984375 0.09375 0.028645833333333332
2 0.94775390625 0.7213541666666666 0.1044921875 0.0390625
7 0.92919921875 0.7721354166666666 0.0673828125 0.018229166666666668
0 0.94775390625 0.8072916666666666 0.1044921875 0.046875
7 0.9296875 0.8828125 0.068359375 0.018229166666666668
6 0.94775390625 0.91796875 0.1044921875 0.041666666666666664
0 0.94775390625 0.91796875 0.1044921875 0.046875
7 0.92626953125 0.9921875 0.0615234375 0.015625