1 0.2421875 0.06640625 0.173828125 0.044270833333333336
4 0.1669921875 0.146484375 0.0234375 0.032552083333333336
2 0.21337890625 0.14453125 0.0400390625 0.03125
7 0.166015625 0.216796875 0.0234375 0.032552083333333336
2 0.2158203125 0.21549479166666666 0.044921875 0.032552083333333336
4 0.1630859375 0.2805989583333333 0.015625 0.022135416666666668
6 0.20361328125 0.2845052083333333 0.0595703125 0.022135416666666668
4 0.66455078125 0.15950520833333334 0.6708984375 0.3190104166666667
0 0.66455078125 0.15950520833333334 0.6708984375 0.3190104166666667
0 0.0498046875 0.48828125 0.099609375 0.10416666666666667
0 0.16357421875 0.48828125 0.1298828125 0.10416666666666667
0 0.2783203125 0.48828125 0.1015625 0.10416666666666667
0 0.021484375 0.681640625 0.04296875 0.2825520833333333
7 0.0185546875 0.5729166666666666 0.037109375 0.0234375
6 0.076171875 0.572265625 0.029296875 0.029947916666666668
0 0.16552734375 0.681640625 0.2080078125 0.2825520833333333
7 0.1044921875 0.572265625 0.029296875 0.029947916666666668
7 0.12841796875 0.572265625 0.0087890625 0.029947916666666668
7 0.1630859375 0.572265625 0.0625 0.029947916666666668
7 0.22216796875 0.5729166666666666 0.0439453125 0.0234375
6 0.30859375 0.560546875 0.041015625 0.029947916666666668
7 0.30078125 0.583984375 0.025390625 0.029947916666666668
7 0.1357421875 0.57421875 0.09765625 0.03125
7 0.2783203125 0.5533854166666666 0.1015625 0.044270833333333336
0 0.2646484375 0.57421875 0.12890625 0.13541666666666666
6 0.2705078125 0.59765625 0.1171875 0.026041666666666668
4 0.16455078125 0.833984375 0.3291015625 0.33203125
4 0.16455078125 0.833984375 0.3291015625 0.33203125
7 0.259765625 0.685546875 0.138671875 0.029947916666666668
4 0.5859375 0.57421875 0.380859375 0.5104166666666666
2 0.912109375 0.4264322916666667 0.17578125 0.10026041666666667
7 0.912109375 0.513671875 0.17578125 0.053385416666666664
7 0.912109375 0.576171875 0.17578125 0.11588541666666667
7 0.912109375 0.6673177083333334 0.17578125 0.022135416666666668
7 0.912109375 0.7298177083333334 0.17578125 0.14713541666666666
7 0.912109375 0.8528645833333334 0.17578125 0.0625
7 0.87353515625 0.912109375 0.0986328125 0.022135416666666668
6 0.912109375 0.927734375 0.17578125 0.053385416666666664
7 0.912109375 0.98828125 0.17578125 0.0234375