7 0.2919921875 0.037760416666666664 0.09375 0.018229166666666668
4 0.3564453125 0.036458333333333336 0.025390625 0.033854166666666664
4 0.3896484375 0.036458333333333336 0.025390625 0.033854166666666664
4 0.4228515625 0.036458333333333336 0.025390625 0.033854166666666664
4 0.45166015625 0.036458333333333336 0.0166015625 0.033854166666666664
7 0.08642578125 0.1796875 0.1728515625 0.0390625
6 0.041015625 0.3502604166666667 0.08203125 0.041666666666666664
6 0.0458984375 0.4127604166666667 0.091796875 0.041666666666666664
2 0.08203125 0.5208333333333334 0.1640625 0.0234375
2 0.33740234375 0.11979166666666667 0.2451171875 0.0234375
0 0.33740234375 0.17578125 0.2451171875 0.046875
4 0.33740234375 0.3229166666666667 0.2451171875 0.20572916666666666
7 0.234375 0.4537760416666667 0.0390625 0.016927083333333332
7 0.25830078125 0.4537760416666667 0.0087890625 0.016927083333333332
7 0.29443359375 0.4537760416666667 0.0634765625 0.016927083333333332
2 0.33740234375 0.5384114583333334 0.2451171875 0.022135416666666668
7 0.6142578125 0.026041666666666668 0.29296875 0.036458333333333336
0 0.6142578125 0.026041666666666668 0.294921875 0.0390625
7 0.890625 0.026041666666666668 0.21875 0.036458333333333336
0 0.89013671875 0.026041666666666668 0.2197265625 0.0390625
7 0.7392578125 0.13606770833333334 0.521484375 0.024739583333333332
0 0.72998046875 0.16666666666666666 0.5400390625 0.125
2 0.7392578125 0.16471354166666666 0.521484375 0.032552083333333336
7 0.7392578125 0.1953125 0.521484375 0.028645833333333332
7 0.7333984375 0.4296875 0.533203125 0.23958333333333334
3 0.22998046875 0.6790364583333334 0.4599609375 0.2591145833333333
2 0.04833984375 0.9251302083333334 0.0966796875 0.02734375
7 0.04833984375 0.9622395833333334 0.0966796875 0.020833333333333332
0 0.04833984375 0.9759114583333334 0.0966796875 0.048177083333333336
7 0.0400390625 0.98828125 0.080078125 0.0234375
7 0.38427734375 0.869140625 0.0966796875 0.053385416666666664
4 0.212890625 0.9609375 0.177734375 0.078125
0 0.212890625 0.9609375 0.177734375 0.078125
4 0.388671875 0.9609375 0.142578125 0.078125
0 0.388671875 0.9609375 0.142578125 0.078125
7 0.37744140625 0.5930989583333334 0.1650390625 0.022135416666666668
5 0.3623046875 0.6477864583333334 0.1953125 0.02734375
1 0.3623046875 0.6888020833333334 0.1953125 0.046875
5 0.3623046875 0.740234375 0.1953125 0.02734375
1 0.3623046875 0.78125 0.1953125 0.046875
0 0.3623046875 0.8209635416666666 0.1953125 0.01953125
1 0.28076171875 0.8841145833333334 0.0126953125 0.018229166666666668
5 0.3623046875 0.8841145833333334 0.1953125 0.046875
7 0.4013671875 0.9407552083333334 0.060546875 0.032552083333333336
0 0.3623046875 0.9407552083333334 0.1953125 0.053385416666666664
7 0.35693359375 0.9915364583333334 0.1201171875 0.016927083333333332
6 0.43798828125 0.9915364583333334 0.0439453125 0.016927083333333332
4 0.22998046875 0.7747395833333334 0.4599609375 0.4505208333333333
7 0.22998046875 0.9654947916666666 0.4599609375 0.06901041666666667
4 0.72998046875 0.755859375 0.5400390625 0.4127604166666667
4 0.72998046875 0.7747395833333334 0.5400390625 0.4505208333333333