2 0.22998046875 0.37109375 0.4599609375 0.40625
7 0.78564453125 0.032552083333333336 0.0849609375 0.036458333333333336
0 0.93212890625 0.032552083333333336 0.1357421875 0.049479166666666664
0 0.98828125 0.08658854166666667 0.0234375 0.032552083333333336
7 0.64453125 0.18424479166666666 0.369140625 0.024739583333333332
0 0.64453125 0.15950520833333334 0.369140625 0.10286458333333333
7 0.9794921875 0.16927083333333334 0.041015625 0.020833333333333332
0 0.97314453125 0.16927083333333334 0.0537109375 0.049479166666666664
6 0.51806640625 0.2799479166666667 0.1162109375 0.052083333333333336
6 0.69970703125 0.2799479166666667 0.1552734375 0.052083333333333336
6 0.90087890625 0.2799479166666667 0.1552734375 0.052083333333333336
4 0.72998046875 0.4993489583333333 0.5400390625 0.33984375
7 0.3046875 0.7317708333333334 0.310546875 0.03125
4 0.2041015625 0.8359375 0.109375 0.14583333333333334
0 0.2041015625 0.8776041666666666 0.109375 0.22916666666666666
7 0.1962890625 0.9375 0.09375 0.057291666666666664
7 0.1962890625 0.9817708333333334 0.09375 0.020833333333333332
4 0.328125 0.8359375 0.109375 0.14583333333333334
0 0.328125 0.8776041666666666 0.109375 0.22916666666666666
7 0.3203125 0.9375 0.09375 0.057291666666666664
7 0.3203125 0.9817708333333334 0.09375 0.020833333333333332
4 0.4287109375 0.8359375 0.0625 0.14583333333333334
0 0.4287109375 0.8645833333333334 0.0625 0.203125
7 0.4287109375 0.9244791666666666 0.0625 0.03125
7 0.4287109375 0.9557291666666666 0.0625 0.020833333333333332
7 0.51171875 0.6712239583333334 0.095703125 0.00390625
0 0.54296875 0.7565104166666666 0.15234375 0.03125
7 0.66064453125 0.7565104166666666 0.0361328125 0.03125
0 0.67236328125 0.7565104166666666 0.0595703125 0.03125
7 0.83837890625 0.7571614583333334 0.0830078125 0.032552083333333336
0 0.83837890625 0.7571614583333334 0.0830078125 0.032552083333333336
7 0.92724609375 0.7571614583333334 0.0478515625 0.03515625
0 0.93701171875 0.7571614583333334 0.0673828125 0.037760416666666664
0 0.54931640625 0.8841145833333334 0.0634765625 0.078125
4 0.63037109375 0.8860677083333334 0.0224609375 0.02734375
7 0.67138671875 0.8854166666666666 0.0439453125 0.026041666666666668
0 0.6708984375 0.8841145833333334 0.103515625 0.020833333333333332
4 0.73779296875 0.8860677083333334 0.0341796875 0.02734375
7 0.78125 0.8854166666666666 0.037109375 0.026041666666666668
0 0.77392578125 0.8841145833333334 0.1064453125 0.020833333333333332
4 0.85107421875 0.8860677083333334 0.0478515625 0.02734375
7 0.90185546875 0.8854166666666666 0.0380859375 0.026041666666666668
0 0.888671875 0.8841145833333334 0.123046875 0.020833333333333332
4 0.9638671875 0.8860677083333334 0.03125 0.02734375
7 0.99365234375 0.8854166666666666 0.0126953125 0.026041666666666668
0 0.97412109375 0.8841145833333334 0.0517578125 0.020833333333333332