7 0.23486328125 0.21940104166666666 0.4697265625 0.4388020833333333
0 0.23486328125 0.21940104166666666 0.4697265625 0.4388020833333333
2 0.23486328125 0.5104166666666666 0.4697265625 0.06770833333333333
2 0.6708984375 0.205078125 0.40234375 0.07421875
2 0.87890625 0.19010416666666666 0.015625 0.03125
2 0.94287109375 0.205078125 0.1142578125 0.07421875
2 0.73486328125 0.2786458333333333 0.5302734375 0.044270833333333336
0 0.7568359375 0.38671875 0.216796875 0.06770833333333333
7 0.2822265625 0.6438802083333334 0.375 0.029947916666666668
7 0.2822265625 0.6725260416666666 0.375 0.029947916666666668
7 0.2626953125 0.7571614583333334 0.4140625 0.05859375
7 0.2626953125 0.841796875 0.4140625 0.029947916666666668
4 0.66796875 0.591796875 0.03515625 0.00390625
2 0.57763671875 0.6575520833333334 0.2158203125 0.059895833333333336
0 0.58447265625 0.6399739583333334 0.2294921875 0.12109375
4 0.552734375 0.6315104166666666 0.166015625 0.10416666666666667
4 0.58447265625 0.6510416666666666 0.2294921875 0.14322916666666666
4 0.962890625 0.591796875 0.033203125 0.00390625
2 0.84765625 0.6575520833333334 0.26953125 0.059895833333333336
0 0.84765625 0.6399739583333334 0.296875 0.12109375
4 0.84765625 0.6315104166666666 0.189453125 0.10416666666666667
4 0.84765625 0.6510416666666666 0.296875 0.14322916666666666
0 0.66796875 0.7330729166666666 0.03515625 0.028645833333333332
4 0.6650390625 0.767578125 0.029296875 0.00390625
2 0.57763671875 0.8333333333333334 0.2158203125 0.059895833333333336
0 0.58447265625 0.7884114583333334 0.2294921875 0.17578125
4 0.55126953125 0.7890625 0.1591796875 0.140625
4 0.58447265625 0.7994791666666666 0.2294921875 0.19791666666666666
0 0.96435546875 0.7330729166666666 0.0361328125 0.028645833333333332
4 0.958984375 0.767578125 0.025390625 0.00390625
2 0.84765625 0.8333333333333334 0.26953125 0.059895833333333336
0 0.84765625 0.7884114583333334 0.296875 0.17578125
4 0.84765625 0.7890625 0.1875 0.140625
4 0.84765625 0.7994791666666666 0.296875 0.19791666666666666
3 0.73291015625 0.9485677083333334 0.5263671875 0.10286458333333333