7 0.28955078125 0.20963541666666666 0.5791015625 0.4192708333333333
0 0.28955078125 0.20963541666666666 0.5791015625 0.4192708333333333
6 0.6337890625 0.23307291666666666 0.072265625 0.15625
7 0.6337890625 0.3600260416666667 0.072265625 0.022135416666666668
4 0.8349609375 0.20963541666666666 0.330078125 0.4192708333333333
4 0.8349609375 0.20963541666666666 0.330078125 0.4192708333333333
2 0.86279296875 0.06510416666666667 0.2744140625 0.13020833333333334
2 0.86279296875 0.17122395833333334 0.2744140625 0.040364583333333336
2 0.87841796875 0.3352864583333333 0.2431640625 0.029947916666666668
1 0.8349609375 0.2688802083333333 0.330078125 0.07942708333333333
5 0.720703125 0.2688802083333333 0.099609375 0.024739583333333332
2 0.22509765625 0.5208333333333334 0.4501953125 0.09375
4 0.06005859375 0.6575520833333334 0.1201171875 0.1484375
7 0.1826171875 0.5924479166666666 0.095703125 0.020833333333333332
7 0.25439453125 0.5924479166666666 0.0498046875 0.020833333333333332
7 0.28564453125 0.5924479166666666 0.0126953125 0.020833333333333332
4 0.298828125 0.59375 0.017578125 0.018229166666666668
7 0.32080078125 0.5924479166666666 0.0283203125 0.020833333333333332
7 0.142578125 0.6158854166666666 0.015625 0.018229166666666668
6 0.1904296875 0.6158854166666666 0.080078125 0.018229166666666668
4 0.240234375 0.6171875 0.015625 0.0234375
7 0.25732421875 0.7252604166666666 0.5146484375 0.17447916666666666
0 0.04296875 0.8255208333333334 0.0859375 0.015625
0 0.20458984375 0.8743489583333334 0.0927734375 0.016927083333333332
2 0.0751953125 0.9479166666666666 0.150390625 0.07291666666666667
7 0.01708984375 0.99609375 0.0341796875 0.0078125
7 0.04052734375 0.99609375 0.0126953125 0.0078125
4 0.0537109375 0.998046875 0.017578125 0.00390625
7 0.072265625 0.99609375 0.021484375 0.0078125
2 0.333984375 0.9557291666666666 0.25 0.08854166666666667
2 0.603515625 0.46484375 0.1328125 0.020833333333333332
2 0.60888671875 0.5221354166666666 0.1220703125 0.028645833333333332
1 0.60888671875 0.5846354166666666 0.1220703125 0.033854166666666664
4 0.6044921875 0.8470052083333334 0.130859375 0.3059895833333333
0 0.07568359375 0.4303385416666667 0.0830078125 0.022135416666666668
0 0.15283203125 0.4303385416666667 0.0712890625 0.022135416666666668
0 0.28515625 0.4303385416666667 0.193359375 0.022135416666666668
0 0.42626953125 0.4303385416666667 0.0888671875 0.022135416666666668
1 0.60302734375 0.42578125 0.1337890625 0.013020833333333334
4 0.8349609375 0.494140625 0.330078125 0.14973958333333334
2 0.8349609375 0.4375 0.330078125 0.036458333333333336
7 0.8349609375 0.4908854166666667 0.330078125 0.049479166666666664
0 0.8349609375 0.5403645833333334 0.330078125 0.018229166666666668
4 0.78955078125 0.78515625 0.2392578125 0.234375
2 0.78955078125 0.9440104166666666 0.2392578125 0.0625
4 0.96240234375 0.78515625 0.0751953125 0.234375
2 0.96240234375 0.9440104166666666 0.0751953125 0.0625