2 0.3291015625 0.3841145833333333 0.177734375 0.07291666666666667
2 0.48876953125 0.3841145833333333 0.1416015625 0.07291666666666667
2 0.27978515625 0.4485677083333333 0.5595703125 0.032552083333333336
0 0.4677734375 0.5188802083333334 0.17578125 0.05859375
7 0.24951171875 0.036458333333333336 0.0673828125 0.0234375
0 0.24951171875 0.036458333333333336 0.1064453125 0.057291666666666664
7 0.37109375 0.036458333333333336 0.09765625 0.0234375
0 0.37109375 0.036458333333333336 0.13671875 0.057291666666666664
7 0.47705078125 0.036458333333333336 0.0361328125 0.0234375
0 0.47705078125 0.036458333333333336 0.0751953125 0.057291666666666664
7 0.546875 0.036458333333333336 0.025390625 0.0234375
0 0.537109375 0.036458333333333336 0.044921875 0.057291666666666664
7 0.38330078125 0.087890625 0.0732421875 0.022135416666666668
6 0.48974609375 0.087890625 0.1396484375 0.022135416666666668
4 0.77978515625 0.2897135416666667 0.4404296875 0.5794270833333334
7 0.8427734375 0.036458333333333336 0.314453125 0.07291666666666667
7 0.8427734375 0.11588541666666667 0.314453125 0.033854166666666664
0 0.9423828125 0.20247395833333334 0.115234375 0.07421875
7 0.87548828125 0.2701822916666667 0.2490234375 0.022135416666666668
4 0.6708984375 0.46875 0.22265625 0.0703125
7 0.90576171875 0.4049479166666667 0.1884765625 0.028645833333333332
7 0.90576171875 0.4661458333333333 0.1884765625 0.09114583333333333
6 0.8525390625 0.5319010416666666 0.08203125 0.029947916666666668
4 0.77978515625 0.6236979166666666 0.4404296875 0.09114583333333333
7 0.078125 0.7037760416666666 0.078125 0.022135416666666668
6 0.15673828125 0.7037760416666666 0.0810546875 0.022135416666666668
7 0.23486328125 0.7037760416666666 0.0751953125 0.022135416666666668
6 0.3037109375 0.7037760416666666 0.064453125 0.022135416666666668
7 0.34033203125 0.7037760416666666 0.0126953125 0.022135416666666668
6 0.3779296875 0.7037760416666666 0.0625 0.022135416666666668
7 0.45068359375 0.7037760416666666 0.0849609375 0.022135416666666668
6 0.52587890625 0.7037760416666666 0.0673828125 0.022135416666666668
7 0.3271484375 0.732421875 0.02734375 0.022135416666666668
6 0.39404296875 0.732421875 0.1064453125 0.022135416666666668
6 0.28955078125 0.7610677083333334 0.0634765625 0.022135416666666668
7 0.3642578125 0.7610677083333334 0.0859375 0.022135416666666668
6 0.43310546875 0.7610677083333334 0.0537109375 0.022135416666666668
7 0.46435546875 0.7610677083333334 0.0126953125 0.022135416666666668
6 0.48681640625 0.7610677083333334 0.0322265625 0.022135416666666668
2 0.083984375 0.8209635416666666 0.11328125 0.022135416666666668
4 0.11376953125 0.9095052083333334 0.1728515625 0.11588541666666667
7 0.21875 0.8665364583333334 0.025390625 0.022135416666666668
6 0.296875 0.880859375 0.181640625 0.05078125
7 0.20654296875 0.9420572916666666 0.3583984375 0.11588541666666667
2 0.48681640625 0.8209635416666666 0.1240234375 0.022135416666666668
6 0.45556640625 0.8665364583333334 0.0615234375 0.022135416666666668
7 0.49072265625 0.8665364583333334 0.0126953125 0.022135416666666668
6 0.5205078125 0.8665364583333334 0.046875 0.022135416666666668
7 0.5498046875 0.8665364583333334 0.013671875 0.022135416666666668
7 0.5029296875 0.9147135416666666 0.11328125 0.022135416666666668
6 0.5029296875 0.943359375 0.11328125 0.022135416666666668
7 0.5029296875 0.9720052083333334 0.11328125 0.022135416666666668
2 0.8955078125 0.8346354166666666 0.208984375 0.3307291666666667
1 0.74658203125 0.6940104166666666 0.3740234375 0.049479166666666664
1 0.74658203125 0.7708333333333334 0.3740234375 0.052083333333333336
1 0.77978515625 0.8489583333333334 0.4404296875 0.052083333333333336
7 0.63134765625 0.8541666666666666 0.1083984375 0.0234375
5 0.607421875 0.9069010416666666 0.095703125 0.022135416666666668
7 0.66650390625 0.9420572916666666 0.2138671875 0.022135416666666668
6 0.81689453125 0.9420572916666666 0.0869140625 0.022135416666666668
7 0.87451171875 0.9420572916666666 0.0283203125 0.022135416666666668
6 0.93798828125 0.9420572916666666 0.0986328125 0.022135416666666668