2 0.357421875 0.21614583333333334 0.177734375 0.07291666666666667
2 0.47802734375 0.21614583333333334 0.0634765625 0.07291666666666667
2 0.2548828125 0.2805989583333333 0.509765625 0.032552083333333336
0 0.458984375 0.3509114583333333 0.1015625 0.05859375
2 0.626953125 0.09635416666666667 0.234375 0.19270833333333334
2 0.6748046875 0.043619791666666664 0.330078125 0.08723958333333333
3 0.8876953125 0.16796875 0.224609375 0.3359375
4 0.54052734375 0.4661458333333333 0.0615234375 0.13020833333333334
4 0.775390625 0.4661458333333333 0.177734375 0.13020833333333334
6 0.46875 0.5768229166666666 0.08203125 0.018229166666666668
0 0.2548828125 0.5983072916666666 0.509765625 0.06640625
6 0.0166015625 0.603515625 0.033203125 0.016927083333333332
7 0.49462890625 0.876953125 0.0302734375 0.01953125
4 0.2548828125 0.9615885416666666 0.509765625 0.006510416666666667
6 0.76025390625 0.5983072916666666 0.3388671875 0.022135416666666668
0 0.5234375 0.67578125 0.02734375 0.09375
7 0.60302734375 0.67578125 0.0615234375 0.0234375
0 0.611328125 0.67578125 0.119140625 0.09375
1 0.8427734375 0.67578125 0.314453125 0.059895833333333336
4 0.56201171875 0.8548177083333334 0.1044921875 0.25390625
0 0.56396484375 0.857421875 0.1083984375 0.2591145833333333
4 0.6923828125 0.8548177083333334 0.150390625 0.25390625
0 0.6943359375 0.857421875 0.154296875 0.2591145833333333
4 0.88525390625 0.8548177083333334 0.2294921875 0.25390625
0 0.88525390625 0.857421875 0.2294921875 0.2591145833333333