7 0.03564453125 0.0546875 0.0712890625 0.033854166666666664
7 0.12939453125 0.15299479166666666 0.2587890625 0.032552083333333336
4 0.3515625 0.17252604166666666 0.15625 0.05859375
2 0.12451171875 0.359375 0.2490234375 0.06510416666666667
2 0.361328125 0.3430989583333333 0.13671875 0.032552083333333336
6 0.361328125 0.3951822916666667 0.13671875 0.048177083333333336
4 0.71484375 0.11197916666666667 0.5703125 0.22395833333333334
7 0.6572265625 0.059244791666666664 0.4453125 0.10286458333333333
7 0.97216796875 0.014973958333333334 0.0556640625 0.029947916666666668
7 0.97216796875 0.051432291666666664 0.0556640625 0.03515625
7 0.96240234375 0.091796875 0.0361328125 0.03515625
0 0.95703125 0.15885416666666666 0.0859375 0.059895833333333336
7 0.9638671875 0.20768229166666666 0.072265625 0.016927083333333332
4 0.5615234375 0.3704427083333333 0.119140625 0.09765625
4 0.87890625 0.3704427083333333 0.119140625 0.09765625
7 0.0244140625 0.4537760416666667 0.048828125 0.045572916666666664
0 0.0244140625 0.4537760416666667 0.048828125 0.045572916666666664
0 0.4052734375 0.4524739583333333 0.048828125 0.02734375
0 0.0302734375 0.5208333333333334 0.060546875 0.059895833333333336
0 0.10205078125 0.5208333333333334 0.0830078125 0.059895833333333336
0 0.1767578125 0.5208333333333334 0.06640625 0.059895833333333336
0 0.27197265625 0.5208333333333334 0.1240234375 0.059895833333333336
0 0.36279296875 0.5208333333333334 0.0576171875 0.059895833333333336
0 0.41064453125 0.5208333333333334 0.0380859375 0.059895833333333336
0 0.037109375 0.5657552083333334 0.07421875 0.032552083333333336
0 0.1513671875 0.5638020833333334 0.0859375 0.049479166666666664
0 0.234375 0.5638020833333334 0.080078125 0.049479166666666664
0 0.33447265625 0.5638020833333334 0.1201171875 0.049479166666666664
0 0.412109375 0.5638020833333334 0.03515625 0.049479166666666664
2 0.21484375 0.67578125 0.4296875 0.078125
2 0.21484375 0.734375 0.4296875 0.0390625
7 0.142578125 0.83203125 0.28515625 0.036458333333333336
0 0.14306640625 0.83203125 0.2861328125 0.0390625
7 0.36767578125 0.83203125 0.1240234375 0.036458333333333336
0 0.3671875 0.83203125 0.125 0.0390625
7 0.21630859375 0.9420572916666666 0.4267578125 0.024739583333333332
0 0.21484375 0.955078125 0.4296875 0.08984375
2 0.21630859375 0.970703125 0.4267578125 0.032552083333333336
7 0.21630859375 0.9934895833333334 0.4267578125 0.013020833333333334
2 0.6826171875 0.666015625 0.494140625 0.16796875
7 0.66796875 0.8092447916666666 0.46484375 0.07161458333333333
0 0.6884765625 0.8294270833333334 0.1171875 0.033854166666666664
7 0.7626953125 0.8287760416666666 0.03125 0.032552083333333336
0 0.81884765625 0.8294270833333334 0.0810546875 0.033854166666666664
7 0.67041015625 0.8678385416666666 0.4697265625 0.11067708333333333