3 0.2939453125 0.2565104166666667 0.390625 0.4739583333333333
4 0.8447265625 0.203125 0.310546875 0.40625
0 0.8447265625 0.205078125 0.310546875 0.41015625
2 0.79736328125 0.5970052083333334 0.2158203125 0.024739583333333332
2 0.0703125 0.6569010416666666 0.140625 0.09505208333333333
2 0.10595703125 0.7708333333333334 0.2119140625 0.07291666666666667
0 0.02197265625 0.875 0.0439453125 0.052083333333333336
4 0.07275390625 0.8743489583333334 0.0205078125 0.02734375
0 0.14501953125 0.875 0.1884765625 0.052083333333333336
7 0.15576171875 0.8756510416666666 0.1318359375 0.01953125
4 0.46240234375 0.8046875 0.4541015625 0.390625
0 0.46240234375 0.8046875 0.4541015625 0.390625
4 0.8447265625 0.8046875 0.310546875 0.390625