3 0.07568359375 0.31640625 0.1513671875 0.4661458333333333
4 0.48291015625 0.228515625 0.1474609375 0.45703125
0 0.76953125 0.027994791666666668 0.240234375 0.055989583333333336
0 0.76953125 0.11197916666666667 0.240234375 0.0703125
0 0.76953125 0.203125 0.240234375 0.0703125
7 0.76953125 0.2682291666666667 0.03515625 0.0234375
0 0.76953125 0.3372395833333333 0.240234375 0.0703125
7 0.77001953125 0.400390625 0.2197265625 0.01953125
6 0.70361328125 0.4264322916666667 0.0908203125 0.01953125
7 0.7763671875 0.4264322916666667 0.056640625 0.01953125
6 0.8408203125 0.4264322916666667 0.07421875 0.01953125
7 0.87939453125 0.4264322916666667 0.0048828125 0.01953125
7 0.75390625 0.478515625 0.10546875 0.01953125
6 0.822265625 0.478515625 0.033203125 0.01953125
3 0.20458984375 0.6321614583333334 0.4091796875 0.11848958333333333
4 0.2421875 0.8294270833333334 0.1953125 0.06510416666666667
7 0.20458984375 0.9134114583333334 0.4091796875 0.037760416666666664
0 0.0947265625 0.9921875 0.1875 0.015625
0 0.314453125 0.9921875 0.189453125 0.015625
4 0.70458984375 0.7747395833333334 0.5908203125 0.4505208333333333