3 0.234375 0.026692708333333332 0.46875 0.053385416666666664
4 0.119140625 0.3561197916666667 0.23828125 0.5559895833333334
0 0.119140625 0.3561197916666667 0.23828125 0.5559895833333334
0 0.080078125 0.458984375 0.16015625 0.18880208333333334
4 0.03076171875 0.6907552083333334 0.0615234375 0.037760416666666664
0 0.03076171875 0.6907552083333334 0.0615234375 0.037760416666666664
2 0.13623046875 0.6998697916666666 0.1103515625 0.01953125
0 0.1376953125 0.69921875 0.15234375 0.020833333333333332
7 0.2744140625 0.12369791666666667 0.078125 0.0703125
0 0.2744140625 0.12369791666666667 0.1171875 0.15625
7 0.35888671875 0.11979166666666667 0.2412109375 0.013020833333333334
4 0.46337890625 0.3346354166666667 0.0322265625 0.16927083333333334
0 0.46337890625 0.3346354166666667 0.0322265625 0.16927083333333334
2 0.349609375 0.2688802083333333 0.14453125 0.07942708333333333
0 0.3525390625 0.2688802083333333 0.150390625 0.08203125
7 0.3525390625 0.35546875 0.150390625 0.0703125
7 0.28857421875 0.4270833333333333 0.0224609375 0.020833333333333332
4 0.31640625 0.6087239583333334 0.078125 0.10546875
0 0.31640625 0.6087239583333334 0.078125 0.10546875
2 0.42724609375 0.54296875 0.1044921875 0.06770833333333333
0 0.42724609375 0.54296875 0.1044921875 0.0703125
7 0.42724609375 0.6236979166666666 0.1044921875 0.0703125
7 0.38623046875 0.6953125 0.0224609375 0.020833333333333332
4 0.23974609375 0.3548177083333333 0.4794921875 0.7096354166666666
2 0.11328125 0.05859375 0.056640625 0.0390625
7 0.16650390625 0.18489583333333334 0.3330078125 0.0390625
7 0.12255859375 0.23763020833333334 0.2451171875 0.02734375
1 0.11328125 0.3229166666666667 0.224609375 0.052083333333333336
0 0.11328125 0.3880208333333333 0.224609375 0.052083333333333336
0 0.11328125 0.453125 0.224609375 0.052083333333333336
7 0.08154296875 0.5598958333333334 0.1630859375 0.026041666666666668
6 0.201171875 0.5598958333333334 0.0703125 0.026041666666666668
0 0.201171875 0.5598958333333334 0.0703125 0.026041666666666668
4 0.6826171875 0.095703125 0.123046875 0.16276041666666666
2 0.73974609375 0.22786458333333334 0.5205078125 0.049479166666666664
2 0.6826171875 0.2819010416666667 0.390625 0.032552083333333336
7 0.73974609375 0.3697916666666667 0.5205078125 0.078125
3 0.6826171875 0.4596354166666667 0.296875 0.1015625
7 0.73974609375 0.5625 0.5205078125 0.10416666666666667
7 0.72412109375 0.66015625 0.4892578125 0.046875
7 0.4990234375 0.6744791666666666 0.0390625 0.020833333333333332
7 0.52001953125 0.6731770833333334 0.0048828125 0.020833333333333332
6 0.4462890625 0.7376302083333334 0.06640625 0.04296875
2 0.34423828125 0.8190104166666666 0.2705078125 0.028645833333333332
2 0.3447265625 0.9225260416666666 0.26953125 0.037760416666666664
7 0.01025390625 0.990234375 0.0205078125 0.01953125
4 0.57666015625 0.78515625 0.1943359375 0.15104166666666666
7 0.79296875 0.810546875 0.4140625 0.20182291666666666
2 0.79296875 0.955078125 0.4140625 0.03515625
7 0.79296875 0.9915364583333334 0.4140625 0.016927083333333332