4 0.06689453125 0.150390625 0.1337890625 0.30078125
4 0.19140625 0.150390625 0.1171875 0.30078125
4 0.19140625 0.150390625 0.1171875 0.30078125
0 0.2158203125 0.18033854166666666 0.068359375 0.07421875
4 0.06103515625 0.412109375 0.1220703125 0.040364583333333336
0 0.28173828125 0.033854166666666664 0.0634765625 0.046875
0 0.34033203125 0.033854166666666664 0.0498046875 0.046875
0 0.40234375 0.033854166666666664 0.0703125 0.046875
0 0.505859375 0.033854166666666664 0.1328125 0.046875
0 0.97265625 0.030598958333333332 0.021484375 0.024739583333333332
1 0.84521484375 0.030598958333333332 0.2158203125 0.032552083333333336
4 0.77197265625 0.14518229166666666 0.0439453125 0.048177083333333336
0 0.84130859375 0.17838541666666666 0.2587890625 0.16145833333333334
7 0.8662109375 0.14583333333333334 0.1328125 0.0859375
7 0.84130859375 0.19270833333333334 0.2587890625 0.03125
7 0.84130859375 0.22395833333333334 0.2587890625 0.03125
0 0.84130859375 0.29296875 0.2587890625 0.028645833333333332
0 0.84130859375 0.3216145833333333 0.2587890625 0.028645833333333332
4 0.2626953125 0.16731770833333334 0.025390625 0.13932291666666666
2 0.2685546875 0.2825520833333333 0.037109375 0.052083333333333336
7 0.2685546875 0.3528645833333333 0.037109375 0.0625
4 0.40478515625 0.16731770833333334 0.1181640625 0.13932291666666666
2 0.4052734375 0.26953125 0.140625 0.026041666666666668
7 0.4052734375 0.3268229166666667 0.140625 0.0625
4 0.59326171875 0.16731770833333334 0.1181640625 0.13932291666666666
2 0.59375 0.26953125 0.140625 0.026041666666666668
6 0.59326171875 0.3190104166666667 0.1396484375 0.049479166666666664
2 0.4541015625 0.470703125 0.408203125 0.016927083333333332
2 0.87158203125 0.4622395833333333 0.2373046875 0.026041666666666668
2 0.125 0.4915364583333333 0.25 0.024739583333333332
7 0.125 0.5201822916666666 0.25 0.022135416666666668
7 0.09814453125 0.5423177083333334 0.1962890625 0.022135416666666668
6 0.22265625 0.5423177083333334 0.0546875 0.022135416666666668
7 0.06201171875 0.6334635416666666 0.1240234375 0.022135416666666668
6 0.06884765625 0.662109375 0.1376953125 0.022135416666666668
7 0.01904296875 0.6829427083333334 0.0380859375 0.01953125
7 0.00146484375 0.7037760416666666 0.0029296875 0.022135416666666668
6 0.01953125 0.7037760416666666 0.033203125 0.022135416666666668
7 0.125 0.71484375 0.25 0.044270833333333336
6 0.0693359375 0.771484375 0.138671875 0.022135416666666668
7 0.02734375 0.7923177083333334 0.0546875 0.01953125
7 0.125 0.8463541666666666 0.25 0.08854166666666667
6 0.11279296875 0.9251302083333334 0.2255859375 0.022135416666666668
7 0.03125 0.9459635416666666 0.0625 0.01953125
7 0.125 0.9778645833333334 0.25 0.044270833333333336
6 0.203125 0.9889322916666666 0.060546875 0.022135416666666668
7 0.125 0.9889322916666666 0.25 0.022135416666666668
4 0.939453125 0.517578125 0.12109375 0.07682291666666667
0 0.939453125 0.517578125 0.12109375 0.07682291666666667
7 0.392578125 0.486328125 0.28515625 0.014322916666666666
7 0.298828125 0.5240885416666666 0.076171875 0.024739583333333332
0 0.31005859375 0.5260416666666666 0.1201171875 0.041666666666666664
4 0.353515625 0.5260416666666666 0.03125 0.041666666666666664
7 0.42578125 0.5240885416666666 0.068359375 0.024739583333333332
0 0.4365234375 0.5260416666666666 0.11328125 0.041666666666666664
4 0.4765625 0.5260416666666666 0.03125 0.041666666666666664
0 0.31005859375 0.6067708333333334 0.1201171875 0.0546875
0 0.435546875 0.6067708333333334 0.130859375 0.0546875
0 0.56640625 0.6067708333333334 0.130859375 0.0546875
0 0.697265625 0.6067708333333334 0.130859375 0.0546875
0 0.828125 0.6067708333333334 0.130859375 0.0546875
7 0.9296875 0.6022135416666666 0.052734375 0.03515625
0 0.931640625 0.6067708333333334 0.076171875 0.0546875
0 0.26123046875 0.6614583333333334 0.0224609375 0.0546875
0 0.32958984375 0.6614583333333334 0.1142578125 0.0546875
0 0.41162109375 0.6614583333333334 0.0498046875 0.0546875
0 0.48486328125 0.6614583333333334 0.0966796875 0.0546875
0 0.560546875 0.6614583333333334 0.0546875 0.0546875
0 0.62890625 0.6614583333333334 0.08203125 0.0546875
0 0.70361328125 0.6614583333333334 0.0673828125 0.0546875
0 0.75732421875 0.6614583333333334 0.0400390625 0.0546875
0 0.8076171875 0.6614583333333334 0.060546875 0.0546875
2 0.625 0.8528645833333334 0.75 0.2942708333333333
2 0.31787109375 0.73828125 0.1357421875 0.03125
0 0.31982421875 0.73828125 0.1396484375 0.0390625
7 0.28759765625 0.7740885416666666 0.0751953125 0.02734375
7 0.33642578125 0.7740885416666666 0.0166015625 0.02734375
7 0.36474609375 0.7740885416666666 0.0341796875 0.02734375
7 0.404296875 0.7740885416666666 0.0390625 0.02734375
2 0.384765625 0.8483072916666666 0.26953125 0.045572916666666664
2 0.5439453125 0.869140625 0.587890625 0.08723958333333333
4 0.59130859375 0.9700520833333334 0.6826171875 0.059895833333333336
4 0.97607421875 0.9049479166666666 0.0478515625 0.171875
2 0.97509765625 0.9954427083333334 0.0361328125 0.009114583333333334
2 0.59130859375 0.6692708333333334 0.6826171875 0.0546875
7 0.29443359375 0.712890625 0.0888671875 0.02734375
0 0.37646484375 0.7135416666666666 0.0673828125 0.033854166666666664
7 0.57080078125 0.74609375 0.6416015625 0.09375
7 0.36181640625 0.822265625 0.2236328125 0.02734375
0 0.53271484375 0.8229166666666666 0.1103515625 0.028645833333333332
7 0.60693359375 0.822265625 0.0302734375 0.02734375
0 0.6767578125 0.8229166666666666 0.1015625 0.028645833333333332
7 0.5615234375 0.8385416666666666 0.623046875 0.059895833333333336
7 0.38623046875 0.8977864583333334 0.2353515625 0.02734375
0 0.376953125 0.8977864583333334 0.25390625 0.032552083333333336
7 0.6083984375 0.9303385416666666 0.6484375 0.032552083333333336
7 0.6083984375 0.962890625 0.6484375 0.032552083333333336
7 0.6083984375 0.9895833333333334 0.6484375 0.020833333333333332
7 0.3046875 0.9303385416666666 0.072265625 0.02734375
0 0.29541015625 0.9303385416666666 0.0908203125 0.032552083333333336
7 0.6083984375 0.962890625 0.6484375 0.032552083333333336
7 0.6083984375 0.9895833333333334 0.6484375 0.020833333333333332
7 0.359375 0.9921875 0.125 0.015625
0 0.3466796875 0.986328125 0.193359375 0.02734375
4 0.27587890625 0.9934895833333334 0.0224609375 0.013020833333333334
0 0.50634765625 0.986328125 0.1044921875 0.02734375