3 0.2548828125 0.16015625 0.509765625 0.3203125
7 0.091796875 0.3665364583333333 0.18359375 0.03515625
7 0.091796875 0.400390625 0.18359375 0.024739583333333332
4 0.0087890625 0.4420572916666667 0.017578125 0.03515625
7 0.07421875 0.443359375 0.068359375 0.024739583333333332
0 0.0849609375 0.4420572916666667 0.11328125 0.03515625
4 0.125 0.4420572916666667 0.03125 0.03515625
0 0.34619140625 0.3671875 0.0927734375 0.044270833333333336
4 0.41748046875 0.3671875 0.0185546875 0.0234375
0 0.4423828125 0.3678385416666667 0.08203125 0.045572916666666664
7 0.45361328125 0.3665364583333333 0.0478515625 0.024739583333333332
4 0.49853515625 0.3671875 0.0185546875 0.0234375
0 0.49609375 0.3678385416666667 0.02734375 0.045572916666666664
2 0.830078125 0.17838541666666666 0.33984375 0.11458333333333333
1 0.81298828125 0.3313802083333333 0.3740234375 0.07421875
4 0.65478515625 0.330078125 0.0185546875 0.024739583333333332
7 0.08349609375 0.4895833333333333 0.1669921875 0.041666666666666664
6 0.0869140625 0.650390625 0.10546875 0.024739583333333332
7 0.07177734375 0.681640625 0.1435546875 0.08723958333333333
6 0.0166015625 0.7662760416666666 0.033203125 0.024739583333333332
6 0.1123046875 0.7662760416666666 0.111328125 0.024739583333333332
7 0.08349609375 0.9114583333333334 0.1669921875 0.13541666666666666
2 0.7451171875 0.4765625 0.470703125 0.026041666666666668
7 0.7451171875 0.5149739583333334 0.470703125 0.02734375
7 0.7451171875 0.5540364583333334 0.470703125 0.02734375