7 0.0888671875 0.005859375 0.177734375 0.01171875
4 0.005859375 0.044270833333333336 0.01171875 0.041666666666666664
7 0.068359375 0.042317708333333336 0.068359375 0.024739583333333332
0 0.0791015625 0.044270833333333336 0.11328125 0.041666666666666664
4 0.119140625 0.044270833333333336 0.03125 0.041666666666666664
0 0.078125 0.125 0.130859375 0.0546875
0 0.208984375 0.125 0.130859375 0.0546875
0 0.33984375 0.125 0.130859375 0.0546875
0 0.470703125 0.125 0.130859375 0.0546875
7 0.552734375 0.12044270833333333 0.013671875 0.03515625
0 0.5478515625 0.125 0.0234375 0.0546875
0 0.0146484375 0.1796875 0.029296875 0.0546875
0 0.05419921875 0.1796875 0.0498046875 0.0546875
0 0.12744140625 0.1796875 0.0966796875 0.0546875
0 0.203125 0.1796875 0.0546875 0.0546875
0 0.271484375 0.1796875 0.08203125 0.0546875
0 0.34619140625 0.1796875 0.0673828125 0.0546875
0 0.39990234375 0.1796875 0.0400390625 0.0546875
0 0.4501953125 0.1796875 0.060546875 0.0546875
2 0.27978515625 0.3463541666666667 0.5595703125 0.24479166666666666
2 0.01416015625 0.2565104166666667 0.0283203125 0.03125
0 0.01611328125 0.2565104166666667 0.0322265625 0.0390625
7 0.01220703125 0.2923177083333333 0.0244140625 0.02734375
7 0.046875 0.2923177083333333 0.0390625 0.02734375
2 0.0810546875 0.3665364583333333 0.162109375 0.045572916666666664
2 0.240234375 0.3873697916666667 0.48046875 0.08723958333333333
2 0.27978515625 0.1875 0.5595703125 0.0546875
0 0.0263671875 0.23177083333333334 0.052734375 0.033854166666666664
7 0.26708984375 0.2643229166666667 0.5341796875 0.09375
7 0.05810546875 0.3404947916666667 0.1162109375 0.02734375
0 0.17529296875 0.3411458333333333 0.1103515625 0.028645833333333332
7 0.24951171875 0.3404947916666667 0.0302734375 0.02734375
0 0.3193359375 0.3411458333333333 0.1015625 0.028645833333333332
7 0.2578125 0.3567708333333333 0.515625 0.059895833333333336
7 0.0732421875 0.416015625 0.146484375 0.02734375
0 0.0732421875 0.416015625 0.146484375 0.032552083333333336
7 0.27978515625 0.4485677083333333 0.5595703125 0.032552083333333336
7 0.75 0.43359375 0.380859375 0.0546875
0 0.98193359375 0.4348958333333333 0.0361328125 0.046875
4 0.77978515625 0.234375 0.4404296875 0.46875
4 0.95263671875 0.026692708333333332 0.0595703125 0.053385416666666664
4 0.92822265625 0.05078125 0.0615234375 0.08072916666666667
4 0.87939453125 0.07161458333333333 0.1103515625 0.11979166666666667
4 0.88623046875 0.06510416666666667 0.0673828125 0.08854166666666667
4 0.90283203125 0.059895833333333336 0.0673828125 0.08854166666666667
4 0.85595703125 0.029296875 0.0068359375 0.009114583333333334
4 0.61669921875 0.4231770833333333 0.0361328125 0.0078125
0 0.6416015625 0.4283854166666667 0.1640625 0.08072916666666667
4 0.64013671875 0.4231770833333333 0.0361328125 0.0078125
0 0.0263671875 0.52734375 0.052734375 0.10416666666666667
4 0.083984375 0.5260416666666666 0.0234375 0.03125
0 0.10888671875 0.5260416666666666 0.0732421875 0.033854166666666664
7 0.12451171875 0.5260416666666666 0.0419921875 0.033854166666666664
0 0.515625 0.52734375 0.087890625 0.041666666666666664
4 0.09423828125 0.841796875 0.1884765625 0.31640625
2 0.4296875 0.740234375 0.259765625 0.11328125
7 0.4296875 0.8606770833333334 0.259765625 0.09895833333333333
7 0.42724609375 0.9733072916666666 0.1884765625 0.024739583333333332
0 0.4296875 0.9733072916666666 0.259765625 0.053385416666666664
7 0.27978515625 0.953125 0.5595703125 0.049479166666666664
6 0.0234375 0.9928385416666666 0.046875 0.014322916666666666
7 0.0654296875 0.9928385416666666 0.0390625 0.014322916666666666
2 0.60986328125 0.54296875 0.1005859375 0.0859375
0 0.62109375 0.66796875 0.123046875 0.046875
0 0.70947265625 0.66796875 0.0498046875 0.046875
0 0.771484375 0.66796875 0.0703125 0.046875
0 0.875 0.66796875 0.1328125 0.046875
4 0.60205078125 0.8014322916666666 0.0849609375 0.13932291666666666
2 0.60791015625 0.9166666666666666 0.0966796875 0.052083333333333336
7 0.60791015625 0.9778645833333334 0.0966796875 0.044270833333333336
4 0.77392578125 0.8014322916666666 0.1181640625 0.13932291666666666
2 0.7744140625 0.9036458333333334 0.140625 0.026041666666666668
7 0.7744140625 0.9609375 0.140625 0.0625
4 0.95166015625 0.8014322916666666 0.0966796875 0.13932291666666666
2 0.9462890625 0.9036458333333334 0.107421875 0.026041666666666668
6 0.9462890625 0.953125 0.107421875 0.049479166666666664