3 0.2548828125 0.022135416666666668 0.15625 0.044270833333333336
0 0.0283203125 0.08723958333333333 0.056640625 0.044270833333333336
0 0.08935546875 0.08723958333333333 0.0654296875 0.044270833333333336
0 0.033203125 0.13151041666666666 0.05859375 0.044270833333333336
0 0.109375 0.13151041666666666 0.09375 0.044270833333333336
4 0.22509765625 0.08528645833333333 0.0126953125 0.016927083333333332
0 0.27001953125 0.087890625 0.1259765625 0.037760416666666664
7 0.27783203125 0.08723958333333333 0.0869140625 0.0234375
7 0.03759765625 0.13671875 0.0458984375 0.0234375
7 0.09130859375 0.13671875 0.0634765625 0.0234375
7 0.17236328125 0.13671875 0.0693359375 0.0234375
7 0.23779296875 0.13671875 0.0634765625 0.0234375
6 0.3017578125 0.13671875 0.03515625 0.020833333333333332
3 0.169921875 0.3385416666666667 0.33984375 0.22135416666666666
4 0.47412109375 0.130859375 0.2685546875 0.26171875
7 0.82373046875 0.033203125 0.3349609375 0.06640625
7 0.779296875 0.099609375 0.24609375 0.022135416666666668
7 0.9208984375 0.099609375 0.0390625 0.022135416666666668
7 0.8271484375 0.162109375 0.341796875 0.14713541666666666
7 0.82763671875 0.28515625 0.3427734375 0.0625
7 0.70556640625 0.3444010416666667 0.0986328125 0.022135416666666668
6 0.79931640625 0.3600260416666667 0.2861328125 0.053385416666666664
7 0.82568359375 0.4290364583333333 0.3388671875 0.040364583333333336
6 0.859375 0.4446614583333333 0.140625 0.009114583333333334
4 0.169921875 0.724609375 0.33984375 0.55078125
0 0.169921875 0.6458333333333334 0.33984375 0.3932291666666667
0 0.361328125 0.4622395833333333 0.04296875 0.026041666666666668
0 0.48486328125 0.4622395833333333 0.0791015625 0.026041666666666668
7 0.47705078125 0.5013020833333334 0.2744140625 0.020833333333333332
6 0.66015625 0.5013020833333334 0.09375 0.020833333333333332
7 0.9072265625 0.5013020833333334 0.130859375 0.020833333333333332
0 0.91796875 0.5013020833333334 0.15234375 0.020833333333333332
4 0.9873046875 0.5013020833333334 0.013671875 0.018229166666666668
1 0.6669921875 0.5794270833333334 0.654296875 0.0625
4 0.884765625 0.578125 0.013671875 0.018229166666666668
0 0.8486328125 0.5794270833333334 0.119140625 0.041666666666666664
4 0.943359375 0.5794270833333334 0.015625 0.020833333333333332
0 0.943359375 0.5794270833333334 0.0703125 0.041666666666666664
2 0.39404296875 0.7825520833333334 0.1083984375 0.057291666666666664
7 0.60009765625 0.8196614583333334 0.5205078125 0.22005208333333334
7 0.36962890625 0.96484375 0.0595703125 0.0234375
6 0.44482421875 0.96484375 0.0908203125 0.0234375
7 0.58349609375 0.96484375 0.1904296875 0.0234375
6 0.72509765625 0.96484375 0.0947265625 0.0234375
7 0.59423828125 0.9765625 0.5087890625 0.046875