4 0.32958984375 0.224609375 0.6591796875 0.44921875
2 0.03662109375 0.024088541666666668 0.0634765625 0.03515625
2 0.08984375 0.046875 0.1796875 0.08072916666666667
2 0.28515625 0.27734375 0.5703125 0.057291666666666664
4 0.31298828125 0.4361979166666667 0.6259765625 0.026041666666666668
4 0.8271484375 0.224609375 0.3359375 0.44921875
7 0.15478515625 0.4720052083333333 0.3095703125 0.04296875
0 0.02490234375 0.484375 0.0498046875 0.020833333333333332
7 0.1767578125 0.4837239583333333 0.255859375 0.01953125
7 0.16943359375 0.521484375 0.3388671875 0.022135416666666668
7 0.02490234375 0.556640625 0.0498046875 0.016927083333333332
0 0.09033203125 0.5572916666666666 0.0830078125 0.018229166666666668
7 0.16943359375 0.6048177083333334 0.3388671875 0.048177083333333336
7 0.16259765625 0.6751302083333334 0.3251953125 0.05859375
0 0.10546875 0.6966145833333334 0.119140625 0.018229166666666668
7 0.02490234375 0.7311197916666666 0.0498046875 0.016927083333333332
0 0.09033203125 0.7317708333333334 0.0830078125 0.018229166666666668
7 0.1552734375 0.779296875 0.310546875 0.04296875
0 0.24365234375 0.7916666666666666 0.1357421875 0.020833333333333332
7 0.16357421875 0.814453125 0.3271484375 0.06640625
0 0.20703125 0.8385416666666666 0.1015625 0.020833333333333332
7 0.2587890625 0.837890625 0.00390625 0.01953125
7 0.09423828125 0.876953125 0.1884765625 0.01953125
0 0.21435546875 0.8776041666666666 0.0517578125 0.020833333333333332
7 0.16162109375 0.888671875 0.3232421875 0.04296875
0 0.0732421875 0.9401041666666666 0.048828125 0.020833333333333332
7 0.099609375 0.939453125 0.0078125 0.01953125
0 0.14501953125 0.9401041666666666 0.0771484375 0.020833333333333332
4 0.01025390625 0.986328125 0.0166015625 0.022135416666666668
0 0.0400390625 0.9850260416666666 0.080078125 0.029947916666666668
7 0.04638671875 0.9850260416666666 0.0576171875 0.016927083333333332
0 0.1259765625 0.9850260416666666 0.08203125 0.029947916666666668
2 0.47607421875 0.478515625 0.2001953125 0.022135416666666668
7 0.48095703125 0.5130208333333334 0.1904296875 0.020833333333333332
0 0.41552734375 0.5325520833333334 0.0302734375 0.018229166666666668
7 0.43408203125 0.5319010416666666 0.0068359375 0.016927083333333332
6 0.4482421875 0.5325520833333334 0.0234375 0.018229166666666668
0 0.4482421875 0.5325520833333334 0.0234375 0.018229166666666668
7 0.48095703125 0.5625 0.1904296875 0.020833333333333332
0 0.42578125 0.58203125 0.05078125 0.018229166666666668
7 0.48095703125 0.6119791666666666 0.1904296875 0.020833333333333332
0 0.4208984375 0.6315104166666666 0.041015625 0.018229166666666668
7 0.48095703125 0.6614583333333334 0.1904296875 0.020833333333333332
0 0.4248046875 0.6809895833333334 0.048828125 0.018229166666666668
7 0.48095703125 0.7109375 0.1904296875 0.020833333333333332
0 0.41552734375 0.73046875 0.0302734375 0.018229166666666668
7 0.48095703125 0.7604166666666666 0.1904296875 0.020833333333333332
0 0.416015625 0.7799479166666666 0.03125 0.018229166666666668
7 0.48095703125 0.8098958333333334 0.1904296875 0.020833333333333332
7 0.41162109375 0.8287760416666666 0.0224609375 0.016927083333333332
0 0.4833984375 0.8294270833333334 0.123046875 0.018229166666666668
2 0.47607421875 0.9212239583333334 0.2001953125 0.022135416666666668
0 0.48681640625 0.9557291666666666 0.1728515625 0.018229166666666668
7 0.4228515625 0.9772135416666666 0.044921875 0.016927083333333332
0 0.48291015625 0.9778645833333334 0.1650390625 0.018229166666666668
6 0.505859375 0.9772135416666666 0.12109375 0.016927083333333332
0 0.6904296875 0.5501302083333334 0.0625 0.01953125
7 0.72900390625 0.5501302083333334 0.0146484375 0.01953125
0 0.76513671875 0.5501302083333334 0.0595703125 0.01953125
7 0.80126953125 0.5501302083333334 0.0146484375 0.01953125
0 0.83447265625 0.5501302083333334 0.0537109375 0.01953125
7 0.86767578125 0.5501302083333334 0.0146484375 0.01953125
0 0.93310546875 0.5501302083333334 0.1181640625 0.01953125
4 0.82958984375 0.5709635416666666 0.3408203125 0.00390625
2 0.82958984375 0.6334635416666666 0.3408203125 0.02734375
1 0.82958984375 0.7200520833333334 0.3408203125 0.028645833333333332
1 0.71826171875 0.7643229166666666 0.0634765625 0.028645833333333332
7 0.82958984375 0.8111979166666666 0.3408203125 0.020833333333333332
7 0.82958984375 0.8548177083333334 0.3408203125 0.02734375
6 0.73876953125 0.947265625 0.1591796875 0.01953125
7 0.67919921875 0.9850260416666666 0.0400390625 0.016927083333333332
7 0.70263671875 0.9791666666666666 0.0087890625 0.015625
7 0.8310546875 0.9850260416666666 0.25 0.016927083333333332