2 0.34521484375 0.018880208333333332 0.4287109375 0.037760416666666664
6 0.1865234375 0.09765625 0.078125 0.0234375
7 0.23095703125 0.09765625 0.0126953125 0.0234375
6 0.287109375 0.09765625 0.1015625 0.0234375
7 0.34423828125 0.09765625 0.0126953125 0.0234375
6 0.3984375 0.09765625 0.09765625 0.0234375
7 0.45263671875 0.09765625 0.0126953125 0.0234375
6 0.494140625 0.09765625 0.072265625 0.0234375
7 0.53466796875 0.09765625 0.0126953125 0.0234375
6 0.5498046875 0.09765625 0.01953125 0.0234375
2 0.25732421875 0.19075520833333334 0.2529296875 0.03515625
3 0.34521484375 0.3157552083333333 0.4287109375 0.15755208333333334
1 0.0439453125 0.15559895833333334 0.087890625 0.02734375
6 0.01416015625 0.20052083333333334 0.0283203125 0.0234375
7 0.04638671875 0.3880208333333333 0.0927734375 0.046875
0 0.58349609375 0.013020833333333334 0.0478515625 0.026041666666666668
0 0.64892578125 0.013020833333333334 0.0830078125 0.026041666666666668
0 0.7236328125 0.013020833333333334 0.06640625 0.026041666666666668
0 0.81884765625 0.013020833333333334 0.1240234375 0.026041666666666668
0 0.90966796875 0.013020833333333334 0.0576171875 0.026041666666666668
0 0.96923828125 0.013020833333333334 0.0615234375 0.026041666666666668
0 0.59033203125 0.041015625 0.0615234375 0.032552083333333336
0 0.6982421875 0.0390625 0.0859375 0.049479166666666664
0 0.78125 0.0390625 0.080078125 0.049479166666666664
0 0.88134765625 0.0390625 0.1201171875 0.049479166666666664
0 0.970703125 0.0390625 0.05859375 0.049479166666666664
2 0.77978515625 0.15104166666666666 0.4404296875 0.078125
2 0.77978515625 0.20963541666666666 0.4404296875 0.0390625
7 0.69580078125 0.3072916666666667 0.2724609375 0.036458333333333336
0 0.6962890625 0.3072916666666667 0.2734375 0.0390625
7 0.92626953125 0.3072916666666667 0.1474609375 0.036458333333333336
0 0.92578125 0.3072916666666667 0.1484375 0.0390625
7 0.77978515625 0.4173177083333333 0.4404296875 0.024739583333333332
2 0.27978515625 0.49609375 0.5595703125 0.057291666666666664
7 0.27978515625 0.5872395833333334 0.5595703125 0.09375
7 0.1259765625 0.6998697916666666 0.244140625 0.05859375
7 0.4091796875 0.701171875 0.244140625 0.05859375
0 0.4091796875 0.701171875 0.244140625 0.05859375
4 0.31640625 0.8216145833333334 0.037109375 0.049479166666666664
4 0.01123046875 0.9544270833333334 0.0224609375 0.049479166666666664
4 0.462890625 0.88671875 0.037109375 0.049479166666666664
4 0.384765625 0.96484375 0.037109375 0.049479166666666664
4 0.27978515625 0.8736979166666666 0.5595703125 0.049479166666666664
4 0.384765625 0.8170572916666666 0.078125 0.10546875
4 0.53564453125 0.9622395833333334 0.0478515625 0.07552083333333333
4 0.078125 0.90234375 0.087890625 0.1171875
4 0.275390625 0.96875 0.55078125 0.0625
0 0.78662109375 0.5950520833333334 0.4267578125 0.3307291666666667
2 0.787109375 0.4661458333333333 0.396484375 0.057291666666666664
6 0.78662109375 0.5859375 0.4267578125 0.171875
2 0.787109375 0.8229166666666666 0.396484375 0.026041666666666668
0 0.78662109375 0.8971354166666666 0.4267578125 0.20572916666666666
2 0.787109375 0.8697916666666666 0.396484375 0.057291666666666664
7 0.94677734375 0.8229166666666666 0.0166015625 0.018229166666666668
7 0.97021484375 0.8229166666666666 0.0302734375 0.018229166666666668
6 0.78662109375 0.9518229166666666 0.4267578125 0.09635416666666667