3 0.31103515625 0.06770833333333333 0.2568359375 0.13541666666666666
2 0.2265625 0.189453125 0.087890625 0.03515625
7 0.24462890625 0.25 0.1240234375 0.0234375
7 0.31103515625 0.3125 0.2568359375 0.1484375
7 0.28759765625 0.4166666666666667 0.2099609375 0.0234375
7 0.31103515625 0.4479166666666667 0.2568359375 0.0859375
7 0.31103515625 0.4947916666666667 0.2568359375 0.0546875
6 0.0234375 0.0078125 0.046875 0.015625
6 0.02294921875 0.03515625 0.0458984375 0.0234375
6 0.02880859375 0.06640625 0.0576171875 0.0234375
7 0.072265625 0.12890625 0.14453125 0.046875
1 0.01416015625 0.17578125 0.0283203125 0.028645833333333332
6 0.03125 0.21354166666666666 0.0625 0.0234375
2 0.0302734375 0.2630208333333333 0.060546875 0.020833333333333332
6 0.02099609375 0.296875 0.0419921875 0.0234375
6 0.01513671875 0.328125 0.0302734375 0.0234375
6 0.01611328125 0.359375 0.0322265625 0.0234375
4 0.03173828125 0.419921875 0.0634765625 0.04296875
4 0.44873046875 0.345703125 0.0087890625 0.01171875
4 0.47509765625 0.345703125 0.0087890625 0.01171875
4 0.50146484375 0.345703125 0.0087890625 0.01171875
4 0.52880859375 0.345703125 0.0087890625 0.01171875
4 0.55517578125 0.345703125 0.0087890625 0.01171875
7 0.5849609375 0.181640625 0.291015625 0.36328125
0 0.5849609375 0.181640625 0.291015625 0.36328125
2 0.46923828125 0.232421875 0.0595703125 0.02734375
6 0.572265625 0.2779947916666667 0.265625 0.048177083333333336
7 0.865234375 0.181640625 0.267578125 0.36328125
0 0.865234375 0.181640625 0.267578125 0.36328125
2 0.8662109375 0.248046875 0.20703125 0.06380208333333333
6 0.8662109375 0.3092447916666667 0.20703125 0.048177083333333336
2 0.7197265625 0.4290364583333333 0.560546875 0.032552083333333336
4 0.2197265625 0.7571614583333334 0.439453125 0.4544270833333333
2 0.16845703125 0.9537760416666666 0.3369140625 0.09244791666666667
0 0.46044921875 0.5592447916666666 0.0419921875 0.053385416666666664
4 0.837890625 0.5872395833333334 0.32421875 0.11458333333333333
1 0.7177734375 0.7076822916666666 0.556640625 0.06380208333333333
0 0.47021484375 0.75390625 0.0615234375 0.0234375
2 0.66064453125 0.9420572916666666 0.2841796875 0.05078125
7 0.66064453125 0.990234375 0.2802734375 0.01953125
2 0.91552734375 0.9420572916666666 0.1689453125 0.05078125
7 0.90869140625 0.990234375 0.1044921875 0.01953125
6 0.97998046875 0.990234375 0.0400390625 0.01953125