4 0.12109375 0.057942708333333336 0.1953125 0.08203125
0 0.12109375 0.057942708333333336 0.1953125 0.08203125
2 0.26708984375 0.3567708333333333 0.4873046875 0.265625
4 0.81494140625 0.24479166666666666 0.3701171875 0.4895833333333333
2 0.72412109375 0.3151041666666667 0.1884765625 0.0546875
7 0.72412109375 0.361328125 0.1884765625 0.029947916666666668
4 0.89208984375 0.13736979166666666 0.0205078125 0.10546875
4 0.89208984375 0.267578125 0.0205078125 0.10546875
4 0.89208984375 0.3971354166666667 0.0205078125 0.10416666666666667
0 0.76806640625 0.020833333333333332 0.2763671875 0.041666666666666664
0 0.75732421875 0.10416666666666667 0.0869140625 0.046875
0 0.8740234375 0.10416666666666667 0.12890625 0.046875
4 0.31494140625 0.7063802083333334 0.6298828125 0.43359375
7 0.0302734375 0.533203125 0.060546875 0.04296875
2 0.31494140625 0.9759114583333334 0.6298828125 0.048177083333333336
7 0.81494140625 0.7447916666666666 0.3701171875 0.5104166666666666
0 0.81494140625 0.7447916666666666 0.3701171875 0.5104166666666666