4 0.052734375 0.048828125 0.083984375 0.09765625
2 0.36083984375 0.064453125 0.3974609375 0.12890625
0 0.03955078125 0.16927083333333334 0.0576171875 0.041666666666666664
0 0.1162109375 0.16927083333333334 0.05078125 0.041666666666666664
0 0.22900390625 0.16927083333333334 0.1298828125 0.041666666666666664
0 0.3486328125 0.16927083333333334 0.064453125 0.041666666666666664
0 0.4814453125 0.16927083333333334 0.15625 0.041666666666666664
4 0.28515625 0.3229166666666667 0.548828125 0.171875
0 0.28515625 0.3229166666666667 0.548828125 0.171875
7 0.61279296875 0.041015625 0.1064453125 0.02734375
6 0.6845703125 0.041015625 0.037109375 0.02734375
6 0.72802734375 0.041015625 0.0439453125 0.02734375
7 0.751953125 0.041015625 0.00390625 0.02734375
4 0.77978515625 0.28125 0.4404296875 0.2552083333333333
4 0.1650390625 0.52734375 0.296875 0.23697916666666666
0 0.1650390625 0.52734375 0.296875 0.23697916666666666
2 0.072265625 0.5807291666666666 0.08203125 0.03125
7 0.1650390625 0.6126302083333334 0.267578125 0.02734375
4 0.44287109375 0.52734375 0.2333984375 0.23697916666666666
0 0.44287109375 0.52734375 0.2333984375 0.23697916666666666
2 0.37646484375 0.5807291666666666 0.0712890625 0.03125
7 0.4501953125 0.6126302083333334 0.21875 0.02734375
2 0.1650390625 0.732421875 0.279296875 0.040364583333333336
4 0.06103515625 0.8138020833333334 0.0732421875 0.09895833333333333
6 0.19189453125 0.779296875 0.1728515625 0.022135416666666668
7 0.1650390625 0.8294270833333334 0.28125 0.07291666666666667
6 0.13623046875 0.912109375 0.2236328125 0.022135416666666668
7 0.1650390625 0.9361979166666666 0.28125 0.020833333333333332
6 0.08984375 0.9680989583333334 0.130859375 0.022135416666666668
7 0.1650390625 0.9908854166666666 0.28125 0.018229166666666668
2 0.447265625 0.732421875 0.224609375 0.040364583333333336
4 0.37109375 0.8138020833333334 0.07421875 0.09895833333333333
6 0.46240234375 0.779296875 0.0947265625 0.022135416666666668
7 0.44677734375 0.8391927083333334 0.2255859375 0.09244791666666667
6 0.4267578125 0.912109375 0.185546875 0.022135416666666668
7 0.44677734375 0.9361979166666666 0.2255859375 0.020833333333333332
6 0.4072265625 0.9680989583333334 0.146484375 0.022135416666666668
7 0.44677734375 0.9908854166666666 0.2255859375 0.018229166666666668
0 0.71484375 0.41796875 0.142578125 0.018229166666666668
0 0.814453125 0.41796875 0.056640625 0.018229166666666668
2 0.77978515625 0.6907552083333334 0.4404296875 0.06640625
2 0.818359375 0.8307291666666666 0.36328125 0.13802083333333334
0 0.896484375 0.9778645833333334 0.20703125 0.044270833333333336