4 0.1796875 0.06315104166666667 0.359375 0.12630208333333334
0 0.09619140625 0.014322916666666666 0.1923828125 0.028645833333333332
0 0.287109375 0.016927083333333332 0.14453125 0.033854166666666664
6 0.1796875 0.154296875 0.359375 0.040364583333333336
2 0.1640625 0.353515625 0.328125 0.13151041666666666
0 0.41357421875 0.022135416666666668 0.0498046875 0.03125
0 0.52294921875 0.022135416666666668 0.1181640625 0.03125
0 0.65283203125 0.022135416666666668 0.0908203125 0.03125
7 0.3779296875 0.07421875 0.037109375 0.020833333333333332
0 0.3779296875 0.07682291666666667 0.037109375 0.026041666666666668
7 0.37646484375 0.10546875 0.0341796875 0.020833333333333332
0 0.6796875 0.10546875 0.640625 0.03125
7 0.37255859375 0.13671875 0.0263671875 0.020833333333333332
0 0.6796875 0.13671875 0.640625 0.03125
7 0.37109375 0.16796875 0.0234375 0.020833333333333332
0 0.6796875 0.16796875 0.640625 0.03125
7 0.380859375 0.19921875 0.04296875 0.020833333333333332
0 0.6796875 0.19921875 0.640625 0.03125
7 0.6796875 0.2981770833333333 0.640625 0.0625
7 0.6796875 0.3658854166666667 0.640625 0.03125
2 0.05908203125 0.7005208333333334 0.1181640625 0.125
2 0.0654296875 0.7936197916666666 0.130859375 0.032552083333333336
4 0.1796875 0.720703125 0.359375 0.55859375
4 0.1796875 0.720703125 0.359375 0.55859375
1 0.6796875 0.46875 0.640625 0.0625
2 0.6796875 0.6959635416666666 0.640625 0.06901041666666667
2 0.6796875 0.779296875 0.640625 0.07942708333333333
0 0.60546875 0.880859375 0.30859375 0.06380208333333333
0 0.6796875 0.9361979166666666 0.640625 0.049479166666666664
4 0.6796875 0.7096354166666666 0.640625 0.5807291666666666