4 0.19677734375 0.06901041666666667 0.3935546875 0.1171875
2 0.17822265625 0.236328125 0.3564453125 0.15494791666666666
0 0.06591796875 0.3541666666666667 0.1318359375 0.041666666666666664
0 0.1904296875 0.3541666666666667 0.07421875 0.041666666666666664
0 0.2841796875 0.3541666666666667 0.068359375 0.041666666666666664
5 0.4462890625 0.357421875 0.11328125 0.037760416666666664
4 0.09033203125 0.5846354166666666 0.1806640625 0.3255208333333333
0 0.09033203125 0.5859375 0.1806640625 0.328125
4 0.36474609375 0.5846354166666666 0.3291015625 0.3255208333333333
0 0.36474609375 0.5859375 0.3291015625 0.328125
4 0.3505859375 0.5846354166666666 0.29296875 0.3255208333333333
7 0.55908203125 0.004557291666666667 0.0595703125 0.009114583333333334
0 0.56396484375 0.015625 0.0693359375 0.03125
7 0.560546875 0.001953125 0.013671875 0.00390625
0 0.6328125 0.009765625 0.20703125 0.01953125
7 0.5791015625 0.001953125 0.0078125 0.00390625
7 0.6513671875 0.001953125 0.12890625 0.00390625
6 0.7236328125 0.0032552083333333335 0.015625 0.006510416666666667
4 0.5390625 0.008463541666666666 0.01953125 0.016927083333333332
7 0.7861328125 0.001953125 0.013671875 0.00390625
0 0.8154296875 0.009765625 0.16015625 0.01953125
7 0.8037109375 0.001953125 0.0078125 0.00390625
7 0.8447265625 0.001953125 0.064453125 0.00390625
6 0.8828125 0.0032552083333333335 0.015625 0.006510416666666667
4 0.75732421875 0.008463541666666666 0.0341796875 0.016927083333333332
7 0.9453125 0.001953125 0.013671875 0.00390625
0 0.947265625 0.009765625 0.10546875 0.01953125
7 0.9638671875 0.001953125 0.0078125 0.00390625
4 0.91650390625 0.008463541666666666 0.0341796875 0.016927083333333332
0 0.564453125 0.21223958333333334 0.0703125 0.057291666666666664
2 0.58154296875 0.3938802083333333 0.1044921875 0.03515625
7 0.65087890625 0.453125 0.2431640625 0.0546875
2 0.61962890625 0.6803385416666666 0.1806640625 0.03515625
7 0.65087890625 0.7311197916666666 0.2431640625 0.037760416666666664
6 0.57080078125 0.6263020833333334 0.0830078125 0.020833333333333332
7 0.75634765625 0.6549479166666666 0.4541015625 0.078125
0 0.62451171875 0.7311197916666666 0.1904296875 0.02734375
4 0.220703125 0.8287760416666666 0.44140625 0.15755208333333334
0 0.220703125 0.8287760416666666 0.44140625 0.15755208333333334
2 0.17626953125 0.9609375 0.3525390625 0.078125
0 0.50439453125 0.9029947916666666 0.0498046875 0.16536458333333334
2 0.50439453125 0.9029947916666666 0.0498046875 0.16536458333333334
3 0.2646484375 0.875 0.529296875 0.25
4 0.6865234375 0.875 0.314453125 0.25
4 0.927734375 0.875 0.14453125 0.25