4 0.3525390625 0.018229166666666668 0.025390625 0.033854166666666664
0 0.2548828125 0.024088541666666668 0.509765625 0.048177083333333336
7 0.44189453125 0.018229166666666668 0.1357421875 0.033854166666666664
2 0.2421875 0.14388020833333334 0.484375 0.18880208333333334
4 0.2421875 0.3489583333333333 0.484375 0.22135416666666666
0 0.2421875 0.3489583333333333 0.484375 0.22135416666666666
0 0.6123046875 0.044270833333333336 0.205078125 0.08854166666666667
5 0.60205078125 0.12109375 0.1845703125 0.0234375
1 0.57373046875 0.17838541666666666 0.0732421875 0.033854166666666664
1 0.6611328125 0.17903645833333334 0.06640625 0.045572916666666664
6 0.837890625 0.033854166666666664 0.109375 0.028645833333333332
6 0.96142578125 0.033854166666666664 0.0576171875 0.028645833333333332
6 0.85009765625 0.14388020833333334 0.1337890625 0.024739583333333332
6 0.8349609375 0.177734375 0.103515625 0.024739583333333332
6 0.97802734375 0.14388020833333334 0.0439453125 0.024739583333333332
6 0.97314453125 0.177734375 0.0341796875 0.024739583333333332
4 0.73486328125 0.349609375 0.4501953125 0.22005208333333334
7 0.7734375 0.46484375 0.33203125 0.010416666666666666
7 0.93896484375 0.8509114583333334 0.0400390625 0.18880208333333334
4 0.56298828125 0.634765625 0.0185546875 0.016927083333333332
7 0.60498046875 0.6321614583333334 0.0087890625 0.053385416666666664
0 0.70849609375 0.634765625 0.1923828125 0.053385416666666664
4 0.82275390625 0.634765625 0.0185546875 0.016927083333333332
2 0.7548828125 0.7154947916666666 0.490234375 0.04296875
4 0.5966796875 0.865234375 0.083984375 0.11328125
7 0.5966796875 0.9700520833333334 0.046875 0.0234375
4 0.8408203125 0.865234375 0.083984375 0.11328125
7 0.8408203125 0.9700520833333334 0.046875 0.0234375