0 0.27490234375 0.1796875 0.5498046875 0.359375
7 0.03759765625 0.18229166666666666 0.0751953125 0.10677083333333333
7 0.041015625 0.2526041666666667 0.08203125 0.026041666666666668
4 0.32568359375 0.1796875 0.4482421875 0.359375
4 0.81640625 0.19075520833333334 0.17578125 0.23567708333333334
0 0.81640625 0.21614583333333334 0.21484375 0.2864583333333333
7 0.81640625 0.3404947916666667 0.095703125 0.03515625
4 0.9716796875 0.19075520833333334 0.056640625 0.23567708333333334
0 0.9619140625 0.21614583333333334 0.076171875 0.2864583333333333
6 0.12548828125 0.3645833333333333 0.0947265625 0.010416666666666666
6 0.24560546875 0.3645833333333333 0.1025390625 0.010416666666666666
6 0.35009765625 0.3645833333333333 0.0615234375 0.010416666666666666
6 0.43310546875 0.3645833333333333 0.0595703125 0.010416666666666666
6 0.51025390625 0.3645833333333333 0.0517578125 0.010416666666666666
2 0.13671875 0.5833333333333334 0.2734375 0.1328125
7 0.06884765625 0.689453125 0.1376953125 0.03515625
7 0.046875 0.4778645833333333 0.09375 0.013020833333333334
7 0.095703125 0.7981770833333334 0.189453125 0.018229166666666668
0 0.115234375 0.7975260416666666 0.23046875 0.061197916666666664
4 0.36376953125 0.7291666666666666 0.0283203125 0.015625
4 0.42431640625 0.7272135416666666 0.0869140625 0.009114583333333334
4 0.36376953125 0.755859375 0.0283203125 0.01953125
4 0.42431640625 0.7545572916666666 0.0869140625 0.009114583333333334
4 0.36376953125 0.7884114583333334 0.0283203125 0.037760416666666664
4 0.42431640625 0.7864583333333334 0.0869140625 0.010416666666666666
4 0.36376953125 0.8209635416666666 0.0283203125 0.01953125
4 0.42431640625 0.818359375 0.0869140625 0.009114583333333334
4 0.36376953125 0.8483072916666666 0.0283203125 0.024739583333333332
4 0.42431640625 0.8463541666666666 0.0869140625 0.010416666666666666
4 0.36376953125 0.880859375 0.0283203125 0.037760416666666664
4 0.42431640625 0.87890625 0.0869140625 0.010416666666666666
7 0.35693359375 0.9186197916666666 0.0068359375 0.01171875
7 0.41455078125 0.9186197916666666 0.1103515625 0.01171875
7 0.509765625 0.6959635416666666 0.080078125 0.040364583333333336
2 0.67236328125 0.3854166666666667 0.2451171875 0.052083333333333336
7 0.67236328125 0.5032552083333334 0.2451171875 0.11848958333333333
2 0.77490234375 0.79296875 0.4501953125 0.041666666666666664
7 0.57861328125 0.919921875 0.0576171875 0.06380208333333333
4 0.6875 0.8854166666666666 0.052734375 0.09114583333333333
0 0.6875 0.8841145833333334 0.052734375 0.03125
2 0.814453125 0.8587239583333334 0.14453125 0.02734375
7 0.79541015625 0.9016927083333334 0.1064453125 0.029947916666666668
7 0.87255859375 0.9016927083333334 0.0498046875 0.029947916666666668
7 0.849609375 0.9186197916666666 0.21484375 0.06380208333333333
4 0.9931640625 0.8860677083333334 0.013671875 0.09244791666666667
0 0.9931640625 0.8841145833333334 0.013671875 0.03125