7 0.12841796875 0.047526041666666664 0.2568359375 0.053385416666666664
7 0.0322265625 0.10416666666666667 0.064453125 0.026041666666666668
7 0.12841796875 0.14713541666666666 0.2568359375 0.0234375
7 0.12841796875 0.17708333333333334 0.2568359375 0.0234375
7 0.12841796875 0.20703125 0.2568359375 0.0234375
6 0.08349609375 0.2858072916666667 0.1669921875 0.029947916666666668
0 0.099609375 0.2955729166666667 0.19921875 0.07552083333333333
7 0.0546875 0.3053385416666667 0.08203125 0.01953125
7 0.00146484375 0.365234375 0.0029296875 0.02734375
6 0.0546875 0.3658854166666667 0.10546875 0.026041666666666668
7 0.10888671875 0.365234375 0.0048828125 0.02734375
7 0.12841796875 0.4361979166666667 0.2568359375 0.036458333333333336
4 0.46728515625 0.2565104166666667 0.3447265625 0.4661458333333333
7 0.3017578125 0.036458333333333336 0.013671875 0.026041666666666668
7 0.3125 0.036458333333333336 0.009765625 0.026041666666666668
4 0.7890625 0.09505208333333333 0.09765625 0.13020833333333334
7 0.81982421875 0.208984375 0.3603515625 0.032552083333333336
7 0.81982421875 0.2552083333333333 0.3603515625 0.026041666666666668
7 0.7890625 0.33203125 0.078125 0.049479166666666664
0 0.7890625 0.33203125 0.078125 0.049479166666666664
4 0.31982421875 0.5462239583333334 0.6396484375 0.11328125
0 0.31982421875 0.5462239583333334 0.6396484375 0.11328125
7 0.31982421875 0.5546875 0.6396484375 0.033854166666666664
3 0.31982421875 0.6490885416666666 0.6396484375 0.09505208333333333
2 0.15283203125 0.9153645833333334 0.3056640625 0.0390625
4 0.2099609375 0.9772135416666666 0.419921875 0.045572916666666664
0 0.2099609375 0.9772135416666666 0.419921875 0.045572916666666664
0 0.54541015625 0.9674479166666666 0.1884765625 0.026041666666666668
7 0.31982421875 0.9850260416666666 0.6396484375 0.029947916666666668
7 0.740234375 0.7239583333333334 0.201171875 0.109375
7 0.67041015625 0.830078125 0.0615234375 0.024739583333333332
7 0.7109375 0.828125 0.021484375 0.026041666666666668
6 0.73486328125 0.8502604166666666 0.1904296875 0.0703125
7 0.73876953125 0.9140625 0.1982421875 0.109375
7 0.740234375 0.9713541666666666 0.201171875 0.057291666666666664
4 0.9296875 0.5670572916666666 0.078125 0.15494791666666666
1 0.9453125 0.6875 0.109375 0.044270833333333336
4 0.90234375 0.767578125 0.0234375 0.032552083333333336
2 0.94873046875 0.765625 0.0400390625 0.03125
7 0.9013671875 0.837890625 0.0234375 0.032552083333333336
2 0.951171875 0.8365885416666666 0.044921875 0.032552083333333336
4 0.90234375 0.9069010416666666 0.0234375 0.032552083333333336
0 0.92431640625 0.9016927083333334 0.0673828125 0.032552083333333336
2 0.943359375 0.9069010416666666 0.029296875 0.032552083333333336
3 0.953125 0.98828125 0.09375 0.0234375