3 0.3095703125 0.16145833333333334 0.279296875 0.3229166666666667
2 0.28662109375 0.045572916666666664 0.3251953125 0.09114583333333333
7 0.26953125 0.13802083333333334 0.359375 0.052083333333333336
7 0.31591796875 0.19661458333333334 0.1708984375 0.0234375
4 0.2275390625 0.3776041666666667 0.443359375 0.24479166666666666
0 0.2275390625 0.3776041666666667 0.443359375 0.24479166666666666
0 0.724609375 0.16080729166666666 0.55078125 0.3216145833333333
4 0.724609375 0.16080729166666666 0.55078125 0.3216145833333333
0 0.78125 0.2845052083333333 0.0078125 0.01171875
0 0.810546875 0.2845052083333333 0.0078125 0.01171875
0 0.83984375 0.2845052083333333 0.0078125 0.01171875
0 0.5458984375 0.4127604166666667 0.193359375 0.17447916666666666
7 0.53857421875 0.380859375 0.1787109375 0.032552083333333336
2 0.53857421875 0.4088541666666667 0.1787109375 0.026041666666666668
0 0.810546875 0.4127604166666667 0.330078125 0.17447916666666666
7 0.810546875 0.380859375 0.30078125 0.032552083333333336
2 0.810546875 0.4088541666666667 0.30078125 0.026041666666666668
2 0.224609375 0.75 0.44921875 0.5
4 0.3037109375 0.634765625 0.291015625 0.26953125
2 0.3037109375 0.8020833333333334 0.291015625 0.06770833333333333
7 0.3037109375 0.9127604166666666 0.291015625 0.1171875
6 0.31005859375 0.9934895833333334 0.2783203125 0.013020833333333334
2 0.0595703125 0.5794270833333334 0.119140625 0.0703125
2 0.0595703125 0.7161458333333334 0.119140625 0.0703125
2 0.0595703125 0.8528645833333334 0.119140625 0.0703125
2 0.0595703125 0.9772135416666666 0.119140625 0.045572916666666664
4 0.130859375 0.734375 0.00390625 0.4270833333333333
4 0.46337890625 0.56640625 0.0283203125 0.036458333333333336
0 0.46337890625 0.56640625 0.0283203125 0.036458333333333336
3 0.73779296875 0.6829427083333334 0.5244140625 0.11848958333333333
4 0.724609375 0.9264322916666666 0.55078125 0.14713541666666666
4 0.724609375 0.9264322916666666 0.55078125 0.14713541666666666
4 0.724609375 0.9264322916666666 0.55078125 0.14713541666666666