7 0.3046875 0.008463541666666666 0.609375 0.016927083333333332
7 0.3046875 0.060546875 0.609375 0.048177083333333336
7 0.09716796875 0.11588541666666667 0.1943359375 0.0234375
6 0.25927734375 0.11588541666666667 0.1318359375 0.0234375
7 0.3046875 0.12760416666666666 0.609375 0.046875
6 0.5146484375 0.13932291666666666 0.189453125 0.0234375
7 0.2138671875 0.18880208333333334 0.0546875 0.0234375
1 0.421875 0.19010416666666666 0.365234375 0.028645833333333332
1 0.19677734375 0.22135416666666666 0.0126953125 0.018229166666666668
7 0.26904296875 0.22265625 0.1259765625 0.0234375
1 0.19677734375 0.24739583333333334 0.0126953125 0.018229166666666668
7 0.2802734375 0.24869791666666666 0.1484375 0.0234375
1 0.19677734375 0.2734375 0.0126953125 0.018229166666666668
7 0.271484375 0.2747395833333333 0.130859375 0.0234375
1 0.21484375 0.32421875 0.056640625 0.028645833333333332
6 0.07275390625 0.3723958333333333 0.1455078125 0.020833333333333332
6 0.02783203125 0.3932291666666667 0.0556640625 0.020833333333333332
7 0.2216796875 0.4361979166666667 0.443359375 0.0234375
7 0.44482421875 0.4361979166666667 0.0048828125 0.0234375
7 0.8046875 0.208984375 0.390625 0.41796875
4 0.65283203125 0.3665364583333333 0.0439453125 0.00390625
7 0.75732421875 0.4635416666666667 0.2958984375 0.026041666666666668
7 0.8046875 0.646484375 0.390625 0.045572916666666664
4 0.3046875 0.8346354166666666 0.609375 0.3307291666666667
7 0.37744140625 0.8346354166666666 0.4638671875 0.10677083333333333
4 0.8046875 0.8346354166666666 0.390625 0.3307291666666667
0 0.8046875 0.8346354166666666 0.390625 0.3307291666666667