4 0.1279296875 0.048177083333333336 0.17578125 0.09635416666666667
0 0.1279296875 0.08333333333333333 0.17578125 0.16666666666666666
7 0.1279296875 0.13736979166666666 0.17578125 0.05859375
4 0.3125 0.048177083333333336 0.17578125 0.09635416666666667
0 0.3125 0.09765625 0.17578125 0.1953125
7 0.3125 0.15169270833333334 0.17578125 0.08723958333333333
4 0.4970703125 0.048177083333333336 0.17578125 0.09635416666666667
0 0.4970703125 0.09765625 0.17578125 0.1953125
7 0.4970703125 0.15169270833333334 0.17578125 0.08723958333333333
7 0.61181640625 0.166015625 0.0361328125 0.11588541666666667
4 0.43212890625 0.4303385416666667 0.1806640625 0.05859375
0 0.43212890625 0.4303385416666667 0.1806640625 0.05859375
7 0.5859375 0.4108072916666667 0.087890625 0.01953125
4 0.81494140625 0.22981770833333334 0.3701171875 0.4596354166666667
0 0.10205078125 0.560546875 0.1767578125 0.20182291666666666
4 0.10205078125 0.4869791666666667 0.1767578125 0.0546875
6 0.10205078125 0.5462239583333334 0.1572265625 0.08463541666666667
6 0.10205078125 0.6009114583333334 0.1572265625 0.01953125
6 0.10205078125 0.6223958333333334 0.1572265625 0.018229166666666668
6 0.10205078125 0.64453125 0.1572265625 0.015625
7 0.10205078125 0.599609375 0.1572265625 0.01953125
6 0.068359375 0.6217447916666666 0.08984375 0.02734375
7 0.10205078125 0.64453125 0.1572265625 0.015625
0 0.28564453125 0.560546875 0.1767578125 0.20182291666666666
4 0.28564453125 0.4869791666666667 0.1767578125 0.0546875
6 0.28564453125 0.5462239583333334 0.1572265625 0.08463541666666667
6 0.28564453125 0.6009114583333334 0.1572265625 0.01953125
6 0.28564453125 0.6223958333333334 0.1572265625 0.018229166666666668
6 0.28564453125 0.64453125 0.1572265625 0.015625
7 0.28564453125 0.599609375 0.1572265625 0.01953125
6 0.2705078125 0.6217447916666666 0.126953125 0.02734375
7 0.28564453125 0.64453125 0.1572265625 0.015625
0 0.46923828125 0.560546875 0.1767578125 0.20182291666666666
4 0.46923828125 0.4869791666666667 0.1767578125 0.0546875
6 0.46923828125 0.5462239583333334 0.1572265625 0.08463541666666667
6 0.46923828125 0.6009114583333334 0.1572265625 0.01953125
6 0.46923828125 0.6223958333333334 0.1572265625 0.018229166666666668
6 0.46923828125 0.64453125 0.1572265625 0.015625
7 0.46923828125 0.599609375 0.1572265625 0.01953125
6 0.44775390625 0.6217447916666666 0.1142578125 0.02734375
7 0.46923828125 0.64453125 0.1572265625 0.015625
0 0.59716796875 0.560546875 0.0654296875 0.20182291666666666
6 0.60205078125 0.5462239583333334 0.0556640625 0.08463541666666667
6 0.60205078125 0.6009114583333334 0.0556640625 0.01953125
6 0.60205078125 0.6223958333333334 0.0556640625 0.018229166666666668
6 0.60205078125 0.64453125 0.0556640625 0.015625
7 0.60205078125 0.599609375 0.0556640625 0.01953125
6 0.60205078125 0.6217447916666666 0.0556640625 0.02734375
7 0.60205078125 0.64453125 0.0556640625 0.015625
2 0.2939453125 0.7571614583333334 0.587890625 0.03515625
2 0.04345703125 0.8502604166666666 0.0869140625 0.0859375
0 0.099609375 0.8736979166666666 0.19921875 0.1328125
6 0.04345703125 0.9069010416666666 0.0869140625 0.01953125
7 0.04345703125 0.9283854166666666 0.0869140625 0.0234375
4 0.150390625 0.8509114583333334 0.09765625 0.08723958333333333
2 0.34619140625 0.8502604166666666 0.2587890625 0.0859375
0 0.40234375 0.8736979166666666 0.37109375 0.1328125
6 0.34619140625 0.9069010416666666 0.2587890625 0.01953125
7 0.34619140625 0.9283854166666666 0.2587890625 0.0234375
4 0.5390625 0.8509114583333334 0.09765625 0.08723958333333333
0 0.26953125 0.9296875 0.10546875 0.0234375
4 0.150390625 0.9889322916666666 0.09765625 0.022135416666666668
2 0.34619140625 0.9889322916666666 0.2587890625 0.022135416666666668
0 0.40234375 0.9889322916666666 0.37109375 0.022135416666666668
4 0.5390625 0.9889322916666666 0.09765625 0.022135416666666668
7 0.81494140625 0.47265625 0.3701171875 0.026041666666666668
6 0.7900390625 0.5266927083333334 0.3203125 0.024739583333333332
6 0.68212890625 0.5514322916666666 0.1044921875 0.024739583333333332
0 0.81494140625 0.7923177083333334 0.3701171875 0.4075520833333333