7 0.064453125 0.017578125 0.08203125 0.03515625
0 0.064453125 0.021484375 0.09765625 0.04296875
7 0.16162109375 0.017578125 0.0810546875 0.03515625
0 0.1611328125 0.021484375 0.09765625 0.04296875
7 0.25830078125 0.015625 0.0302734375 0.020833333333333332
0 0.2578125 0.021484375 0.09765625 0.04296875
7 0.33203125 0.017578125 0.03515625 0.03515625
0 0.32763671875 0.021484375 0.0439453125 0.04296875
0 0.20947265625 0.4029947916666667 0.0107421875 0.022135416666666668
4 0.232421875 0.4016927083333333 0.01171875 0.014322916666666666
4 0.255859375 0.4016927083333333 0.01171875 0.014322916666666666
4 0.279296875 0.4016927083333333 0.01171875 0.014322916666666666
4 0.302734375 0.4016927083333333 0.01171875 0.014322916666666666
0 0.32568359375 0.4029947916666667 0.0107421875 0.022135416666666668
4 0.12109375 0.23893229166666666 0.23046875 0.2825520833333333
0 0.12548828125 0.23893229166666666 0.2509765625 0.2825520833333333
2 0.3076171875 0.12369791666666667 0.083984375 0.059895833333333336
6 0.3076171875 0.16536458333333334 0.083984375 0.020833333333333332
7 0.3076171875 0.23567708333333334 0.083984375 0.08854166666666667
6 0.28857421875 0.2981770833333333 0.0458984375 0.026041666666666668
2 0.171875 0.4583333333333333 0.34375 0.033854166666666664
2 0.17138671875 0.5234375 0.3427734375 0.052083333333333336
7 0.17236328125 0.6184895833333334 0.3447265625 0.11979166666666667
6 0.26953125 0.6653645833333334 0.046875 0.026041666666666668
7 0.62744140625 0.041666666666666664 0.5556640625 0.07291666666666667
2 0.62548828125 0.125 0.5517578125 0.036458333333333336
1 0.51708984375 0.22916666666666666 0.3037109375 0.08854166666666667
7 0.744140625 0.22916666666666666 0.083984375 0.0234375
0 0.744140625 0.22916666666666666 0.1328125 0.08854166666666667
4 0.6748046875 0.4641927083333333 0.650390625 0.22786458333333334
5 0.68994140625 0.38671875 0.0322265625 0.028645833333333332
5 0.82763671875 0.38671875 0.0498046875 0.028645833333333332
5 0.91796875 0.38671875 0.03515625 0.028645833333333332
2 0.71240234375 0.4680989583333333 0.0771484375 0.029947916666666668
2 0.8505859375 0.4680989583333333 0.095703125 0.029947916666666668
4 0.939453125 0.4694010416666667 0.068359375 0.029947916666666668
2 0.70849609375 0.560546875 0.0693359375 0.029947916666666668
2 0.8505859375 0.560546875 0.095703125 0.029947916666666668
4 0.939453125 0.5618489583333334 0.068359375 0.029947916666666668
2 0.3671875 0.6536458333333334 0.03515625 0.03125
2 0.7041015625 0.6529947916666666 0.060546875 0.029947916666666668
2 0.8505859375 0.6529947916666666 0.095703125 0.029947916666666668
4 0.939453125 0.654296875 0.068359375 0.029947916666666668
4 0.1376953125 0.8014322916666666 0.275390625 0.16536458333333334
2 0.1376953125 0.92578125 0.275390625 0.0625
7 0.1376953125 0.9837239583333334 0.275390625 0.032552083333333336
4 0.6748046875 0.80078125 0.650390625 0.1640625
0 0.6748046875 0.80078125 0.650390625 0.1640625
7 0.6748046875 0.72265625 0.650390625 0.0078125
4 0.36865234375 0.7734375 0.0166015625 0.020833333333333332
7 0.42236328125 0.7734375 0.0341796875 0.028645833333333332
7 0.40869140625 0.9557291666666666 0.1181640625 0.03125