7 0.041015625 0.06901041666666667 0.08203125 0.08854166666666667
0 0.2568359375 0.10677083333333333 0.259765625 0.21354166666666666
6 0.42529296875 0.004557291666666667 0.0478515625 0.009114583333333334
7 0.42529296875 0.06901041666666667 0.0478515625 0.08854166666666667
2 0.0419921875 0.2916666666666667 0.083984375 0.026041666666666668
4 0.05419921875 0.4134114583333333 0.1083984375 0.15755208333333334
0 0.05419921875 0.4127604166666667 0.1083984375 0.15625
2 0.05419921875 0.5299479166666666 0.1083984375 0.078125
4 0.30615234375 0.2845052083333333 0.2861328125 0.5690104166666666
0 0.30615234375 0.07942708333333333 0.2861328125 0.15885416666666666
2 0.314453125 0.20377604166666666 0.263671875 0.037760416666666664
0 0.3095703125 0.2643229166666667 0.251953125 0.033854166666666664
0 0.3095703125 0.296875 0.251953125 0.033854166666666664
0 0.3095703125 0.3294270833333333 0.251953125 0.033854166666666664
0 0.3095703125 0.3619791666666667 0.251953125 0.033854166666666664
0 0.3095703125 0.39453125 0.251953125 0.033854166666666664
0 0.3095703125 0.4270833333333333 0.251953125 0.033854166666666664
6 0.27294921875 0.4583333333333333 0.1787109375 0.026041666666666668
0 0.3095703125 0.4596354166666667 0.251953125 0.033854166666666664
4 0.4140625 0.556640625 0.04296875 0.024739583333333332
7 0.23193359375 0.5559895833333334 0.0966796875 0.026041666666666668
4 0.724609375 0.13151041666666666 0.55078125 0.2630208333333333
4 0.724609375 0.2109375 0.55078125 0.421875
4 0.724609375 0.1171875 0.55078125 0.234375
4 0.724609375 0.19661458333333334 0.55078125 0.3932291666666667
4 0.71826171875 0.10221354166666667 0.5380859375 0.20442708333333334
4 0.61083984375 0.10221354166666667 0.3232421875 0.20442708333333334
4 0.513671875 0.042317708333333336 0.1171875 0.08463541666666667
0 0.513671875 0.045572916666666664 0.1171875 0.09114583333333333
7 0.5712890625 0.06380208333333333 0.244140625 0.018229166666666668
4 0.71875 0.171875 0.01953125 0.026041666666666668
0 0.71875 0.171875 0.029296875 0.0390625
4 0.748046875 0.171875 0.01953125 0.026041666666666668
0 0.748046875 0.171875 0.029296875 0.0390625
7 0.8798828125 0.009765625 0.1953125 0.01953125
4 0.8896484375 0.171875 0.21484375 0.06510416666666667
4 0.71826171875 0.181640625 0.5380859375 0.36328125
4 0.724609375 0.1171875 0.55078125 0.234375
4 0.724609375 0.19661458333333334 0.55078125 0.3932291666666667
4 0.724609375 0.13151041666666666 0.55078125 0.2630208333333333
4 0.724609375 0.2109375 0.55078125 0.421875
2 0.62109375 0.525390625 0.291015625 0.022135416666666668
0 0.62109375 0.525390625 0.291015625 0.022135416666666668
6 0.50146484375 0.55078125 0.0517578125 0.020833333333333332
6 0.49658203125 0.56640625 0.0419921875 0.005208333333333333
4 0.478515625 0.3932291666666667 0.005859375 0.21875
4 0.62109375 0.505859375 0.291015625 0.009114583333333334
4 0.62109375 0.3932291666666667 0.291015625 0.21875
0 0.62109375 0.3932291666666667 0.291015625 0.21875
6 0.50244140625 0.30859375 0.0244140625 0.0234375
6 0.5244140625 0.4772135416666667 0.0703125 0.024739583333333332
2 0.87744140625 0.525390625 0.2021484375 0.022135416666666668
0 0.88818359375 0.525390625 0.2236328125 0.022135416666666668
6 0.802734375 0.55078125 0.052734375 0.020833333333333332
6 0.8544921875 0.56640625 0.15625 0.005208333333333333
4 0.779296875 0.3932291666666667 0.005859375 0.21875
4 0.88818359375 0.505859375 0.2236328125 0.009114583333333334
4 0.88818359375 0.3932291666666667 0.2236328125 0.21875
0 0.88818359375 0.3932291666666667 0.2236328125 0.21875
6 0.80322265625 0.30859375 0.0244140625 0.0234375
6 0.8271484375 0.4772135416666667 0.07421875 0.024739583333333332
1 0.2861328125 0.5794270833333334 0.275390625 0.020833333333333332
1 0.2861328125 0.619140625 0.275390625 0.045572916666666664
1 0.2861328125 0.6712239583333334 0.275390625 0.045572916666666664
7 0.3212890625 0.7161458333333334 0.150390625 0.028645833333333332
6 0.33251953125 0.7239583333333334 0.0712890625 0.013020833333333334
7 0.3310546875 0.7317708333333334 0.169921875 0.028645833333333332
1 0.18994140625 0.7252604166666666 0.0830078125 0.049479166666666664
7 0.220703125 0.8450520833333334 0.09375 0.018229166666666668
4 0.28515625 0.84375 0.025390625 0.033854166666666664
4 0.318359375 0.84375 0.025390625 0.033854166666666664
4 0.3515625 0.84375 0.025390625 0.033854166666666664
4 0.384765625 0.84375 0.025390625 0.033854166666666664
2 0.2900390625 0.9270833333333334 0.29296875 0.0234375
0 0.2900390625 0.9798177083333334 0.29296875 0.040364583333333336
4 0.5263671875 0.6790364583333334 0.154296875 0.20182291666666666
0 0.5263671875 0.8216145833333334 0.154296875 0.08333333333333333
7 0.47216796875 0.8216145833333334 0.0458984375 0.036458333333333336
7 0.47021484375 0.8854166666666666 0.0419921875 0.020833333333333332
7 0.474609375 0.9088541666666666 0.05078125 0.020833333333333332
1 0.84619140625 0.6302083333333334 0.3076171875 0.12239583333333333
4 0.8505859375 0.744140625 0.298828125 0.07682291666666667
1 0.78271484375 0.8567708333333334 0.1826171875 0.049479166666666664
0 0.912109375 0.8567708333333334 0.064453125 0.049479166666666664
0 0.98681640625 0.8567708333333334 0.0263671875 0.049479166666666664
2 0.5263671875 0.986328125 0.154296875 0.02734375
2 0.845703125 0.986328125 0.30859375 0.02734375