4 0.478515625 0.07161458333333333 0.22265625 0.14322916666666666
2 0.20654296875 0.044270833333333336 0.2607421875 0.0625
1 0.20654296875 0.12369791666666667 0.2607421875 0.0546875
2 0.3330078125 0.3704427083333333 0.513671875 0.02734375
0 0.14794921875 0.4420572916666667 0.1435546875 0.053385416666666664
0 0.32275390625 0.4420572916666667 0.1435546875 0.053385416666666664
0 0.49755859375 0.4420572916666667 0.1435546875 0.053385416666666664
6 0.6376953125 0.022135416666666668 0.080078125 0.044270833333333336
1 0.77978515625 0.014322916666666666 0.0205078125 0.028645833333333332
0 0.8388671875 0.014322916666666666 0.072265625 0.028645833333333332
4 0.89599609375 0.013671875 0.0244140625 0.02734375
0 0.93408203125 0.016927083333333332 0.1201171875 0.033854166666666664
7 0.94970703125 0.01171875 0.0693359375 0.020833333333333332
2 0.794921875 0.15559895833333334 0.41015625 0.06640625
7 0.794921875 0.21614583333333334 0.41015625 0.0546875
0 0.61669921875 0.3203125 0.0537109375 0.049479166666666664
7 0.7216796875 0.3196614583333333 0.115234375 0.022135416666666668
0 0.7294921875 0.3203125 0.130859375 0.0234375
4 0.79150390625 0.3190104166666667 0.0068359375 0.015625
4 0.294921875 0.734375 0.58984375 0.53125
7 0.140625 0.505859375 0.28125 0.07421875
7 0.11572265625 0.5768229166666666 0.2314453125 0.026041666666666668
6 0.02392578125 0.6028645833333334 0.0478515625 0.026041666666666668
7 0.068359375 0.6497395833333334 0.13671875 0.026041666666666668
6 0.10888671875 0.67578125 0.2177734375 0.026041666666666668
7 0.140625 0.72265625 0.28125 0.026041666666666668
0 0.03955078125 0.7877604166666666 0.0791015625 0.0625
4 0.294921875 0.712890625 0.58984375 0.48828125
4 0.294921875 0.708984375 0.58984375 0.48046875
2 0.28271484375 0.5930989583333334 0.5654296875 0.06901041666666667
4 0.13037109375 0.9798177083333334 0.2607421875 0.040364583333333336
0 0.13037109375 0.9798177083333334 0.2607421875 0.040364583333333336
4 0.41455078125 0.9798177083333334 0.2939453125 0.040364583333333336
0 0.41455078125 0.9798177083333334 0.2939453125 0.040364583333333336
6 0.794921875 0.734375 0.41015625 0.53125
4 0.80859375 0.7317708333333334 0.3828125 0.4114583333333333
0 0.80859375 0.7317708333333334 0.3828125 0.4114583333333333