2 0.24462890625 0.236328125 0.4892578125 0.02734375
6 0.068359375 0.2890625 0.13671875 0.020833333333333332
6 0.0654296875 0.3255208333333333 0.130859375 0.020833333333333332
6 0.068359375 0.3619791666666667 0.13671875 0.020833333333333332
6 0.07568359375 0.3997395833333333 0.1513671875 0.020833333333333332
6 0.07080078125 0.4361979166666667 0.1416015625 0.020833333333333332
7 0.1005859375 0.5559895833333334 0.201171875 0.020833333333333332
6 0.2333984375 0.5559895833333334 0.064453125 0.020833333333333332
7 0.24462890625 0.568359375 0.4892578125 0.045572916666666664
2 0.74462890625 0.026041666666666668 0.5107421875 0.033854166666666664
6 0.52197265625 0.06770833333333333 0.0654296875 0.026041666666666668
7 0.7412109375 0.08268229166666667 0.50390625 0.055989583333333336
7 0.57275390625 0.09765625 0.1669921875 0.026041666666666668
1 0.84912109375 0.15885416666666666 0.3017578125 0.036458333333333336
6 0.6953125 0.232421875 0.083984375 0.024739583333333332
6 0.80126953125 0.232421875 0.0908203125 0.024739583333333332
6 0.9169921875 0.232421875 0.10546875 0.024739583333333332
2 0.5947265625 0.6282552083333334 0.2109375 0.12109375
2 0.97412109375 0.5494791666666666 0.0517578125 0.0390625
7 0.97412109375 0.6022135416666666 0.0517578125 0.055989583333333336
7 0.03173828125 0.712890625 0.0634765625 0.040364583333333336
0 0.03564453125 0.71484375 0.0712890625 0.052083333333333336
7 0.11962890625 0.7135416666666666 0.0498046875 0.020833333333333332
0 0.119140625 0.71484375 0.09765625 0.052083333333333336
7 0.21630859375 0.712890625 0.0810546875 0.040364583333333336
0 0.2158203125 0.71484375 0.09765625 0.052083333333333336
7 0.31298828125 0.712890625 0.0810546875 0.040364583333333336
0 0.3125 0.71484375 0.09765625 0.052083333333333336
7 0.40966796875 0.712890625 0.0810546875 0.040364583333333336
0 0.4091796875 0.71484375 0.09765625 0.052083333333333336
7 0.48095703125 0.7135416666666666 0.0166015625 0.020833333333333332
0 0.47314453125 0.71484375 0.0322265625 0.052083333333333336
2 0.0966796875 0.8216145833333334 0.193359375 0.059895833333333336
6 0.01953125 0.86328125 0.0390625 0.020833333333333332
7 0.10302734375 0.93359375 0.2060546875 0.08854166666666667
4 0.3701171875 0.8268229166666666 0.23828125 0.0625
0 0.3701171875 0.8977864583333334 0.23828125 0.20442708333333334
4 0.38818359375 0.8841145833333334 0.2021484375 0.23177083333333334
0 0.38818359375 0.8815104166666666 0.2021484375 0.23697916666666666
4 0.74462890625 0.7962239583333334 0.5107421875 0.21484375
4 0.765625 0.7864583333333334 0.46875 0.125
4 0.51123046875 0.9453125 0.0439453125 0.044270833333333336
0 0.51123046875 0.9453125 0.0439453125 0.044270833333333336
4 0.572265625 0.9459635416666666 0.021484375 0.029947916666666668
0 0.61279296875 0.9453125 0.1201171875 0.046875
7 0.62744140625 0.9453125 0.0634765625 0.020833333333333332
1 0.8623046875 0.9453125 0.275390625 0.046875
4 0.74462890625 0.8444010416666666 0.5107421875 0.3111979166666667