2 0.25146484375 0.016276041666666668 0.1923828125 0.032552083333333336
2 0.267578125 0.06640625 0.224609375 0.08854166666666667
7 0.267578125 0.17578125 0.224609375 0.078125
0 0.267578125 0.2903645833333333 0.224609375 0.06770833333333333
6 0.20654296875 0.3828125 0.1025390625 0.026041666666666668
2 0.17138671875 0.6158854166666666 0.3427734375 0.06510416666666667
7 0.18994140625 0.6295572916666666 0.3798828125 0.07942708333333333
0 0.43310546875 0.026041666666666668 0.1064453125 0.052083333333333336
0 0.56298828125 0.018880208333333332 0.0517578125 0.037760416666666664
0 0.6162109375 0.018880208333333332 0.0546875 0.037760416666666664
0 0.720703125 0.018880208333333332 0.154296875 0.037760416666666664
0 0.8505859375 0.018880208333333332 0.10546875 0.037760416666666664
0 0.95166015625 0.018880208333333332 0.0966796875 0.037760416666666664
4 0.51025390625 0.21875 0.2607421875 0.3333333333333333
0 0.51025390625 0.21875 0.2607421875 0.3333333333333333
2 0.49755859375 0.521484375 0.2353515625 0.17838541666666666
7 0.50244140625 0.6419270833333334 0.2451171875 0.0546875
4 0.8056640625 0.224609375 0.30078125 0.30078125
0 0.8056640625 0.224609375 0.30078125 0.30078125
7 0.9853515625 0.08528645833333333 0.029296875 0.022135416666666668
7 0.98095703125 0.3489583333333333 0.0205078125 0.0234375
7 0.68798828125 0.4283854166666667 0.0654296875 0.0234375
2 0.7861328125 0.4583333333333333 0.26171875 0.026041666666666668
7 0.6650390625 0.49609375 0.01953125 0.0234375
7 0.73779296875 0.49609375 0.0986328125 0.0234375
7 0.6767578125 0.5611979166666666 0.04296875 0.0234375
2 0.783203125 0.6022135416666666 0.255859375 0.048177083333333336
7 0.6650390625 0.65234375 0.01953125 0.0234375
7 0.72021484375 0.65234375 0.0634765625 0.0234375
7 0.9853515625 0.4283854166666667 0.029296875 0.0234375
7 0.97998046875 0.5182291666666666 0.0185546875 0.0234375
7 0.9853515625 0.5833333333333334 0.029296875 0.0234375
7 0.97998046875 0.666015625 0.0185546875 0.006510416666666667
7 0.18994140625 0.8893229166666666 0.3798828125 0.19791666666666666
4 0.46630859375 0.7233072916666666 0.1728515625 0.10807291666666667
2 0.67822265625 0.7135416666666666 0.1982421875 0.026041666666666668
2 0.4521484375 0.9055989583333334 0.03515625 0.029947916666666668
2 0.47509765625 0.9407552083333334 0.0810546875 0.029947916666666668
4 0.59228515625 0.9544270833333334 0.0615234375 0.018229166666666668
2 0.70556640625 0.9055989583333334 0.0595703125 0.029947916666666668
2 0.708984375 0.9407552083333334 0.06640625 0.029947916666666668
4 0.83349609375 0.9544270833333334 0.0615234375 0.018229166666666668
2 0.93701171875 0.9055989583333334 0.0400390625 0.029947916666666668
2 0.95849609375 0.9407552083333334 0.0830078125 0.029947916666666668