7 0.2998046875 0.09440104166666667 0.599609375 0.13151041666666666
7 0.2998046875 0.23372395833333334 0.599609375 0.13151041666666666
7 0.2998046875 0.384765625 0.599609375 0.13151041666666666
2 0.69677734375 0.15299479166666666 0.1865234375 0.10546875
7 0.70361328125 0.21744791666666666 0.2001953125 0.026041666666666668
2 0.70068359375 0.275390625 0.1943359375 0.07942708333333333
7 0.70361328125 0.3268229166666667 0.2001953125 0.026041666666666668
2 0.6923828125 0.3717447916666667 0.177734375 0.053385416666666664
7 0.70361328125 0.41015625 0.2001953125 0.026041666666666668
2 0.69970703125 0.4440104166666667 0.1923828125 0.03125
4 0.876953125 0.13411458333333334 0.05078125 0.06770833333333333
0 0.876953125 0.13411458333333334 0.05078125 0.06770833333333333
2 0.95556640625 0.13997395833333334 0.0888671875 0.07942708333333333
7 0.95556640625 0.19140625 0.0888671875 0.026041666666666668
4 0.876953125 0.24348958333333334 0.05078125 0.06770833333333333
0 0.876953125 0.24348958333333334 0.05078125 0.06770833333333333
2 0.95556640625 0.2623697916666667 0.0888671875 0.10546875
7 0.95556640625 0.3268229166666667 0.0888671875 0.026041666666666668
4 0.876953125 0.37890625 0.05078125 0.06770833333333333
0 0.876953125 0.37890625 0.05078125 0.06770833333333333
2 0.95556640625 0.384765625 0.0888671875 0.07942708333333333
7 0.95556640625 0.4361979166666667 0.0888671875 0.026041666666666668
0 0.01318359375 0.4947916666666667 0.0263671875 0.0234375
7 0.07763671875 0.494140625 0.1044921875 0.022135416666666668
0 0.23193359375 0.4947916666666667 0.2060546875 0.0234375
2 0.26513671875 0.5787760416666666 0.5302734375 0.04296875
2 0.08642578125 0.642578125 0.1728515625 0.03515625
7 0.25634765625 0.7194010416666666 0.5126953125 0.08463541666666667
0 0.33203125 0.7513020833333334 0.103515625 0.0234375
2 0.26513671875 0.8092447916666666 0.5302734375 0.04296875
2 0.2578125 0.8997395833333334 0.515625 0.033854166666666664
6 0.03955078125 0.9446614583333334 0.0791015625 0.022135416666666668
6 0.15478515625 0.9446614583333334 0.0732421875 0.022135416666666668
6 0.2529296875 0.9446614583333334 0.044921875 0.022135416666666668
6 0.3671875 0.9446614583333334 0.107421875 0.022135416666666668
6 0.04931640625 0.9759114583333334 0.0986328125 0.022135416666666668
6 0.20556640625 0.9759114583333334 0.1376953125 0.022135416666666668
6 0.39208984375 0.9759114583333334 0.1552734375 0.022135416666666668
4 0.63134765625 0.6354166666666666 0.0634765625 0.2734375
0 0.63134765625 0.6354166666666666 0.0634765625 0.2734375
4 0.78515625 0.6354166666666666 0.205078125 0.2734375
0 0.78515625 0.6354166666666666 0.205078125 0.2734375
2 0.7802734375 0.8561197916666666 0.1953125 0.11067708333333333
2 0.712890625 0.9361979166666666 0.060546875 0.020833333333333332
4 0.95361328125 0.6354166666666666 0.0927734375 0.2734375
0 0.95361328125 0.6354166666666666 0.0927734375 0.2734375
2 0.95361328125 0.8756510416666666 0.0927734375 0.14973958333333334
2 0.9384765625 0.9752604166666666 0.0625 0.020833333333333332
7 0.7998046875 0.9869791666666666 0.400390625 0.026041666666666668