7 0.15673828125 0.3196614583333333 0.3134765625 0.13151041666666666
7 0.15673828125 0.458984375 0.3134765625 0.13151041666666666
7 0.15673828125 0.6100260416666666 0.3134765625 0.13151041666666666
4 0.4736328125 0.083984375 0.205078125 0.05078125
2 0.57421875 0.22591145833333334 0.40625 0.13671875
7 0.57421875 0.3248697916666667 0.40625 0.06380208333333333
6 0.4697265625 0.4342447916666667 0.134765625 0.022135416666666668
0 0.4697265625 0.4342447916666667 0.197265625 0.07421875
6 0.4697265625 0.5026041666666666 0.126953125 0.020833333333333332
4 0.1796875 0.8444010416666666 0.359375 0.3111979166666667
7 0.1796875 0.98828125 0.359375 0.0234375
4 0.904296875 0.8665364583333334 0.19140625 0.2669270833333333
2 0.5791015625 0.802734375 0.369140625 0.22786458333333334
7 0.5791015625 0.9635416666666666 0.369140625 0.07291666666666667