4 0.201171875 0.134765625 0.40234375 0.26953125
2 0.19384765625 0.10872395833333333 0.3876953125 0.04296875
7 0.19384765625 0.15364583333333334 0.3876953125 0.028645833333333332
4 0.07861328125 0.2721354166666667 0.1572265625 0.13541666666666666
4 0.28662109375 0.2721354166666667 0.2314453125 0.13541666666666666
7 0.53564453125 0.169921875 0.2080078125 0.33984375
6 0.7197265625 0.009765625 0.16015625 0.01953125
6 0.84228515625 0.009765625 0.0419921875 0.01953125
1 0.94189453125 0.011067708333333334 0.1162109375 0.022135416666666668
3 0.81982421875 0.15755208333333334 0.3603515625 0.1171875
0 0.25439453125 0.3450520833333333 0.1025390625 0.010416666666666666
0 0.3974609375 0.3450520833333333 0.15234375 0.010416666666666666
0 0.517578125 0.3450520833333333 0.056640625 0.010416666666666666
0 0.6005859375 0.3450520833333333 0.078125 0.010416666666666666
2 0.1826171875 0.4739583333333333 0.365234375 0.052083333333333336
7 0.1826171875 0.591796875 0.365234375 0.11848958333333333
0 0.0341796875 0.712890625 0.068359375 0.06380208333333333
2 0.31982421875 0.8815104166666666 0.6396484375 0.041666666666666664
2 0.05078125 0.9485677083333334 0.1015625 0.02734375
7 0.03759765625 0.98828125 0.0751953125 0.0234375
7 0.0888671875 0.98828125 0.177734375 0.0234375
4 0.2578125 0.9641927083333334 0.052734375 0.07161458333333333
0 0.2578125 0.97265625 0.052734375 0.03125
2 0.384765625 0.947265625 0.14453125 0.02734375
7 0.36572265625 0.9876302083333334 0.1064453125 0.024739583333333332
7 0.44287109375 0.9876302083333334 0.0498046875 0.024739583333333332
7 0.419921875 0.9876302083333334 0.21484375 0.024739583333333332
4 0.5830078125 0.9641927083333334 0.052734375 0.07161458333333333
0 0.5830078125 0.97265625 0.052734375 0.03125
4 0.73974609375 0.3567708333333333 0.0205078125 0.026041666666666668
4 0.7685546875 0.3567708333333333 0.01953125 0.026041666666666668
4 0.79736328125 0.3567708333333333 0.0205078125 0.026041666666666668
2 0.7919921875 0.4290364583333333 0.3046875 0.06640625
2 0.97119140625 0.4290364583333333 0.0576171875 0.06640625
7 0.81982421875 0.494140625 0.3603515625 0.03515625
7 0.81982421875 0.5397135416666666 0.3603515625 0.03515625
7 0.73291015625 0.6139322916666666 0.1435546875 0.032552083333333336
6 0.83935546875 0.6139322916666666 0.0712890625 0.032552083333333336
7 0.69384765625 0.6555989583333334 0.0595703125 0.032552083333333336
7 0.79833984375 0.6575520833333334 0.1513671875 0.0234375