2 0.2197265625 0.050130208333333336 0.439453125 0.01953125
7 0.04443359375 0.09765625 0.0888671875 0.052083333333333336
0 0.1357421875 0.09765625 0.060546875 0.044270833333333336
0 0.2060546875 0.09765625 0.060546875 0.044270833333333336
0 0.2763671875 0.09765625 0.060546875 0.044270833333333336
0 0.3466796875 0.09765625 0.060546875 0.044270833333333336
0 0.4130859375 0.09765625 0.052734375 0.044270833333333336
7 0.04443359375 0.15755208333333334 0.0888671875 0.052083333333333336
0 0.1357421875 0.15755208333333334 0.060546875 0.044270833333333336
0 0.2060546875 0.15755208333333334 0.060546875 0.044270833333333336
0 0.2763671875 0.15755208333333334 0.060546875 0.044270833333333336
0 0.3466796875 0.15755208333333334 0.060546875 0.044270833333333336
0 0.4130859375 0.15755208333333334 0.052734375 0.044270833333333336
7 0.04443359375 0.21744791666666666 0.0888671875 0.052083333333333336
0 0.1357421875 0.21744791666666666 0.060546875 0.044270833333333336
0 0.2060546875 0.21744791666666666 0.060546875 0.044270833333333336
0 0.2763671875 0.21744791666666666 0.060546875 0.044270833333333336
0 0.3466796875 0.21744791666666666 0.060546875 0.044270833333333336
0 0.4130859375 0.21744791666666666 0.052734375 0.044270833333333336
7 0.04443359375 0.27734375 0.0888671875 0.052083333333333336
0 0.1357421875 0.27734375 0.060546875 0.044270833333333336
0 0.2060546875 0.27734375 0.060546875 0.044270833333333336
0 0.2763671875 0.27734375 0.060546875 0.044270833333333336
0 0.3466796875 0.27734375 0.060546875 0.044270833333333336
7 0.04443359375 0.3372395833333333 0.0888671875 0.052083333333333336
0 0.1357421875 0.3372395833333333 0.060546875 0.044270833333333336
0 0.2060546875 0.3372395833333333 0.060546875 0.044270833333333336
0 0.2763671875 0.3372395833333333 0.060546875 0.044270833333333336
0 0.3466796875 0.3372395833333333 0.060546875 0.044270833333333336
0 0.4130859375 0.3372395833333333 0.052734375 0.044270833333333336
7 0.04443359375 0.3971354166666667 0.0888671875 0.052083333333333336
0 0.1357421875 0.3971354166666667 0.060546875 0.044270833333333336
0 0.2060546875 0.3971354166666667 0.060546875 0.044270833333333336
0 0.2763671875 0.3971354166666667 0.060546875 0.044270833333333336
0 0.3466796875 0.3971354166666667 0.060546875 0.044270833333333336
0 0.4130859375 0.3971354166666667 0.052734375 0.044270833333333336
7 0.04443359375 0.45703125 0.0888671875 0.052083333333333336
0 0.1357421875 0.45703125 0.060546875 0.044270833333333336
0 0.2060546875 0.45703125 0.060546875 0.044270833333333336
0 0.2763671875 0.45703125 0.060546875 0.044270833333333336
0 0.3466796875 0.45703125 0.060546875 0.044270833333333336
7 0.04443359375 0.5169270833333334 0.0888671875 0.052083333333333336
0 0.1357421875 0.5169270833333334 0.060546875 0.044270833333333336
0 0.2060546875 0.5169270833333334 0.060546875 0.044270833333333336
0 0.2763671875 0.5169270833333334 0.060546875 0.044270833333333336
0 0.3466796875 0.5169270833333334 0.060546875 0.044270833333333336
0 0.4130859375 0.5169270833333334 0.052734375 0.044270833333333336
7 0.7197265625 0.22330729166666666 0.560546875 0.13151041666666666
7 0.7197265625 0.3626302083333333 0.560546875 0.13151041666666666
7 0.7197265625 0.513671875 0.560546875 0.13151041666666666
4 0.2197265625 0.72265625 0.439453125 0.265625
2 0.1728515625 0.6158854166666666 0.28515625 0.052083333333333336
7 0.23486328125 0.697265625 0.4091796875 0.055989583333333336
7 0.2978515625 0.7135416666666666 0.12890625 0.0234375
7 0.23486328125 0.74609375 0.4091796875 0.08854166666666667
2 0.29345703125 0.9641927083333334 0.2919921875 0.05078125