1 0.234375 0.0234375 0.37109375 0.046875
1 0.234375 0.0234375 0.37109375 0.046875
7 0.07373046875 0.087890625 0.0771484375 0.02734375
0 0.076171875 0.087890625 0.15234375 0.05078125
7 0.294921875 0.087890625 0.1640625 0.02734375
0 0.2841796875 0.087890625 0.265625 0.05078125
7 0.16796875 0.3509114583333333 0.3359375 0.11328125
7 0.16796875 0.462890625 0.3359375 0.11328125
7 0.16796875 0.5390625 0.3359375 0.041666666666666664
4 0.2099609375 0.2799479166666667 0.419921875 0.5598958333333334
4 0.2099609375 0.2799479166666667 0.419921875 0.5598958333333334
4 0.2099609375 0.2799479166666667 0.419921875 0.5598958333333334
4 0.49951171875 0.11197916666666667 0.1591796875 0.22395833333333334
1 0.810546875 0.047526041666666664 0.37890625 0.05078125
1 0.810546875 0.111328125 0.37890625 0.05078125
7 0.810546875 0.17643229166666666 0.37890625 0.02734375
1 0.64697265625 0.21614583333333334 0.0517578125 0.0390625
1 0.70654296875 0.21614583333333334 0.0673828125 0.0390625
1 0.77001953125 0.21614583333333334 0.0595703125 0.0390625
4 0.8173828125 0.21549479166666666 0.015625 0.022135416666666668
0 0.8173828125 0.21744791666666666 0.015625 0.026041666666666668
7 0.810546875 0.2623697916666667 0.37890625 0.02734375
1 0.63623046875 0.3014322916666667 0.0126953125 0.016927083333333332
5 0.68505859375 0.3053385416666667 0.0791015625 0.02734375
1 0.7431640625 0.3014322916666667 0.013671875 0.016927083333333332
5 0.7939453125 0.3053385416666667 0.083984375 0.02734375
1 0.8505859375 0.3014322916666667 0.013671875 0.016927083333333332
5 0.89111328125 0.3053385416666667 0.0634765625 0.02734375
4 0.93994140625 0.3040364583333333 0.0166015625 0.022135416666666668
0 0.93994140625 0.3059895833333333 0.0166015625 0.026041666666666668
7 0.75244140625 0.3470052083333333 0.2626953125 0.016927083333333332
6 0.6748046875 0.365234375 0.107421875 0.016927083333333332
7 0.751953125 0.365234375 0.046875 0.016927083333333332
6 0.8076171875 0.365234375 0.068359375 0.016927083333333332
7 0.8544921875 0.365234375 0.025390625 0.016927083333333332
6 0.76171875 0.3743489583333333 0.28125 0.03515625
7 0.77392578125 0.392578125 0.3056640625 0.03515625
0 0.7158203125 0.4635416666666667 0.189453125 0.052083333333333336
6 0.67529296875 0.546875 0.1083984375 0.020833333333333332
7 0.7783203125 0.5481770833333334 0.314453125 0.0234375
2 0.0849609375 0.6341145833333334 0.169921875 0.09114583333333333
4 0.20654296875 0.8782552083333334 0.4130859375 0.24348958333333334
7 0.4462890625 0.5774739583333334 0.052734375 0.014322916666666666
0 0.599609375 0.62109375 0.10546875 0.026041666666666668
0 0.7001953125 0.62109375 0.076171875 0.026041666666666668
0 0.77587890625 0.62109375 0.0556640625 0.026041666666666668
0 0.8671875 0.62109375 0.107421875 0.026041666666666668
0 0.96533203125 0.62109375 0.0693359375 0.026041666666666668
7 0.771484375 0.681640625 0.45703125 0.014322916666666666
3 0.771484375 0.84765625 0.45703125 0.3046875