6 0.287109375 0.5514322916666666 0.138671875 0.022135416666666668
7 0.10986328125 0.12955729166666666 0.2197265625 0.11328125
7 0.10986328125 0.24153645833333334 0.2197265625 0.11328125
7 0.10986328125 0.353515625 0.2197265625 0.11328125
4 0.22998046875 0.2845052083333333 0.4599609375 0.5690104166666666
4 0.22998046875 0.2845052083333333 0.4599609375 0.5690104166666666
4 0.22998046875 0.2845052083333333 0.4599609375 0.5690104166666666
2 0.701171875 0.017578125 0.482421875 0.03515625
2 0.67919921875 0.11328125 0.4384765625 0.13802083333333334
2 0.72998046875 0.234375 0.5400390625 0.044270833333333336
7 0.6357421875 0.3802083333333333 0.185546875 0.033854166666666664
0 0.6484375 0.380859375 0.244140625 0.06380208333333333
6 0.25439453125 0.5748697916666666 0.0439453125 0.01171875
0 0.34228515625 0.583984375 0.2353515625 0.029947916666666668
7 0.3681640625 0.5794270833333334 0.18359375 0.020833333333333332
6 0.25439453125 0.6321614583333334 0.0439453125 0.016927083333333332
0 0.34228515625 0.6328125 0.2353515625 0.0703125
7 0.3681640625 0.6321614583333334 0.18359375 0.055989583333333336
6 0.25439453125 0.6927083333333334 0.0439453125 0.018229166666666668
0 0.34228515625 0.693359375 0.2353515625 0.053385416666666664
6 0.3017578125 0.6861979166666666 0.05078125 0.015625
7 0.3681640625 0.693359375 0.18359375 0.040364583333333336
6 0.25439453125 0.75390625 0.0439453125 0.018229166666666668
0 0.34228515625 0.7545572916666666 0.2353515625 0.06901041666666667
7 0.3681640625 0.75390625 0.18359375 0.0546875
4 0.34228515625 0.841796875 0.2353515625 0.10546875
6 0.0341796875 0.5930989583333334 0.068359375 0.01953125
6 0.09912109375 0.5930989583333334 0.0341796875 0.01953125
6 0.14599609375 0.5930989583333334 0.0322265625 0.01953125
6 0.1982421875 0.5930989583333334 0.044921875 0.01953125
6 0.2529296875 0.5930989583333334 0.037109375 0.01953125
6 0.29833984375 0.5930989583333334 0.0263671875 0.01953125
6 0.3515625 0.5930989583333334 0.052734375 0.01953125
6 0.40966796875 0.5930989583333334 0.0361328125 0.01953125
6 0.45068359375 0.5930989583333334 0.0185546875 0.01953125
2 0.10107421875 0.7734375 0.2021484375 0.24479166666666666
4 0.1025390625 0.9544270833333334 0.205078125 0.09114583333333333
0 0.1025390625 0.9544270833333334 0.205078125 0.09114583333333333
3 0.34228515625 0.8138020833333334 0.2353515625 0.3255208333333333
7 0.1611328125 0.6087239583333334 0.322265625 0.07942708333333333
2 0.1611328125 0.7506510416666666 0.322265625 0.032552083333333336
0 0.05859375 0.8157552083333334 0.115234375 0.048177083333333336
2 0.02783203125 0.9921875 0.0556640625 0.015625
7 0.08935546875 0.9934895833333334 0.0576171875 0.013020833333333334
0 0.10888671875 0.9928385416666666 0.1064453125 0.014322916666666666
4 0.14013671875 0.994140625 0.0439453125 0.01171875
4 0.55859375 0.6744791666666666 0.197265625 0.2109375
2 0.54638671875 0.6998697916666666 0.1728515625 0.048177083333333336
4 0.54443359375 0.7506510416666666 0.0107421875 0.014322916666666666
7 0.59326171875 0.7493489583333334 0.0888671875 0.01953125
4 0.55859375 0.90625 0.197265625 0.1875
2 0.52783203125 0.9401041666666666 0.1357421875 0.07291666666666667
4 0.54443359375 0.998046875 0.0107421875 0.00390625
7 0.59326171875 0.99609375 0.0888671875 0.0078125
7 0.69970703125 0.5716145833333334 0.0458984375 0.005208333333333333
2 0.80615234375 0.5924479166666666 0.2587890625 0.020833333333333332
7 0.7275390625 0.6204427083333334 0.1015625 0.01953125
4 0.90673828125 0.6217447916666666 0.0107421875 0.014322916666666666
7 0.9404296875 0.6204427083333334 0.05859375 0.01953125
7 0.70751953125 0.6640625 0.0615234375 0.018229166666666668
2 0.82275390625 0.703125 0.2919921875 0.046875
7 0.7275390625 0.7434895833333334 0.1015625 0.020833333333333332
4 0.90673828125 0.744140625 0.0107421875 0.014322916666666666
7 0.9404296875 0.7434895833333334 0.05859375 0.020833333333333332
7 0.69287109375 0.7864583333333334 0.0322265625 0.018229166666666668
2 0.82177734375 0.8255208333333334 0.2900390625 0.046875
7 0.7275390625 0.8658854166666666 0.1015625 0.020833333333333332
4 0.90673828125 0.8665364583333334 0.0107421875 0.014322916666666666
7 0.9404296875 0.8658854166666666 0.05859375 0.020833333333333332
7 0.69970703125 0.91015625 0.0458984375 0.018229166666666668
2 0.81787109375 0.94921875 0.2822265625 0.046875
7 0.7275390625 0.9895833333333334 0.1015625 0.020833333333333332
4 0.90673828125 0.990234375 0.0107421875 0.014322916666666666
7 0.9404296875 0.9895833333333334 0.05859375 0.020833333333333332