7 0.12890625 0.6666666666666666 0.2578125 0.044270833333333336
2 0.10986328125 0.6295572916666666 0.2197265625 0.040364583333333336
7 0.10498046875 0.6712239583333334 0.2099609375 0.032552083333333336
4 0.23486328125 0.5559895833333334 0.4697265625 0.005208333333333333
2 0.77197265625 0.021484375 0.4560546875 0.04296875
2 0.73486328125 0.07486979166666667 0.5302734375 0.07942708333333333
7 0.73486328125 0.15625 0.5302734375 0.0390625
2 0.54345703125 0.4993489583333333 0.1474609375 0.037760416666666664
7 0.49658203125 0.5729166666666666 0.0537109375 0.0234375
0 0.5234375 0.5865885416666666 0.107421875 0.08463541666666667
7 0.51318359375 0.6015625 0.0869140625 0.0234375
2 0.77587890625 0.5319010416666666 0.3193359375 0.037760416666666664
0 0.775390625 0.6048177083333334 0.208984375 0.055989583333333336
2 0.96728515625 0.4993489583333333 0.0654296875 0.037760416666666664
0 0.7763671875 0.6822916666666666 0.16015625 0.013020833333333334
2 0.07568359375 0.884765625 0.1513671875 0.23046875
4 0.32763671875 0.8294270833333334 0.2841796875 0.22395833333333334
0 0.32763671875 0.8294270833333334 0.2841796875 0.22395833333333334
2 0.31787109375 0.978515625 0.2333984375 0.04296875
2 0.7919921875 0.8502604166666666 0.416015625 0.06770833333333333
2 0.7919921875 0.9375 0.416015625 0.07291666666666667
4 0.73486328125 0.849609375 0.5302734375 0.30078125
4 0.73486328125 0.849609375 0.5302734375 0.30078125