7 0.40234375 0.018229166666666668 0.234375 0.036458333333333336
2 0.23046875 0.21614583333333334 0.421875 0.14583333333333334
7 0.23046875 0.3274739583333333 0.421875 0.053385416666666664
7 0.1103515625 0.4010416666666667 0.181640625 0.028645833333333332
7 0.21875 0.4010416666666667 0.03515625 0.028645833333333332
4 0.25048828125 0.40234375 0.0185546875 0.026041666666666668
0 0.14208984375 0.4010416666666667 0.2451171875 0.028645833333333332
7 0.14208984375 0.4583333333333333 0.2451171875 0.028645833333333332
7 0.29736328125 0.4583333333333333 0.0654296875 0.028645833333333332
4 0.34423828125 0.4596354166666667 0.0185546875 0.026041666666666668
0 0.18896484375 0.4583333333333333 0.3388671875 0.028645833333333332
7 0.259765625 0.2845052083333333 0.51953125 0.5690104166666666
7 0.759765625 0.16080729166666666 0.48046875 0.3216145833333333
4 0.53857421875 0.314453125 0.0146484375 0.01953125
4 0.55322265625 0.314453125 0.0146484375 0.01953125
4 0.56787109375 0.314453125 0.0146484375 0.01953125
4 0.58251953125 0.314453125 0.0146484375 0.01953125
4 0.59716796875 0.314453125 0.0146484375 0.01953125
4 0.61181640625 0.314453125 0.0146484375 0.01953125
4 0.63134765625 0.474609375 0.0732421875 0.09765625
2 0.78662109375 0.4407552083333333 0.1689453125 0.032552083333333336
7 0.85107421875 0.5240885416666666 0.2978515625 0.08984375
1 0.2421875 0.5748697916666666 0.267578125 0.01171875
1 0.2421875 0.6126302083333334 0.267578125 0.048177083333333336
0 0.3291015625 0.6588541666666666 0.09375 0.020833333333333332
6 0.24169921875 0.7662760416666666 0.0927734375 0.022135416666666668
7 0.2421875 0.826171875 0.3515625 0.022135416666666668
4 0.2421875 0.8606770833333334 0.224609375 0.0234375
2 0.57421875 0.9609375 0.109375 0.044270833333333336