2 0.06298828125 0.12890625 0.1259765625 0.14583333333333334
7 0.06298828125 0.240234375 0.1259765625 0.053385416666666664
7 0.23486328125 0.17447916666666666 0.4697265625 0.3489583333333333
3 0.73486328125 0.154296875 0.5302734375 0.30859375
0 0.69091796875 0.3326822916666667 0.0595703125 0.029947916666666668
0 0.75048828125 0.3326822916666667 0.0615234375 0.029947916666666668
0 0.798828125 0.3326822916666667 0.037109375 0.029947916666666668
2 0.0654296875 0.73828125 0.130859375 0.06510416666666667
0 0.1064453125 0.7291666666666666 0.212890625 0.4427083333333333
2 0.07861328125 0.787109375 0.1572265625 0.09765625
0 0.01708984375 0.9205729166666666 0.0341796875 0.020833333333333332
2 0.2900390625 0.7220052083333334 0.0859375 0.032552083333333336
0 0.34765625 0.7291666666666666 0.23046875 0.4427083333333333
2 0.3193359375 0.73828125 0.14453125 0.06510416666666667
0 0.29248046875 0.9205729166666666 0.0908203125 0.020833333333333332
2 0.70654296875 0.3587239583333333 0.4736328125 0.01953125
7 0.54052734375 0.455078125 0.1298828125 0.029947916666666668
0 0.55810546875 0.4557291666666667 0.1767578125 0.0625
0 0.79248046875 0.45703125 0.2353515625 0.06510416666666667
4 0.71630859375 0.74609375 0.4931640625 0.4140625