2 0.24462890625 0.142578125 0.4892578125 0.28515625
3 0.24462890625 0.21484375 0.4892578125 0.4296875
0 0.96337890625 0.026692708333333332 0.0732421875 0.053385416666666664
6 0.521484375 0.1015625 0.064453125 0.020833333333333332
6 0.61669921875 0.1015625 0.0751953125 0.020833333333333332
6 0.697265625 0.1015625 0.03515625 0.020833333333333332
6 0.541015625 0.022135416666666668 0.080078125 0.020833333333333332
6 0.6611328125 0.022135416666666668 0.09765625 0.020833333333333332
7 0.61669921875 0.16861979166666666 0.2548828125 0.022135416666666668
6 0.7822265625 0.16861979166666666 0.076171875 0.022135416666666668
4 0.74462890625 0.3287760416666667 0.5107421875 0.20182291666666666
7 0.06982421875 0.5787760416666666 0.1396484375 0.07161458333333333
7 0.0087890625 0.5983072916666666 0.017578125 0.032552083333333336
0 0.05810546875 0.5989583333333334 0.0810546875 0.033854166666666664
7 0.072265625 0.6373697916666666 0.14453125 0.11067708333333333
1 0.36376953125 0.44140625 0.2509765625 0.0234375
5 0.36376953125 0.486328125 0.2509765625 0.02734375
1 0.36376953125 0.5377604166666666 0.2509765625 0.059895833333333336
7 0.2763671875 0.5859375 0.076171875 0.018229166666666668
7 0.3701171875 0.5859375 0.11328125 0.018229166666666668
7 0.4375 0.5859375 0.025390625 0.018229166666666668
7 0.46923828125 0.5859375 0.0400390625 0.018229166666666668
7 0.36376953125 0.59765625 0.2509765625 0.041666666666666664
7 0.3486328125 0.609375 0.115234375 0.018229166666666668
7 0.4091796875 0.609375 0.0078125 0.018229166666666668
6 0.44140625 0.609375 0.060546875 0.018229166666666668
7 0.4736328125 0.609375 0.00390625 0.018229166666666668
0 0.36376953125 0.7044270833333334 0.2509765625 0.0859375
7 0.36376953125 0.80078125 0.2509765625 0.018229166666666668
6 0.28662109375 0.82421875 0.0966796875 0.018229166666666668
7 0.33642578125 0.82421875 0.0068359375 0.018229166666666668
7 0.41455078125 0.82421875 0.1494140625 0.018229166666666668
4 0.33203125 0.94921875 0.314453125 0.1015625
0 0.619140625 0.5481770833333334 0.259765625 0.23697916666666666
2 0.6142578125 0.5436197916666666 0.25 0.07421875
7 0.6142578125 0.625 0.25 0.08333333333333333
0 0.8818359375 0.580078125 0.236328125 0.30078125
2 0.8818359375 0.5618489583333334 0.236328125 0.11067708333333333
7 0.8818359375 0.6751302083333334 0.236328125 0.11067708333333333
3 0.76318359375 0.8385416666666666 0.4736328125 0.1171875
2 0.58056640625 0.9765625 0.1318359375 0.046875
0 0.6015625 0.974609375 0.224609375 0.05078125
4 0.78271484375 0.974609375 0.0791015625 0.05078125
0 0.86376953125 0.974609375 0.2724609375 0.05078125
2 0.91845703125 0.9765625 0.1630859375 0.046875