2 0.2998046875 0.05859375 0.599609375 0.046875
0 0.2998046875 0.11067708333333333 0.599609375 0.19791666666666666
7 0.2998046875 0.12174479166666667 0.599609375 0.02734375
7 0.228515625 0.15885416666666666 0.45703125 0.020833333333333332
6 0.20263671875 0.2584635416666667 0.1103515625 0.022135416666666668
7 0.09716796875 0.322265625 0.0908203125 0.022135416666666668
7 0.1650390625 0.322265625 0.044921875 0.022135416666666668
4 0.24462890625 0.3235677083333333 0.1181640625 0.05859375
7 0.3271484375 0.322265625 0.048828125 0.022135416666666668
7 0.71337890625 0.01953125 0.1689453125 0.0390625
6 0.75732421875 0.028645833333333332 0.0712890625 0.020833333333333332
6 0.79345703125 0.07161458333333333 0.0185546875 0.020833333333333332
7 0.7978515625 0.0234375 0.03515625 0.046875
4 0.83447265625 0.0234375 0.0244140625 0.03125
7 0.859375 0.0234375 0.02734375 0.020833333333333332
4 0.89208984375 0.0234375 0.0244140625 0.03125
7 0.91552734375 0.0234375 0.0244140625 0.020833333333333332
7 0.9765625 0.0234375 0.044921875 0.020833333333333332
0 0.97265625 0.0234375 0.0546875 0.046875
7 0.6103515625 0.08984375 0.021484375 0.018229166666666668
2 0.8388671875 0.08984375 0.322265625 0.026041666666666668
0 0.8310546875 0.24609375 0.337890625 0.3697916666666667
2 0.8388671875 0.13671875 0.322265625 0.057291666666666664
6 0.8310546875 0.2565104166666667 0.337890625 0.171875
7 0.416015625 0.462890625 0.3671875 0.02734375
7 0.4443359375 0.5625 0.310546875 0.07552083333333333
7 0.44677734375 0.6725260416666666 0.1962890625 0.037760416666666664
0 0.4619140625 0.6725260416666666 0.275390625 0.06380208333333333
7 0.33203125 0.7571614583333334 0.01953125 0.029947916666666668
6 0.482421875 0.7552083333333334 0.234375 0.028645833333333332
7 0.21826171875 0.953125 0.0712890625 0.028645833333333332
7 0.42626953125 0.9485677083333334 0.3466796875 0.10286458333333333
3 0.7998046875 0.486328125 0.400390625 0.07421875
7 0.6357421875 0.5930989583333334 0.072265625 0.02734375
7 0.7275390625 0.5930989583333334 0.1015625 0.02734375
6 0.88916015625 0.5930989583333334 0.2216796875 0.02734375
4 0.81787109375 0.83984375 0.3642578125 0.3203125
0 0.81787109375 0.83984375 0.3642578125 0.3203125