7 0.205078125 0.03125 0.328125 0.0390625
7 0.13037109375 0.06966145833333333 0.1787109375 0.024739583333333332
6 0.24267578125 0.06966145833333333 0.0458984375 0.024739583333333332
1 0.20361328125 0.12239583333333333 0.3310546875 0.046875
1 0.20361328125 0.19010416666666666 0.3310546875 0.046875
1 0.20361328125 0.2578125 0.3310546875 0.046875
4 0.36669921875 0.2591145833333333 0.0048828125 0.0234375
4 0.0478515625 0.337890625 0.013671875 0.01953125
7 0.2177734375 0.337890625 0.302734375 0.022135416666666668
3 0.18798828125 0.423828125 0.2978515625 0.10286458333333333
0 0.20361328125 0.48046875 0.3310546875 0.046875
7 0.14404296875 0.529296875 0.2060546875 0.01953125
6 0.2880859375 0.529296875 0.08203125 0.01953125
7 0.33203125 0.529296875 0.005859375 0.01953125
6 0.07568359375 0.548828125 0.0693359375 0.01953125
7 0.12451171875 0.548828125 0.0283203125 0.01953125
6 0.1953125 0.548828125 0.11328125 0.01953125
7 0.25341796875 0.548828125 0.0029296875 0.01953125
4 0.61083984375 0.22005208333333334 0.0205078125 0.026041666666666668
4 0.6396484375 0.22005208333333334 0.01953125 0.026041666666666668
4 0.66845703125 0.22005208333333334 0.0205078125 0.026041666666666668
2 0.59228515625 0.2923177083333333 0.4462890625 0.06640625
2 0.90673828125 0.2923177083333333 0.1865234375 0.06640625
7 0.6845703125 0.357421875 0.630859375 0.03515625
7 0.6845703125 0.4029947916666667 0.630859375 0.03515625
7 0.60400390625 0.4772135416666667 0.1435546875 0.032552083333333336
6 0.71044921875 0.4772135416666667 0.0712890625 0.032552083333333336
7 0.56494140625 0.5188802083333334 0.0595703125 0.032552083333333336
7 0.66943359375 0.5208333333333334 0.1513671875 0.0234375
0 0.1845703125 0.6302083333333334 0.369140625 0.0625
7 0.0166015625 0.62890625 0.033203125 0.020833333333333332
4 0.04296875 0.630859375 0.01953125 0.02734375
7 0.181640625 0.62890625 0.259765625 0.020833333333333332
6 0.1220703125 0.75390625 0.244140625 0.08072916666666667
0 0.1298828125 0.8287760416666666 0.259765625 0.2721354166666667
6 0.1220703125 0.8170572916666666 0.244140625 0.024739583333333332
6 0.1220703125 0.8971354166666666 0.244140625 0.09375
2 0.6845703125 0.611328125 0.630859375 0.04296875
7 0.6787109375 0.6953125 0.619140625 0.09375
7 0.5 0.8079427083333334 0.244140625 0.05859375
7 0.783203125 0.8092447916666666 0.244140625 0.05859375
0 0.783203125 0.8092447916666666 0.244140625 0.05859375
4 0.6904296875 0.9296875 0.037109375 0.049479166666666664
4 0.8369140625 0.9850260416666666 0.037109375 0.029947916666666668
4 0.982421875 0.8645833333333334 0.03515625 0.049479166666666664
4 0.6845703125 0.978515625 0.630859375 0.04296875
4 0.7587890625 0.9264322916666666 0.078125 0.10546875
4 0.4521484375 0.9759114583333334 0.087890625 0.048177083333333336