0 0.2431640625 0.025390625 0.154296875 0.05078125
4 0.03662109375 0.4108072916666667 0.0126953125 0.016927083333333332
7 0.05224609375 0.4108072916666667 0.0107421875 0.014322916666666666
4 0.03662109375 0.533203125 0.0126953125 0.016927083333333332
7 0.05224609375 0.533203125 0.0107421875 0.014322916666666666
4 0.240234375 0.25390625 0.16796875 0.0546875
4 0.23779296875 0.376953125 0.2841796875 0.09765625
2 0.26220703125 0.361328125 0.1650390625 0.06380208333333333
7 0.1875 0.416015625 0.015625 0.016927083333333332
7 0.24072265625 0.416015625 0.0927734375 0.016927083333333332
4 0.36376953125 0.4108072916666667 0.0126953125 0.016927083333333332
7 0.376953125 0.4108072916666667 0.005859375 0.014322916666666666
4 0.23779296875 0.5 0.2841796875 0.09895833333333333
2 0.25634765625 0.484375 0.1533203125 0.06510416666666667
7 0.18701171875 0.5384114583333334 0.0146484375 0.016927083333333332
7 0.2373046875 0.5384114583333334 0.087890625 0.016927083333333332
4 0.36376953125 0.533203125 0.0126953125 0.016927083333333332
7 0.376953125 0.533203125 0.005859375 0.014322916666666666
4 0.13232421875 0.6119791666666666 0.0732421875 0.07552083333333333
2 0.26171875 0.6080729166666666 0.1640625 0.06510416666666667
7 0.6923828125 0.024088541666666668 0.5859375 0.048177083333333336
7 0.6923828125 0.15234375 0.5859375 0.125
7 0.6923828125 0.2903645833333333 0.1015625 0.026041666666666668
0 0.6923828125 0.2903645833333333 0.13671875 0.06770833333333333
4 0.68994140625 0.4986979166666667 0.6201171875 0.234375
4 0.18994140625 0.8079427083333334 0.3798828125 0.31640625
0 0.18994140625 0.8079427083333334 0.3798828125 0.31640625
7 0.12744140625 0.6555989583333334 0.2548828125 0.01171875
0 0.12744140625 0.7135416666666666 0.2548828125 0.0625
6 0.09814453125 0.92578125 0.1962890625 0.020833333333333332
4 0.65771484375 0.6966145833333334 0.5556640625 0.09375
0 0.65771484375 0.6966145833333334 0.5556640625 0.09375
7 0.68994140625 0.8411458333333334 0.6201171875 0.028645833333333332
0 0.46044921875 0.8411458333333334 0.1611328125 0.06770833333333333
7 0.634765625 0.8411458333333334 0.11328125 0.028645833333333332
0 0.6337890625 0.8411458333333334 0.1875 0.06770833333333333
7 0.8154296875 0.8411458333333334 0.109375 0.028645833333333332
0 0.80908203125 0.8411458333333334 0.1650390625 0.06770833333333333
7 0.96435546875 0.8411458333333334 0.0712890625 0.028645833333333332
0 0.9453125 0.8411458333333334 0.109375 0.06770833333333333
7 0.43310546875 0.9088541666666666 0.1005859375 0.028645833333333332
0 0.44189453125 0.9088541666666666 0.1240234375 0.06770833333333333
7 0.3837890625 0.9075520833333334 0.0078125 0.026041666666666668