0 0.396484375 0.039713541666666664 0.154296875 0.055989583333333336
4 0.06591796875 0.2708333333333333 0.1240234375 0.0546875
4 0.10498046875 0.3938802083333333 0.2099609375 0.09765625
2 0.08837890625 0.3782552083333333 0.1650390625 0.06380208333333333
7 0.013671875 0.4329427083333333 0.015625 0.016927083333333332
7 0.0634765625 0.4329427083333333 0.0859375 0.016927083333333332
4 0.18994140625 0.427734375 0.0126953125 0.016927083333333332
7 0.20556640625 0.427734375 0.0107421875 0.014322916666666666
4 0.10498046875 0.4934895833333333 0.2099609375 0.052083333333333336
2 0.08740234375 0.494140625 0.1630859375 0.05078125
4 0.3935546875 0.2708333333333333 0.16796875 0.0546875
4 0.38916015625 0.3938802083333333 0.2802734375 0.09765625
2 0.41552734375 0.3782552083333333 0.1650390625 0.06380208333333333
7 0.3408203125 0.4329427083333333 0.015625 0.016927083333333332
7 0.39404296875 0.4329427083333333 0.0927734375 0.016927083333333332
4 0.51708984375 0.427734375 0.0126953125 0.016927083333333332
4 0.38916015625 0.4934895833333333 0.2802734375 0.052083333333333336
2 0.40966796875 0.494140625 0.1533203125 0.05078125
7 0.7646484375 0.030598958333333332 0.470703125 0.03515625
7 0.7646484375 0.11458333333333333 0.470703125 0.0703125
7 0.7431640625 0.19856770833333334 0.427734375 0.029947916666666668
0 0.5751953125 0.318359375 0.091796875 0.07161458333333333
0 0.78662109375 0.318359375 0.2822265625 0.07161458333333333
0 0.5703125 0.509765625 0.08203125 0.01953125
0 0.76416015625 0.509765625 0.1572265625 0.01953125
0 0.36669921875 0.5651041666666666 0.3251953125 0.052083333333333336
0 0.240234375 0.65234375 0.072265625 0.059895833333333336
0 0.294921875 0.7115885416666666 0.181640625 0.061197916666666664
0 0.25830078125 0.7708333333333334 0.1083984375 0.059895833333333336
0 0.26611328125 0.8294270833333334 0.1240234375 0.059895833333333336
0 0.267578125 0.8880208333333334 0.126953125 0.059895833333333336
0 0.2548828125 0.9466145833333334 0.1015625 0.059895833333333336
2 0.2646484375 0.580078125 0.529296875 0.07421875
7 0.2646484375 0.6608072916666666 0.529296875 0.06901041666666667
4 0.2646484375 0.8763020833333334 0.529296875 0.24739583333333334
0 0.2646484375 0.8763020833333334 0.529296875 0.24739583333333334
2 0.60888671875 0.7942708333333334 0.1591796875 0.2994791666666667
2 0.65673828125 0.7858072916666666 0.2548828125 0.10546875
3 0.85986328125 0.759765625 0.2802734375 0.48046875