2 0.20458984375 0.020833333333333332 0.4091796875 0.041666666666666664
7 0.20458984375 0.10221354166666667 0.4091796875 0.07682291666666667
7 0.20458984375 0.20052083333333334 0.4091796875 0.0625
6 0.1826171875 0.21940104166666666 0.16796875 0.024739583333333332
7 0.20458984375 0.23828125 0.4091796875 0.0625
7 0.20458984375 0.34765625 0.4091796875 0.08333333333333333
7 0.08642578125 0.3854166666666667 0.0048828125 0.0078125
7 0.693359375 0.029296875 0.568359375 0.05859375
7 0.693359375 0.08658854166666667 0.568359375 0.05859375
0 0.44970703125 0.166015625 0.0810546875 0.05078125
7 0.693359375 0.3352864583333333 0.568359375 0.037760416666666664
7 0.52392578125 0.3678385416666667 0.2294921875 0.024739583333333332
6 0.6875 0.3678385416666667 0.099609375 0.024739583333333332
7 0.78759765625 0.3678385416666667 0.1025390625 0.024739583333333332
4 0.0185546875 0.4225260416666667 0.037109375 0.06640625
0 0.08349609375 0.4055989583333333 0.0478515625 0.032552083333333336
0 0.16259765625 0.4055989583333333 0.0517578125 0.032552083333333336
0 0.251953125 0.4055989583333333 0.068359375 0.032552083333333336
0 0.3447265625 0.4055989583333333 0.05859375 0.032552083333333336
2 0.01904296875 0.4752604166666667 0.0380859375 0.03125
6 0.10693359375 0.474609375 0.0947265625 0.022135416666666668
6 0.2265625 0.474609375 0.1015625 0.022135416666666668
6 0.35205078125 0.474609375 0.1044921875 0.022135416666666668
3 0.20458984375 0.671875 0.4091796875 0.3255208333333333
4 0.0888671875 0.923828125 0.177734375 0.15234375
0 0.0888671875 0.923828125 0.177734375 0.15234375
4 0.482421875 0.4954427083333333 0.146484375 0.21223958333333334
0 0.482421875 0.5787760416666666 0.146484375 0.37890625
7 0.482421875 0.697265625 0.146484375 0.14192708333333334
7 0.482421875 0.8040364583333334 0.146484375 0.07421875
0 0.482421875 0.865234375 0.146484375 0.024739583333333332
7 0.61865234375 0.4303385416666667 0.0693359375 0.08203125
7 0.75048828125 0.4173177083333333 0.1669921875 0.055989583333333336
0 0.7314453125 0.45703125 0.294921875 0.0234375
7 0.61865234375 0.54296875 0.0693359375 0.09114583333333333
7 0.75927734375 0.5221354166666666 0.1845703125 0.08072916666666667
0 0.7314453125 0.57421875 0.294921875 0.0234375
7 0.61865234375 0.66015625 0.0693359375 0.09114583333333333
7 0.763671875 0.6393229166666666 0.193359375 0.08072916666666667
0 0.7314453125 0.69140625 0.294921875 0.0234375
7 0.61865234375 0.77734375 0.0693359375 0.09114583333333333
7 0.76318359375 0.7727864583333334 0.1923828125 0.11328125
0 0.7314453125 0.8411458333333334 0.294921875 0.0234375
3 0.95361328125 0.5475260416666666 0.0927734375 0.31640625
7 0.9658203125 0.73828125 0.068359375 0.028645833333333332
1 0.9658203125 0.8033854166666666 0.068359375 0.044270833333333336
0 0.9658203125 0.8567708333333334 0.068359375 0.044270833333333336
3 0.70458984375 0.9752604166666666 0.5908203125 0.049479166666666664