7 0.23974609375 0.016276041666666668 0.4794921875 0.032552083333333336
6 0.40576171875 0.021484375 0.0830078125 0.022135416666666668
0 0.2265625 0.083984375 0.142578125 0.05859375
0 0.36865234375 0.083984375 0.1044921875 0.061197916666666664
0 0.0439453125 0.013020833333333334 0.087890625 0.026041666666666668
1 0.4521484375 0.005859375 0.041015625 0.01171875
7 0.28369140625 0.10481770833333333 0.1181640625 0.037760416666666664
0 0.28369140625 0.10481770833333333 0.1181640625 0.08463541666666667
7 0.37939453125 0.10481770833333333 0.0751953125 0.037760416666666664
0 0.37939453125 0.10481770833333333 0.0751953125 0.08463541666666667
7 0.44775390625 0.10481770833333333 0.0634765625 0.037760416666666664
0 0.44775390625 0.10481770833333333 0.0634765625 0.08463541666666667
2 0.23974609375 0.2526041666666667 0.4794921875 0.078125
2 0.23974609375 0.3854166666666667 0.4794921875 0.0546875
7 0.83837890625 0.2779947916666667 0.3232421875 0.02734375
7 0.83837890625 0.3294270833333333 0.3232421875 0.0546875
4 0.23974609375 0.5358072916666666 0.4794921875 0.08984375
2 0.09033203125 0.705078125 0.1806640625 0.24869791666666666
7 0.09033203125 0.7102864583333334 0.1806640625 0.12630208333333334
4 0.23974609375 0.8860677083333334 0.4794921875 0.11328125
2 0.23974609375 0.9680989583333334 0.4794921875 0.055989583333333336
2 0.73974609375 0.71484375 0.5205078125 0.5703125
2 0.73974609375 0.71484375 0.5205078125 0.5703125
7 0.75341796875 0.53515625 0.4931640625 0.06770833333333333
0 0.857421875 0.6608072916666666 0.208984375 0.06640625
4 0.52392578125 0.9674479166666666 0.0888671875 0.06510416666666667
4 0.83447265625 0.9251302083333334 0.3310546875 0.14973958333333334