4 0.23828125 0.2877604166666667 0.4765625 0.2838541666666667
0 0.23828125 0.2877604166666667 0.4765625 0.2838541666666667
6 0.2158203125 0.056640625 0.431640625 0.11328125
3 0.77099609375 0.26171875 0.4228515625 0.3359375
4 0.1796875 0.5188802083333334 0.359375 0.17838541666666666
0 0.1796875 0.634765625 0.359375 0.41015625
2 0.1748046875 0.7272135416666666 0.349609375 0.17317708333333334
7 0.265625 0.9055989583333334 0.1484375 0.01953125
2 0.03564453125 0.9055989583333334 0.0712890625 0.029947916666666668
2 0.0751953125 0.9459635416666666 0.10546875 0.02734375
7 0.04541015625 0.9752604166666666 0.0458984375 0.049479166666666664
2 0.28564453125 0.9459635416666666 0.0693359375 0.02734375
7 0.28515625 0.9752604166666666 0.068359375 0.049479166666666664
0 0.46875 0.4596354166666667 0.181640625 0.059895833333333336
2 0.5029296875 0.4583333333333333 0.11328125 0.057291666666666664
0 0.46875 0.5481770833333334 0.181640625 0.09114583333333333
2 0.5029296875 0.5533854166666666 0.11328125 0.07552083333333333
0 0.46875 0.6751302083333334 0.181640625 0.13671875
2 0.5029296875 0.681640625 0.11328125 0.12369791666666667
0 0.46875 0.8033854166666666 0.181640625 0.09114583333333333
2 0.5029296875 0.80859375 0.11328125 0.07552083333333333
0 0.46875 0.91796875 0.181640625 0.11197916666666667
2 0.5029296875 0.9244791666666666 0.11328125 0.09895833333333333
4 0.77978515625 0.71484375 0.4404296875 0.5703125
2 0.615234375 0.49609375 0.111328125 0.046875
2 0.60595703125 0.5377604166666666 0.0927734375 0.046875
7 0.63671875 0.6184895833333334 0.154296875 0.078125
7 0.61181640625 0.69140625 0.1044921875 0.026041666666666668
6 0.60498046875 0.7903645833333334 0.0908203125 0.026041666666666668
7 0.63671875 0.8372395833333334 0.154296875 0.026041666666666668
4 0.77978515625 0.71484375 0.4404296875 0.5703125
4 0.77978515625 0.71484375 0.4404296875 0.5703125
2 0.77880859375 0.7076822916666666 0.4384765625 0.06901041666666667