4 0.35986328125 0.028645833333333332 0.7197265625 0.057291666666666664
4 0.013671875 0.08984375 0.0234375 0.03125
0 0.013671875 0.08984375 0.0234375 0.03125
4 0.05078125 0.08919270833333333 0.021484375 0.029947916666666668
4 0.482421875 0.08984375 0.1640625 0.028645833333333332
0 0.482421875 0.08984375 0.1640625 0.028645833333333332
0 0.12109375 0.14973958333333334 0.041015625 0.020833333333333332
0 0.20703125 0.14973958333333334 0.099609375 0.020833333333333332
0 0.30322265625 0.14973958333333334 0.0615234375 0.020833333333333332
0 0.40380859375 0.14973958333333334 0.1083984375 0.020833333333333332
0 0.529296875 0.14973958333333334 0.111328125 0.020833333333333332
0 0.615234375 0.14973958333333334 0.029296875 0.020833333333333332
0 0.68212890625 0.14973958333333334 0.0732421875 0.020833333333333332
2 0.087890625 0.21614583333333334 0.01171875 0.015625
2 0.12939453125 0.21744791666666666 0.0693359375 0.020833333333333332
6 0.31396484375 0.21940104166666666 0.2373046875 0.016927083333333332
6 0.541015625 0.21940104166666666 0.1875 0.016927083333333332
6 0.6845703125 0.21940104166666666 0.0703125 0.016927083333333332
6 0.482421875 0.24674479166666666 0.115234375 0.016927083333333332
4 0.3203125 0.5 0.61328125 0.19791666666666666
0 0.3203125 0.5 0.61328125 0.19791666666666666
6 0.31982421875 0.31640625 0.3857421875 0.10416666666666667
2 0.6884765625 0.3736979166666667 0.0625 0.09375
0 0.6884765625 0.3736979166666667 0.0625 0.09375
2 0.6884765625 0.53125 0.0625 0.09375
0 0.6884765625 0.53125 0.0625 0.09375
2 0.79736328125 0.031901041666666664 0.1552734375 0.029947916666666668
4 0.83056640625 0.20963541666666666 0.2216796875 0.2890625
0 0.84033203125 0.20963541666666666 0.2412109375 0.2890625
4 0.85986328125 0.3951822916666667 0.2802734375 0.006510416666666667
2 0.85986328125 0.4557291666666667 0.2802734375 0.0390625
7 0.78466796875 0.51171875 0.1298828125 0.0546875
7 0.78173828125 0.548828125 0.1240234375 0.029947916666666668
1 0.95751953125 0.513671875 0.0849609375 0.05078125
6 0.75 0.5963541666666666 0.044921875 0.005208333333333333
7 0.88623046875 0.5963541666666666 0.2275390625 0.005208333333333333
2 0.8115234375 0.6536458333333334 0.18359375 0.09114583333333333
4 0.85986328125 0.8880208333333334 0.2802734375 0.22395833333333334