4 0.28564453125 0.10286458333333333 0.0869140625 0.028645833333333332
0 0.28564453125 0.10286458333333333 0.0869140625 0.028645833333333332
0 0.04931640625 0.16276041666666666 0.0986328125 0.020833333333333332
0 0.14501953125 0.16276041666666666 0.0615234375 0.020833333333333332
0 0.24560546875 0.16276041666666666 0.1083984375 0.020833333333333332
6 0.15576171875 0.232421875 0.2373046875 0.016927083333333332
6 0.30908203125 0.232421875 0.0400390625 0.016927083333333332
6 0.2978515625 0.259765625 0.0625 0.016927083333333332
6 0.16455078125 0.3294270833333333 0.3291015625 0.10416666666666667
4 0.3642578125 0.19205729166666666 0.0234375 0.055989583333333336
2 0.1318359375 0.44921875 0.263671875 0.049479166666666664
2 0.037109375 0.498046875 0.056640625 0.048177083333333336
7 0.1318359375 0.580078125 0.263671875 0.05859375
0 0.03662109375 0.689453125 0.0732421875 0.07942708333333333
0 0.03076171875 0.7884114583333334 0.0615234375 0.07942708333333333
4 0.27197265625 0.6516927083333334 0.1142578125 0.48046875
7 0.6259765625 0.3951822916666667 0.59375 0.01171875
6 0.66455078125 0.408203125 0.6708984375 0.037760416666666664
4 0.400390625 0.5188802083333334 0.142578125 0.08723958333333333
0 0.43212890625 0.5325520833333334 0.2060546875 0.11458333333333333
7 0.43212890625 0.5794270833333334 0.2060546875 0.020833333333333332
7 0.91650390625 0.5625 0.0771484375 0.036458333333333336
0 0.92236328125 0.5625 0.1123046875 0.0546875
7 0.38720703125 0.65625 0.1162109375 0.03125
0 0.39501953125 0.65625 0.1318359375 0.078125
7 0.5791015625 0.65625 0.20703125 0.03125
0 0.5791015625 0.65625 0.23828125 0.078125
7 0.74658203125 0.65625 0.0673828125 0.03125
0 0.74658203125 0.65625 0.0986328125 0.078125
7 0.83544921875 0.65625 0.0498046875 0.03125
0 0.83544921875 0.65625 0.0810546875 0.078125
4 0.73828125 0.9140625 0.0703125 0.09375