4 0.326171875 0.2981770833333333 0.138671875 0.0234375
0 0.326171875 0.2981770833333333 0.138671875 0.0234375
2 0.3330078125 0.4225260416666667 0.52734375 0.03515625
7 0.1904296875 0.4869791666666667 0.2421875 0.020833333333333332
7 0.333984375 0.4869791666666667 0.044921875 0.020833333333333332
7 0.3291015625 0.5494791666666666 0.51953125 0.14583333333333334
6 0.40087890625 0.6119791666666666 0.0908203125 0.020833333333333332
7 0.330078125 0.6276041666666666 0.521484375 0.052083333333333336
6 0.3125 0.6588541666666666 0.486328125 0.052083333333333336
7 0.13623046875 0.6744791666666666 0.0048828125 0.020833333333333332
7 0.08740234375 0.7239583333333334 0.0361328125 0.020833333333333332
7 0.14208984375 0.7239583333333334 0.0751953125 0.020833333333333332
7 0.32958984375 0.736328125 0.5205078125 0.045572916666666664
7 0.6826171875 0.004557291666666667 0.048828125 0.009114583333333334
0 0.7568359375 0.013020833333333334 0.2265625 0.026041666666666668
7 0.9453125 0.004557291666666667 0.08984375 0.009114583333333334
0 0.94287109375 0.013020833333333334 0.1142578125 0.026041666666666668
7 0.7080078125 0.07942708333333333 0.099609375 0.026041666666666668
0 0.7568359375 0.078125 0.2265625 0.0625
7 0.92431640625 0.07942708333333333 0.0478515625 0.026041666666666668
0 0.94287109375 0.078125 0.1142578125 0.0625
4 0.8916015625 0.4485677083333333 0.216796875 0.5065104166666666
7 0.70263671875 0.30859375 0.1669921875 0.10416666666666667
1 0.8095703125 0.4309895833333333 0.380859375 0.078125
7 0.14404296875 0.767578125 0.0869140625 0.016927083333333332
7 0.18896484375 0.767578125 0.0048828125 0.016927083333333332
0 0.16259765625 0.8522135416666666 0.3251953125 0.06380208333333333
2 0.16259765625 0.8509114583333334 0.3251953125 0.061197916666666664
0 0.1201171875 0.9544270833333334 0.240234375 0.03125
2 0.12060546875 0.953125 0.2412109375 0.028645833333333332
2 0.435546875 0.7682291666666666 0.09375 0.018229166666666668
2 0.48828125 0.7662760416666666 0.013671875 0.014322916666666666
7 0.41943359375 0.8307291666666666 0.0615234375 0.020833333333333332
0 0.490234375 0.8313802083333334 0.08203125 0.022135416666666668
7 0.48388671875 0.8430989583333334 0.1904296875 0.045572916666666664
0 0.44775390625 0.8561197916666666 0.0751953125 0.022135416666666668
7 0.509765625 0.85546875 0.05078125 0.020833333333333332
0 0.431640625 0.880859375 0.0859375 0.022135416666666668
7 0.47705078125 0.8802083333333334 0.0048828125 0.020833333333333332
2 0.431640625 0.9388020833333334 0.0859375 0.0234375
2 0.48046875 0.9375 0.013671875 0.018229166666666668
0 0.8095703125 0.8795572916666666 0.380859375 0.24088541666666666
4 0.8095703125 0.8795572916666666 0.380859375 0.24088541666666666
2 0.8193359375 0.88671875 0.361328125 0.2265625