6 0.35302734375 0.016276041666666668 0.2529296875 0.032552083333333336
4 0.0068359375 0.13932291666666666 0.013671875 0.0390625
0 0.01904296875 0.138671875 0.0380859375 0.08463541666666667
1 0.25830078125 0.138671875 0.4423828125 0.055989583333333336
4 0.23974609375 0.2708333333333333 0.4794921875 0.17708333333333334
2 0.240234375 0.2903645833333333 0.478515625 0.13802083333333334
2 0.51220703125 0.08138020833333333 0.0654296875 0.029947916666666668
4 0.54541015625 0.23697916666666666 0.1318359375 0.24479166666666666
0 0.55517578125 0.23697916666666666 0.1513671875 0.24479166666666666
6 0.74658203125 0.2584635416666667 0.2314453125 0.15755208333333334
7 0.75244140625 0.3346354166666667 0.0400390625 0.049479166666666664
6 0.9521484375 0.14322916666666666 0.095703125 0.049479166666666664
7 0.974609375 0.17838541666666666 0.05078125 0.0625
6 0.9521484375 0.20052083333333334 0.095703125 0.049479166666666664
6 0.9521484375 0.2578125 0.095703125 0.049479166666666664
6 0.9521484375 0.3151041666666667 0.095703125 0.049479166666666664
0 0.0234375 0.4088541666666667 0.046875 0.06770833333333333
0 0.08984375 0.4088541666666667 0.10546875 0.06770833333333333
0 0.15625 0.4069010416666667 0.046875 0.06380208333333333
0 0.2197265625 0.4069010416666667 0.080078125 0.06380208333333333
0 0.296875 0.4088541666666667 0.07421875 0.06770833333333333
7 0.451171875 0.4088541666666667 0.056640625 0.0234375
0 0.443359375 0.4088541666666667 0.072265625 0.06770833333333333
6 0.16796875 0.466796875 0.287109375 0.02734375
4 0.23974609375 0.7395833333333334 0.4794921875 0.5208333333333334
4 0.73974609375 0.41796875 0.5205078125 0.1171875
3 0.7021484375 0.3958333333333333 0.4453125 0.07291666666666667
4 0.88720703125 0.447265625 0.0751953125 0.01953125
0 0.88720703125 0.447265625 0.0751953125 0.01953125
4 0.5693359375 0.5091145833333334 0.1640625 0.028645833333333332
0 0.5693359375 0.5091145833333334 0.1640625 0.028645833333333332
0 0.87744140625 0.5091145833333334 0.0380859375 0.018229166666666668
6 0.96630859375 0.5091145833333334 0.0673828125 0.018229166666666668
0 0.51220703125 0.5690104166666666 0.0654296875 0.020833333333333332
0 0.6162109375 0.5690104166666666 0.111328125 0.020833333333333332
0 0.7021484375 0.5690104166666666 0.029296875 0.020833333333333332
0 0.76904296875 0.5690104166666666 0.0732421875 0.020833333333333332
0 0.8427734375 0.5690104166666666 0.04296875 0.020833333333333332
0 0.91552734375 0.5690104166666666 0.0712890625 0.020833333333333332
6 0.6279296875 0.638671875 0.1875 0.016927083333333332
6 0.84912109375 0.638671875 0.2255859375 0.016927083333333332
6 0.5693359375 0.666015625 0.115234375 0.016927083333333332
6 0.53955078125 0.7356770833333334 0.1201171875 0.10416666666666667
2 0.89111328125 0.69921875 0.1181640625 0.03125
2 0.8720703125 0.79296875 0.255859375 0.09375
0 0.8720703125 0.79296875 0.255859375 0.09375
2 0.8720703125 0.9505208333333334 0.255859375 0.09375
0 0.8720703125 0.9505208333333334 0.255859375 0.09375