1 0.19482421875 0.10091145833333333 0.3896484375 0.055989583333333336
4 0.19482421875 0.3919270833333333 0.3896484375 0.4947916666666667
7 0.19482421875 0.4075520833333333 0.3896484375 0.041666666666666664
7 0.19482421875 0.44921875 0.3896484375 0.041666666666666664
7 0.19482421875 0.4908854166666667 0.3896484375 0.041666666666666664
7 0.32861328125 0.4661458333333333 0.1220703125 0.036458333333333336
0 0.3017578125 0.5436197916666666 0.17578125 0.16276041666666666
4 0.31494140625 0.5514322916666666 0.1494140625 0.12109375
7 0.67822265625 0.08333333333333333 0.5771484375 0.07291666666666667
2 0.67626953125 0.16666666666666666 0.5732421875 0.036458333333333336
1 0.57861328125 0.2708333333333333 0.3037109375 0.08854166666666667
7 0.8056640625 0.2708333333333333 0.083984375 0.0234375
0 0.8056640625 0.2708333333333333 0.1328125 0.08854166666666667
4 0.69482421875 0.505859375 0.6103515625 0.22786458333333334
5 0.75146484375 0.4283854166666667 0.0322265625 0.028645833333333332
5 0.88916015625 0.4283854166666667 0.0498046875 0.028645833333333332
5 0.9794921875 0.4283854166666667 0.03515625 0.028645833333333332
2 0.77392578125 0.509765625 0.0771484375 0.029947916666666668
2 0.912109375 0.509765625 0.095703125 0.029947916666666668
4 0.9833984375 0.5110677083333334 0.033203125 0.029947916666666668
2 0.4033203125 0.6028645833333334 0.02734375 0.03125
2 0.77001953125 0.6022135416666666 0.0693359375 0.029947916666666668
2 0.912109375 0.6022135416666666 0.095703125 0.029947916666666668
4 0.9833984375 0.603515625 0.033203125 0.029947916666666668
7 0.22216796875 0.6744791666666666 0.1962890625 0.020833333333333332
7 0.22265625 0.6979166666666666 0.212890625 0.020833333333333332
2 0.20068359375 0.7779947916666666 0.3779296875 0.032552083333333336
2 0.1767578125 0.8229166666666666 0.330078125 0.03125
7 0.20068359375 0.8645833333333334 0.3779296875 0.0234375
2 0.20068359375 0.9049479166666666 0.3779296875 0.03125
7 0.20068359375 0.9466145833333334 0.3779296875 0.0234375
0 0.361328125 0.9856770833333334 0.056640625 0.028645833333333332
6 0.74072265625 0.7063802083333334 0.0927734375 0.022135416666666668
7 0.7412109375 0.7662760416666666 0.3515625 0.022135416666666668
4 0.7412109375 0.80078125 0.224609375 0.0234375
6 0.3994140625 0.9947916666666666 0.01953125 0.010416666666666666
6 0.4404296875 0.9947916666666666 0.033203125 0.010416666666666666
6 0.4833984375 0.9947916666666666 0.0234375 0.010416666666666666