7 0.31884765625 0.031901041666666664 0.3408203125 0.032552083333333336
7 0.41552734375 0.07096354166666667 0.1474609375 0.032552083333333336
7 0.31640625 0.13736979166666666 0.345703125 0.032552083333333336
4 0.060546875 0.4765625 0.12109375 0.059895833333333336
2 0.14013671875 0.4583333333333333 0.0244140625 0.018229166666666668
0 0.2080078125 0.5071614583333334 0.16015625 0.045572916666666664
2 0.3564453125 0.4583333333333333 0.080078125 0.018229166666666668
0 0.36474609375 0.4954427083333333 0.0966796875 0.022135416666666668
0 0.36474609375 0.5221354166666666 0.0966796875 0.015625
2 0.46533203125 0.4583333333333333 0.0478515625 0.018229166666666668
0 0.46533203125 0.4954427083333333 0.0478515625 0.022135416666666668
0 0.46533203125 0.5221354166666666 0.0478515625 0.015625
7 0.5380859375 0.009765625 0.09765625 0.01953125
0 0.5498046875 0.018229166666666668 0.12109375 0.036458333333333336
6 0.66650390625 0.008463541666666666 0.0732421875 0.016927083333333332
6 0.76611328125 0.008463541666666666 0.0693359375 0.016927083333333332
6 0.86328125 0.008463541666666666 0.0703125 0.016927083333333332
6 0.962890625 0.008463541666666666 0.07421875 0.016927083333333332
2 0.74462890625 0.11783854166666667 0.5107421875 0.029947916666666668
4 0.58984375 0.2727864583333333 0.201171875 0.21484375
4 0.8173828125 0.2727864583333333 0.234375 0.21484375
4 0.97216796875 0.2727864583333333 0.0556640625 0.21484375
7 0.6630859375 0.4329427083333333 0.34765625 0.032552083333333336
7 0.74462890625 0.4889322916666667 0.5107421875 0.08203125
4 0.74462890625 0.2649739583333333 0.5107421875 0.5299479166666666
2 0.81982421875 0.040364583333333336 0.3603515625 0.06770833333333333
2 0.81982421875 0.10677083333333333 0.3603515625 0.0390625
1 0.81494140625 0.18489583333333334 0.3505859375 0.06510416666666667
7 0.81982421875 0.267578125 0.3603515625 0.03515625
7 0.767578125 0.4140625 0.306640625 0.11979166666666667
6 0.99072265625 0.4505208333333333 0.0185546875 0.020833333333333332
4 0.08837890625 0.546875 0.1767578125 0.033854166666666664
0 0.08837890625 0.5572916666666666 0.1767578125 0.020833333333333332
1 0.34130859375 0.5442708333333334 0.2958984375 0.028645833333333332
4 0.03076171875 0.6979166666666666 0.0615234375 0.10677083333333333
4 0.13037109375 0.6979166666666666 0.0966796875 0.10677083333333333
4 0.24755859375 0.6979166666666666 0.0966796875 0.10677083333333333
4 0.36474609375 0.6979166666666666 0.0966796875 0.10677083333333333
4 0.46142578125 0.6979166666666666 0.0556640625 0.10677083333333333
4 0.15478515625 0.8841145833333334 0.0478515625 0.0625
7 0.275390625 0.8821614583333334 0.17578125 0.02734375
7 0.27880859375 0.96875 0.2861328125 0.0625
6 0.2734375 0.9947916666666666 0.275390625 0.010416666666666666
4 0.46435546875 0.8841145833333334 0.0478515625 0.0625
1 0.46826171875 0.95703125 0.0419921875 0.0390625
4 0.74462890625 0.7298177083333334 0.5107421875 0.3997395833333333