7 0.369140625 0.044921875 0.55859375 0.032552083333333336
7 0.369140625 0.083984375 0.171875 0.032552083333333336
7 0.259765625 0.150390625 0.349609375 0.032552083333333336
6 0.46728515625 0.150390625 0.0654296875 0.032552083333333336
7 0.50634765625 0.150390625 0.0126953125 0.032552083333333336
6 0.53759765625 0.150390625 0.0498046875 0.032552083333333336
7 0.56884765625 0.150390625 0.0126953125 0.032552083333333336
6 0.6142578125 0.150390625 0.078125 0.032552083333333336
4 0.03125 0.4895833333333333 0.0625 0.059895833333333336
7 0.0146484375 0.6106770833333334 0.029296875 0.041666666666666664
2 0.08154296875 0.4713541666666667 0.0244140625 0.018229166666666668
0 0.1494140625 0.5305989583333334 0.16015625 0.06640625
2 0.08203125 0.6223958333333334 0.025390625 0.018229166666666668
2 0.2978515625 0.4713541666666667 0.080078125 0.018229166666666668
0 0.30615234375 0.5084635416666666 0.0966796875 0.022135416666666668
0 0.30615234375 0.5384114583333334 0.0966796875 0.022135416666666668
2 0.408203125 0.4713541666666667 0.05078125 0.018229166666666668
0 0.447265625 0.5084635416666666 0.12890625 0.022135416666666668
0 0.447265625 0.5384114583333334 0.12890625 0.022135416666666668
0 0.447265625 0.568359375 0.12890625 0.022135416666666668
0 0.447265625 0.609375 0.12890625 0.044270833333333336
2 0.6044921875 0.4720052083333333 0.12890625 0.024739583333333332
0 0.6044921875 0.5084635416666666 0.12890625 0.022135416666666668
0 0.6044921875 0.5494791666666666 0.12890625 0.044270833333333336
0 0.6044921875 0.5904947916666666 0.12890625 0.022135416666666668
0 0.6044921875 0.6204427083333334 0.12890625 0.022135416666666668
0 0.6044921875 0.64453125 0.12890625 0.010416666666666666
7 0.84423828125 0.028645833333333332 0.2900390625 0.020833333333333332
4 0.849609375 0.2786458333333333 0.30078125 0.2864583333333333
2 0.849609375 0.20052083333333334 0.30078125 0.036458333333333336
2 0.849609375 0.23958333333333334 0.30078125 0.041666666666666664
1 0.84814453125 0.5338541666666666 0.2978515625 0.08333333333333333
7 0.71240234375 0.6041666666666666 0.0263671875 0.020833333333333332
0 0.71240234375 0.6041666666666666 0.0263671875 0.052083333333333336
7 0.767578125 0.6041666666666666 0.037109375 0.020833333333333332
0 0.767578125 0.6041666666666666 0.037109375 0.052083333333333336
7 0.8486328125 0.6041666666666666 0.078125 0.020833333333333332
0 0.8486328125 0.6041666666666666 0.078125 0.052083333333333336
7 0.95556640625 0.6041666666666666 0.0888671875 0.020833333333333332
0 0.95556640625 0.6041666666666666 0.0888671875 0.052083333333333336
2 0.4296875 0.74609375 0.5390625 0.13802083333333334
0 0.462890625 0.8990885416666666 0.29296875 0.055989583333333336
7 0.849609375 0.6725260416666666 0.30078125 0.024739583333333332
7 0.849609375 0.7037760416666666 0.30078125 0.08723958333333333
6 0.75341796875 0.7884114583333334 0.0595703125 0.024739583333333332
6 0.83544921875 0.7884114583333334 0.0576171875 0.024739583333333332
6 0.92626953125 0.7884114583333334 0.0771484375 0.024739583333333332
6 0.708984375 0.8196614583333334 0.01953125 0.024739583333333332
6 0.7900390625 0.8196614583333334 0.095703125 0.024739583333333332
6 0.9091796875 0.8196614583333334 0.095703125 0.024739583333333332
6 0.990234375 0.8196614583333334 0.01953125 0.024739583333333332
7 0.849609375 0.9329427083333334 0.30078125 0.13411458333333334