0 0.41845703125 0.026041666666666668 0.2021484375 0.052083333333333336
3 0.30224609375 0.2962239583333333 0.4345703125 0.3059895833333333
4 0.68212890625 0.08463541666666667 0.3251953125 0.16927083333333334
0 0.68212890625 0.08463541666666667 0.3251953125 0.16927083333333334
2 0.66796875 0.212890625 0.296875 0.06380208333333333
7 0.68212890625 0.2962239583333333 0.3251953125 0.07942708333333333
4 0.5400390625 0.4095052083333333 0.041015625 0.07942708333333333
0 0.5400390625 0.4095052083333333 0.041015625 0.07942708333333333
2 0.70263671875 0.4095052083333333 0.2568359375 0.07942708333333333
6 0.9013671875 0.224609375 0.056640625 0.44921875
4 0.904296875 0.025390625 0.0625 0.05078125
0 0.904296875 0.025390625 0.0625 0.05078125
6 0.974609375 0.026041666666666668 0.05078125 0.052083333333333336
7 0.974609375 0.06966145833333333 0.05078125 0.02734375
4 0.904296875 0.15169270833333334 0.0625 0.08203125
0 0.904296875 0.15169270833333334 0.0625 0.08203125
6 0.974609375 0.16536458333333334 0.05078125 0.11197916666666667
7 0.974609375 0.23893229166666666 0.05078125 0.02734375
4 0.904296875 0.3209635416666667 0.0625 0.08203125
0 0.904296875 0.3209635416666667 0.0625 0.08203125
6 0.974609375 0.3209635416666667 0.05078125 0.08463541666666667
7 0.974609375 0.39453125 0.05078125 0.0546875
2 0.2724609375 0.5494791666666666 0.044921875 0.013020833333333334
2 0.384765625 0.6263020833333334 0.26953125 0.125
7 0.384765625 0.7272135416666666 0.26953125 0.06901041666666667
4 0.34814453125 0.9192708333333334 0.1962890625 0.16145833333333334
0 0.34814453125 0.9192708333333334 0.1962890625 0.16145833333333334
2 0.03271484375 0.4557291666666667 0.0654296875 0.013020833333333334
7 0.0908203125 0.521484375 0.181640625 0.029947916666666668
0 0.0419921875 0.5716145833333334 0.083984375 0.026041666666666668
7 0.0791015625 0.7141927083333334 0.158203125 0.13932291666666666
6 0.04345703125 0.8001302083333334 0.0869140625 0.024739583333333332
7 0.07470703125 0.814453125 0.1494140625 0.053385416666666664
7 0.798828125 0.4602864583333333 0.30078125 0.022135416666666668
0 0.95751953125 0.5208333333333334 0.0849609375 0.06510416666666667
0 0.53564453125 0.5208333333333334 0.0322265625 0.06510416666666667
0 0.60302734375 0.5208333333333334 0.1025390625 0.06510416666666667
0 0.7060546875 0.5208333333333334 0.103515625 0.06510416666666667
0 0.7919921875 0.5208333333333334 0.068359375 0.06510416666666667
0 0.869140625 0.5208333333333334 0.0859375 0.06510416666666667
7 0.658203125 0.5755208333333334 0.064453125 0.015625
2 0.65576171875 0.7643229166666666 0.2724609375 0.09375
4 0.66796875 0.8821614583333334 0.296875 0.23567708333333334
0 0.66796875 0.8821614583333334 0.296875 0.23567708333333334
4 0.8994140625 0.791015625 0.126953125 0.09505208333333333
0 0.8994140625 0.7916666666666666 0.126953125 0.09635416666666667
2 0.986328125 0.8014322916666666 0.02734375 0.12369791666666667
4 0.8994140625 0.9576822916666666 0.126953125 0.08463541666666667
0 0.8994140625 0.9576822916666666 0.126953125 0.08463541666666667
2 0.986328125 0.9485677083333334 0.02734375 0.07421875