4 0.19970703125 0.17838541666666666 0.3994140625 0.3567708333333333
2 0.19970703125 0.4251302083333333 0.3994140625 0.06380208333333333
4 0.51708984375 0.07096354166666667 0.2353515625 0.053385416666666664
6 0.78173828125 0.07421875 0.0654296875 0.026041666666666668
6 0.9013671875 0.07421875 0.0625 0.026041666666666668
6 0.98681640625 0.07421875 0.0263671875 0.026041666666666668
2 0.57763671875 0.3346354166666667 0.3564453125 0.1875
7 0.427734375 0.466796875 0.056640625 0.024739583333333332
4 0.88232421875 0.3372395833333333 0.2353515625 0.2838541666666667
4 0.02880859375 0.5520833333333334 0.0498046875 0.06770833333333333
0 0.02880859375 0.5520833333333334 0.0498046875 0.06770833333333333
2 0.15283203125 0.5579427083333334 0.1806640625 0.07942708333333333
7 0.16259765625 0.609375 0.2001953125 0.026041666666666668
4 0.02880859375 0.6614583333333334 0.0498046875 0.06770833333333333
0 0.02880859375 0.6614583333333334 0.0498046875 0.06770833333333333
2 0.14990234375 0.6803385416666666 0.1748046875 0.10546875
7 0.16259765625 0.7447916666666666 0.2001953125 0.026041666666666668
4 0.02880859375 0.796875 0.0498046875 0.06770833333333333
0 0.02880859375 0.796875 0.0498046875 0.06770833333333333
2 0.1611328125 0.802734375 0.197265625 0.07942708333333333
7 0.16259765625 0.8541666666666666 0.2001953125 0.026041666666666668
4 0.02880859375 0.90625 0.0498046875 0.06770833333333333
0 0.02880859375 0.90625 0.0498046875 0.06770833333333333
2 0.15576171875 0.912109375 0.1865234375 0.07942708333333333
7 0.16259765625 0.9635416666666666 0.2001953125 0.026041666666666668
4 0.02880859375 0.9908854166666666 0.0498046875 0.018229166666666668
0 0.02880859375 0.9908854166666666 0.0498046875 0.018229166666666668
2 0.150390625 0.9908854166666666 0.17578125 0.018229166666666668
4 0.3359375 0.5520833333333334 0.05078125 0.06770833333333333
0 0.3359375 0.5520833333333334 0.05078125 0.06770833333333333
4 0.3359375 0.6875 0.05078125 0.06770833333333333
0 0.3359375 0.6875 0.05078125 0.06770833333333333
4 0.3359375 0.796875 0.05078125 0.06770833333333333
0 0.3359375 0.796875 0.05078125 0.06770833333333333
4 0.3359375 0.8802083333333334 0.05078125 0.06770833333333333
0 0.3359375 0.8802083333333334 0.05078125 0.06770833333333333
4 0.3359375 0.9635416666666666 0.05078125 0.06770833333333333
0 0.3359375 0.9635416666666666 0.05078125 0.06770833333333333
4 0.5224609375 0.5885416666666666 0.205078125 0.15364583333333334
0 0.5224609375 0.7018229166666666 0.205078125 0.3802083333333333
7 0.5224609375 0.7682291666666666 0.205078125 0.1953125
4 0.5224609375 0.9602864583333334 0.205078125 0.07942708333333333
0 0.5224609375 0.9602864583333334 0.205078125 0.07942708333333333
4 0.822265625 0.6692708333333334 0.35546875 0.3151041666666667
0 0.822265625 0.755859375 0.35546875 0.48828125
7 0.822265625 0.9010416666666666 0.35546875 0.1328125