7 0.021484375 0.018229166666666668 0.04296875 0.0234375
7 0.1259765625 0.048828125 0.251953125 0.08463541666666667
0 0.1337890625 0.15755208333333334 0.267578125 0.059895833333333336
2 0.568359375 0.357421875 0.0625 0.032552083333333336
0 0.568359375 0.4173177083333333 0.0625 0.05078125
2 0.25927734375 0.361328125 0.5185546875 0.040364583333333336
2 0.25927734375 0.423828125 0.5185546875 0.032552083333333336
0 0.25927734375 0.423828125 0.5185546875 0.032552083333333336
0 0.708984375 0.005859375 0.13671875 0.01171875
0 0.7998046875 0.09505208333333333 0.400390625 0.0625
2 0.77978515625 0.095703125 0.3603515625 0.032552083333333336
3 0.7998046875 0.2565104166666667 0.400390625 0.1953125
4 0.15087890625 0.5572916666666666 0.1474609375 0.1484375
4 0.2158203125 0.64453125 0.015625 0.015625
7 0.12548828125 0.6588541666666666 0.0908203125 0.041666666666666664
6 0.1533203125 0.669921875 0.037109375 0.01953125
6 0.01123046875 0.5149739583333334 0.0224609375 0.022135416666666668
7 0.0244140625 0.5579427083333334 0.048828125 0.10807291666666667
6 0.017578125 0.6009114583333334 0.03515625 0.022135416666666668
7 0.02685546875 0.615234375 0.0537109375 0.05078125
7 0.0263671875 0.6868489583333334 0.052734375 0.07942708333333333
6 0.0234375 0.7154947916666666 0.046875 0.022135416666666668
7 0.10595703125 0.7584635416666666 0.2119140625 0.05078125
7 0.10107421875 0.7727864583333334 0.0166015625 0.022135416666666668
7 0.09521484375 0.787109375 0.1904296875 0.05078125
6 0.04296875 0.8014322916666666 0.0859375 0.022135416666666668
7 0.10009765625 0.8157552083333334 0.2001953125 0.05078125
6 0.09619140625 0.8444010416666666 0.1923828125 0.05078125
7 0.1025390625 0.8873697916666666 0.205078125 0.07942708333333333
7 0.0654296875 0.9680989583333334 0.130859375 0.05078125
6 0.00634765625 0.982421875 0.0126953125 0.022135416666666668
7 0.1123046875 0.9856770833333334 0.224609375 0.028645833333333332
6 0.30517578125 0.4602864583333333 0.0537109375 0.022135416666666668
6 0.42919921875 0.498046875 0.2568359375 0.022135416666666668
6 0.36376953125 0.5279947916666666 0.1259765625 0.022135416666666668
6 0.326171875 0.5735677083333334 0.095703125 0.022135416666666668
7 0.34033203125 0.611328125 0.0791015625 0.022135416666666668
6 0.423828125 0.611328125 0.08984375 0.022135416666666668
7 0.416015625 0.6256510416666666 0.23046875 0.05078125
7 0.3408203125 0.669921875 0.080078125 0.022135416666666668
6 0.46875 0.669921875 0.1796875 0.022135416666666668
7 0.439453125 0.6842447916666666 0.27734375 0.05078125
7 0.3408203125 0.7298177083333334 0.080078125 0.022135416666666668
6 0.41796875 0.7298177083333334 0.078125 0.022135416666666668
7 0.4326171875 0.744140625 0.263671875 0.05078125
7 0.34033203125 0.7884114583333334 0.0791015625 0.022135416666666668
6 0.42724609375 0.7884114583333334 0.0966796875 0.022135416666666668
7 0.44140625 0.802734375 0.28125 0.05078125
4 0.53125 0.9166666666666666 0.1171875 0.16666666666666666
7 0.3408203125 0.8509114583333334 0.080078125 0.022135416666666668
6 0.36376953125 0.865234375 0.1259765625 0.05078125
7 0.38134765625 0.8938802083333334 0.1611328125 0.05078125
7 0.41455078125 0.908203125 0.0791015625 0.022135416666666668
7 0.4560546875 0.908203125 0.005859375 0.022135416666666668
7 0.3408203125 0.939453125 0.080078125 0.022135416666666668
6 0.4111328125 0.939453125 0.064453125 0.022135416666666668
7 0.3740234375 0.9537760416666666 0.146484375 0.05078125
7 0.3408203125 0.9934895833333334 0.080078125 0.013020833333333334
6 0.4130859375 0.9934895833333334 0.068359375 0.013020833333333334
7 0.380859375 0.9934895833333334 0.16015625 0.013020833333333334
2 0.7998046875 0.6002604166666666 0.400390625 0.09895833333333333
7 0.7998046875 0.6861979166666666 0.400390625 0.052083333333333336
0 0.8583984375 0.81640625 0.14453125 0.0625
2 0.72265625 0.9915364583333334 0.154296875 0.016927083333333332
2 0.93359375 0.9915364583333334 0.1328125 0.016927083333333332