4 0.43310546875 0.458984375 0.0322265625 0.04296875
4 0.4384765625 0.18815104166666666 0.08984375 0.11848958333333333
4 0.4384765625 0.2890625 0.296875 0.041666666666666664
4 0.4384765625 0.3372395833333333 0.138671875 0.0234375
4 0.12109375 0.5572916666666666 0.0234375 0.020833333333333332
4 0.248046875 0.5572916666666666 0.05078125 0.020833333333333332
4 0.37548828125 0.5572916666666666 0.0517578125 0.020833333333333332
4 0.50146484375 0.5572916666666666 0.0400390625 0.020833333333333332
4 0.61181640625 0.5572916666666666 0.0361328125 0.020833333333333332
4 0.12158203125 0.7369791666666666 0.0615234375 0.020833333333333332
4 0.24853515625 0.7369791666666666 0.0361328125 0.020833333333333332
4 0.37548828125 0.7369791666666666 0.0517578125 0.020833333333333332
4 0.501953125 0.7369791666666666 0.046875 0.020833333333333332
4 0.611328125 0.7369791666666666 0.037109375 0.020833333333333332
4 0.19921875 0.08268229166666667 0.05859375 0.07942708333333333
4 0.2138671875 0.08268229166666667 0.05859375 0.07942708333333333
4 0.228515625 0.08268229166666667 0.05859375 0.07942708333333333
7 0.45166015625 0.06705729166666667 0.3564453125 0.024739583333333332
7 0.43701171875 0.09700520833333333 0.3271484375 0.024739583333333332
0 0.45166015625 0.09765625 0.3564453125 0.03125
4 0.61279296875 0.10091145833333333 0.0244140625 0.024739583333333332
3 0.3779296875 0.4720052083333333 0.50390625 0.6263020833333334
7 0.732421875 0.013020833333333334 0.12890625 0.026041666666666668
0 0.732421875 0.013020833333333334 0.12890625 0.026041666666666668
7 0.87548828125 0.013020833333333334 0.1279296875 0.026041666666666668
0 0.87548828125 0.013020833333333334 0.1279296875 0.026041666666666668
7 0.81494140625 0.059895833333333336 0.3701171875 0.057291666666666664
2 0.81494140625 0.6263020833333334 0.3701171875 0.052083333333333336
0 0.81494140625 0.3919270833333333 0.3701171875 0.5989583333333334
0 0.75927734375 0.7897135416666666 0.2587890625 0.11848958333333333
3 0.95751953125 0.7897135416666666 0.0849609375 0.11848958333333333
4 0.2509765625 0.9244791666666666 0.501953125 0.15104166666666666
0 0.2509765625 0.9244791666666666 0.501953125 0.15104166666666666
7 0.81494140625 0.9049479166666666 0.3701171875 0.08333333333333333