4 0.18994140625 0.3404947916666667 0.0322265625 0.04296875
4 0.1953125 0.06966145833333333 0.08984375 0.11848958333333333
4 0.1953125 0.17057291666666666 0.296875 0.041666666666666664
4 0.1953125 0.21875 0.138671875 0.0234375
4 0.01513671875 0.4388020833333333 0.0302734375 0.020833333333333332
4 0.13232421875 0.4388020833333333 0.0517578125 0.020833333333333332
4 0.25830078125 0.4388020833333333 0.0400390625 0.020833333333333332
4 0.38525390625 0.4388020833333333 0.0693359375 0.020833333333333332
4 0.51220703125 0.4388020833333333 0.0341796875 0.020833333333333332
3 0.25390625 0.259765625 0.5078125 0.4388020833333333
4 0.74365234375 0.12760416666666666 0.2490234375 0.22135416666666666
0 0.74365234375 0.2109375 0.2490234375 0.3880208333333333
7 0.74365234375 0.333984375 0.2490234375 0.14192708333333334
7 0.74365234375 0.4407552083333333 0.2490234375 0.07421875
7 0.93115234375 0.0625 0.0693359375 0.09114583333333333
0 0.9482421875 0.09375 0.103515625 0.0234375
7 0.93115234375 0.1796875 0.0693359375 0.09114583333333333
0 0.9482421875 0.2109375 0.103515625 0.0234375
7 0.93115234375 0.296875 0.0693359375 0.09114583333333333
0 0.9482421875 0.328125 0.103515625 0.0234375
7 0.93115234375 0.4140625 0.0693359375 0.09114583333333333
0 0.04296875 0.5091145833333334 0.068359375 0.059895833333333336
0 0.1240234375 0.5091145833333334 0.0625 0.059895833333333336
0 0.2216796875 0.5091145833333334 0.1015625 0.059895833333333336
0 0.318359375 0.5091145833333334 0.060546875 0.059895833333333336
0 0.42138671875 0.5091145833333334 0.1142578125 0.059895833333333336
0 0.54638671875 0.5091145833333334 0.1044921875 0.059895833333333336
4 0.3095703125 0.78125 0.619140625 0.4375
4 0.32177734375 0.7838541666666666 0.5947265625 0.234375
7 0.43115234375 0.9609375 0.3759765625 0.078125
6 0.8095703125 0.7395833333333334 0.380859375 0.5208333333333334
4 0.73681640625 0.68359375 0.2353515625 0.4088541666666667
0 0.73681640625 0.68359375 0.2353515625 0.4088541666666667
0 0.947265625 0.5130208333333334 0.10546875 0.03125
0 0.947265625 0.6510416666666666 0.10546875 0.21875
7 0.947265625 0.8541666666666666 0.10546875 0.14583333333333334
7 0.904296875 0.9615885416666666 0.01953125 0.02734375
7 0.94384765625 0.9615885416666666 0.0615234375 0.02734375
0 0.94384765625 0.9615885416666666 0.0615234375 0.02734375
7 0.947265625 0.9876302083333334 0.10546875 0.024739583333333332