4 0.26953125 0.189453125 0.5390625 0.37890625
7 0.30029296875 0.3424479166666667 0.4775390625 0.07291666666666667
1 0.5927734375 0.014322916666666666 0.107421875 0.028645833333333332
7 0.7177734375 0.01171875 0.095703125 0.0234375
0 0.73046875 0.014322916666666666 0.142578125 0.028645833333333332
4 0.79150390625 0.013671875 0.0185546875 0.02734375
1 0.73046875 0.048177083333333336 0.1328125 0.03125
7 0.87255859375 0.01171875 0.0947265625 0.0234375
0 0.88525390625 0.014322916666666666 0.1416015625 0.028645833333333332
4 0.94580078125 0.013671875 0.0185546875 0.02734375
1 0.88525390625 0.048177083333333336 0.1318359375 0.03125
1 0.984375 0.014322916666666666 0.03125 0.028645833333333332
4 0.71435546875 0.20768229166666666 0.3505859375 0.2643229166666667
0 0.71435546875 0.20768229166666666 0.3505859375 0.2643229166666667
7 0.6708984375 0.25390625 0.263671875 0.049479166666666664
4 0.94482421875 0.20768229166666666 0.1103515625 0.2643229166666667
0 0.94482421875 0.20768229166666666 0.1103515625 0.2643229166666667
6 0.9365234375 0.18880208333333334 0.064453125 0.0234375
7 0.9521484375 0.24088541666666666 0.095703125 0.07552083333333333
4 0.94482421875 0.20768229166666666 0.1103515625 0.2643229166666667
0 0.94482421875 0.20768229166666666 0.1103515625 0.2643229166666667
6 0.9521484375 0.16276041666666666 0.095703125 0.0234375
7 0.9521484375 0.22786458333333334 0.095703125 0.1015625
4 0.94482421875 0.20768229166666666 0.1103515625 0.2643229166666667
0 0.94482421875 0.20768229166666666 0.1103515625 0.2643229166666667
6 0.927734375 0.21484375 0.046875 0.0234375
7 0.9521484375 0.25390625 0.095703125 0.049479166666666664
4 0.94482421875 0.20768229166666666 0.1103515625 0.2643229166666667
0 0.94482421875 0.20768229166666666 0.1103515625 0.2643229166666667
6 0.9443359375 0.21484375 0.080078125 0.0234375
7 0.9521484375 0.25390625 0.095703125 0.049479166666666664
4 0.623046875 0.3131510416666667 0.0078125 0.009114583333333334
2 0.96484375 0.12109375 0.0703125 0.0390625
7 0.96337890625 0.171875 0.0673828125 0.018229166666666668
0 0.96484375 0.20703125 0.0703125 0.046875
7 0.9638671875 0.2825520833333333 0.068359375 0.018229166666666668
6 0.96484375 0.3177083333333333 0.0703125 0.041666666666666664
0 0.96484375 0.3177083333333333 0.0703125 0.046875
0 0.32275390625 0.62890625 0.2373046875 0.046875
2 0.12646484375 0.7389322916666666 0.2529296875 0.04296875
1 0.1220703125 0.8098958333333334 0.244140625 0.052083333333333336
7 0.28857421875 0.8098958333333334 0.0751953125 0.041666666666666664
0 0.28857421875 0.8098958333333334 0.0771484375 0.052083333333333336
7 0.03955078125 0.90234375 0.0791015625 0.0546875
4 0.11279296875 0.90234375 0.0302734375 0.046875
7 0.2138671875 0.90234375 0.1640625 0.0546875
4 0.32958984375 0.90234375 0.0302734375 0.046875
7 0.44384765625 0.90234375 0.1904296875 0.0546875
7 0.255859375 0.9830729166666666 0.51171875 0.033854166666666664
4 0.76953125 0.5852864583333334 0.4609375 0.4127604166666667
2 0.60302734375 0.953125 0.1279296875 0.028645833333333332