6 0.47314453125 0.010416666666666666 0.0322265625 0.020833333333333332
4 0.06787109375 0.032552083333333336 0.0888671875 0.06510416666666667
0 0.06787109375 0.045572916666666664 0.1123046875 0.09114583333333333
0 0.20458984375 0.032552083333333336 0.1220703125 0.052083333333333336
0 0.3271484375 0.032552083333333336 0.123046875 0.052083333333333336
0 0.43896484375 0.032552083333333336 0.1005859375 0.052083333333333336
4 0.24462890625 0.21028645833333334 0.4892578125 0.41796875
7 0.3408203125 0.396484375 0.296875 0.045572916666666664
3 0.68603515625 0.06770833333333333 0.3935546875 0.1171875
2 0.705078125 0.20247395833333334 0.431640625 0.07421875
7 0.69482421875 0.3046875 0.4111328125 0.078125
0 0.5595703125 0.4010416666666667 0.140625 0.036458333333333336
2 0.296875 0.4303385416666667 0.193359375 0.022135416666666668
4 0.3408203125 0.4889322916666667 0.296875 0.06640625
4 0.33935546875 0.5540364583333334 0.2939453125 0.06640625
2 0.3447265625 0.6529947916666666 0.2890625 0.029947916666666668
6 0.271484375 0.6966145833333334 0.11328125 0.026041666666666668
6 0.298828125 0.7291666666666666 0.16796875 0.026041666666666668
6 0.2666015625 0.7604166666666666 0.103515625 0.026041666666666668
6 0.330078125 0.7916666666666666 0.23046875 0.026041666666666668
2 0.27734375 0.8854166666666666 0.169921875 0.028645833333333332
4 0.31396484375 0.9563802083333334 0.2431640625 0.08463541666666667
2 0.0810546875 0.7096354166666666 0.162109375 0.5807291666666666
6 0.037109375 0.4733072916666667 0.05859375 0.022135416666666668
6 0.05419921875 0.498046875 0.0927734375 0.022135416666666668
6 0.03857421875 0.5227864583333334 0.0615234375 0.022135416666666668
6 0.05126953125 0.5475260416666666 0.0869140625 0.022135416666666668
6 0.0498046875 0.572265625 0.083984375 0.022135416666666668
6 0.0458984375 0.5970052083333334 0.076171875 0.022135416666666668
6 0.02099609375 0.6217447916666666 0.0263671875 0.022135416666666668
2 0.06982421875 0.6595052083333334 0.1337890625 0.022135416666666668
6 0.0693359375 0.6868489583333334 0.099609375 0.022135416666666668
6 0.0625 0.7115885416666666 0.0859375 0.022135416666666668
6 0.07666015625 0.736328125 0.1142578125 0.022135416666666668
6 0.05419921875 0.7610677083333334 0.0693359375 0.022135416666666668
6 0.0576171875 0.7942708333333334 0.076171875 0.0390625
2 0.06982421875 0.8404947916666666 0.1337890625 0.022135416666666668
6 0.0361328125 0.8678385416666666 0.033203125 0.022135416666666668
6 0.03564453125 0.892578125 0.0322265625 0.022135416666666668
6 0.04052734375 0.9173177083333334 0.0419921875 0.022135416666666668
6 0.06640625 0.9420572916666666 0.09375 0.022135416666666668
2 0.06982421875 0.9798177083333334 0.1337890625 0.022135416666666668
4 0.697265625 0.4544270833333333 0.337890625 0.0703125
2 0.6650390625 0.490234375 0.3515625 0.040364583333333336
7 0.62255859375 0.5390625 0.2666015625 0.020833333333333332
6 0.79052734375 0.5390625 0.0712890625 0.020833333333333332
7 0.74462890625 0.578125 0.5107421875 0.09895833333333333
6 0.5361328125 0.6171875 0.09375 0.020833333333333332
7 0.64013671875 0.6171875 0.1142578125 0.020833333333333332
7 0.74267578125 0.6634114583333334 0.5068359375 0.040364583333333336
6 0.6455078125 0.6731770833333334 0.138671875 0.020833333333333332
7 0.74462890625 0.6927083333333334 0.5107421875 0.059895833333333336
7 0.74462890625 0.7779947916666666 0.5107421875 0.07942708333333333
4 0.75244140625 0.9166666666666666 0.4892578125 0.16666666666666666
0 0.74462890625 0.9166666666666666 0.5107421875 0.16666666666666666