6 0.12890625 0.00390625 0.052734375 0.0078125
6 0.2529296875 0.00390625 0.15625 0.0078125
6 0.412109375 0.00390625 0.123046875 0.0078125
6 0.5712890625 0.00390625 0.15625 0.0078125
2 0.3212890625 0.26171875 0.642578125 0.14322916666666666
7 0.3212890625 0.3984375 0.642578125 0.109375
0 0.23876953125 0.509765625 0.4775390625 0.055989583333333336
0 0.7470703125 0.005859375 0.095703125 0.01171875
0 0.892578125 0.005859375 0.119140625 0.01171875
4 0.82470703125 0.23828125 0.3505859375 0.4088541666666667
6 0.71826171875 0.50390625 0.1376953125 0.0234375
2 0.82470703125 0.5872395833333334 0.3505859375 0.125
4 0.24755859375 0.8313802083333334 0.4951171875 0.3372395833333333
4 0.59228515625 0.7298177083333334 0.1142578125 0.13151041666666666
7 0.60009765625 0.8307291666666666 0.0986328125 0.0234375
7 0.58935546875 0.869140625 0.0380859375 0.024739583333333332
7 0.60009765625 0.9147135416666666 0.0986328125 0.048177083333333336
4 0.82470703125 0.8248697916666666 0.3505859375 0.3502604166666667
0 0.82470703125 0.8248697916666666 0.3505859375 0.3502604166666667
3 0.82470703125 0.8248697916666666 0.3505859375 0.3502604166666667