4 0.2099609375 0.18489583333333334 0.419921875 0.3489583333333333
1 0.19091796875 0.3177083333333333 0.3330078125 0.06770833333333333
1 0.38818359375 0.3177083333333333 0.0634765625 0.06770833333333333
4 0.6171875 0.12239583333333333 0.39453125 0.24479166666666666
4 0.841796875 0.14583333333333334 0.31640625 0.2916666666666667
2 0.7099609375 0.0234375 0.580078125 0.036458333333333336
2 0.7099609375 0.0625 0.580078125 0.041666666666666664
1 0.58056640625 0.3372395833333333 0.3212890625 0.044270833333333336
2 0.2099609375 0.6015625 0.419921875 0.14322916666666666
7 0.2099609375 0.73828125 0.419921875 0.109375
0 0.20849609375 0.849609375 0.4169921875 0.055989583333333336
4 0.7099609375 0.49609375 0.580078125 0.10416666666666667
2 0.4287109375 0.4765625 0.017578125 0.06510416666666667
0 0.4287109375 0.5377604166666666 0.017578125 0.020833333333333332
7 0.7099609375 0.53515625 0.580078125 0.026041666666666668
2 0.587890625 0.7779947916666666 0.3359375 0.08203125
7 0.58447265625 0.8971354166666666 0.3291015625 0.046875
7 0.572265625 0.9752604166666666 0.3046875 0.049479166666666664
6 0.6455078125 0.98828125 0.212890625 0.0234375
7 0.587890625 0.98828125 0.3359375 0.0234375
1 0.9052734375 0.7786458333333334 0.189453125 0.044270833333333336
4 0.822265625 0.8587239583333334 0.0234375 0.032552083333333336
2 0.86865234375 0.8567708333333334 0.0400390625 0.03125
7 0.8212890625 0.9290364583333334 0.0234375 0.032552083333333336
2 0.87109375 0.927734375 0.044921875 0.032552083333333336
4 0.822265625 0.9908854166666666 0.0234375 0.018229166666666668
0 0.84423828125 0.98828125 0.0673828125 0.0234375
2 0.86328125 0.9908854166666666 0.029296875 0.018229166666666668