0 0.36767578125 0.053385416666666664 0.1240234375 0.052083333333333336
4 0.21484375 0.119140625 0.4296875 0.23828125
0 0.21484375 0.119140625 0.4296875 0.23828125
7 0.08251953125 0.021484375 0.1650390625 0.04296875
7 0.21484375 0.0703125 0.4296875 0.0234375
4 0.5234375 0.07682291666666667 0.1875 0.15364583333333334
4 0.5234375 0.14973958333333334 0.1875 0.2994791666666667
4 0.5234375 0.14973958333333334 0.1875 0.2994791666666667
2 0.51220703125 0.1328125 0.1650390625 0.057291666666666664
7 0.51123046875 0.19791666666666666 0.1630859375 0.046875
7 0.47314453125 0.2630208333333333 0.0869140625 0.0234375
4 0.54736328125 0.2630208333333333 0.0185546875 0.036458333333333336
4 0.58544921875 0.2630208333333333 0.0185546875 0.036458333333333336
4 0.7890625 0.07682291666666667 0.328125 0.15364583333333334
4 0.7890625 0.14973958333333334 0.328125 0.2994791666666667
4 0.7890625 0.14973958333333334 0.328125 0.2994791666666667
2 0.7890625 0.1328125 0.283203125 0.057291666666666664
7 0.77685546875 0.19791666666666666 0.2587890625 0.046875
7 0.75 0.2630208333333333 0.205078125 0.0234375
4 0.88330078125 0.2630208333333333 0.0185546875 0.036458333333333336
4 0.92138671875 0.2630208333333333 0.0185546875 0.036458333333333336
4 0.41162109375 0.88671875 0.0244140625 0.03125
7 0.21533203125 0.396484375 0.4287109375 0.09244791666666667
7 0.21533203125 0.4225260416666667 0.4287109375 0.14453125
7 0.142578125 0.6328125 0.283203125 0.16927083333333334
7 0.142578125 0.7955729166666666 0.283203125 0.078125
4 0.0126953125 0.8782552083333334 0.0234375 0.032552083333333336
0 0.0205078125 0.8776041666666666 0.0390625 0.033854166666666664
4 0.0517578125 0.8782552083333334 0.0234375 0.032552083333333336
0 0.0595703125 0.8776041666666666 0.0390625 0.033854166666666664
4 0.0908203125 0.8782552083333334 0.0234375 0.032552083333333336
0 0.0986328125 0.8776041666666666 0.0390625 0.033854166666666664
4 0.3642578125 0.7740885416666666 0.130859375 0.4518229166666667
2 0.71484375 0.669921875 0.5703125 0.66015625
7 0.48291015625 0.3483072916666667 0.0810546875 0.016927083333333332
0 0.48291015625 0.3483072916666667 0.0810546875 0.016927083333333332
6 0.455078125 0.3932291666666667 0.05078125 0.0234375
7 0.52294921875 0.3932291666666667 0.0634765625 0.0234375
7 0.587890625 0.3932291666666667 0.044921875 0.0234375
6 0.69775390625 0.3932291666666667 0.0576171875 0.0234375
7 0.7626953125 0.3932291666666667 0.05078125 0.0234375
7 0.82080078125 0.3932291666666667 0.0439453125 0.0234375
6 0.9345703125 0.3932291666666667 0.06640625 0.0234375
7 0.9892578125 0.3932291666666667 0.021484375 0.0234375
4 0.6044921875 0.6217447916666666 0.349609375 0.3294270833333333
2 0.5966796875 0.8190104166666666 0.333984375 0.06770833333333333
7 0.6044921875 0.9296875 0.349609375 0.1171875
7 0.8994140625 0.4772135416666667 0.201171875 0.040364583333333336