7 0.28759765625 0.18359375 0.2646484375 0.0703125
7 0.28759765625 0.2864583333333333 0.2646484375 0.09375
0 0.21728515625 0.4010416666666667 0.1240234375 0.052083333333333336
0 0.35791015625 0.4010416666666667 0.1181640625 0.052083333333333336
4 0.2099609375 0.29296875 0.419921875 0.5859375
0 0.2099609375 0.29296875 0.419921875 0.5859375
7 0.2099609375 0.3072916666666667 0.419921875 0.03125
7 0.2099609375 0.41796875 0.419921875 0.0234375
7 0.72021484375 0.078125 0.5595703125 0.09375
7 0.6455078125 0.19075520833333334 0.244140625 0.05859375
7 0.9033203125 0.19205729166666666 0.193359375 0.05859375
0 0.9033203125 0.19205729166666666 0.193359375 0.05859375
4 0.8359375 0.3125 0.037109375 0.049479166666666664
4 0.5234375 0.4453125 0.037109375 0.049479166666666664
4 0.494140625 0.24739583333333334 0.037109375 0.049479166666666664
4 0.98193359375 0.3776041666666667 0.0361328125 0.049479166666666664
4 0.455078125 0.3385416666666667 0.037109375 0.049479166666666664
4 0.904296875 0.4557291666666667 0.037109375 0.049479166666666664
4 0.7099609375 0.3645833333333333 0.580078125 0.049479166666666664
4 0.43359375 0.5872395833333334 0.02734375 0.06510416666666667
4 0.904296875 0.3079427083333333 0.078125 0.10546875
4 0.59765625 0.3932291666666667 0.087890625 0.1171875
4 0.751953125 0.5240885416666666 0.49609375 0.19140625
3 0.2099609375 0.64453125 0.419921875 0.049479166666666664
4 0.2099609375 0.8470052083333334 0.419921875 0.3059895833333333
0 0.2099609375 0.8470052083333334 0.419921875 0.3059895833333333
7 0.02880859375 0.958984375 0.0576171875 0.016927083333333332
4 0.2099609375 0.8098958333333334 0.419921875 0.3802083333333333
2 0.330078125 0.6744791666666666 0.056640625 0.0390625
7 0.26513671875 0.80078125 0.3095703125 0.0390625
7 0.30908203125 0.853515625 0.2216796875 0.02734375
1 0.31884765625 0.9388020833333334 0.2021484375 0.052083333333333336
0 0.31884765625 0.9889322916666666 0.2021484375 0.022135416666666668
6 0.65576171875 0.6236979166666666 0.0634765625 0.0078125
6 0.75390625 0.6236979166666666 0.03515625 0.0078125
6 0.865234375 0.6236979166666666 0.08984375 0.0078125
6 0.9794921875 0.6236979166666666 0.041015625 0.0078125
2 0.56787109375 0.857421875 0.2958984375 0.28515625