4 0.05517578125 0.322265625 0.1103515625 0.23307291666666666
4 0.19189453125 0.4264322916666667 0.1357421875 0.024739583333333332
7 0.18603515625 0.059244791666666664 0.0478515625 0.024739583333333332
0 0.18603515625 0.059244791666666664 0.0712890625 0.053385416666666664
7 0.25390625 0.059244791666666664 0.01171875 0.024739583333333332
0 0.248046875 0.059244791666666664 0.0234375 0.053385416666666664
4 0.234375 0.3938802083333333 0.0234375 0.032552083333333336
0 0.234375 0.3938802083333333 0.048828125 0.06640625
4 0.1298828125 0.3528645833333333 0.259765625 0.171875
4 0.6298828125 0.23763020833333334 0.740234375 0.40234375
0 0.6298828125 0.23763020833333334 0.740234375 0.40234375
7 0.5087890625 0.3821614583333333 0.193359375 0.11328125
7 0.5087890625 0.37890625 0.1328125 0.046875
7 0.50830078125 0.427734375 0.1884765625 0.022135416666666668
4 0.0517578125 0.650390625 0.103515625 0.4231770833333333
2 0.20556640625 0.4739583333333333 0.1083984375 0.0703125
7 0.20556640625 0.5462239583333334 0.1083984375 0.053385416666666664
7 0.20556640625 0.6087239583333334 0.1083984375 0.11588541666666667
7 0.20556640625 0.6998697916666666 0.1083984375 0.022135416666666668
7 0.20556640625 0.7623697916666666 0.1083984375 0.14713541666666666
7 0.20556640625 0.8854166666666666 0.1083984375 0.0625
7 0.20068359375 0.9446614583333334 0.0986328125 0.022135416666666668
6 0.20556640625 0.9602864583333334 0.1083984375 0.053385416666666664
4 0.59765625 0.4576822916666667 0.34375 0.037760416666666664
7 0.876953125 0.4563802083333333 0.123046875 0.024739583333333332
4 0.57275390625 0.5084635416666666 0.2939453125 0.06640625
7 0.873046875 0.4954427083333333 0.115234375 0.024739583333333332
7 0.87158203125 0.521484375 0.1123046875 0.024739583333333332
6 0.80126953125 0.5651041666666666 0.0791015625 0.026041666666666668
2 0.615234375 0.607421875 0.36328125 0.029947916666666668
6 0.5048828125 0.6510416666666666 0.11328125 0.026041666666666668
6 0.5322265625 0.68359375 0.16796875 0.026041666666666668
6 0.5 0.71484375 0.103515625 0.026041666666666668
6 0.5634765625 0.74609375 0.23046875 0.026041666666666668
2 0.5107421875 0.83984375 0.169921875 0.028645833333333332
4 0.54736328125 0.9108072916666666 0.2431640625 0.08463541666666667
2 0.5390625 0.9798177083333334 0.2265625 0.029947916666666668
2 0.32763671875 0.7194010416666666 0.1357421875 0.5611979166666666
6 0.296875 0.4524739583333333 0.07421875 0.022135416666666668
6 0.28125 0.4772135416666667 0.04296875 0.022135416666666668
6 0.2939453125 0.501953125 0.068359375 0.022135416666666668
6 0.29248046875 0.5266927083333334 0.0654296875 0.022135416666666668
6 0.28857421875 0.5514322916666666 0.0576171875 0.022135416666666668
6 0.263671875 0.576171875 0.0078125 0.022135416666666668
2 0.31494140625 0.6139322916666666 0.1103515625 0.022135416666666668
6 0.30615234375 0.6412760416666666 0.0927734375 0.022135416666666668
6 0.29931640625 0.666015625 0.0791015625 0.022135416666666668
6 0.3134765625 0.6907552083333334 0.107421875 0.022135416666666668
6 0.291015625 0.7154947916666666 0.0625 0.022135416666666668
6 0.29443359375 0.7486979166666666 0.0693359375 0.0390625
2 0.31494140625 0.794921875 0.1103515625 0.022135416666666668
6 0.27294921875 0.822265625 0.0263671875 0.022135416666666668
6 0.2724609375 0.8470052083333334 0.025390625 0.022135416666666668
6 0.27734375 0.8717447916666666 0.03515625 0.022135416666666668
6 0.30322265625 0.896484375 0.0869140625 0.022135416666666668
2 0.31494140625 0.9342447916666666 0.1103515625 0.022135416666666668
6 0.29931640625 0.9615885416666666 0.0791015625 0.022135416666666668
6 0.30615234375 0.9876302083333334 0.0927734375 0.024739583333333332