7 0.26708984375 0.16796875 0.2646484375 0.0703125
7 0.26708984375 0.2708333333333333 0.2646484375 0.09375
4 0.19970703125 0.1796875 0.3994140625 0.359375
0 0.19970703125 0.1796875 0.3994140625 0.359375
7 0.19970703125 0.2916666666666667 0.3994140625 0.03125
3 0.63818359375 0.013671875 0.2978515625 0.02734375
7 0.74462890625 0.061848958333333336 0.5107421875 0.029947916666666668
7 0.74462890625 0.13216145833333334 0.5107421875 0.029947916666666668
7 0.76416015625 0.20247395833333334 0.4716796875 0.029947916666666668
7 0.76416015625 0.23111979166666666 0.4716796875 0.029947916666666668
7 0.74462890625 0.3157552083333333 0.5107421875 0.05859375
2 0.19970703125 0.494140625 0.3994140625 0.08984375
7 0.17236328125 0.6087239583333334 0.3447265625 0.11588541666666667
7 0.17236328125 0.890625 0.3447265625 0.15885416666666666
4 0.69970703125 0.6673177083333334 0.6005859375 0.6158854166666666
4 0.69970703125 0.6673177083333334 0.6005859375 0.6158854166666666
4 0.96630859375 0.9231770833333334 0.0322265625 0.041666666666666664
7 0.56689453125 0.5455729166666666 0.3349609375 0.13541666666666666
7 0.56689453125 0.66015625 0.3349609375 0.07291666666666667
4 0.46728515625 0.83203125 0.0244140625 0.03125
0 0.46728515625 0.83203125 0.0791015625 0.10416666666666667
7 0.4677734375 0.9309895833333334 0.087890625 0.020833333333333332
4 0.59716796875 0.83203125 0.0244140625 0.03125
0 0.59716796875 0.83203125 0.0791015625 0.10416666666666667
7 0.59716796875 0.9309895833333334 0.0791015625 0.020833333333333332