7 0.193359375 0.08984375 0.232421875 0.0703125
7 0.193359375 0.19270833333333334 0.232421875 0.09375
0 0.13916015625 0.3072916666666667 0.1240234375 0.052083333333333336
0 0.26513671875 0.3072916666666667 0.0888671875 0.052083333333333336
4 0.15478515625 0.18489583333333334 0.3095703125 0.3697916666666667
0 0.15478515625 0.18489583333333334 0.3095703125 0.3697916666666667
7 0.15478515625 0.21354166666666666 0.3095703125 0.03125
7 0.15478515625 0.32421875 0.3095703125 0.0234375
7 0.490234375 0.06510416666666667 0.361328125 0.109375
0 0.3701171875 0.1640625 0.12109375 0.046875
0 0.56494140625 0.1640625 0.2119140625 0.046875
7 0.94580078125 0.337890625 0.0576171875 0.024739583333333332
0 0.9521484375 0.3385416666666667 0.095703125 0.046875
4 0.984375 0.3391927083333333 0.01953125 0.02734375
2 0.06103515625 0.4427083333333333 0.1220703125 0.018229166666666668
7 0.05322265625 0.51953125 0.1064453125 0.08333333333333333
7 0.06005859375 0.677734375 0.1201171875 0.17317708333333334
7 0.05126953125 0.7975260416666666 0.1025390625 0.053385416666666664
6 0.0556640625 0.8125 0.111328125 0.0234375
1 0.26611328125 0.3854166666666667 0.0869140625 0.03125
2 0.26611328125 0.458984375 0.0869140625 0.01953125
0 0.2744140625 0.5227864583333334 0.0703125 0.048177083333333336
0 0.2744140625 0.6126302083333334 0.0703125 0.048177083333333336
0 0.2744140625 0.7376302083333334 0.0703125 0.11848958333333333
0 0.2744140625 0.8860677083333334 0.0703125 0.09505208333333333
2 0.65478515625 0.40625 0.6904296875 0.07291666666666667
2 0.65478515625 0.48828125 0.6904296875 0.0390625
7 0.404296875 0.6041666666666666 0.189453125 0.0859375
1 0.40185546875 0.6842447916666666 0.1845703125 0.06901041666666667
1 0.61767578125 0.6842447916666666 0.2060546875 0.06901041666666667
7 0.7919921875 0.68359375 0.060546875 0.0234375
0 0.8447265625 0.68359375 0.205078125 0.06770833333333333
4 0.92236328125 0.68359375 0.0107421875 0.0078125
7 0.69873046875 0.7369791666666666 0.1396484375 0.018229166666666668
6 0.80615234375 0.736328125 0.0751953125 0.016927083333333332
7 0.40283203125 0.8072916666666666 0.1826171875 0.052083333333333336
7 0.52392578125 0.8072916666666666 0.0576171875 0.052083333333333336
7 0.62744140625 0.8072916666666666 0.1474609375 0.052083333333333336
7 0.7333984375 0.8072916666666666 0.0625 0.052083333333333336
7 0.8251953125 0.8072916666666666 0.119140625 0.052083333333333336
7 0.94287109375 0.8072916666666666 0.1142578125 0.052083333333333336
7 0.65478515625 0.96875 0.6904296875 0.0625