0 0.24560546875 0.005208333333333333 0.2412109375 0.010416666666666666
7 0.4072265625 0.007161458333333333 0.060546875 0.014322916666666666
0 0.4697265625 0.007161458333333333 0.0546875 0.014322916666666666
0 0.53564453125 0.007161458333333333 0.0673828125 0.014322916666666666
1 0.46435546875 0.07421875 0.1455078125 0.0390625
4 0.55322265625 0.07356770833333333 0.0146484375 0.01953125
0 0.55322265625 0.07421875 0.0322265625 0.0390625
0 0.04541015625 0.15364583333333334 0.0908203125 0.06770833333333333
0 0.1201171875 0.15364583333333334 0.060546875 0.06770833333333333
0 0.20068359375 0.15364583333333334 0.1025390625 0.06770833333333333
0 0.2900390625 0.15364583333333334 0.078125 0.06770833333333333
0 0.37744140625 0.15364583333333334 0.0986328125 0.06770833333333333
6 0.36669921875 0.5501302083333334 0.0986328125 0.022135416666666668
0 0.9453125 0.006510416666666667 0.109375 0.013020833333333334
7 0.96826171875 0.0032552083333333335 0.0517578125 0.006510416666666667
0 0.62353515625 0.054036458333333336 0.0673828125 0.04296875
0 0.70556640625 0.054036458333333336 0.0986328125 0.04296875
0 0.83251953125 0.054036458333333336 0.0830078125 0.04296875
0 0.89892578125 0.054036458333333336 0.0517578125 0.04296875
0 0.95703125 0.054036458333333336 0.06640625 0.04296875
0 0.99462890625 0.054036458333333336 0.0107421875 0.04296875
6 0.634765625 0.095703125 0.08984375 0.01953125
6 0.724609375 0.095703125 0.0625 0.01953125
6 0.87744140625 0.09505208333333333 0.0361328125 0.020833333333333332
6 0.96142578125 0.09505208333333333 0.0771484375 0.020833333333333332
2 0.638671875 0.3639322916666667 0.09765625 0.4518229166666667
7 0.61083984375 0.4108072916666667 0.0419921875 0.01953125
3 0.8623046875 0.3639322916666667 0.275390625 0.4518229166666667
2 0.65869140625 0.8020833333333334 0.1376953125 0.125
2 0.6650390625 0.8951822916666666 0.150390625 0.032552083333333336
4 0.794921875 0.794921875 0.41015625 0.41015625
4 0.794921875 0.794921875 0.41015625 0.41015625