0 0.0888671875 0.140625 0.123046875 0.052083333333333336
7 0.375 0.4459635416666667 0.75 0.34765625
4 0.375 0.4674479166666667 0.75 0.3046875
4 0.13916015625 0.57421875 0.2333984375 0.08072916666666667
0 0.13916015625 0.6067708333333334 0.2333984375 0.0234375
4 0.1845703125 0.611328125 0.369140625 0.016927083333333332
7 0.58447265625 0.6080729166666666 0.3056640625 0.0234375
3 0.875 0.2708333333333333 0.25 0.4739583333333333
4 0.2705078125 0.6276041666666666 0.115234375 0.015625
0 0.2705078125 0.63671875 0.115234375 0.033854166666666664
0 0.61572265625 0.6263020833333334 0.1181640625 0.013020833333333334
2 0.36474609375 0.84375 0.7294921875 0.09895833333333333
7 0.36474609375 0.9296875 0.7294921875 0.052083333333333336
0 0.84033203125 0.6282552083333334 0.1220703125 0.016927083333333332
4 0.8857421875 0.8873697916666666 0.0625 0.048177083333333336
0 0.8857421875 0.8919270833333334 0.0625 0.057291666666666664
7 0.8857421875 0.9700520833333334 0.212890625 0.03125