7 0.2158203125 0.005859375 0.244140625 0.01171875
1 0.2119140625 0.005859375 0.251953125 0.01171875
7 0.2158203125 0.044921875 0.244140625 0.048177083333333336
1 0.2119140625 0.044921875 0.251953125 0.048177083333333336
7 0.2158203125 0.107421875 0.2421875 0.024739583333333332
0 0.2158203125 0.107421875 0.26171875 0.040364583333333336
7 0.2158203125 0.16015625 0.01953125 0.020833333333333332
4 0.14208984375 0.21809895833333334 0.0166015625 0.022135416666666668
0 0.2158203125 0.216796875 0.26171875 0.02734375
7 0.22802734375 0.21809895833333334 0.1416015625 0.022135416666666668
0 0.2158203125 0.2649739583333333 0.33984375 0.01953125
7 0.50927734375 0.028645833333333332 0.1201171875 0.057291666666666664
7 0.697265625 0.12434895833333333 0.138671875 0.022135416666666668
0 0.7548828125 0.125 0.25390625 0.0234375
7 0.81787109375 0.12434895833333333 0.1025390625 0.022135416666666668
7 0.93017578125 0.06901041666666667 0.0986328125 0.13541666666666666
2 0.58154296875 0.251953125 0.2646484375 0.032552083333333336
7 0.58154296875 0.2994791666666667 0.2646484375 0.052083333333333336
3 0.88037109375 0.2877604166666667 0.2392578125 0.10416666666666667
2 0.130859375 0.646484375 0.26171875 0.16796875
7 0.130859375 0.76953125 0.26171875 0.028645833333333332
4 0.296875 0.669921875 0.3046875 0.66015625
4 0.724609375 0.4544270833333333 0.55078125 0.22916666666666666
2 0.69775390625 0.361328125 0.4931640625 0.04296875
7 0.64013671875 0.4095052083333333 0.3779296875 0.024739583333333332
7 0.64990234375 0.4368489583333333 0.3974609375 0.024739583333333332
7 0.5078125 0.505859375 0.07421875 0.024739583333333332
6 0.61669921875 0.505859375 0.1279296875 0.024739583333333332
7 0.50244140625 0.5794270833333334 0.0693359375 0.026041666666666668
0 0.5341796875 0.5794270833333334 0.166015625 0.057291666666666664
7 0.56884765625 0.5794270833333334 0.0634765625 0.026041666666666668
0 0.71337890625 0.5794270833333334 0.1533203125 0.0546875
2 0.7607421875 0.7623697916666666 0.04296875 0.048177083333333336
2 0.81494140625 0.7623697916666666 0.0673828125 0.048177083333333336
2 0.923828125 0.7623697916666666 0.15234375 0.048177083333333336
7 0.59033203125 0.8600260416666666 0.2783203125 0.022135416666666668
4 0.49755859375 0.9212239583333334 0.0634765625 0.08463541666666667
0 0.49755859375 0.9342447916666666 0.0732421875 0.11067708333333333
6 0.49755859375 0.9798177083333334 0.0283203125 0.01953125
4 0.59033203125 0.9212239583333334 0.0634765625 0.08463541666666667
0 0.59033203125 0.9342447916666666 0.0732421875 0.11067708333333333
6 0.59033203125 0.9798177083333334 0.0244140625 0.01953125
4 0.68310546875 0.9212239583333334 0.0634765625 0.08463541666666667
0 0.68310546875 0.9342447916666666 0.0732421875 0.11067708333333333
6 0.68310546875 0.9798177083333334 0.0322265625 0.01953125
7 0.8828125 0.8600260416666666 0.234375 0.022135416666666668
4 0.8125 0.9212239583333334 0.064453125 0.08463541666666667
0 0.8125 0.9342447916666666 0.07421875 0.11067708333333333
6 0.81201171875 0.9798177083333334 0.0419921875 0.01953125
4 0.9052734375 0.9212239583333334 0.064453125 0.08463541666666667
0 0.9052734375 0.9342447916666666 0.07421875 0.11067708333333333
6 0.90478515625 0.9798177083333334 0.0615234375 0.01953125
4 0.98291015625 0.9212239583333334 0.0341796875 0.08463541666666667
0 0.98046875 0.9342447916666666 0.0390625 0.11067708333333333
6 0.9853515625 0.9798177083333334 0.029296875 0.01953125
4 0.9052734375 0.4134114583333333 0.091796875 0.040364583333333336
7 0.4970703125 0.5078125 0.091796875 0.028645833333333332
6 0.5146484375 0.5501302083333334 0.126953125 0.022135416666666668
6 0.4912109375 0.5748697916666666 0.080078125 0.022135416666666668
6 0.47119140625 0.599609375 0.0400390625 0.022135416666666668
6 0.501953125 0.6373697916666666 0.1015625 0.022135416666666668
6 0.51513671875 0.6751302083333334 0.1279296875 0.022135416666666668
7 0.49609375 0.7252604166666666 0.08984375 0.028645833333333332
6 0.51220703125 0.767578125 0.1220703125 0.022135416666666668
6 0.47216796875 0.7923177083333334 0.0419921875 0.022135416666666668
6 0.48193359375 0.830078125 0.0615234375 0.022135416666666668
6 0.4736328125 0.8548177083333334 0.044921875 0.022135416666666668
6 0.49072265625 0.8795572916666666 0.0791015625 0.022135416666666668
7 0.66748046875 0.5078125 0.0693359375 0.028645833333333332
6 0.6982421875 0.5501302083333334 0.130859375 0.022135416666666668
6 0.658203125 0.587890625 0.05078125 0.022135416666666668
6 0.65966796875 0.6126302083333334 0.0537109375 0.022135416666666668
6 0.6767578125 0.650390625 0.087890625 0.022135416666666668
6 0.6884765625 0.6751302083333334 0.111328125 0.022135416666666668
6 0.66455078125 0.712890625 0.0634765625 0.022135416666666668
7 0.8505859375 0.5078125 0.0703125 0.028645833333333332
6 0.85693359375 0.5501302083333334 0.0830078125 0.022135416666666668
6 0.84033203125 0.5748697916666666 0.0498046875 0.022135416666666668
6 0.8369140625 0.6126302083333334 0.04296875 0.022135416666666668
6 0.830078125 0.6373697916666666 0.029296875 0.022135416666666668
6 0.849609375 0.662109375 0.068359375 0.022135416666666668
6 0.8310546875 0.6998697916666666 0.03125 0.022135416666666668
6 0.857421875 0.7376302083333334 0.083984375 0.022135416666666668
6 0.85205078125 0.7623697916666666 0.0732421875 0.022135416666666668
6 0.83349609375 0.8001302083333334 0.0361328125 0.022135416666666668
7 0.85546875 0.8001302083333334 0.009765625 0.022135416666666668
6 0.8828125 0.8001302083333334 0.046875 0.022135416666666668
7 0.91015625 0.8001302083333334 0.009765625 0.022135416666666668
6 0.9326171875 0.8001302083333334 0.037109375 0.022135416666666668
6 0.841796875 0.8248697916666666 0.052734375 0.022135416666666668
7 0.8720703125 0.8248697916666666 0.009765625 0.022135416666666668
6 0.88916015625 0.8248697916666666 0.0263671875 0.022135416666666668