7 0.2099609375 0.5188802083333334 0.419921875 0.2799479166666667
4 0.2099609375 0.5403645833333334 0.419921875 0.23697916666666666
4 0.59033203125 0.20833333333333334 0.3408203125 0.4166666666666667
6 0.57470703125 0.451171875 0.3095703125 0.016927083333333332
0 0.59033203125 0.3294270833333333 0.3408203125 0.6588541666666666
2 0.57470703125 0.5032552083333334 0.3095703125 0.048177083333333336
6 0.57470703125 0.5924479166666666 0.3095703125 0.09114583333333333
6 0.8994140625 0.049479166666666664 0.201171875 0.044270833333333336
6 0.8994140625 0.11979166666666667 0.201171875 0.044270833333333336
6 0.8994140625 0.19010416666666666 0.201171875 0.044270833333333336
6 0.8994140625 0.2604166666666667 0.201171875 0.044270833333333336
6 0.8994140625 0.3307291666666667 0.201171875 0.044270833333333336
6 0.8994140625 0.4010416666666667 0.201171875 0.044270833333333336
6 0.8994140625 0.4713541666666667 0.201171875 0.044270833333333336
6 0.8994140625 0.5416666666666666 0.201171875 0.044270833333333336
6 0.8994140625 0.6119791666666666 0.201171875 0.044270833333333336
2 0.1123046875 0.736328125 0.16796875 0.048177083333333336
2 0.25830078125 0.736328125 0.1279296875 0.048177083333333336
7 0.0556640625 0.7936197916666666 0.021484375 0.01953125
7 0.07861328125 0.7936197916666666 0.0263671875 0.01953125
6 0.13134765625 0.7936197916666666 0.0791015625 0.01953125
7 0.18408203125 0.7936197916666666 0.0283203125 0.01953125
6 0.25146484375 0.7936197916666666 0.1083984375 0.01953125
1 0.140625 0.833984375 0.177734375 0.040364583333333336
1 0.26513671875 0.833984375 0.0673828125 0.040364583333333336
7 0.044921875 0.8756510416666666 0.064453125 0.01953125
6 0.09765625 0.8756510416666666 0.044921875 0.01953125
7 0.16015625 0.8756510416666666 0.080078125 0.01953125
6 0.26904296875 0.8756510416666666 0.1396484375 0.01953125
6 0.0693359375 0.912109375 0.138671875 0.022135416666666668
7 0.14306640625 0.912109375 0.0048828125 0.022135416666666668
6 0.18896484375 0.912109375 0.0810546875 0.022135416666666668
7 0.23388671875 0.912109375 0.0048828125 0.022135416666666668
6 0.27294921875 0.912109375 0.0673828125 0.022135416666666668
7 0.3125 0.912109375 0.00390625 0.022135416666666668
6 0.3505859375 0.912109375 0.06640625 0.022135416666666668
7 0.39013671875 0.912109375 0.0048828125 0.022135416666666668
6 0.40771484375 0.912109375 0.0244140625 0.022135416666666668
6 0.0341796875 0.9407552083333334 0.068359375 0.022135416666666668
7 0.22900390625 0.9407552083333334 0.3232421875 0.022135416666666668
4 0.5869140625 0.6731770833333334 0.333984375 0.028645833333333332
0 0.5869140625 0.6731770833333334 0.333984375 0.028645833333333332
7 0.5625 0.7018229166666666 0.28515625 0.028645833333333332
0 0.4453125 0.7708333333333334 0.05078125 0.046875
7 0.49560546875 0.763671875 0.0302734375 0.01953125
0 0.52294921875 0.7708333333333334 0.0849609375 0.046875
7 0.51318359375 0.763671875 0.0087890625 0.01953125
7 0.541015625 0.763671875 0.048828125 0.01953125
7 0.60595703125 0.763671875 0.0615234375 0.01953125
0 0.6396484375 0.7708333333333334 0.12890625 0.046875
7 0.64013671875 0.763671875 0.0087890625 0.01953125
7 0.6728515625 0.763671875 0.060546875 0.01953125
0 0.744140625 0.7708333333333334 0.0625 0.046875
7 0.8251953125 0.763671875 0.08203125 0.01953125
0 0.8525390625 0.7708333333333334 0.13671875 0.046875
7 0.86962890625 0.763671875 0.0087890625 0.01953125
7 0.896484375 0.763671875 0.046875 0.01953125
7 0.95068359375 0.763671875 0.0419921875 0.01953125
0 0.96484375 0.7708333333333334 0.0703125 0.046875
7 0.97607421875 0.763671875 0.0087890625 0.01953125
7 0.9892578125 0.763671875 0.021484375 0.01953125
4 0.7099609375 0.9205729166666666 0.580078125 0.15885416666666666
0 0.7099609375 0.9205729166666666 0.580078125 0.15885416666666666