7 0.3349609375 0.125 0.669921875 0.25
6 0.27001953125 0.01171875 0.5400390625 0.0234375
7 0.263671875 0.07096354166666667 0.0703125 0.024739583333333332
0 0.263671875 0.07096354166666667 0.130859375 0.045572916666666664
4 0.04541015625 0.279296875 0.0908203125 0.21484375
0 0.0458984375 0.330078125 0.091796875 0.3190104166666667
6 0.03076171875 0.4270833333333333 0.0615234375 0.018229166666666668
4 0.263671875 0.279296875 0.28515625 0.21484375
0 0.263671875 0.330078125 0.287109375 0.3190104166666667
6 0.263671875 0.4270833333333333 0.2265625 0.018229166666666668
2 0.248046875 0.4635416666666667 0.1953125 0.052083333333333336
4 0.55322265625 0.279296875 0.2333984375 0.21484375
0 0.552734375 0.330078125 0.234375 0.3190104166666667
6 0.56787109375 0.4270833333333333 0.2041015625 0.018229166666666668
2 0.56787109375 0.4635416666666667 0.2041015625 0.052083333333333336
4 0.8037109375 0.11979166666666667 0.267578125 0.09114583333333333
1 0.8349609375 0.22395833333333334 0.330078125 0.059895833333333336
2 0.8349609375 0.326171875 0.330078125 0.029947916666666668
2 0.7578125 0.3736979166666667 0.17578125 0.0234375
2 0.8720703125 0.3763020833333333 0.0546875 0.020833333333333332
0 0.78515625 0.3736979166666667 0.23046875 0.0234375
0 0.0673828125 0.5065104166666666 0.134765625 0.033854166666666664
1 0.22216796875 0.5 0.1611328125 0.020833333333333332
0 0.3759765625 0.5 0.13671875 0.020833333333333332
0 0.517578125 0.5 0.13671875 0.020833333333333332
0 0.01220703125 0.5559895833333334 0.0244140625 0.0546875
0 0.0908203125 0.5559895833333334 0.076171875 0.0546875
0 0.16650390625 0.5559895833333334 0.0185546875 0.0546875
0 0.22216796875 0.5559895833333334 0.0361328125 0.0546875
0 0.2919921875 0.5559895833333334 0.046875 0.0546875
0 0.384765625 0.5559895833333334 0.08203125 0.0546875
0 0.47412109375 0.5559895833333334 0.0400390625 0.0546875
0 0.0771484375 0.6106770833333334 0.048828125 0.0546875
0 0.158203125 0.6106770833333334 0.056640625 0.0546875
0 0.24853515625 0.6106770833333334 0.0673828125 0.0546875
0 0.33203125 0.6106770833333334 0.04296875 0.0546875
4 0.53173828125 0.556640625 0.0166015625 0.022135416666666668
7 0.04833984375 0.6302083333333334 0.0966796875 0.028645833333333332
0 0.3349609375 0.6302083333333334 0.669921875 0.09375
2 0.39306640625 0.6302083333333334 0.5537109375 0.03125
4 0.45849609375 0.8430989583333334 0.2470703125 0.2877604166666667
0 0.16796875 0.8430989583333334 0.3359375 0.2877604166666667
4 0.16796875 0.8430989583333334 0.3359375 0.2877604166666667
4 0.45849609375 0.8430989583333334 0.2470703125 0.2877604166666667
2 0.458984375 0.7643229166666666 0.20703125 0.078125
6 0.458984375 0.8424479166666666 0.20703125 0.044270833333333336
7 0.3984375 0.8802083333333334 0.0859375 0.020833333333333332
4 0.36669921875 0.9602864583333334 0.0205078125 0.02734375
0 0.36669921875 0.9602864583333334 0.0400390625 0.053385416666666664
4 0.39990234375 0.9615885416666666 0.0205078125 0.02734375
0 0.45654296875 0.9602864583333334 0.1337890625 0.02734375
7 0.46826171875 0.958984375 0.1103515625 0.016927083333333332
4 0.65234375 0.9251302083333334 0.03515625 0.05859375
4 0.69775390625 0.6536458333333334 0.0556640625 0.11458333333333333
4 0.73388671875 0.64453125 0.0068359375 0.10677083333333333
2 0.87744140625 0.6536458333333334 0.2451171875 0.125
2 0.8837890625 0.7467447916666666 0.232421875 0.032552083333333336
4 0.84326171875 0.8216145833333334 0.1318359375 0.052083333333333336
4 0.9619140625 0.8216145833333334 0.076171875 0.052083333333333336
4 0.8349609375 0.7447916666666666 0.330078125 0.5104166666666666
4 0.8349609375 0.7447916666666666 0.330078125 0.5104166666666666