7 0.21484375 0.19466145833333334 0.4296875 0.3893229166666667
2 0.19677734375 0.16861979166666666 0.3935546875 0.14973958333333334
6 0.21484375 0.26953125 0.4296875 0.0546875
7 0.1669921875 0.3444010416666667 0.0703125 0.024739583333333332
0 0.1669921875 0.3444010416666667 0.130859375 0.045572916666666664
2 0.525390625 0.039713541666666664 0.19140625 0.029947916666666668
0 0.75048828125 0.037760416666666664 0.1064453125 0.020833333333333332
0 0.43359375 0.14973958333333334 0.0078125 0.020833333333333332
0 0.43359375 0.2552083333333333 0.0078125 0.020833333333333332
0 0.43359375 0.2903645833333333 0.0078125 0.020833333333333332
0 0.43359375 0.3606770833333333 0.0078125 0.020833333333333332
2 0.5556640625 0.12239583333333333 0.134765625 0.0234375
4 0.61376953125 0.11783854166666667 0.0205078125 0.032552083333333336
4 0.5556640625 0.21419270833333334 0.154296875 0.13671875
6 0.5498046875 0.31640625 0.123046875 0.020833333333333332
2 0.7216796875 0.12239583333333333 0.134765625 0.0234375
4 0.77978515625 0.11783854166666667 0.0205078125 0.032552083333333336
4 0.7216796875 0.21419270833333334 0.154296875 0.13671875
6 0.7158203125 0.3294270833333333 0.123046875 0.046875
0 0.75146484375 0.3450520833333333 0.0400390625 0.020833333333333332
7 0.7216796875 0.37109375 0.154296875 0.018229166666666668
7 0.7216796875 0.384765625 0.154296875 0.009114583333333334
7 0.9326171875 0.044270833333333336 0.134765625 0.028645833333333332
0 0.9140625 0.045572916666666664 0.171875 0.09114583333333333
7 0.9248046875 0.14192708333333334 0.150390625 0.0234375
1 0.9248046875 0.18098958333333334 0.150390625 0.0546875
7 0.9248046875 0.23307291666666666 0.150390625 0.0234375
1 0.9248046875 0.2721354166666667 0.150390625 0.0546875
1 0.85400390625 0.33203125 0.0126953125 0.018229166666666668
5 0.93408203125 0.33203125 0.1318359375 0.020833333333333332
6 0.923828125 0.3645833333333333 0.15234375 0.020833333333333332
6 0.923828125 0.384765625 0.15234375 0.009114583333333334
4 0.21484375 0.5442708333333334 0.4296875 0.10416666666666667
7 0.21484375 0.5833333333333334 0.4296875 0.026041666666666668
2 0.14794921875 0.826171875 0.2958984375 0.08203125
7 0.14453125 0.9453125 0.2890625 0.046875
1 0.39013671875 0.8268229166666666 0.0791015625 0.044270833333333336
4 0.3623046875 0.9069010416666666 0.0234375 0.032552083333333336
2 0.40869140625 0.9049479166666666 0.0400390625 0.03125
7 0.361328125 0.9772135416666666 0.0234375 0.032552083333333336
2 0.4091796875 0.9759114583333334 0.041015625 0.032552083333333336
6 0.95068359375 0.4069010416666667 0.0615234375 0.022135416666666668
0 0.9443359375 0.4388020833333333 0.048828125 0.03125
7 0.97607421875 0.4388020833333333 0.0146484375 0.03125
6 0.99169921875 0.4407552083333333 0.0166015625 0.022135416666666668
6 0.95068359375 0.474609375 0.0615234375 0.022135416666666668
7 0.82666015625 0.5833333333333334 0.0849609375 0.0625
7 0.6494140625 0.6822916666666666 0.439453125 0.0703125
7 0.6494140625 0.7662760416666666 0.439453125 0.03515625
7 0.47607421875 0.8326822916666666 0.0927734375 0.024739583333333332
0 0.580078125 0.8333333333333334 0.115234375 0.026041666666666668
7 0.63916015625 0.8502604166666666 0.4189453125 0.059895833333333336
0 0.458984375 0.8684895833333334 0.05859375 0.026041666666666668
7 0.623046875 0.8678385416666666 0.26953125 0.024739583333333332
0 0.7958984375 0.8684895833333334 0.076171875 0.026041666666666668
7 0.8359375 0.8678385416666666 0.00390625 0.024739583333333332
7 0.82666015625 0.9733072916666666 0.0849609375 0.053385416666666664
0 0.9599609375 0.5696614583333334 0.080078125 0.032552083333333336
0 0.9716796875 0.6328125 0.056640625 0.0234375
0 0.9716796875 0.6796875 0.056640625 0.0546875
0 0.9716796875 0.7265625 0.056640625 0.0234375
0 0.9716796875 0.7578125 0.056640625 0.0234375
0 0.9599609375 0.8209635416666666 0.080078125 0.032552083333333336
0 0.9599609375 0.884765625 0.080078125 0.032552083333333336
7 0.9599609375 0.9485677083333334 0.080078125 0.032552083333333336