3 0.2646484375 0.059895833333333336 0.529296875 0.09375
4 0.12890625 0.2649739583333333 0.2578125 0.3059895833333333
0 0.12890625 0.3235677083333333 0.2578125 0.3919270833333333
2 0.1240234375 0.4837239583333333 0.248046875 0.07161458333333333
7 0.3837890625 0.21549479166666666 0.19140625 0.07421875
0 0.39013671875 0.1953125 0.2041015625 0.13541666666666666
7 0.39013671875 0.2760416666666667 0.2041015625 0.026041666666666668
7 0.3759765625 0.3977864583333333 0.17578125 0.07421875
0 0.39013671875 0.3776041666666667 0.2041015625 0.13541666666666666
7 0.39013671875 0.4713541666666667 0.2041015625 0.052083333333333336
0 0.71240234375 0.018880208333333332 0.0810546875 0.037760416666666664
0 0.71240234375 0.0703125 0.0810546875 0.06510416666666667
0 0.71240234375 0.13541666666666666 0.0810546875 0.06510416666666667
0 0.71240234375 0.20052083333333334 0.0810546875 0.06510416666666667
0 0.71240234375 0.265625 0.0810546875 0.06510416666666667
0 0.71240234375 0.3580729166666667 0.0810546875 0.11979166666666667
0 0.71240234375 0.4505208333333333 0.0810546875 0.06510416666666667
0 0.71240234375 0.5013020833333334 0.0810546875 0.036458333333333336
4 0.7646484375 0.18359375 0.470703125 0.3671875
0 0.7646484375 0.12890625 0.470703125 0.0234375
2 0.7646484375 0.4244791666666667 0.470703125 0.046875
2 0.7646484375 0.4641927083333333 0.470703125 0.024739583333333332
0 0.94775390625 0.4427083333333333 0.1044921875 0.052083333333333336
6 0.099609375 0.5670572916666666 0.166015625 0.02734375
6 0.2216796875 0.5670572916666666 0.05859375 0.02734375
6 0.2890625 0.5670572916666666 0.056640625 0.02734375
6 0.34619140625 0.5670572916666666 0.0380859375 0.02734375
6 0.41943359375 0.5670572916666666 0.0888671875 0.02734375
6 0.50146484375 0.5670572916666666 0.0556640625 0.02734375
4 0.275390625 0.818359375 0.5078125 0.36328125
7 0.5048828125 0.94921875 0.048828125 0.026041666666666668
4 0.6904296875 0.5807291666666666 0.2265625 0.12239583333333333
0 0.6904296875 0.6536458333333334 0.2265625 0.2682291666666667
2 0.6904296875 0.63671875 0.20703125 0.028645833333333332
7 0.6806640625 0.7018229166666666 0.1875 0.09375
7 0.603515625 0.7610677083333334 0.033203125 0.024739583333333332
4 0.90576171875 0.5807291666666666 0.1884765625 0.12239583333333333
0 0.90576171875 0.6536458333333334 0.1884765625 0.2682291666666667
2 0.91064453125 0.6490885416666666 0.1787109375 0.02734375
6 0.91064453125 0.71484375 0.1787109375 0.09375
4 0.6904296875 0.8997395833333334 0.2265625 0.20052083333333334
0 0.6904296875 0.8997395833333334 0.2265625 0.20052083333333334
2 0.6904296875 0.9967447916666666 0.20703125 0.006510416666666667
7 0.91064453125 0.865234375 0.1787109375 0.09244791666666667
0 0.90576171875 0.8997395833333334 0.1884765625 0.20052083333333334
6 0.869140625 0.923828125 0.095703125 0.022135416666666668
7 0.91064453125 0.9563802083333334 0.1787109375 0.08723958333333333