0 0.12841796875 0.07421875 0.2568359375 0.1484375
2 0.12353515625 0.03125 0.2470703125 0.0625
7 0.12353515625 0.10677083333333333 0.2470703125 0.08333333333333333
0 0.42041015625 0.10611979166666667 0.2978515625 0.21223958333333334
2 0.42041015625 0.049479166666666664 0.2978515625 0.09895833333333333
7 0.42041015625 0.15690104166666666 0.2978515625 0.11067708333333333
3 0.3017578125 0.3053385416666667 0.53515625 0.08723958333333333
4 0.78466796875 0.17447916666666666 0.4306640625 0.3489583333333333
7 0.494140625 0.3548177083333333 0.150390625 0.01171875
4 0.04052734375 0.423828125 0.0810546875 0.08984375
7 0.28466796875 0.5533854166666666 0.5693359375 0.0390625
7 0.2763671875 0.587890625 0.552734375 0.01953125
6 0.28466796875 0.6028645833333334 0.5693359375 0.049479166666666664
7 0.24755859375 0.6178385416666666 0.4951171875 0.01953125
6 0.51220703125 0.6178385416666666 0.0361328125 0.01953125
7 0.28466796875 0.6328125 0.5693359375 0.049479166666666664
6 0.08837890625 0.6477864583333334 0.1435546875 0.01953125
7 0.3642578125 0.6477864583333334 0.41015625 0.01953125
7 0.5146484375 0.685546875 0.109375 0.029947916666666668
4 0.17041015625 0.572265625 0.0087890625 0.01171875
4 0.27099609375 0.5514322916666666 0.0087890625 0.01171875
4 0.33642578125 0.5696614583333334 0.0048828125 0.006510416666666667
4 0.42578125 0.5546875 0.013671875 0.018229166666666668
4 0.50146484375 0.548828125 0.0048828125 0.006510416666666667
4 0.28466796875 0.7037760416666666 0.5693359375 0.19661458333333334
4 0.25244140625 0.6171875 0.0888671875 0.203125
2 0.2421875 0.7858072916666666 0.484375 0.040364583333333336
2 0.060546875 0.8203125 0.12109375 0.018229166666666668
6 0.01025390625 0.8587239583333334 0.0205078125 0.02734375
0 0.0107421875 0.8600260416666666 0.021484375 0.02734375
6 0.0498046875 0.8587239583333334 0.05078125 0.02734375
0 0.0498046875 0.8600260416666666 0.052734375 0.02734375
6 0.1005859375 0.8587239583333334 0.04296875 0.02734375
0 0.1005859375 0.8600260416666666 0.044921875 0.02734375
6 0.15673828125 0.8587239583333334 0.0615234375 0.02734375
0 0.15673828125 0.8600260416666666 0.0634765625 0.02734375
1 0.130859375 0.9055989583333334 0.26171875 0.029947916666666668
1 0.32421875 0.9036458333333334 0.111328125 0.026041666666666668
6 0.02783203125 0.9303385416666666 0.0556640625 0.016927083333333332
2 0.2333984375 0.9765625 0.466796875 0.020833333333333332
7 0.55126953125 0.7779947916666666 0.0361328125 0.01953125
5 0.55126953125 0.8385416666666666 0.0361328125 0.015625
5 0.55126953125 0.8658854166666666 0.0361328125 0.015625
1 0.5400390625 0.896484375 0.013671875 0.016927083333333332
1 0.55126953125 0.927734375 0.0361328125 0.024739583333333332
6 0.55126953125 0.958984375 0.0361328125 0.016927083333333332
7 0.55126953125 0.9928385416666666 0.0361328125 0.014322916666666666
4 0.814453125 0.376953125 0.333984375 0.055989583333333336
0 0.814453125 0.376953125 0.333984375 0.055989583333333336
7 0.78466796875 0.4986979166666667 0.4306640625 0.03125
2 0.60791015625 0.64453125 0.0771484375 0.19791666666666666
0 0.60791015625 0.64453125 0.0771484375 0.19791666666666666
4 0.8349609375 0.771484375 0.330078125 0.4518229166666667
0 0.8349609375 0.771484375 0.330078125 0.4518229166666667
7 0.60595703125 0.8053385416666666 0.0732421875 0.10286458333333333