2 0.27490234375 0.294921875 0.5498046875 0.58984375
4 0.27490234375 0.08333333333333333 0.5498046875 0.13020833333333334
0 0.15625 0.015625 0.3125 0.03125
7 0.4697265625 0.00390625 0.1328125 0.0078125
7 0.06689453125 0.09635416666666667 0.1337890625 0.033854166666666664
0 0.15625 0.09049479166666667 0.3125 0.09244791666666667
7 0.474609375 0.09635416666666667 0.150390625 0.033854166666666664
0 0.44580078125 0.09049479166666667 0.2080078125 0.09244791666666667
7 0.05126953125 0.20182291666666666 0.1025390625 0.033854166666666664
0 0.15625 0.19596354166666666 0.3125 0.09244791666666667
7 0.47314453125 0.20182291666666666 0.1533203125 0.033854166666666664
0 0.44580078125 0.19596354166666666 0.2080078125 0.09244791666666667
7 0.03271484375 0.3072916666666667 0.0654296875 0.033854166666666664
0 0.15625 0.3014322916666667 0.3125 0.09244791666666667
7 0.4697265625 0.3072916666666667 0.1328125 0.033854166666666664
0 0.44580078125 0.3014322916666667 0.2080078125 0.09244791666666667
2 0.27490234375 0.4166666666666667 0.5498046875 0.033854166666666664
7 0.14599609375 0.484375 0.2919921875 0.046875
0 0.15625 0.5221354166666666 0.3125 0.125
7 0.0771484375 0.5208333333333334 0.138671875 0.026041666666666668
7 0.4560546875 0.484375 0.1875 0.046875
0 0.44580078125 0.5221354166666666 0.2080078125 0.125
7 0.46337890625 0.5208333333333334 0.1728515625 0.026041666666666668
2 0.57861328125 0.029947916666666668 0.0576171875 0.059895833333333336
2 0.82373046875 0.014322916666666666 0.3525390625 0.028645833333333332
6 0.61767578125 0.099609375 0.0927734375 0.022135416666666668
6 0.69921875 0.099609375 0.044921875 0.022135416666666668
6 0.7529296875 0.099609375 0.037109375 0.022135416666666668
6 0.82958984375 0.099609375 0.0908203125 0.022135416666666668
6 0.93359375 0.099609375 0.091796875 0.022135416666666668
3 0.77490234375 0.3046875 0.4501953125 0.3255208333333333
2 0.67529296875 0.5572916666666666 0.1884765625 0.06510416666666667
2 0.904296875 0.5572916666666666 0.19140625 0.06510416666666667
4 0.2060546875 0.6380208333333334 0.244140625 0.09635416666666667
1 0.21142578125 0.7037760416666666 0.4228515625 0.03515625
5 0.3623046875 0.732421875 0.123046875 0.014322916666666666
1 0.2060546875 0.75390625 0.09765625 0.028645833333333332
7 0.15673828125 0.7903645833333334 0.0556640625 0.018229166666666668
7 0.2177734375 0.7903645833333334 0.068359375 0.018229166666666668
7 0.2666015625 0.7903645833333334 0.03125 0.018229166666666668
7 0.15576171875 0.8098958333333334 0.1201171875 0.018229166666666668
7 0.2509765625 0.8098958333333334 0.07421875 0.018229166666666668
7 0.3017578125 0.8098958333333334 0.029296875 0.018229166666666668
4 0.91552734375 0.626953125 0.1689453125 0.07421875
4 0.9423828125 0.7428385416666666 0.0703125 0.09505208333333333
4 0.98876953125 0.7428385416666666 0.0224609375 0.09505208333333333