2 0.31982421875 0.21940104166666666 0.6396484375 0.4388020833333333
6 0.11767578125 0.068359375 0.1376953125 0.06380208333333333
6 0.2939453125 0.068359375 0.13671875 0.06380208333333333
1 0.58740234375 0.051432291666666664 0.1044921875 0.032552083333333336
4 0.31982421875 0.193359375 0.6396484375 0.21744791666666666
4 0.31982421875 0.3463541666666667 0.6396484375 0.13020833333333334
7 0.09228515625 0.25390625 0.1845703125 0.033854166666666664
0 0.140625 0.248046875 0.28125 0.09244791666666667
7 0.4384765625 0.25390625 0.1328125 0.033854166666666664
0 0.47509765625 0.248046875 0.3291015625 0.09244791666666667
7 0.05126953125 0.359375 0.1025390625 0.033854166666666664
0 0.140625 0.353515625 0.28125 0.09244791666666667
7 0.46337890625 0.359375 0.1904296875 0.033854166666666664
0 0.47509765625 0.353515625 0.3291015625 0.09244791666666667
0 0.47509765625 0.42578125 0.3291015625 0.026041666666666668
0 0.662109375 0.2838541666666667 0.044921875 0.044270833333333336
0 0.65283203125 0.2864583333333333 0.0263671875 0.044270833333333336
0 0.7265625 0.2864583333333333 0.107421875 0.044270833333333336
0 0.66357421875 0.3040364583333333 0.0478515625 0.045572916666666664
0 0.99462890625 0.4140625 0.0107421875 0.015625
0 0.2626953125 0.482421875 0.525390625 0.08463541666666667
6 0.62939453125 0.4986979166666667 0.0205078125 0.06510416666666667
4 0.59716796875 0.5052083333333334 0.0849609375 0.036458333333333336
0 0.59716796875 0.5065104166666666 0.0849609375 0.0390625
7 0.13134765625 0.546875 0.0791015625 0.015625
0 0.13720703125 0.546875 0.0908203125 0.028645833333333332
7 0.2353515625 0.546875 0.068359375 0.018229166666666668
6 0.32080078125 0.5546875 0.0654296875 0.018229166666666668
6 0.38720703125 0.5546875 0.0302734375 0.018229166666666668
0 0.03515625 0.583984375 0.0625 0.03515625
0 0.1044921875 0.583984375 0.07421875 0.03515625
0 0.17919921875 0.583984375 0.0732421875 0.03515625
0 0.240234375 0.583984375 0.046875 0.03515625
0 0.298828125 0.583984375 0.068359375 0.03515625
0 0.36669921875 0.583984375 0.0654296875 0.03515625
0 0.44140625 0.583984375 0.08203125 0.03515625
0 0.52734375 0.583984375 0.087890625 0.03515625
0 0.60595703125 0.583984375 0.0673828125 0.03515625
0 0.01904296875 0.6497395833333334 0.0380859375 0.03125
7 0.013671875 0.6516927083333334 0.02734375 0.016927083333333332
0 0.10693359375 0.6497395833333334 0.1240234375 0.03125
0 0.24658203125 0.6497395833333334 0.1416015625 0.03125
0 0.3916015625 0.6497395833333334 0.134765625 0.03125
0 0.552734375 0.6497395833333334 0.173828125 0.03125
0 0.041015625 0.6907552083333334 0.08203125 0.029947916666666668
0 0.14990234375 0.6907552083333334 0.1220703125 0.029947916666666668
0 0.26806640625 0.6907552083333334 0.1005859375 0.029947916666666668
0 0.39306640625 0.6907552083333334 0.1357421875 0.029947916666666668
4 0.48486328125 0.6907552083333334 0.0107421875 0.014322916666666666
0 0.54345703125 0.6907552083333334 0.1513671875 0.029947916666666668
7 0.552734375 0.6920572916666666 0.11328125 0.014322916666666666
7 0.22412109375 0.7708333333333334 0.4482421875 0.018229166666666668
6 0.484375 0.7708333333333334 0.072265625 0.018229166666666668
3 0.30126953125 0.8984375 0.6025390625 0.1171875
7 0.31982421875 0.96875 0.6396484375 0.0234375
4 0.81982421875 0.7194010416666666 0.3603515625 0.5611979166666666
3 0.81982421875 0.607421875 0.3603515625 0.3372395833333333
0 0.806640625 0.8248697916666666 0.23046875 0.05078125