2 0.22998046875 0.123046875 0.4599609375 0.08984375
2 0.22998046875 0.3684895833333333 0.4599609375 0.0390625
7 0.1357421875 0.4173177083333333 0.271484375 0.024739583333333332
7 0.3515625 0.4173177083333333 0.16015625 0.024739583333333332
7 0.22998046875 0.43359375 0.4599609375 0.057291666666666664
4 0.640625 0.15950520833333334 0.16015625 0.08463541666666667
7 0.640625 0.22721354166666666 0.35546875 0.024739583333333332
0 0.640625 0.3040364583333333 0.29296875 0.053385416666666664
0 0.640625 0.3665364583333333 0.29296875 0.053385416666666664
7 0.640625 0.431640625 0.28125 0.022135416666666668
0 0.5703125 0.486328125 0.0390625 0.053385416666666664
0 0.6171875 0.486328125 0.0390625 0.053385416666666664
0 0.6640625 0.486328125 0.0390625 0.053385416666666664
0 0.7109375 0.486328125 0.0390625 0.053385416666666664
7 0.0791015625 0.6321614583333334 0.158203125 0.17317708333333334
7 0.0703125 0.751953125 0.140625 0.053385416666666664
6 0.0927734375 0.7669270833333334 0.11328125 0.0234375
7 0.064453125 0.8118489583333334 0.12890625 0.053385416666666664
4 0.06298828125 0.9329427083333334 0.1259765625 0.13411458333333334
0 0.080078125 0.9329427083333334 0.16015625 0.13411458333333334
0 0.36865234375 0.5670572916666666 0.1826171875 0.048177083333333336
0 0.36865234375 0.6920572916666666 0.1826171875 0.11848958333333333
0 0.36865234375 0.8404947916666666 0.1826171875 0.09505208333333333
0 0.36865234375 0.96484375 0.1826171875 0.0703125
4 0.96923828125 0.66796875 0.0615234375 0.1171875
7 0.470703125 0.568359375 0.021484375 0.022135416666666668
0 0.48095703125 0.5690104166666666 0.0419921875 0.0390625
7 0.595703125 0.568359375 0.126953125 0.022135416666666668
0 0.595703125 0.5690104166666666 0.166015625 0.0390625
7 0.7724609375 0.568359375 0.126953125 0.022135416666666668
0 0.7724609375 0.5690104166666666 0.166015625 0.0390625
2 0.5478515625 0.8046875 0.17578125 0.0390625
2 0.5380859375 0.9407552083333334 0.15625 0.024739583333333332
4 0.8505859375 0.8606770833333334 0.29296875 0.15104166666666666
7 0.78955078125 0.8385416666666666 0.1318359375 0.041666666666666664
7 0.8154296875 0.8802083333333334 0.18359375 0.041666666666666664
7 0.8505859375 0.94921875 0.25390625 0.057291666666666664