7 0.0380859375 0.267578125 0.076171875 0.053385416666666664
2 0.23486328125 0.3522135416666667 0.4697265625 0.08984375
1 0.8466796875 0.027994791666666668 0.14453125 0.01953125
7 0.9296875 0.02734375 0.00390625 0.044270833333333336
4 0.97998046875 0.027994791666666668 0.0126953125 0.016927083333333332
0 0.97314453125 0.027994791666666668 0.0537109375 0.03515625
0 0.94921875 0.11458333333333333 0.1015625 0.0390625
0 0.8505859375 0.11458333333333333 0.07421875 0.0390625
0 0.7763671875 0.11458333333333333 0.052734375 0.0390625
2 0.73486328125 0.16796875 0.5302734375 0.036458333333333336
7 0.73486328125 0.23958333333333334 0.5302734375 0.06510416666666667
7 0.73486328125 0.3580729166666667 0.5302734375 0.13020833333333334
7 0.63427734375 0.4602864583333333 0.3291015625 0.022135416666666668
0 0.8359375 0.4609375 0.076171875 0.0234375
7 0.93701171875 0.4602864583333333 0.1259765625 0.022135416666666668
0 0.47509765625 0.4934895833333333 0.0107421875 0.0234375
7 0.48193359375 0.4928385416666667 0.0048828125 0.022135416666666668
2 0.23486328125 0.7350260416666666 0.4697265625 0.05078125
7 0.23486328125 0.7962239583333334 0.4697265625 0.032552083333333336
4 0.10888671875 0.9186197916666666 0.2177734375 0.16276041666666666
0 0.11865234375 0.9055989583333334 0.2373046875 0.18880208333333334
4 0.36279296875 0.9186197916666666 0.2138671875 0.16276041666666666
0 0.35302734375 0.9055989583333334 0.2333984375 0.18880208333333334
0 0.4951171875 0.5846354166666666 0.05078125 0.0234375
0 0.4951171875 0.6080729166666666 0.05078125 0.0234375
0 0.4951171875 0.6315104166666666 0.05078125 0.0234375
7 0.56640625 0.56640625 0.0234375 0.013020833333333334
0 0.68408203125 0.56640625 0.1923828125 0.013020833333333334
7 0.56640625 0.5846354166666666 0.0234375 0.0234375
0 0.68408203125 0.5846354166666666 0.1923828125 0.0234375
7 0.56640625 0.6080729166666666 0.0234375 0.0234375
0 0.68408203125 0.6080729166666666 0.1923828125 0.0234375
7 0.56640625 0.6315104166666666 0.0234375 0.0234375
0 0.68408203125 0.6315104166666666 0.1923828125 0.0234375
7 0.8017578125 0.56640625 0.0234375 0.013020833333333334
0 0.91162109375 0.56640625 0.1767578125 0.013020833333333334
7 0.8017578125 0.5846354166666666 0.0234375 0.0234375
0 0.91162109375 0.5846354166666666 0.1767578125 0.0234375
7 0.8017578125 0.6080729166666666 0.0234375 0.0234375
0 0.91162109375 0.6080729166666666 0.1767578125 0.0234375
7 0.8017578125 0.6315104166666666 0.0234375 0.0234375
0 0.91162109375 0.6315104166666666 0.1767578125 0.0234375
4 0.62109375 0.8346354166666666 0.302734375 0.3307291666666667
4 0.62109375 0.9479166666666666 0.302734375 0.10416666666666667
4 0.62109375 0.7578125 0.302734375 0.17708333333333334
7 0.52392578125 0.7063802083333334 0.1083984375 0.02734375
7 0.5380859375 0.8450520833333334 0.048828125 0.06510416666666667
7 0.73486328125 0.935546875 0.5302734375 0.06640625
6 0.666015625 0.9576822916666666 0.091796875 0.022135416666666668
7 0.7353515625 0.9576822916666666 0.046875 0.022135416666666668
6 0.79541015625 0.9576822916666666 0.0732421875 0.022135416666666668
7 0.83349609375 0.9576822916666666 0.0029296875 0.022135416666666668
0 0.50341796875 0.9908854166666666 0.0615234375 0.018229166666666668
0 0.57421875 0.9908854166666666 0.05859375 0.018229166666666668