2 0.6240234375 0.08072916666666667 0.728515625 0.0625
7 0.6240234375 0.158203125 0.728515625 0.05078125
7 0.49658203125 0.2734375 0.2470703125 0.013020833333333334
0 0.5078125 0.259765625 0.36328125 0.040364583333333336
7 0.1064453125 0.2864583333333333 0.212890625 0.013020833333333334
0 0.21923828125 0.3424479166666667 0.0810546875 0.06510416666666667
0 0.0107421875 0.3424479166666667 0.021484375 0.06510416666666667
0 0.0556640625 0.3424479166666667 0.068359375 0.06510416666666667
0 0.1328125 0.3424479166666667 0.0859375 0.06510416666666667
4 0.1630859375 0.6126302083333334 0.126953125 0.09505208333333333
0 0.1630859375 0.61328125 0.126953125 0.09635416666666667
4 0.1630859375 0.7845052083333334 0.126953125 0.09505208333333333
0 0.1630859375 0.78515625 0.126953125 0.09635416666666667
4 0.1630859375 0.9388020833333334 0.126953125 0.09635416666666667
0 0.1630859375 0.9388020833333334 0.126953125 0.09635416666666667
4 0.3271484375 0.2877604166666667 0.134765625 0.015625
0 0.3271484375 0.2890625 0.134765625 0.018229166666666668
0 0.55419921875 0.3040364583333333 0.1240234375 0.048177083333333336
0 0.673828125 0.3040364583333333 0.1171875 0.048177083333333336
0 0.79638671875 0.3040364583333333 0.1298828125 0.048177083333333336
0 0.93017578125 0.3040364583333333 0.1396484375 0.048177083333333336
6 0.27490234375 0.3483072916666667 0.0302734375 0.029947916666666668
0 0.3544921875 0.4694010416666667 0.189453125 0.2825520833333333
7 0.26318359375 0.3717447916666667 0.0068359375 0.029947916666666668
7 0.32568359375 0.3600260416666667 0.0087890625 0.029947916666666668
7 0.35888671875 0.3600260416666667 0.0595703125 0.029947916666666668
7 0.4189453125 0.3606770833333333 0.048828125 0.0234375
6 0.501953125 0.3483072916666667 0.068359375 0.029947916666666668
0 0.57177734375 0.4694010416666667 0.2080078125 0.2825520833333333
7 0.48046875 0.3717447916666667 0.025390625 0.029947916666666668
7 0.56787109375 0.3600260416666667 0.0087890625 0.029947916666666668
7 0.595703125 0.3600260416666667 0.048828125 0.029947916666666668
7 0.64794921875 0.3606770833333333 0.0439453125 0.0234375
6 0.708984375 0.3600260416666667 0.029296875 0.029947916666666668
0 0.79833984375 0.4694010416666667 0.2080078125 0.2825520833333333
7 0.7373046875 0.3600260416666667 0.029296875 0.029947916666666668
7 0.76123046875 0.3600260416666667 0.0087890625 0.029947916666666668
7 0.7958984375 0.3600260416666667 0.0625 0.029947916666666668
7 0.85498046875 0.3606770833333333 0.0439453125 0.0234375
6 0.96044921875 0.3483072916666667 0.0791015625 0.029947916666666668
0 0.96044921875 0.4694010416666667 0.0791015625 0.2825520833333333
7 0.93359375 0.3717447916666667 0.025390625 0.029947916666666668
6 0.28662109375 0.4134114583333333 0.0537109375 0.029947916666666668
0 0.3544921875 0.5345052083333334 0.189453125 0.2825520833333333
7 0.26318359375 0.4368489583333333 0.0068359375 0.029947916666666668
7 0.34716796875 0.4251302083333333 0.0087890625 0.029947916666666668
7 0.373046875 0.4251302083333333 0.044921875 0.029947916666666668
7 0.42236328125 0.42578125 0.0419921875 0.0234375
4 0.482421875 0.3600260416666667 0.4453125 0.10286458333333333
7 0.7685546875 0.3619791666666667 0.09765625 0.03125
7 0.91162109375 0.3411458333333333 0.1025390625 0.044270833333333336
0 0.91162109375 0.3619791666666667 0.1572265625 0.13541666666666666
6 0.91162109375 0.3854166666666667 0.1337890625 0.026041666666666668
4 0.625 0.7278645833333334 0.73046875 0.5442708333333334
4 0.625 0.7278645833333334 0.73046875 0.5442708333333334
7 0.89697265625 0.4733072916666667 0.1474609375 0.029947916666666668