0 0.01025390625 0.016276041666666668 0.0205078125 0.032552083333333336
0 0.10595703125 0.016276041666666668 0.0634765625 0.032552083333333336
0 0.22119140625 0.016276041666666668 0.0595703125 0.032552083333333336
0 0.32373046875 0.016276041666666668 0.0380859375 0.032552083333333336
0 0.4248046875 0.016276041666666668 0.056640625 0.032552083333333336
4 0.2724609375 0.17578125 0.078125 0.10416666666666667
2 0.23974609375 0.24153645833333334 0.4794921875 0.016927083333333332
4 0.5927734375 0.044270833333333336 0.2265625 0.049479166666666664
0 0.5927734375 0.044270833333333336 0.2265625 0.049479166666666664
0 0.51416015625 0.14453125 0.0693359375 0.06510416666666667
7 0.59033203125 0.14388020833333334 0.0615234375 0.01953125
0 0.59619140625 0.14453125 0.0966796875 0.06510416666666667
4 0.62890625 0.14518229166666666 0.0078125 0.009114583333333334
0 0.7294921875 0.14453125 0.171875 0.06510416666666667
0 0.84716796875 0.14453125 0.0654296875 0.06510416666666667
0 0.93603515625 0.14453125 0.1142578125 0.06510416666666667
3 0.85302734375 0.18880208333333334 0.2939453125 0.12239583333333333
4 0.73974609375 0.125 0.5205078125 0.25
7 0.13330078125 0.267578125 0.2666015625 0.03515625
7 0.10400390625 0.3020833333333333 0.2080078125 0.020833333333333332
0 0.45849609375 0.2643229166666667 0.0419921875 0.0234375
3 0.23974609375 0.2819010416666667 0.4794921875 0.06380208333333333
0 0.4453125 0.4134114583333333 0.068359375 0.024739583333333332
4 0.298828125 0.6751302083333334 0.361328125 0.41796875
2 0.03759765625 0.5631510416666666 0.0751953125 0.11067708333333333
7 0.0439453125 0.67578125 0.087890625 0.07552083333333333
2 0.23974609375 0.625 0.4794921875 0.75
4 0.09912109375 0.9518229166666666 0.1982421875 0.09635416666666667
2 0.32763671875 0.951171875 0.2236328125 0.09244791666666667
2 0.841796875 0.2604166666666667 0.31640625 0.020833333333333332
7 0.734375 0.3229166666666667 0.087890625 0.020833333333333332
7 0.86083984375 0.3229166666666667 0.1591796875 0.020833333333333332
7 0.78955078125 0.359375 0.1982421875 0.020833333333333332
7 0.84521484375 0.369140625 0.3095703125 0.040364583333333336
2 0.841796875 0.4466145833333333 0.31640625 0.0234375
7 0.8515625 0.484375 0.2578125 0.020833333333333332
7 0.861328125 0.513671875 0.27734375 0.07942708333333333
7 0.830078125 0.5794270833333334 0.21484375 0.020833333333333332
7 0.861328125 0.5989583333333334 0.27734375 0.059895833333333336