4 0.27978515625 0.014973958333333334 0.5595703125 0.029947916666666668
6 0.08349609375 0.0026041666666666665 0.0380859375 0.005208333333333333
7 0.33251953125 0.0026041666666666665 0.0478515625 0.005208333333333333
6 0.38134765625 0.0026041666666666665 0.0498046875 0.005208333333333333
7 0.42236328125 0.0026041666666666665 0.0322265625 0.005208333333333333
7 0.490234375 0.00390625 0.05859375 0.0078125
0 0.51025390625 0.015625 0.0986328125 0.03125
4 0.5390625 0.00390625 0.021484375 0.0078125
4 0.27978515625 0.3196614583333333 0.5595703125 0.6393229166666666
4 0.01953125 0.2682291666666667 0.0390625 0.08072916666666667
2 0.16796875 0.2526041666666667 0.220703125 0.046875
2 0.15869140625 0.2942708333333333 0.2021484375 0.046875
7 0.16064453125 0.375 0.3212890625 0.078125
7 0.1357421875 0.4479166666666667 0.271484375 0.026041666666666668
6 0.0439453125 0.4739583333333333 0.087890625 0.026041666666666668
7 0.08837890625 0.5208333333333334 0.1767578125 0.026041666666666668
6 0.12890625 0.546875 0.2578125 0.026041666666666668
7 0.16064453125 0.59375 0.3212890625 0.026041666666666668
4 0.27978515625 0.3587239583333333 0.5595703125 0.5611979166666666
4 0.27978515625 0.3587239583333333 0.5595703125 0.5611979166666666
2 0.0751953125 0.3665364583333333 0.150390625 0.11848958333333333
2 0.27978515625 0.4641927083333333 0.5595703125 0.06901041666666667
7 0.716796875 0.020182291666666668 0.314453125 0.040364583333333336
1 0.9638671875 0.018229166666666668 0.072265625 0.036458333333333336
7 0.60302734375 0.08723958333333333 0.0869140625 0.0234375
0 0.60986328125 0.0859375 0.1005859375 0.059895833333333336
7 0.73486328125 0.08723958333333333 0.1240234375 0.0234375
0 0.73486328125 0.0859375 0.1513671875 0.059895833333333336
7 0.87060546875 0.08723958333333333 0.0947265625 0.0234375
0 0.87060546875 0.0859375 0.1220703125 0.059895833333333336
4 0.611328125 0.3782552083333333 0.103515625 0.44921875
0 0.611328125 0.3782552083333333 0.103515625 0.44921875
2 0.78955078125 0.20963541666666666 0.2255859375 0.08333333333333333
0 0.78955078125 0.224609375 0.2255859375 0.11328125
6 0.78955078125 0.2688802083333333 0.2255859375 0.024739583333333332
2 0.78955078125 0.3352864583333333 0.2255859375 0.055989583333333336
0 0.78955078125 0.3502604166666667 0.2255859375 0.0859375
6 0.78955078125 0.380859375 0.2255859375 0.024739583333333332
2 0.78955078125 0.4609375 0.2255859375 0.08333333333333333
0 0.78955078125 0.4759114583333333 0.2255859375 0.11328125
6 0.78955078125 0.5201822916666666 0.2255859375 0.024739583333333332
7 0.80859375 0.5729166666666666 0.146484375 0.0234375
0 0.81884765625 0.5748697916666666 0.1669921875 0.055989583333333336
2 0.9638671875 0.171875 0.072265625 0.036458333333333336
7 0.970703125 0.2506510416666667 0.05859375 0.055989583333333336
0 0.9638671875 0.25 0.072265625 0.09375
7 0.970703125 0.3528645833333333 0.05859375 0.028645833333333332
0 0.9638671875 0.3548177083333333 0.072265625 0.06901041666666667
7 0.970703125 0.4453125 0.05859375 0.028645833333333332
0 0.9638671875 0.447265625 0.072265625 0.06901041666666667
7 0.970703125 0.5423177083333334 0.05859375 0.055989583333333336
0 0.9638671875 0.5442708333333334 0.072265625 0.1171875
4 0.1708984375 0.6569010416666666 0.341796875 0.03515625
0 0.1708984375 0.6569010416666666 0.341796875 0.03515625
7 0.037109375 0.7526041666666666 0.0390625 0.052083333333333336
4 0.03662109375 0.8020833333333334 0.0419921875 0.015625
7 0.1279296875 0.7526041666666666 0.06640625 0.052083333333333336
7 0.23388671875 0.7526041666666666 0.0478515625 0.052083333333333336
7 0.33984375 0.7526041666666666 0.103515625 0.052083333333333336
7 0.4462890625 0.7526041666666666 0.103515625 0.052083333333333336
7 0.5302734375 0.7526041666666666 0.05859375 0.052083333333333336
7 0.09375 0.8938802083333334 0.1640625 0.04296875
0 0.09130859375 0.8932291666666666 0.1826171875 0.0859375
4 0.18359375 0.8938802083333334 0.01171875 0.055989583333333336
7 0.09375 0.9791666666666666 0.1640625 0.041666666666666664
0 0.09130859375 0.9680989583333334 0.1826171875 0.06380208333333333
4 0.18701171875 0.9798177083333334 0.0107421875 0.022135416666666668
6 0.39013671875 0.8782552083333334 0.3388671875 0.05078125
4 0.39013671875 0.962890625 0.3388671875 0.07421875
7 0.77978515625 0.8196614583333334 0.4404296875 0.3606770833333333
0 0.77978515625 0.8196614583333334 0.4404296875 0.3606770833333333