4 0.27490234375 0.22981770833333334 0.5498046875 0.4596354166666667
4 0.10107421875 0.24869791666666666 0.0517578125 0.08072916666666667
2 0.255859375 0.23307291666666666 0.220703125 0.046875
2 0.24658203125 0.2747395833333333 0.2021484375 0.046875
7 0.2421875 0.35546875 0.333984375 0.078125
7 0.21728515625 0.4283854166666667 0.2841796875 0.026041666666666668
6 0.12548828125 0.4505208333333333 0.1005859375 0.018229166666666668
4 0.27490234375 0.2591145833333333 0.5498046875 0.4010416666666667
4 0.27490234375 0.2591145833333333 0.5498046875 0.4010416666666667
2 0.119140625 0.3470052083333333 0.23828125 0.11848958333333333
2 0.27490234375 0.4348958333333333 0.5498046875 0.049479166666666664
2 0.6259765625 0.3385416666666667 0.15234375 0.046875
7 0.61572265625 0.4251302083333333 0.1318359375 0.06901041666666667
6 0.626953125 0.4563802083333333 0.0234375 0.006510416666666667
7 0.6396484375 0.4563802083333333 0.00390625 0.006510416666666667
2 0.88720703125 0.3385416666666667 0.2255859375 0.046875
7 0.88720703125 0.4231770833333333 0.2255859375 0.07291666666666667
7 0.0263671875 0.5266927083333334 0.04296875 0.02734375
6 0.0927734375 0.5266927083333334 0.08984375 0.02734375
7 0.17333984375 0.5266927083333334 0.0751953125 0.02734375
6 0.3701171875 0.5266927083333334 0.3203125 0.02734375
7 0.2744140625 0.560546875 0.5390625 0.09505208333333333
6 0.17236328125 0.5944010416666666 0.1552734375 0.02734375
7 0.29443359375 0.5944010416666666 0.0908203125 0.02734375
6 0.38623046875 0.5944010416666666 0.0927734375 0.02734375
7 0.4501953125 0.5944010416666666 0.0390625 0.02734375
6 0.26708984375 0.611328125 0.5244140625 0.061197916666666664
7 0.08251953125 0.6282552083333334 0.0048828125 0.02734375
4 0.041015625 0.8541666666666666 0.072265625 0.09635416666666667
0 0.1416015625 0.8619791666666666 0.2734375 0.11197916666666667
2 0.185546875 0.8274739583333334 0.185546875 0.04296875
6 0.185546875 0.87109375 0.185546875 0.044270833333333336
4 0.34375 0.8541666666666666 0.072265625 0.09635416666666667
0 0.4287109375 0.8619791666666666 0.2421875 0.11197916666666667
2 0.47265625 0.8274739583333334 0.154296875 0.04296875
6 0.47265625 0.8821614583333334 0.154296875 0.06640625
4 0.041015625 0.9850260416666666 0.072265625 0.029947916666666668
0 0.1416015625 0.9850260416666666 0.2734375 0.029947916666666668
2 0.185546875 0.9850260416666666 0.185546875 0.029947916666666668
4 0.34375 0.9850260416666666 0.072265625 0.029947916666666668
0 0.4287109375 0.9850260416666666 0.2421875 0.029947916666666668
2 0.47265625 0.9850260416666666 0.154296875 0.029947916666666668
4 0.7724609375 0.6783854166666666 0.4453125 0.4375
0 0.7724609375 0.7298177083333334 0.4453125 0.5403645833333334
7 0.73828125 0.953125 0.376953125 0.09375