2 0.23046875 0.115234375 0.4609375 0.14713541666666666
2 0.23046875 0.24153645833333334 0.4609375 0.08723958333333333
7 0.74462890625 0.5169270833333334 0.5107421875 0.041666666666666664
7 0.74462890625 0.5403645833333334 0.5107421875 0.041666666666666664
7 0.56396484375 0.07356770833333333 0.1494140625 0.053385416666666664
0 0.51416015625 0.16471354166666666 0.0498046875 0.061197916666666664
7 0.51416015625 0.2942708333333333 0.0498046875 0.018229166666666668
7 0.5771484375 0.2942708333333333 0.0703125 0.018229166666666668
0 0.57666015625 0.2942708333333333 0.0693359375 0.018229166666666668
2 0.51123046875 0.4127604166666667 0.0439453125 0.041666666666666664
0 0.58544921875 0.5221354166666666 0.1142578125 0.11458333333333333
0 0.71533203125 0.5221354166666666 0.1142578125 0.11458333333333333
0 0.8447265625 0.5221354166666666 0.11328125 0.11458333333333333
0 0.95849609375 0.5221354166666666 0.0830078125 0.11458333333333333
4 0.24462890625 0.7897135416666666 0.4892578125 0.4205729166666667
7 0.74462890625 0.6145833333333334 0.5107421875 0.026041666666666668
7 0.74462890625 0.7057291666666666 0.5107421875 0.15625
0 0.501953125 0.6692708333333334 0.025390625 0.08333333333333333
7 0.55224609375 0.6692708333333334 0.0771484375 0.08333333333333333
0 0.56494140625 0.6692708333333334 0.1025390625 0.08333333333333333
7 0.6416015625 0.6692708333333334 0.052734375 0.08333333333333333
0 0.654296875 0.6692708333333334 0.078125 0.08333333333333333
7 0.72314453125 0.6692708333333334 0.0615234375 0.08333333333333333
0 0.73583984375 0.6692708333333334 0.0869140625 0.08333333333333333
7 0.86279296875 0.6692708333333334 0.1689453125 0.08333333333333333
0 0.87548828125 0.6692708333333334 0.1943359375 0.08333333333333333
7 0.98583984375 0.6692708333333334 0.0283203125 0.08333333333333333
0 0.98583984375 0.6692708333333334 0.0283203125 0.08333333333333333
7 0.51220703125 0.81640625 0.0458984375 0.0625
0 0.51708984375 0.81640625 0.0556640625 0.0625
7 0.576171875 0.81640625 0.044921875 0.0625
0 0.576171875 0.81640625 0.064453125 0.0625
7 0.650390625 0.81640625 0.06640625 0.0625
0 0.650390625 0.81640625 0.0859375 0.0625
7 0.73974609375 0.81640625 0.0751953125 0.0625
0 0.73974609375 0.81640625 0.0947265625 0.0625
7 0.8134765625 0.81640625 0.03515625 0.0625
0 0.8134765625 0.81640625 0.0546875 0.0625
4 0.85595703125 0.939453125 0.0947265625 0.12109375
0 0.85595703125 0.939453125 0.0947265625 0.12109375
2 0.9580078125 0.9361979166666666 0.083984375 0.1015625