2 0.23974609375 0.13606770833333334 0.4794921875 0.14713541666666666
2 0.23974609375 0.2623697916666667 0.4794921875 0.08723958333333333
0 0.044921875 0.400390625 0.08984375 0.07942708333333333
2 0.5244140625 0.045572916666666664 0.08984375 0.06510416666666667
7 0.5546875 0.15104166666666666 0.150390625 0.11458333333333333
2 0.73974609375 0.5768229166666666 0.5205078125 0.026041666666666668
7 0.0458984375 0.654296875 0.091796875 0.12890625
0 0.0458984375 0.654296875 0.091796875 0.12890625
7 0.1416015625 0.654296875 0.1015625 0.12890625
0 0.1416015625 0.654296875 0.1015625 0.12890625
7 0.244140625 0.654296875 0.10546875 0.12890625
0 0.244140625 0.654296875 0.10546875 0.12890625
4 0.3837890625 0.640625 0.0390625 0.052083333333333336
0 0.3837890625 0.640625 0.0390625 0.052083333333333336
4 0.4228515625 0.640625 0.0390625 0.052083333333333336
0 0.4228515625 0.640625 0.0390625 0.052083333333333336
4 0.4658203125 0.640625 0.02734375 0.052083333333333336
0 0.4658203125 0.640625 0.02734375 0.052083333333333336
2 0.11279296875 0.8684895833333334 0.2255859375 0.2630208333333333
2 0.138671875 0.9114583333333334 0.27734375 0.17708333333333334
4 0.23974609375 0.794921875 0.4794921875 0.41015625
1 0.93505859375 0.6015625 0.1298828125 0.0234375
0 0.486328125 0.66015625 0.013671875 0.059895833333333336
0 0.53125 0.66015625 0.060546875 0.059895833333333336
0 0.61279296875 0.66015625 0.0869140625 0.059895833333333336
0 0.6884765625 0.66015625 0.048828125 0.059895833333333336
0 0.740234375 0.66015625 0.0390625 0.059895833333333336
0 0.796875 0.66015625 0.05859375 0.059895833333333336
2 0.73974609375 0.8196614583333334 0.5205078125 0.08984375
7 0.73974609375 0.9342447916666666 0.5205078125 0.11588541666666667