2 0.1904296875 0.11458333333333333 0.380859375 0.22916666666666666
7 0.1904296875 0.11002604166666667 0.380859375 0.12630208333333334
4 0.27978515625 0.2858072916666667 0.5595703125 0.11328125
2 0.27978515625 0.359375 0.5595703125 0.0390625
2 0.58740234375 0.016276041666666668 0.0556640625 0.032552083333333336
4 0.5859375 0.15364583333333334 0.046875 0.0625
7 0.65625 0.12955729166666666 0.0078125 0.01953125
6 0.67822265625 0.12955729166666666 0.0361328125 0.01953125
7 0.65625 0.154296875 0.0078125 0.01953125
6 0.70166015625 0.154296875 0.0849609375 0.01953125
7 0.65625 0.17903645833333334 0.0078125 0.01953125
6 0.69580078125 0.17903645833333334 0.0712890625 0.01953125
4 0.8544921875 0.15364583333333334 0.046875 0.0625
7 0.9248046875 0.14127604166666666 0.0078125 0.01953125
6 0.96435546875 0.14127604166666666 0.0712890625 0.01953125
7 0.9248046875 0.166015625 0.0078125 0.01953125
6 0.94873046875 0.166015625 0.0400390625 0.01953125
2 0.77978515625 0.22916666666666666 0.4404296875 0.03125
7 0.77978515625 0.267578125 0.4404296875 0.01953125
7 0.77978515625 0.3092447916666667 0.4404296875 0.01953125
7 0.77978515625 0.3216145833333333 0.4404296875 0.044270833333333336
7 0.638671875 0.3723958333333333 0.158203125 0.013020833333333334
6 0.763671875 0.3723958333333333 0.09375 0.013020833333333334
7 0.81298828125 0.3723958333333333 0.0048828125 0.013020833333333334
7 0.1103515625 0.4016927083333333 0.126953125 0.045572916666666664
0 0.115234375 0.4016927083333333 0.13671875 0.045572916666666664
7 0.0419921875 0.44921875 0.083984375 0.028645833333333332
0 0.0556640625 0.44921875 0.111328125 0.0390625
7 0.2685546875 0.44921875 0.255859375 0.028645833333333332
0 0.27734375 0.44921875 0.29296875 0.0390625
7 0.50634765625 0.44921875 0.1064453125 0.028645833333333332
0 0.50146484375 0.44921875 0.1162109375 0.0390625
7 0.02880859375 0.5065104166666666 0.0576171875 0.020833333333333332
4 0.0556640625 0.677734375 0.111328125 0.29296875
0 0.0556640625 0.677734375 0.111328125 0.29296875
4 0.03564453125 0.8489583333333334 0.0205078125 0.026041666666666668
0 0.05908203125 0.8489583333333334 0.0673828125 0.026041666666666668
7 0.076171875 0.8489583333333334 0.033203125 0.026041666666666668
4 0.03564453125 0.8997395833333334 0.0205078125 0.026041666666666668
0 0.052734375 0.8997395833333334 0.0546875 0.026041666666666668
7 0.06982421875 0.8997395833333334 0.0205078125 0.026041666666666668
4 0.15283203125 0.5065104166666666 0.0244140625 0.033854166666666664
0 0.15283203125 0.5065104166666666 0.0244140625 0.033854166666666664
7 0.2724609375 0.5065104166666666 0.1953125 0.020833333333333332
4 0.27734375 0.677734375 0.29296875 0.29296875
0 0.27734375 0.677734375 0.29296875 0.29296875
4 0.18798828125 0.8743489583333334 0.0205078125 0.02734375
0 0.2294921875 0.8743489583333334 0.103515625 0.10026041666666667
7 0.24658203125 0.8743489583333334 0.0693359375 0.10026041666666667
4 0.34814453125 0.8489583333333334 0.0205078125 0.026041666666666668
0 0.37158203125 0.8489583333333334 0.0673828125 0.026041666666666668
7 0.388671875 0.8489583333333334 0.033203125 0.026041666666666668
4 0.34814453125 0.8997395833333334 0.0205078125 0.026041666666666668
0 0.365234375 0.8997395833333334 0.0546875 0.026041666666666668
7 0.38232421875 0.8997395833333334 0.0205078125 0.026041666666666668
4 0.462890625 0.5078125 0.009765625 0.013020833333333334
7 0.52099609375 0.5078125 0.0771484375 0.028645833333333332
3 0.50146484375 0.6966145833333334 0.1162109375 0.3255208333333333
7 0.525390625 0.8919270833333334 0.068359375 0.020833333333333332
7 0.02880859375 0.9752604166666666 0.0576171875 0.020833333333333332
4 0.15283203125 0.9752604166666666 0.0244140625 0.033854166666666664
0 0.15283203125 0.9752604166666666 0.0244140625 0.033854166666666664
7 0.2724609375 0.9752604166666666 0.1953125 0.020833333333333332
4 0.46533203125 0.9752604166666666 0.0244140625 0.033854166666666664
0 0.46533203125 0.9752604166666666 0.0244140625 0.033854166666666664
7 0.5234375 0.9752604166666666 0.072265625 0.020833333333333332
2 0.77978515625 0.3932291666666667 0.4404296875 0.028645833333333332
6 0.57763671875 0.48828125 0.0361328125 0.03125
0 0.62109375 0.7955729166666666 0.123046875 0.018229166666666668
0 0.62109375 0.83984375 0.123046875 0.018229166666666668
0 0.62109375 0.8841145833333334 0.123046875 0.018229166666666668
0 0.85546875 0.7955729166666666 0.2890625 0.018229166666666668
0 0.85546875 0.83984375 0.2890625 0.018229166666666668
0 0.85546875 0.8841145833333334 0.2890625 0.018229166666666668