0 0.19482421875 0.020182291666666668 0.3896484375 0.040364583333333336
2 0.064453125 0.008463541666666666 0.10546875 0.016927083333333332
7 0.19091796875 0.14973958333333334 0.3818359375 0.15625
0 0.0458984375 0.2903645833333333 0.091796875 0.0625
7 0.1650390625 0.2897135416666667 0.0859375 0.024739583333333332
4 0.21728515625 0.2890625 0.0126953125 0.015625
4 0.4677734375 0.015625 0.064453125 0.03125
7 0.5126953125 0.14973958333333334 0.154296875 0.15625
0 0.5126953125 0.2903645833333333 0.154296875 0.0625
0 0.19482421875 0.4934895833333333 0.3896484375 0.09375
2 0.1669921875 0.4934895833333333 0.310546875 0.052083333333333336
4 0.46826171875 0.4889322916666667 0.0458984375 0.061197916666666664
0 0.5087890625 0.4934895833333333 0.162109375 0.09375
2 0.55224609375 0.4934895833333333 0.0751953125 0.052083333333333336
7 0.529296875 0.4518229166666667 0.12109375 0.08333333333333333
7 0.5361328125 0.5625 0.107421875 0.013020833333333334
7 0.458984375 0.4049479166666667 0.01953125 0.026041666666666668
0 0.7216796875 0.026692708333333332 0.130859375 0.053385416666666664
0 0.84521484375 0.026692708333333332 0.1181640625 0.053385416666666664
0 0.9501953125 0.026692708333333332 0.095703125 0.053385416666666664
2 0.794921875 0.3372395833333333 0.41015625 0.0859375
2 0.794921875 0.4440104166666667 0.41015625 0.07291666666666667
7 0.31396484375 0.625 0.5517578125 0.09114583333333333
4 0.0986328125 0.9641927083333334 0.197265625 0.07161458333333333
7 0.27294921875 0.7819010416666666 0.0478515625 0.024739583333333332
0 0.27294921875 0.7819010416666666 0.0712890625 0.053385416666666664
7 0.3642578125 0.7819010416666666 0.05859375 0.024739583333333332
0 0.3642578125 0.7819010416666666 0.08203125 0.053385416666666664
2 0.6318359375 0.5970052083333334 0.076171875 0.037760416666666664
2 0.689453125 0.59375 0.0234375 0.03125
2 0.8251953125 0.5970052083333334 0.111328125 0.037760416666666664
2 0.900390625 0.59375 0.0234375 0.03125
2 0.8486328125 0.7447916666666666 0.302734375 0.1484375
7 0.7421875 0.8515625 0.201171875 0.0234375
0 0.88427734375 0.8522135416666666 0.0830078125 0.024739583333333332
7 0.9404296875 0.8515625 0.029296875 0.0234375
0 0.9775390625 0.8522135416666666 0.044921875 0.024739583333333332
4 0.6611328125 0.8997395833333334 0.0234375 0.03125
0 0.7685546875 0.8997395833333334 0.25390625 0.052083333333333336
7 0.7734375 0.8997395833333334 0.19140625 0.020833333333333332
3 0.7685546875 0.8997395833333334 0.25390625 0.052083333333333336
4 0.9365234375 0.8997395833333334 0.01953125 0.026041666666666668
7 0.97119140625 0.8997395833333334 0.0576171875 0.020833333333333332
0 0.95556640625 0.8997395833333334 0.0888671875 0.052083333333333336
7 0.9033203125 0.9661458333333334 0.029296875 0.026041666666666668