4 0.22119140625 0.3880208333333333 0.4365234375 0.18229166666666666
6 0.466796875 0.0234375 0.04296875 0.020833333333333332
4 0.50537109375 0.025390625 0.0244140625 0.032552083333333336
7 0.720703125 0.020182291666666668 0.009765625 0.02734375
7 0.80859375 0.020182291666666668 0.009765625 0.02734375
7 0.896484375 0.020182291666666668 0.009765625 0.02734375
6 0.9560546875 0.014973958333333334 0.06640625 0.016927083333333332
6 0.94873046875 0.034505208333333336 0.0517578125 0.016927083333333332
6 0.4755859375 0.087890625 0.060546875 0.01953125
7 0.720703125 0.08268229166666667 0.009765625 0.02734375
7 0.80859375 0.08268229166666667 0.009765625 0.02734375
7 0.896484375 0.08268229166666667 0.009765625 0.02734375
6 0.9560546875 0.07747395833333333 0.06640625 0.016927083333333332
6 0.94873046875 0.09700520833333333 0.0517578125 0.016927083333333332
6 0.4833984375 0.1484375 0.076171875 0.020833333333333332
4 0.53857421875 0.150390625 0.0244140625 0.032552083333333336
4 0.5654296875 0.150390625 0.025390625 0.032552083333333336
7 0.720703125 0.14518229166666666 0.017578125 0.02734375
7 0.80859375 0.14518229166666666 0.009765625 0.02734375
7 0.896484375 0.14518229166666666 0.017578125 0.02734375
6 0.9560546875 0.13997395833333334 0.06640625 0.016927083333333332
6 0.94873046875 0.15950520833333334 0.0517578125 0.016927083333333332
6 0.47705078125 0.2109375 0.0634765625 0.020833333333333332
4 0.5263671875 0.212890625 0.025390625 0.032552083333333336
7 0.720703125 0.20768229166666666 0.009765625 0.02734375
7 0.80859375 0.20768229166666666 0.009765625 0.02734375
7 0.896484375 0.20768229166666666 0.009765625 0.02734375
6 0.9560546875 0.20247395833333334 0.06640625 0.016927083333333332
6 0.94873046875 0.22200520833333334 0.0517578125 0.016927083333333332
6 0.4677734375 0.2734375 0.044921875 0.020833333333333332
4 0.5078125 0.275390625 0.025390625 0.032552083333333336
7 0.720703125 0.2701822916666667 0.009765625 0.02734375
7 0.80859375 0.2701822916666667 0.009765625 0.02734375
7 0.896484375 0.2701822916666667 0.009765625 0.02734375
6 0.9560546875 0.2649739583333333 0.06640625 0.016927083333333332
6 0.94873046875 0.2845052083333333 0.0517578125 0.016927083333333332
6 0.4833984375 0.337890625 0.076171875 0.01953125
7 0.720703125 0.3326822916666667 0.017578125 0.02734375
7 0.80859375 0.3326822916666667 0.017578125 0.02734375
7 0.896484375 0.3326822916666667 0.017578125 0.02734375
6 0.9560546875 0.3274739583333333 0.06640625 0.016927083333333332
6 0.94873046875 0.3470052083333333 0.0517578125 0.016927083333333332
6 0.47705078125 0.400390625 0.0634765625 0.01953125
7 0.720703125 0.3951822916666667 0.017578125 0.02734375
7 0.80859375 0.3951822916666667 0.009765625 0.02734375
7 0.896484375 0.3951822916666667 0.017578125 0.02734375
6 0.9560546875 0.3899739583333333 0.06640625 0.016927083333333332
6 0.94873046875 0.4095052083333333 0.0517578125 0.016927083333333332
4 0.28076171875 0.4856770833333333 0.0224609375 0.013020833333333334
3 0.12646484375 0.7571614583333334 0.2529296875 0.4856770833333333
6 0.20654296875 0.544921875 0.0673828125 0.053385416666666664
7 0.28564453125 0.556640625 0.0458984375 0.029947916666666668
0 0.3037109375 0.5403645833333334 0.08203125 0.052083333333333336
4 0.3935546875 0.55078125 0.0234375 0.03125
0 0.3818359375 0.5403645833333334 0.0390625 0.052083333333333336
2 0.265625 0.7005208333333334 0.248046875 0.09375
6 0.19482421875 0.775390625 0.1064453125 0.01953125
7 0.2998046875 0.775390625 0.09765625 0.01953125
7 0.2646484375 0.7858072916666666 0.24609375 0.045572916666666664
7 0.28369140625 0.796875 0.1005859375 0.0234375
7 0.26416015625 0.8079427083333334 0.2451171875 0.045572916666666664
2 0.24609375 0.9759114583333334 0.208984375 0.048177083333333336
4 0.61376953125 0.5546875 0.3486328125 0.15104166666666666
7 0.61376953125 0.6328125 0.3486328125 0.0078125
6 0.6083984375 0.701171875 0.337890625 0.08203125
7 0.61279296875 0.7662760416666666 0.3466796875 0.02734375
6 0.484375 0.8841145833333334 0.046875 0.020833333333333332
6 0.6083984375 0.9420572916666666 0.294921875 0.09244791666666667
7 0.4912109375 0.9967447916666666 0.060546875 0.006510416666666667
7 0.90869140625 0.5403645833333334 0.1826171875 0.12239583333333333
7 0.91650390625 0.6634114583333334 0.1669921875 0.032552083333333336
4 0.91650390625 0.77734375 0.1669921875 0.15625
7 0.84765625 0.8352864583333334 0.029296875 0.040364583333333336
7 0.91650390625 0.8580729166666666 0.1669921875 0.0078125
6 0.91748046875 0.904296875 0.1650390625 0.07682291666666667