4 0.4638671875 0.4303385416666667 0.3515625 0.3971354166666667
2 0.12158203125 0.3001302083333333 0.2431640625 0.23046875
7 0.12158203125 0.4934895833333333 0.2431640625 0.13541666666666666
0 0.12158203125 0.6158854166666666 0.2431640625 0.026041666666666668
4 0.81982421875 0.314453125 0.3603515625 0.62890625
2 0.7353515625 0.01953125 0.19140625 0.0390625
2 0.81982421875 0.11979166666666667 0.3603515625 0.0546875
7 0.81982421875 0.166015625 0.3603515625 0.029947916666666668
4 0.81982421875 0.326171875 0.3603515625 0.07421875
4 0.65087890625 0.609375 0.0224609375 0.03125
4 0.83349609375 0.609375 0.0244140625 0.03125
4 0.1943359375 0.71875 0.388671875 0.1796875
7 0.5283203125 0.6555989583333334 0.22265625 0.022135416666666668
0 0.5283203125 0.7213541666666666 0.22265625 0.1015625
7 0.5283203125 0.8170572916666666 0.22265625 0.022135416666666668
0 0.5283203125 0.8658854166666666 0.22265625 0.06770833333333333
2 0.24462890625 0.978515625 0.4892578125 0.04296875
2 0.5 0.9713541666666666 0.021484375 0.049479166666666664
4 0.7109375 0.814453125 0.142578125 0.37109375
4 0.9111328125 0.6901041666666666 0.177734375 0.12239583333333333
7 0.9189453125 0.7864583333333334 0.162109375 0.0234375
7 0.87646484375 0.8248697916666666 0.0380859375 0.024739583333333332
7 0.9189453125 0.8704427083333334 0.162109375 0.048177083333333336
4 0.9111328125 0.96875 0.177734375 0.0625