7 0.02978515625 0.024739583333333332 0.0595703125 0.020833333333333332
0 0.04248046875 0.025390625 0.0849609375 0.05078125
7 0.1533203125 0.024739583333333332 0.109375 0.020833333333333332
0 0.15869140625 0.025390625 0.1494140625 0.05078125
7 0.31640625 0.024739583333333332 0.138671875 0.020833333333333332
0 0.32177734375 0.025390625 0.1787109375 0.05078125
7 0.447265625 0.024739583333333332 0.044921875 0.020833333333333332
0 0.43994140625 0.025390625 0.0595703125 0.05078125
0 0.0625 0.17578125 0.125 0.0546875
0 0.173828125 0.17578125 0.09765625 0.0546875
0 0.2529296875 0.17578125 0.060546875 0.0546875
0 0.32763671875 0.17578125 0.0888671875 0.0546875
0 0.4208984375 0.17578125 0.09765625 0.0546875
2 0.23486328125 0.3463541666666667 0.4697265625 0.15625
7 0.23486328125 0.4921875 0.4697265625 0.0703125
7 0.2783203125 0.6998697916666666 0.0234375 0.032552083333333336
0 0.283203125 0.72265625 0.044921875 0.020833333333333332
4 0.88720703125 0.009114583333333334 0.0185546875 0.018229166666666668
4 0.92578125 0.009114583333333334 0.01953125 0.018229166666666668
0 0.92578125 0.009114583333333334 0.01953125 0.018229166666666668
4 0.96484375 0.009114583333333334 0.01953125 0.018229166666666668
0 0.96484375 0.009114583333333334 0.01953125 0.018229166666666668
0 0.47998046875 0.072265625 0.0205078125 0.029947916666666668
0 0.54296875 0.072265625 0.046875 0.029947916666666668
0 0.626953125 0.072265625 0.0625 0.029947916666666668
0 0.73046875 0.072265625 0.0859375 0.029947916666666668
0 0.822265625 0.072265625 0.0390625 0.029947916666666668
0 0.89453125 0.072265625 0.046875 0.029947916666666668
0 0.966796875 0.072265625 0.0390625 0.029947916666666668
4 0.6142578125 0.13020833333333334 0.025390625 0.033854166666666664
0 0.73486328125 0.13020833333333334 0.5302734375 0.059895833333333336
7 0.76318359375 0.13020833333333334 0.2548828125 0.033854166666666664
2 0.60791015625 0.255859375 0.2763671875 0.18880208333333334
4 0.60791015625 0.5455729166666666 0.2763671875 0.390625
0 0.60791015625 0.5455729166666666 0.2763671875 0.390625
0 0.68505859375 0.6927083333333334 0.0830078125 0.044270833333333336
7 0.69091796875 0.7747395833333334 0.0712890625 0.010416666666666666
2 0.873046875 0.23307291666666666 0.25390625 0.14322916666666666
4 0.873046875 0.5455729166666666 0.25390625 0.390625
0 0.873046875 0.5455729166666666 0.25390625 0.390625
4 0.79052734375 0.7734375 0.0498046875 0.013020833333333334
0 0.79052734375 0.7734375 0.0498046875 0.013020833333333334
2 0.86376953125 0.7760416666666666 0.0595703125 0.0078125
7 0.55712890625 0.7115885416666666 0.1748046875 0.024739583333333332
7 0.55224609375 0.7565104166666666 0.1650390625 0.020833333333333332
0 0.66796875 0.70703125 0.046875 0.0625
4 0.3291015625 0.8450520833333334 0.25390625 0.13020833333333334
0 0.3291015625 0.884765625 0.25390625 0.20963541666666666
2 0.3291015625 0.9407552083333334 0.25390625 0.04296875
7 0.22119140625 0.9778645833333334 0.0380859375 0.0234375
0 0.57275390625 0.794921875 0.2060546875 0.029947916666666668
0 0.57275390625 0.8248697916666666 0.2060546875 0.032552083333333336
2 0.56494140625 0.880859375 0.1904296875 0.040364583333333336
0 0.57275390625 0.9290364583333334 0.2060546875 0.032552083333333336
0 0.57275390625 0.9602864583333334 0.2060546875 0.032552083333333336
0 0.57275390625 0.9876302083333334 0.2060546875 0.024739583333333332
0 0.77587890625 0.837890625 0.1318359375 0.053385416666666664
0 0.9248046875 0.837890625 0.150390625 0.053385416666666664