7 0.17041015625 0.034505208333333336 0.3408203125 0.06901041666666667
2 0.04833984375 0.3385416666666667 0.0966796875 0.046875
7 0.0361328125 0.4270833333333333 0.072265625 0.057291666666666664
7 0.2578125 0.24153645833333334 0.0234375 0.032552083333333336
0 0.2626953125 0.2643229166666667 0.044921875 0.020833333333333332
2 0.2626953125 0.3385416666666667 0.29296875 0.046875
7 0.2626953125 0.4270833333333333 0.244140625 0.057291666666666664
0 0.2626953125 0.5110677083333334 0.29296875 0.016927083333333332
3 0.41552734375 0.4817708333333333 0.0673828125 0.07552083333333333
2 0.541015625 0.054036458333333336 0.18359375 0.10807291666666667
7 0.521484375 0.20377604166666666 0.14453125 0.13932291666666666
0 0.53125 0.36328125 0.1640625 0.07291666666666667
7 0.47314453125 0.4290364583333333 0.0478515625 0.01953125
0 0.47314453125 0.4296875 0.0478515625 0.0234375
4 0.82080078125 0.15364583333333334 0.3583984375 0.3072916666666667
0 0.1787109375 0.6412760416666666 0.037109375 0.024739583333333332
0 0.2607421875 0.6412760416666666 0.08203125 0.024739583333333332
0 0.36962890625 0.6412760416666666 0.0908203125 0.024739583333333332
0 0.21044921875 0.580078125 0.0595703125 0.024739583333333332
0 0.3203125 0.580078125 0.123046875 0.024739583333333332
0 0.4248046875 0.580078125 0.048828125 0.024739583333333332
4 0.224609375 0.7734375 0.44921875 0.453125
4 0.14892578125 0.6536458333333334 0.2978515625 0.2682291666666667
7 0.724609375 0.6907552083333334 0.55078125 0.08984375
7 0.6533203125 0.806640625 0.408203125 0.11588541666666667