2 0.2548828125 0.16276041666666666 0.509765625 0.059895833333333336
7 0.2548828125 0.21614583333333334 0.509765625 0.0234375
4 0.15234375 0.34765625 0.3046875 0.14583333333333334
0 0.154296875 0.3463541666666667 0.30859375 0.0234375
4 0.4091796875 0.34765625 0.201171875 0.14583333333333334
0 0.4091796875 0.3463541666666667 0.201171875 0.0234375
4 0.15234375 0.4934895833333333 0.3046875 0.14583333333333334
0 0.154296875 0.4921875 0.30859375 0.0234375
4 0.4091796875 0.4934895833333333 0.201171875 0.14583333333333334
0 0.4091796875 0.4921875 0.201171875 0.0234375
4 0.15234375 0.6178385416666666 0.3046875 0.10286458333333333
0 0.154296875 0.6380208333333334 0.30859375 0.0234375
4 0.4091796875 0.6178385416666666 0.201171875 0.10286458333333333
0 0.4091796875 0.6380208333333334 0.201171875 0.0234375
0 0.7548828125 0.2506510416666667 0.490234375 0.48046875
4 0.7548828125 0.2506510416666667 0.490234375 0.48046875
0 0.5927734375 0.4537760416666667 0.0078125 0.01171875
0 0.6220703125 0.4537760416666667 0.0078125 0.01171875
0 0.6513671875 0.4537760416666667 0.0078125 0.01171875
0 0.6484375 0.58203125 0.27734375 0.17447916666666666
7 0.64111328125 0.5501302083333334 0.2626953125 0.032552083333333336
2 0.64111328125 0.578125 0.2626953125 0.026041666666666668
0 0.89501953125 0.58203125 0.2099609375 0.17447916666666666
7 0.90234375 0.5501302083333334 0.1953125 0.032552083333333336
2 0.90234375 0.578125 0.1953125 0.026041666666666668
4 0.01025390625 0.6920572916666666 0.0205078125 0.032552083333333336
7 0.2548828125 0.7571614583333334 0.509765625 0.061197916666666664
4 0.2548828125 0.8938802083333334 0.509765625 0.21223958333333334
7 0.7548828125 0.7936197916666666 0.490234375 0.24869791666666666
7 0.626953125 0.748046875 0.1953125 0.07421875
0 0.626953125 0.7506510416666666 0.1953125 0.022135416666666668
7 0.7548828125 0.9440104166666666 0.490234375 0.052083333333333336
7 0.7099609375 0.9440104166666666 0.400390625 0.052083333333333336
0 0.71044921875 0.943359375 0.4013671875 0.022135416666666668