2 0.041015625 0.07421875 0.08203125 0.052083333333333336
7 0.041015625 0.14453125 0.08203125 0.0625
4 0.19970703125 0.014322916666666666 0.1181640625 0.028645833333333332
2 0.2001953125 0.061197916666666664 0.140625 0.026041666666666668
7 0.2001953125 0.11848958333333333 0.140625 0.0625
2 0.35400390625 0.061197916666666664 0.0712890625 0.026041666666666668
6 0.35400390625 0.11067708333333333 0.0712890625 0.049479166666666664
2 0.19482421875 0.26953125 0.3896484375 0.03125
7 0.19482421875 0.3828125 0.3896484375 0.14322916666666666
2 0.19482421875 0.5026041666666666 0.3896484375 0.03125
0 0.279296875 0.546875 0.220703125 0.005208333333333333
7 0.5322265625 0.2747395833333333 0.28515625 0.5494791666666666
2 0.56884765625 0.035807291666666664 0.2763671875 0.07161458333333333
2 0.6044921875 0.13802083333333334 0.34765625 0.07291666666666667
0 0.5205078125 0.2421875 0.1796875 0.052083333333333336
4 0.63916015625 0.24153645833333334 0.0205078125 0.02734375
0 0.71142578125 0.2421875 0.1884765625 0.052083333333333336
7 0.72216796875 0.24283854166666666 0.1318359375 0.01953125
4 0.90087890625 0.19921875 0.1982421875 0.3984375
0 0.90087890625 0.201171875 0.1982421875 0.40234375
6 0.18408203125 0.6145833333333334 0.3681640625 0.08072916666666667
0 0.19189453125 0.689453125 0.3837890625 0.2721354166666667
6 0.18408203125 0.677734375 0.3681640625 0.024739583333333332
6 0.18408203125 0.7578125 0.3681640625 0.09375
0 0.0205078125 0.8541666666666666 0.041015625 0.020833333333333332
7 0.17236328125 0.8828125 0.3447265625 0.026041666666666668
0 0.19189453125 0.9016927083333334 0.3837890625 0.06901041666666667
7 0.189453125 0.9674479166666666 0.37890625 0.026041666666666668
0 0.19189453125 0.9752604166666666 0.3837890625 0.049479166666666664