4 0.06201171875 0.021484375 0.0126953125 0.016927083333333332
6 0.1640625 0.024088541666666668 0.181640625 0.01953125
0 0.46630859375 0.025390625 0.0869140625 0.05078125
6 0.4775390625 0.029947916666666668 0.064453125 0.015625
4 0.00341796875 0.13151041666666666 0.0068359375 0.020833333333333332
0 0.01904296875 0.13151041666666666 0.0380859375 0.078125
7 0.01953125 0.13151041666666666 0.0234375 0.020833333333333332
4 0.05615234375 0.13151041666666666 0.0244140625 0.020833333333333332
0 0.07177734375 0.13151041666666666 0.0673828125 0.078125
7 0.08349609375 0.13151041666666666 0.0302734375 0.020833333333333332
4 0.12353515625 0.13151041666666666 0.0244140625 0.020833333333333332
0 0.15673828125 0.13151041666666666 0.1025390625 0.078125
7 0.16845703125 0.13151041666666666 0.0654296875 0.020833333333333332
7 0.25537109375 0.13020833333333334 0.0458984375 0.0234375
7 0.3720703125 0.12955729166666666 0.177734375 0.01953125
2 0.0517578125 0.19401041666666666 0.103515625 0.046875
1 0.0517578125 0.23958333333333334 0.103515625 0.044270833333333336
1 0.04931640625 0.3046875 0.0986328125 0.052083333333333336
7 0.013671875 0.3665364583333333 0.02734375 0.01953125
0 0.04833984375 0.3665364583333333 0.0361328125 0.016927083333333332
7 0.14013671875 0.19661458333333334 0.0322265625 0.018229166666666668
0 0.1455078125 0.19661458333333334 0.0625 0.052083333333333336
4 0.16259765625 0.19661458333333334 0.0087890625 0.010416666666666666
7 0.146484375 0.23893229166666666 0.033203125 0.022135416666666668
7 0.34033203125 0.23828125 0.3388671875 0.020833333333333332
4 0.14306640625 0.3411458333333333 0.0576171875 0.23697916666666666
0 0.7548828125 0.13997395833333334 0.490234375 0.2799479166666667
2 0.740234375 0.4075520833333333 0.4609375 0.044270833333333336
7 0.5830078125 0.4440104166666667 0.146484375 0.0234375
0 0.03076171875 0.4973958333333333 0.0615234375 0.057291666666666664
0 0.1064453125 0.4973958333333333 0.08984375 0.057291666666666664
0 0.2197265625 0.4973958333333333 0.13671875 0.057291666666666664
7 0.34228515625 0.4973958333333333 0.0771484375 0.028645833333333332
7 0.4501953125 0.4973958333333333 0.048828125 0.028645833333333332
3 0.23828125 0.6106770833333334 0.4765625 0.1171875
0 0.046875 0.734375 0.09375 0.052083333333333336
0 0.1923828125 0.734375 0.193359375 0.052083333333333336
0 0.345703125 0.734375 0.109375 0.052083333333333336
0 0.4404296875 0.734375 0.076171875 0.052083333333333336
0 0.4951171875 0.734375 0.029296875 0.052083333333333336
7 0.2021484375 0.7981770833333334 0.404296875 0.0234375
6 0.43798828125 0.7981770833333334 0.0673828125 0.0234375
2 0.37451171875 0.8704427083333334 0.0830078125 0.029947916666666668
2 0.3955078125 0.953125 0.228515625 0.06770833333333333
0 0.3955078125 0.953125 0.228515625 0.08854166666666667
0 0.71337890625 0.4830729166666667 0.1259765625 0.046875
0 0.6904296875 0.53125 0.080078125 0.052083333333333336
0 0.68701171875 0.5813802083333334 0.0732421875 0.05078125
0 0.67578125 0.630859375 0.05078125 0.05078125
0 0.689453125 0.6803385416666666 0.078125 0.05078125
0 0.68994140625 0.7298177083333334 0.0791015625 0.05078125
0 0.671875 0.7799479166666666 0.04296875 0.052083333333333336
0 0.564453125 0.912109375 0.109375 0.029947916666666668
0 0.8251953125 0.912109375 0.349609375 0.029947916666666668
0 0.73193359375 0.9583333333333334 0.1630859375 0.052083333333333336
0 0.69970703125 0.9915364583333334 0.0986328125 0.016927083333333332
7 0.572265625 0.48046875 0.125 0.026041666666666668
0 0.751953125 0.486328125 0.234375 0.053385416666666664
7 0.751953125 0.48046875 0.234375 0.026041666666666668
0 0.9345703125 0.486328125 0.130859375 0.053385416666666664
7 0.9345703125 0.48046875 0.130859375 0.026041666666666668
4 0.5595703125 0.765625 0.099609375 0.3619791666666667
0 0.5595703125 0.7923177083333334 0.099609375 0.4153645833333333
6 0.5595703125 0.9733072916666666 0.099609375 0.022135416666666668
2 0.8740234375 0.548828125 0.109375 0.022135416666666668
4 0.830078125 0.765625 0.33984375 0.3619791666666667
0 0.830078125 0.7923177083333334 0.33984375 0.4153645833333333
6 0.830078125 0.9733072916666666 0.33984375 0.022135416666666668
7 0.830078125 0.9915364583333334 0.33984375 0.016927083333333332