7 0.07373046875 0.025390625 0.1201171875 0.032552083333333336
0 0.07373046875 0.031901041666666664 0.1318359375 0.06380208333333333
2 0.060546875 0.109375 0.12109375 0.036458333333333336
7 0.1337890625 0.154296875 0.267578125 0.032552083333333336
2 0.52294921875 0.28125 0.2080078125 0.1015625
2 0.642578125 0.28125 0.03515625 0.1015625
2 0.79736328125 0.28125 0.2763671875 0.1015625
2 0.94482421875 0.28125 0.0185546875 0.1015625
2 0.47607421875 0.3854166666666667 0.1337890625 0.1015625
2 0.560546875 0.3854166666666667 0.03515625 0.1015625
2 0.68310546875 0.3854166666666667 0.2119140625 0.1015625
2 0.87451171875 0.3854166666666667 0.1748046875 0.1015625
4 0.11328125 0.55859375 0.2265625 0.21875
0 0.11328125 0.55859375 0.2265625 0.21875
7 0.3251953125 0.5143229166666666 0.16796875 0.0390625
2 0.287109375 0.556640625 0.08984375 0.016927083333333332
0 0.287109375 0.556640625 0.08984375 0.016927083333333332
4 0.1337890625 0.7942708333333334 0.126953125 0.16927083333333334
0 0.1337890625 0.7942708333333334 0.126953125 0.16927083333333334
2 0.33251953125 0.7649739583333334 0.1533203125 0.07421875
0 0.33251953125 0.765625 0.1533203125 0.07291666666666667
7 0.31494140625 0.82421875 0.1201171875 0.033854166666666664
2 0.31298828125 0.8561197916666666 0.1142578125 0.016927083333333332
0 0.31298828125 0.8561197916666666 0.1142578125 0.016927083333333332
4 0.1337890625 0.9680989583333334 0.126953125 0.06380208333333333
0 0.1337890625 0.9680989583333334 0.126953125 0.06380208333333333
2 0.33251953125 0.9772135416666666 0.1533203125 0.045572916666666664
0 0.33251953125 0.9778645833333334 0.1533203125 0.044270833333333336
0 0.71337890625 0.48828125 0.0498046875 0.028645833333333332
0 0.8037109375 0.48828125 0.078125 0.028645833333333332
0 0.908203125 0.48828125 0.078125 0.028645833333333332
0 0.98681640625 0.48828125 0.0263671875 0.028645833333333332
2 0.92822265625 0.7552083333333334 0.1435546875 0.10416666666666667
4 0.888671875 0.861328125 0.0234375 0.032552083333333336
0 0.92822265625 0.8606770833333334 0.1435546875 0.0625
7 0.96630859375 0.8606770833333334 0.0673828125 0.03125
7 0.96923828125 0.9453125 0.0615234375 0.03125
0 0.92822265625 0.9453125 0.1435546875 0.0625