4 0.244140625 0.06901041666666667 0.201171875 0.13802083333333334
4 0.37158203125 0.2688802083333333 0.0556640625 0.24609375
4 0.283203125 0.109375 0.232421875 0.1953125
0 0.283203125 0.11197916666666667 0.232421875 0.20052083333333334
7 0.3134765625 0.11067708333333333 0.056640625 0.0234375
0 0.3134765625 0.11067708333333333 0.087890625 0.046875
4 0.69970703125 0.14453125 0.6005859375 0.2890625
7 0.69970703125 0.3001302083333333 0.6005859375 0.01953125
0 0.65576171875 0.345703125 0.0458984375 0.048177083333333336
2 0.693359375 0.3893229166666667 0.587890625 0.0390625
4 0.10400390625 0.533203125 0.2080078125 0.24869791666666666
2 0.09619140625 0.5013020833333334 0.1923828125 0.0859375
7 0.09619140625 0.5794270833333334 0.1923828125 0.049479166666666664
0 0.09619140625 0.62890625 0.1923828125 0.018229166666666668
4 0.3115234375 0.44140625 0.17578125 0.06510416666666667
0 0.3173828125 0.451171875 0.1640625 0.016927083333333332
4 0.3115234375 0.5709635416666666 0.17578125 0.17317708333333334
2 0.3173828125 0.5846354166666666 0.1640625 0.0546875
0 0.3173828125 0.6354166666666666 0.1640625 0.015625
4 0.2158203125 0.8736979166666666 0.3125 0.234375
2 0.45703125 0.4576822916666667 0.076171875 0.06380208333333333
2 0.611328125 0.5416666666666666 0.423828125 0.09114583333333333
2 0.6376953125 0.6145833333333334 0.4765625 0.09114583333333333
4 0.76416015625 0.8684895833333334 0.4716796875 0.2630208333333333
2 0.44970703125 0.8756510416666666 0.1005859375 0.032552083333333336