2 0.23486328125 0.020182291666666668 0.4697265625 0.040364583333333336
7 0.23486328125 0.09244791666666667 0.4697265625 0.0625
4 0.1630859375 0.07747395833333333 0.201171875 0.15494791666666666
4 0.36328125 0.07747395833333333 0.201171875 0.15494791666666666
4 0.36328125 0.291015625 0.201171875 0.2643229166666667
4 0.3779296875 0.39453125 0.18359375 0.1953125
0 0.3779296875 0.3971354166666667 0.18359375 0.20052083333333334
7 0.4326171875 0.3958333333333333 0.056640625 0.0234375
0 0.42919921875 0.3958333333333333 0.0810546875 0.046875
2 0.72802734375 0.0546875 0.5166015625 0.028645833333333332
6 0.51416015625 0.09765625 0.0498046875 0.020833333333333332
7 0.72509765625 0.111328125 0.5107421875 0.048177083333333336
7 0.72216796875 0.138671875 0.5048828125 0.048177083333333336
7 0.5 0.19075520833333334 0.060546875 0.022135416666666668
6 0.4990234375 0.22916666666666666 0.05859375 0.020833333333333332
7 0.53759765625 0.22916666666666666 0.0205078125 0.020833333333333332
6 0.6005859375 0.22916666666666666 0.107421875 0.020833333333333332
7 0.6953125 0.22916666666666666 0.083984375 0.020833333333333332
4 0.9130859375 0.4596354166666667 0.146484375 0.21875
6 0.56005859375 0.36328125 0.0947265625 0.020833333333333332
7 0.64208984375 0.390625 0.3447265625 0.07552083333333333
7 0.72802734375 0.498046875 0.5166015625 0.11067708333333333
4 0.09765625 0.7057291666666666 0.09375 0.125
1 0.11572265625 0.8177083333333334 0.2314453125 0.057291666666666664
1 0.11572265625 0.8782552083333334 0.2314453125 0.048177083333333336
0 0.1845703125 0.9244791666666666 0.09375 0.020833333333333332
4 0.6259765625 0.689453125 0.205078125 0.05078125
2 0.7265625 0.8313802083333334 0.40625 0.13671875
7 0.7265625 0.9303385416666666 0.40625 0.06380208333333333