2 0.3408203125 0.11393229166666667 0.345703125 0.06901041666666667
2 0.328125 0.17643229166666666 0.3203125 0.06901041666666667
2 0.20947265625 0.23893229166666666 0.0830078125 0.06901041666666667
2 0.3310546875 0.23893229166666666 0.140625 0.06901041666666667
7 0.369140625 0.3580729166666667 0.40234375 0.0703125
7 0.2197265625 0.4765625 0.060546875 0.026041666666666668
0 0.2197265625 0.4752604166666667 0.103515625 0.049479166666666664
7 0.3310546875 0.4765625 0.0625 0.026041666666666668
0 0.3310546875 0.4752604166666667 0.103515625 0.049479166666666664
7 0.4423828125 0.4765625 0.05859375 0.026041666666666668
0 0.4423828125 0.4752604166666667 0.103515625 0.049479166666666664
7 0.5537109375 0.4765625 0.0546875 0.026041666666666668
0 0.5537109375 0.4752604166666667 0.103515625 0.049479166666666664
4 0.3046875 0.3795572916666667 0.609375 0.24088541666666666
4 0.3857421875 0.25 0.32421875 0.5
4 0.21728515625 0.11653645833333333 0.4345703125 0.23307291666666666
0 0.21728515625 0.11653645833333333 0.4345703125 0.23307291666666666
7 0.1923828125 0.326171875 0.384765625 0.09505208333333333
7 0.1923828125 0.4186197916666667 0.384765625 0.03515625
6 0.0693359375 0.4524739583333333 0.138671875 0.022135416666666668
4 0.43359375 0.3997395833333333 0.158203125 0.19791666666666666
7 0.8046875 0.007161458333333333 0.390625 0.014322916666666666
4 0.8046875 0.267578125 0.390625 0.46484375
2 0.8046875 0.34375 0.390625 0.14583333333333334
0 0.86376953125 0.4713541666666667 0.2724609375 0.057291666666666664
2 0.2666015625 0.5234375 0.462890625 0.046875
6 0.02783203125 0.5846354166666666 0.0205078125 0.03125
6 0.12109375 0.5846354166666666 0.05078125 0.03125
6 0.2314453125 0.5846354166666666 0.0546875 0.03125
6 0.34375 0.5846354166666666 0.0546875 0.03125
6 0.4501953125 0.5846354166666666 0.04296875 0.03125
6 0.55419921875 0.5846354166666666 0.0498046875 0.03125
0 0.01220703125 0.6295572916666666 0.0244140625 0.040364583333333336
7 0.00732421875 0.6295572916666666 0.0146484375 0.032552083333333336
7 0.07421875 0.630859375 0.048828125 0.032552083333333336
0 0.2353515625 0.6295572916666666 0.419921875 0.05859375
7 0.21533203125 0.630859375 0.2353515625 0.032552083333333336
6 0.5146484375 0.6295572916666666 0.099609375 0.05859375
4 0.2177734375 0.8203125 0.435546875 0.359375
0 0.21728515625 0.8209635416666666 0.4345703125 0.3580729166666667
2 0.53173828125 0.677734375 0.1552734375 0.045572916666666664
2 0.5556640625 0.7571614583333334 0.107421875 0.03515625
0 0.53173828125 0.7571614583333334 0.1552734375 0.07682291666666667
2 0.5556640625 0.8352864583333334 0.107421875 0.03515625
0 0.53173828125 0.8352864583333334 0.1552734375 0.07682291666666667
2 0.5556640625 0.9134114583333334 0.107421875 0.03515625
0 0.53173828125 0.9134114583333334 0.1552734375 0.07682291666666667
2 0.5556640625 0.9915364583333334 0.107421875 0.016927083333333332
0 0.53173828125 0.9765625 0.1552734375 0.046875
3 0.3046875 0.75 0.609375 0.5
2 0.8046875 0.6614583333333334 0.390625 0.0625
7 0.8046875 0.8515625 0.390625 0.265625