2 0.1572265625 0.016927083333333332 0.314453125 0.0234375
4 0.03515625 0.11067708333333333 0.0703125 0.1171875
0 0.046875 0.11067708333333333 0.09375 0.1171875
6 0.20361328125 0.061197916666666664 0.2216796875 0.018229166666666668
7 0.20361328125 0.08984375 0.2216796875 0.0234375
7 0.1015625 0.11653645833333333 0.017578125 0.01953125
7 0.16064453125 0.11653645833333333 0.1025390625 0.01953125
4 0.10546875 0.15299479166666666 0.0234375 0.016927083333333332
0 0.10546875 0.15299479166666666 0.025390625 0.032552083333333336
4 0.1357421875 0.15299479166666666 0.0234375 0.016927083333333332
0 0.1357421875 0.15299479166666666 0.025390625 0.032552083333333336
4 0.166015625 0.15299479166666666 0.0234375 0.016927083333333332
0 0.166015625 0.15299479166666666 0.025390625 0.032552083333333336
4 0.03515625 0.2604166666666667 0.0703125 0.1171875
0 0.046875 0.2604166666666667 0.09375 0.1171875
6 0.1572265625 0.2109375 0.12890625 0.018229166666666668
7 0.1572265625 0.23958333333333334 0.12890625 0.0234375
7 0.1015625 0.2662760416666667 0.017578125 0.01953125
7 0.14697265625 0.2662760416666667 0.0751953125 0.01953125
4 0.10546875 0.302734375 0.0234375 0.016927083333333332
0 0.10546875 0.302734375 0.025390625 0.032552083333333336
4 0.1357421875 0.302734375 0.0234375 0.016927083333333332
0 0.1357421875 0.302734375 0.025390625 0.032552083333333336
4 0.166015625 0.302734375 0.0234375 0.016927083333333332
0 0.166015625 0.302734375 0.025390625 0.032552083333333336
4 0.03515625 0.41015625 0.0703125 0.1171875
0 0.046875 0.41015625 0.09375 0.1171875
6 0.20361328125 0.3606770833333333 0.2216796875 0.018229166666666668
7 0.20361328125 0.3893229166666667 0.2216796875 0.0234375
7 0.1015625 0.416015625 0.017578125 0.01953125
7 0.1328125 0.416015625 0.046875 0.01953125
4 0.10546875 0.4524739583333333 0.0234375 0.016927083333333332
0 0.10546875 0.4524739583333333 0.025390625 0.032552083333333336
4 0.1357421875 0.4524739583333333 0.0234375 0.016927083333333332
0 0.1357421875 0.4524739583333333 0.025390625 0.032552083333333336
4 0.166015625 0.4524739583333333 0.0234375 0.016927083333333332
0 0.166015625 0.4524739583333333 0.025390625 0.032552083333333336
4 0.40966796875 0.035807291666666664 0.1396484375 0.07161458333333333
0 0.40966796875 0.03125 0.1396484375 0.0234375
0 0.5185546875 0.057291666666666664 0.04296875 0.0703125
0 0.59375 0.057291666666666664 0.080078125 0.0703125
0 0.68603515625 0.057291666666666664 0.0771484375 0.0703125
0 0.78125 0.057291666666666664 0.0859375 0.0703125
0 0.873046875 0.057291666666666664 0.0703125 0.0703125
0 0.95068359375 0.057291666666666664 0.0576171875 0.0703125
2 0.669921875 0.15625 0.66015625 0.07291666666666667
2 0.85693359375 0.21875 0.2861328125 0.07291666666666667
7 0.16015625 0.5013020833333334 0.0390625 0.028645833333333332
7 0.32763671875 0.5013020833333334 0.0244140625 0.028645833333333332
2 0.169921875 0.6145833333333334 0.33984375 0.052083333333333336
7 0.1376953125 0.6796875 0.275390625 0.052083333333333336
0 0.02294921875 0.7259114583333334 0.0458984375 0.02734375
4 0.0126953125 0.7252604166666666 0.01171875 0.015625
0 0.0185546875 0.7760416666666666 0.037109375 0.0390625
6 0.009765625 0.9153645833333334 0.01953125 0.026041666666666668
7 0.169921875 0.927734375 0.33984375 0.05078125
2 0.57763671875 0.474609375 0.4755859375 0.01171875
6 0.3759765625 0.53125 0.072265625 0.033854166666666664
6 0.4814453125 0.53125 0.06640625 0.033854166666666664
6 0.61376953125 0.53125 0.1259765625 0.033854166666666664
6 0.77734375 0.53125 0.12890625 0.033854166666666664
6 0.41015625 0.7682291666666666 0.126953125 0.0234375
2 0.42578125 0.80859375 0.158203125 0.036458333333333336
6 0.4130859375 0.84375 0.1328125 0.03125
4 0.56640625 0.7721354166666666 0.453125 0.3776041666666667
2 0.92822265625 0.5950520833333334 0.1435546875 0.0234375
2 0.974609375 0.66015625 0.05078125 0.078125
4 0.89794921875 0.6614583333333334 0.0830078125 0.08333333333333333
2 0.974609375 0.7747395833333334 0.05078125 0.10677083333333333
4 0.89794921875 0.7623697916666666 0.0830078125 0.08463541666666667
2 0.974609375 0.87109375 0.05078125 0.052083333333333336
4 0.89794921875 0.8860677083333334 0.0830078125 0.08463541666666667
4 0.7939453125 0.796875 0.02734375 0.036458333333333336