2 0.3330078125 0.107421875 0.09375 0.055989583333333336
7 0.2919921875 0.2649739583333333 0.17578125 0.5299479166666666
7 0.0908203125 0.5078125 0.142578125 0.044270833333333336
7 0.40185546875 0.059244791666666664 0.0439453125 0.03515625
6 0.47509765625 0.059244791666666664 0.1044921875 0.03515625
7 0.40966796875 0.087890625 0.0322265625 0.01953125
6 0.474609375 0.087890625 0.09765625 0.01953125
7 0.5234375 0.087890625 0.00390625 0.01953125
7 0.7587890625 0.059244791666666664 0.0703125 0.01953125
6 0.8154296875 0.059244791666666664 0.044921875 0.01953125
7 0.8505859375 0.059244791666666664 0.029296875 0.01953125
6 0.88525390625 0.059244791666666664 0.0400390625 0.01953125
6 0.9248046875 0.059244791666666664 0.03515625 0.01953125
7 0.95263671875 0.059244791666666664 0.0224609375 0.01953125
6 0.9775390625 0.059244791666666664 0.029296875 0.01953125
7 0.99462890625 0.059244791666666664 0.0048828125 0.01953125
7 0.7744140625 0.07877604166666667 0.099609375 0.01953125
6 0.8515625 0.07877604166666667 0.05859375 0.01953125
7 0.91259765625 0.07877604166666667 0.0654296875 0.01953125
6 0.96826171875 0.07877604166666667 0.0478515625 0.01953125
7 0.99462890625 0.07877604166666667 0.0048828125 0.01953125
7 0.3916015625 0.19986979166666666 0.0234375 0.024739583333333332
4 0.66748046875 0.3645833333333333 0.1376953125 0.2578125
7 0.400390625 0.2591145833333333 0.041015625 0.020833333333333332
7 0.439453125 0.2591145833333333 0.0390625 0.020833333333333332
6 0.4873046875 0.2591145833333333 0.060546875 0.020833333333333332
6 0.537109375 0.2591145833333333 0.03125 0.020833333333333332
7 0.5556640625 0.2591145833333333 0.0078125 0.020833333333333332
6 0.3876953125 0.2877604166666667 0.015625 0.020833333333333332
6 0.4140625 0.2877604166666667 0.03125 0.020833333333333332
7 0.4892578125 0.2877604166666667 0.12109375 0.020833333333333332
6 0.40478515625 0.31640625 0.0498046875 0.020833333333333332
7 0.4443359375 0.31640625 0.03125 0.020833333333333332
6 0.4951171875 0.31640625 0.07421875 0.020833333333333332
7 0.41796875 0.3450520833333333 0.076171875 0.020833333333333332
6 0.48095703125 0.3450520833333333 0.0537109375 0.020833333333333332
7 0.47607421875 0.3736979166666667 0.1923828125 0.078125
7 0.4677734375 0.4596354166666667 0.17578125 0.13541666666666666
6 0.3876953125 0.5169270833333334 0.015625 0.020833333333333332
7 0.39892578125 0.5169270833333334 0.0087890625 0.020833333333333332
6 0.4267578125 0.5169270833333334 0.048828125 0.020833333333333332
7 0.4658203125 0.5169270833333334 0.03125 0.020833333333333332
6 0.50146484375 0.5169270833333334 0.0439453125 0.020833333333333332
7 0.6201171875 0.5169270833333334 0.1953125 0.020833333333333332
4 0.98876953125 0.20052083333333334 0.0224609375 0.0390625
6 0.9345703125 0.19270833333333334 0.078125 0.020833333333333332
6 0.8095703125 0.24609375 0.064453125 0.020833333333333332
7 0.86083984375 0.24609375 0.0400390625 0.020833333333333332
6 0.91650390625 0.24609375 0.0732421875 0.020833333333333332
7 0.9677734375 0.24609375 0.03125 0.020833333333333332
6 0.794921875 0.2747395833333333 0.03515625 0.020833333333333332
7 0.82666015625 0.2747395833333333 0.0302734375 0.020833333333333332
6 0.87646484375 0.2747395833333333 0.0712890625 0.020833333333333332
7 0.88671875 0.3177083333333333 0.21875 0.10677083333333333
6 0.880859375 0.3984375 0.1640625 0.020833333333333332
6 0.8544921875 0.4290364583333333 0.111328125 0.022135416666666668
6 0.89111328125 0.4733072916666667 0.1845703125 0.05078125
7 0.18994140625 0.9765625 0.3798828125 0.041666666666666664
7 0.36572265625 0.6282552083333334 0.0283203125 0.022135416666666668
4 0.68994140625 0.6998697916666666 0.6201171875 0.33984375
0 0.68994140625 0.7005208333333334 0.6201171875 0.3411458333333333
7 0.68994140625 0.7259114583333334 0.6201171875 0.06640625
7 0.68994140625 0.8001302083333334 0.6201171875 0.048177083333333336
4 0.49560546875 0.9348958333333334 0.2314453125 0.13020833333333334
0 0.49560546875 0.9348958333333334 0.2314453125 0.13020833333333334
7 0.4052734375 0.98828125 0.05078125 0.0234375
4 0.77734375 0.9348958333333334 0.333984375 0.13020833333333334
0 0.77734375 0.9348958333333334 0.333984375 0.13020833333333334
7 0.67626953125 0.9908854166666666 0.1259765625 0.018229166666666668