2 0.0576171875 0.0703125 0.115234375 0.046875
0 0.4814453125 0.06966145833333333 0.056640625 0.053385416666666664
0 0.56201171875 0.06966145833333333 0.1064453125 0.053385416666666664
7 0.65869140625 0.07096354166666667 0.0615234375 0.01953125
0 0.65185546875 0.0703125 0.0751953125 0.0546875
2 0.384765625 0.4016927083333333 0.25390625 0.055989583333333336
7 0.384765625 0.294921875 0.41796875 0.58984375
4 0.87744140625 0.14388020833333334 0.2451171875 0.2877604166666667
0 0.7265625 0.4375 0.07421875 0.11197916666666667
2 0.7265625 0.4029947916666667 0.07421875 0.04296875
6 0.7265625 0.4576822916666667 0.07421875 0.06640625
2 0.7265625 0.5670572916666666 0.07421875 0.04296875
2 0.92529296875 0.4231770833333333 0.1494140625 0.028645833333333332
7 0.92529296875 0.4518229166666667 0.1494140625 0.028645833333333332
6 0.8837890625 0.48828125 0.06640625 0.018229166666666668
7 0.95166015625 0.48828125 0.0634765625 0.018229166666666668
0 0.92529296875 0.5377604166666666 0.1494140625 0.044270833333333336
7 0.18701171875 0.6666666666666666 0.1591796875 0.049479166666666664
7 0.2822265625 0.6666666666666666 0.03515625 0.049479166666666664
7 0.3642578125 0.6666666666666666 0.130859375 0.049479166666666664
7 0.15478515625 0.7115885416666666 0.1201171875 0.02734375
6 0.23095703125 0.7115885416666666 0.0341796875 0.02734375
7 0.26611328125 0.7115885416666666 0.0400390625 0.02734375
6 0.3623046875 0.7115885416666666 0.15234375 0.02734375
7 0.439453125 0.7115885416666666 0.005859375 0.02734375
7 0.58251953125 0.6477864583333334 0.0615234375 0.022135416666666668
7 0.64892578125 0.6477864583333334 0.0732421875 0.022135416666666668
7 0.6005859375 0.6764322916666666 0.03515625 0.022135416666666668
7 0.6533203125 0.6764322916666666 0.072265625 0.022135416666666668
6 0.5517578125 0.7141927083333334 0.03515625 0.022135416666666668
6 0.599609375 0.7141927083333334 0.037109375 0.022135416666666668
6 0.6591796875 0.7141927083333334 0.060546875 0.022135416666666668
6 0.64892578125 0.7428385416666666 0.0439453125 0.022135416666666668
7 0.07763671875 0.8326822916666666 0.0244140625 0.01953125
7 0.1640625 0.8326822916666666 0.056640625 0.01953125
7 0.24951171875 0.8326822916666666 0.0419921875 0.01953125
7 0.3359375 0.8326822916666666 0.046875 0.01953125
7 0.4208984375 0.8326822916666666 0.0546875 0.01953125
7 0.5078125 0.8326822916666666 0.04296875 0.01953125
7 0.5927734375 0.8326822916666666 0.064453125 0.01953125
7 0.66943359375 0.8326822916666666 0.0400390625 0.01953125
7 0.16015625 0.908203125 0.20703125 0.037760416666666664
7 0.55615234375 0.908203125 0.1572265625 0.037760416666666664
4 0.3662109375 0.986328125 0.146484375 0.02734375
6 0.06494140625 0.9876302083333334 0.0458984375 0.022135416666666668
7 0.130859375 0.9876302083333334 0.0859375 0.022135416666666668
7 0.15869140625 0.98828125 0.2333984375 0.0234375
6 0.6220703125 0.9895833333333334 0.134765625 0.020833333333333332
4 0.94677734375 0.6223958333333334 0.1064453125 0.06510416666666667
7 0.9287109375 0.681640625 0.142578125 0.048177083333333336
4 0.74658203125 0.9811197916666666 0.1142578125 0.037760416666666664