0 0.04541015625 0.044270833333333336 0.0908203125 0.078125
2 0.373046875 0.031901041666666664 0.072265625 0.053385416666666664
6 0.2734375 0.09505208333333333 0.134765625 0.018229166666666668
6 0.3876953125 0.09505208333333333 0.04296875 0.018229166666666668
7 0.251953125 0.16471354166666666 0.314453125 0.014322916666666666
3 0.251953125 0.23697916666666666 0.314453125 0.1171875
7 0.26171875 0.34765625 0.294921875 0.052083333333333336
4 0.26171875 0.5397135416666666 0.294921875 0.2799479166666667
0 0.26171875 0.5397135416666666 0.294921875 0.2799479166666667
0 0.49755859375 0.016276041666666668 0.1767578125 0.032552083333333336
7 0.64453125 0.005208333333333333 0.09765625 0.010416666666666666
0 0.64453125 0.016276041666666668 0.1171875 0.032552083333333336
7 0.755859375 0.005208333333333333 0.087890625 0.010416666666666666
0 0.75634765625 0.016276041666666668 0.1083984375 0.032552083333333336
7 0.64501953125 0.06510416666666667 0.0986328125 0.020833333333333332
0 0.64501953125 0.06510416666666667 0.1181640625 0.06510416666666667
7 0.755859375 0.06510416666666667 0.0859375 0.020833333333333332
0 0.75634765625 0.06510416666666667 0.1064453125 0.06510416666666667
7 0.8564453125 0.06510416666666667 0.076171875 0.020833333333333332
0 0.8564453125 0.06510416666666667 0.095703125 0.06510416666666667
7 0.84521484375 0.005208333333333333 0.0322265625 0.010416666666666666
0 0.8544921875 0.016276041666666668 0.0703125 0.032552083333333336
6 0.41650390625 0.061197916666666664 0.0146484375 0.049479166666666664
0 0.4189453125 0.061197916666666664 0.01953125 0.049479166666666664
7 0.45361328125 0.053385416666666664 0.0400390625 0.015625
7 0.447265625 0.06901041666666667 0.02734375 0.015625
7 0.52685546875 0.061197916666666664 0.0126953125 0.018229166666666668
0 0.56640625 0.061197916666666664 0.1796875 0.049479166666666664
7 0.544921875 0.061197916666666664 0.0078125 0.018229166666666668
7 0.60205078125 0.048828125 0.0986328125 0.024739583333333332
4 0.498046875 0.061197916666666664 0.033203125 0.044270833333333336
7 0.7060546875 0.061197916666666664 0.013671875 0.018229166666666668
0 0.73583984375 0.061197916666666664 0.1611328125 0.049479166666666664
7 0.724609375 0.061197916666666664 0.0078125 0.018229166666666668
7 0.77197265625 0.048828125 0.0791015625 0.024739583333333332
4 0.67724609375 0.061197916666666664 0.0341796875 0.044270833333333336
7 0.8662109375 0.061197916666666664 0.013671875 0.018229166666666668
0 0.90771484375 0.061197916666666664 0.1845703125 0.049479166666666664
7 0.884765625 0.061197916666666664 0.0078125 0.018229166666666668
7 0.9462890625 0.061197916666666664 0.107421875 0.018229166666666668
4 0.83740234375 0.061197916666666664 0.0341796875 0.044270833333333336
0 0.734375 0.2786458333333333 0.341796875 0.057291666666666664
2 0.79736328125 0.4602864583333333 0.2841796875 0.03515625
7 0.82763671875 0.51953125 0.3447265625 0.0546875
4 0.5107421875 0.529296875 0.203125 0.17057291666666666
0 0.5107421875 0.5618489583333334 0.203125 0.23567708333333334
4 0.115234375 0.7141927083333334 0.23046875 0.05078125
0 0.115234375 0.7154947916666666 0.23046875 0.053385416666666664
0 0.0087890625 0.8157552083333334 0.017578125 0.01953125
0 0.080078125 0.8157552083333334 0.0859375 0.01953125
0 0.1669921875 0.8157552083333334 0.048828125 0.01953125
0 0.23779296875 0.8157552083333334 0.0537109375 0.01953125
0 0.29931640625 0.8157552083333334 0.0302734375 0.01953125
0 0.36279296875 0.8157552083333334 0.0576171875 0.01953125
7 0.0751953125 0.9114583333333334 0.150390625 0.044270833333333336
7 0.04345703125 0.9680989583333334 0.0869140625 0.024739583333333332
7 0.04443359375 0.990234375 0.0888671875 0.01953125
4 0.154296875 0.9778645833333334 0.07421875 0.044270833333333336
7 0.27685546875 0.9680989583333334 0.1474609375 0.024739583333333332
7 0.26416015625 0.990234375 0.1220703125 0.01953125
7 0.70458984375 0.83984375 0.5908203125 0.3203125
2 0.52978515625 0.8424479166666666 0.2412109375 0.1171875
7 0.52978515625 0.9596354166666666 0.2412109375 0.078125