4 0.3623046875 0.029947916666666668 0.50390625 0.059895833333333336
0 0.3623046875 0.018880208333333332 0.50390625 0.037760416666666664
0 0.0751953125 0.11979166666666667 0.10546875 0.026041666666666668
0 0.17578125 0.11979166666666667 0.076171875 0.026041666666666668
0 0.25146484375 0.11979166666666667 0.0556640625 0.026041666666666668
0 0.3427734375 0.11979166666666667 0.107421875 0.026041666666666668
0 0.451171875 0.11979166666666667 0.08984375 0.026041666666666668
0 0.533203125 0.11979166666666667 0.0546875 0.026041666666666668
0 0.5947265625 0.11979166666666667 0.048828125 0.026041666666666668
7 0.31884765625 0.18033854166666666 0.6005859375 0.014322916666666666
3 0.31884765625 0.3313802083333333 0.6005859375 0.2747395833333333
2 0.8095703125 0.076171875 0.380859375 0.15234375
7 0.8095703125 0.048177083333333336 0.380859375 0.09635416666666667
4 0.8095703125 0.208984375 0.380859375 0.11328125
2 0.8095703125 0.291015625 0.380859375 0.055989583333333336
4 0.8095703125 0.4140625 0.380859375 0.109375
0 0.8095703125 0.4140625 0.380859375 0.109375
2 0.8095703125 0.3984375 0.380859375 0.052083333333333336
4 0.3095703125 0.5032552083333334 0.619140625 0.06901041666666667
2 0.18896484375 0.6490885416666666 0.3779296875 0.040364583333333336
7 0.3095703125 0.7135416666666666 0.619140625 0.046875
6 0.44287109375 0.7252604166666666 0.0302734375 0.0234375
7 0.53857421875 0.7252604166666666 0.1611328125 0.0234375
0 0.03369140625 0.79296875 0.0673828125 0.0703125
2 0.8095703125 0.8938802083333334 0.380859375 0.10286458333333333
2 0.8095703125 0.9778645833333334 0.380859375 0.044270833333333336