7 0.19970703125 0.011067708333333334 0.3994140625 0.014322916666666666
3 0.19970703125 0.08333333333333333 0.3994140625 0.1171875
7 0.19970703125 0.19401041666666666 0.3994140625 0.052083333333333336
4 0.19970703125 0.4674479166666667 0.3994140625 0.4427083333333333
0 0.19970703125 0.4674479166666667 0.3994140625 0.4427083333333333
7 0.15771484375 0.603515625 0.2626953125 0.01953125
6 0.33544921875 0.603515625 0.0947265625 0.01953125
7 0.39111328125 0.603515625 0.0166015625 0.01953125
7 0.212890625 0.6184895833333334 0.373046875 0.049479166666666664
6 0.34619140625 0.6334635416666666 0.0791015625 0.01953125
7 0.38671875 0.6334635416666666 0.00390625 0.01953125
0 0.39404296875 0.6341145833333334 0.0107421875 0.041666666666666664
7 0.1181640625 0.6627604166666666 0.236328125 0.03125
7 0.0458984375 0.68359375 0.0078125 0.010416666666666666
7 0.08056640625 0.68359375 0.0615234375 0.010416666666666666
7 0.126953125 0.68359375 0.033203125 0.010416666666666666
7 0.1865234375 0.68359375 0.087890625 0.010416666666666666
0 0.42626953125 0.04296875 0.0537109375 0.06510416666666667
0 0.490234375 0.04296875 0.083984375 0.06510416666666667
0 0.57177734375 0.04296875 0.0888671875 0.06510416666666667
0 0.6689453125 0.04296875 0.115234375 0.06510416666666667
0 0.783203125 0.04296875 0.123046875 0.06510416666666667
0 0.8779296875 0.04296875 0.076171875 0.06510416666666667
7 0.48486328125 0.16796875 0.1103515625 0.10416666666666667
0 0.48486328125 0.16796875 0.1103515625 0.10416666666666667
7 0.603515625 0.16796875 0.109375 0.10416666666666667
0 0.603515625 0.16796875 0.109375 0.10416666666666667
7 0.72265625 0.16796875 0.109375 0.10416666666666667
0 0.72265625 0.16796875 0.109375 0.10416666666666667
7 0.84130859375 0.16796875 0.1103515625 0.10416666666666667
0 0.84130859375 0.16796875 0.1103515625 0.10416666666666667
7 0.95263671875 0.16796875 0.0947265625 0.10416666666666667
0 0.95263671875 0.16796875 0.0947265625 0.10416666666666667
3 0.69970703125 0.3059895833333333 0.6005859375 0.1171875
6 0.54736328125 0.2740885416666667 0.1865234375 0.03515625
0 0.69970703125 0.3059895833333333 0.6005859375 0.1171875
7 0.52978515625 0.3053385416666667 0.1513671875 0.03515625
6 0.62158203125 0.3053385416666667 0.0322265625 0.03515625
7 0.6328125 0.3209635416666667 0.357421875 0.06640625
0 0.982421875 0.37109375 0.03515625 0.013020833333333334
0 0.61767578125 0.416015625 0.0615234375 0.024739583333333332
7 0.431640625 0.4557291666666667 0.0234375 0.0234375
0 0.54541015625 0.4557291666666667 0.2001953125 0.0234375
7 0.431640625 0.4791666666666667 0.0234375 0.0234375
0 0.54541015625 0.4791666666666667 0.2001953125 0.0234375
7 0.431640625 0.5026041666666666 0.0234375 0.0234375
0 0.54541015625 0.5026041666666666 0.2001953125 0.0234375
7 0.431640625 0.5260416666666666 0.0234375 0.0234375
0 0.54541015625 0.5260416666666666 0.2001953125 0.0234375
7 0.431640625 0.5494791666666666 0.0234375 0.0234375
0 0.54541015625 0.5494791666666666 0.2001953125 0.0234375
6 0.7451171875 0.41796875 0.130859375 0.036458333333333336
7 0.69140625 0.4557291666666667 0.0234375 0.0234375
0 0.80908203125 0.4557291666666667 0.1923828125 0.0234375
7 0.69140625 0.4791666666666667 0.0234375 0.0234375
0 0.80908203125 0.4791666666666667 0.1923828125 0.0234375
7 0.69140625 0.5026041666666666 0.0234375 0.0234375
0 0.80908203125 0.5026041666666666 0.1923828125 0.0234375
7 0.69140625 0.5260416666666666 0.0234375 0.0234375
0 0.80908203125 0.5260416666666666 0.1923828125 0.0234375
7 0.69140625 0.5494791666666666 0.0234375 0.0234375
0 0.80908203125 0.5494791666666666 0.1923828125 0.0234375
7 0.9267578125 0.4557291666666667 0.0234375 0.0234375
0 0.97412109375 0.4557291666666667 0.0517578125 0.0234375
7 0.9267578125 0.4791666666666667 0.0234375 0.0234375
0 0.97412109375 0.4791666666666667 0.0517578125 0.0234375
7 0.9267578125 0.5026041666666666 0.0234375 0.0234375
0 0.97412109375 0.5026041666666666 0.0517578125 0.0234375
7 0.9267578125 0.5260416666666666 0.0234375 0.0234375
0 0.97412109375 0.5260416666666666 0.0517578125 0.0234375
7 0.9267578125 0.5494791666666666 0.0234375 0.0234375
0 0.97412109375 0.5494791666666666 0.0517578125 0.0234375
4 0.6630859375 0.6380208333333334 0.46875 0.1015625
4 0.6630859375 0.6380208333333334 0.46875 0.1015625
7 0.57421875 0.6243489583333334 0.2578125 0.02734375
4 0.19970703125 0.8111979166666666 0.3994140625 0.24479166666666666
2 0.19970703125 0.8736979166666666 0.3994140625 0.046875
4 0.16650390625 0.958984375 0.2158203125 0.08203125
0 0.16845703125 0.9609375 0.2158203125 0.078125
4 0.16650390625 0.958984375 0.2158203125 0.08203125
4 0.16845703125 0.9609375 0.2158203125 0.078125
4 0.34375 0.958984375 0.111328125 0.08203125
0 0.3447265625 0.9609375 0.109375 0.078125
4 0.34375 0.958984375 0.111328125 0.08203125
4 0.3447265625 0.9609375 0.109375 0.078125
4 0.6181640625 0.6920572916666666 0.015625 0.006510416666666667
0 0.82177734375 0.69140625 0.3564453125 0.005208333333333333
4 0.6181640625 0.7213541666666666 0.015625 0.020833333333333332
0 0.82177734375 0.7213541666666666 0.3564453125 0.018229166666666668
4 0.6181640625 0.7630208333333334 0.015625 0.020833333333333332
0 0.82177734375 0.7630208333333334 0.3564453125 0.036458333333333336
4 0.6181640625 0.8046875 0.015625 0.020833333333333332
0 0.82177734375 0.8046875 0.3564453125 0.018229166666666668
6 0.447265625 0.6927083333333334 0.072265625 0.0078125
6 0.4306640625 0.7115885416666666 0.0390625 0.01953125
6 0.4462890625 0.736328125 0.0703125 0.01953125
6 0.42578125 0.7610677083333334 0.029296875 0.01953125
6 0.427734375 0.7858072916666666 0.033203125 0.01953125
6 0.4521484375 0.810546875 0.08203125 0.01953125
6 0.427734375 0.8352864583333334 0.033203125 0.01953125
1 0.697265625 0.908203125 0.595703125 0.029947916666666668
5 0.43115234375 0.958984375 0.0576171875 0.01953125
1 0.4794921875 0.9609375 0.013671875 0.018229166666666668
5 0.52099609375 0.958984375 0.0595703125 0.01953125