0 0.0771484375 0.0234375 0.154296875 0.033854166666666664
0 0.2001953125 0.0234375 0.09375 0.033854166666666664
2 0.10595703125 0.111328125 0.2119140625 0.05078125
7 0.10595703125 0.18098958333333334 0.2119140625 0.0625
7 0.00244140625 0.271484375 0.0048828125 0.022135416666666668
7 0.07373046875 0.302734375 0.1474609375 0.022135416666666668
3 0.29052734375 0.23046875 0.0986328125 0.296875
4 0.669921875 0.134765625 0.66015625 0.26953125
2 0.669921875 0.326171875 0.66015625 0.055989583333333336
1 0.23095703125 0.3977864583333333 0.2177734375 0.037760416666666664
0 0.1708984375 0.4654947916666667 0.09765625 0.045572916666666664
6 0.28857421875 0.4641927083333333 0.1025390625 0.01953125
2 0.23095703125 0.6022135416666666 0.2177734375 0.029947916666666668
7 0.23095703125 0.6432291666666666 0.2177734375 0.052083333333333336
1 0.23095703125 0.6920572916666666 0.2177734375 0.045572916666666664
1 0.23095703125 0.7571614583333334 0.2177734375 0.045572916666666664
7 0.14599609375 0.8092447916666666 0.0458984375 0.01953125
1 0.1474609375 0.8528645833333334 0.04296875 0.028645833333333332
1 0.24267578125 0.8528645833333334 0.0673828125 0.028645833333333332
1 0.328125 0.8528645833333334 0.0234375 0.028645833333333332
7 0.2314453125 0.9069010416666666 0.216796875 0.01953125
7 0.16748046875 0.9401041666666666 0.0908203125 0.020833333333333332
7 0.25146484375 0.9401041666666666 0.0771484375 0.020833333333333332
0 0.23095703125 0.98828125 0.2177734375 0.0234375
4 0.669921875 0.4986979166666667 0.66015625 0.23958333333333334
2 0.50732421875 0.4055989583333333 0.3349609375 0.053385416666666664
7 0.44970703125 0.458984375 0.2197265625 0.024739583333333332
7 0.45947265625 0.486328125 0.2392578125 0.024739583333333332
6 0.37548828125 0.5553385416666666 0.0712890625 0.024739583333333332
0 0.44384765625 0.62890625 0.1533203125 0.0546875
4 0.94384765625 0.4524739583333333 0.0712890625 0.10546875
0 0.93994140625 0.4602864583333333 0.0791015625 0.024739583333333332
4 0.89599609375 0.53515625 0.2080078125 0.3125
2 0.4912109375 0.8118489583333334 0.04296875 0.048177083333333336
2 0.54541015625 0.8118489583333334 0.0673828125 0.048177083333333336
2 0.689453125 0.8118489583333334 0.22265625 0.048177083333333336
7 0.39990234375 0.9095052083333334 0.1201171875 0.022135416666666668
4 0.41357421875 0.9641927083333334 0.0634765625 0.07161458333333333
0 0.41357421875 0.9641927083333334 0.0732421875 0.07161458333333333
7 0.6357421875 0.9095052083333334 0.279296875 0.022135416666666668
4 0.54296875 0.9641927083333334 0.064453125 0.07161458333333333
0 0.54296875 0.9641927083333334 0.07421875 0.07161458333333333
4 0.6357421875 0.9641927083333334 0.064453125 0.07161458333333333
0 0.6357421875 0.9641927083333334 0.07421875 0.07161458333333333
4 0.728515625 0.9641927083333334 0.064453125 0.07161458333333333
0 0.728515625 0.9641927083333334 0.07421875 0.07161458333333333
7 0.9052734375 0.9095052083333334 0.189453125 0.022135416666666668
4 0.857421875 0.9641927083333334 0.064453125 0.07161458333333333
0 0.857421875 0.9641927083333334 0.07421875 0.07161458333333333
4 0.9501953125 0.9641927083333334 0.064453125 0.07161458333333333
0 0.9501953125 0.9641927083333334 0.07421875 0.07161458333333333
4 0.6357421875 0.462890625 0.091796875 0.040364583333333336
7 0.39794921875 0.5572916666666666 0.0693359375 0.028645833333333332
6 0.4287109375 0.599609375 0.130859375 0.022135416666666668
6 0.388671875 0.6373697916666666 0.05078125 0.022135416666666668
6 0.39013671875 0.662109375 0.0537109375 0.022135416666666668
6 0.4072265625 0.6998697916666666 0.087890625 0.022135416666666668
6 0.4189453125 0.724609375 0.111328125 0.022135416666666668
6 0.39501953125 0.7623697916666666 0.0634765625 0.022135416666666668
7 0.5810546875 0.5572916666666666 0.0703125 0.028645833333333332
6 0.58740234375 0.599609375 0.0830078125 0.022135416666666668
6 0.57080078125 0.6243489583333334 0.0498046875 0.022135416666666668
6 0.5673828125 0.662109375 0.04296875 0.022135416666666668
6 0.560546875 0.6868489583333334 0.029296875 0.022135416666666668
6 0.580078125 0.7115885416666666 0.068359375 0.022135416666666668
6 0.5615234375 0.7493489583333334 0.03125 0.022135416666666668
6 0.587890625 0.787109375 0.083984375 0.022135416666666668
6 0.58251953125 0.8118489583333334 0.0732421875 0.022135416666666668
6 0.56396484375 0.849609375 0.0361328125 0.022135416666666668
7 0.5859375 0.849609375 0.009765625 0.022135416666666668
6 0.61328125 0.849609375 0.046875 0.022135416666666668
7 0.640625 0.849609375 0.009765625 0.022135416666666668
6 0.6630859375 0.849609375 0.037109375 0.022135416666666668
6 0.572265625 0.8743489583333334 0.052734375 0.022135416666666668
7 0.6025390625 0.8743489583333334 0.009765625 0.022135416666666668
6 0.61962890625 0.8743489583333334 0.0263671875 0.022135416666666668
4 0.81591796875 0.5553385416666666 0.0205078125 0.02734375
7 0.85498046875 0.5540364583333334 0.0498046875 0.022135416666666668
7 0.90283203125 0.6666666666666666 0.1943359375 0.1015625
7 0.90283203125 0.7760416666666666 0.1943359375 0.046875