4 0.31201171875 0.20833333333333334 0.4755859375 0.4166666666666667
0 0.31201171875 0.20833333333333334 0.4755859375 0.4166666666666667
7 0.27490234375 0.4596354166666667 0.5498046875 0.0390625
7 0.20751953125 0.4720052083333333 0.2255859375 0.014322916666666666
2 0.5888671875 0.038411458333333336 0.078125 0.07682291666666667
0 0.60107421875 0.034505208333333336 0.1025390625 0.037760416666666664
2 0.796875 0.03515625 0.2890625 0.0390625
0 0.796875 0.034505208333333336 0.2890625 0.037760416666666664
7 0.826171875 0.076171875 0.34765625 0.029947916666666668
7 0.5810546875 0.14127604166666666 0.0625 0.022135416666666668
0 0.6044921875 0.13802083333333334 0.109375 0.033854166666666664
7 0.6259765625 0.14127604166666666 0.029296875 0.022135416666666668
7 0.7177734375 0.14127604166666666 0.07421875 0.022135416666666668
0 0.7607421875 0.13802083333333334 0.18359375 0.033854166666666664
7 0.79443359375 0.14127604166666666 0.0810546875 0.022135416666666668
7 0.9111328125 0.14127604166666666 0.07421875 0.022135416666666668
0 0.93115234375 0.13802083333333334 0.1376953125 0.033854166666666664
7 0.9736328125 0.14127604166666666 0.052734375 0.022135416666666668
7 0.6123046875 0.19075520833333334 0.125 0.05078125
7 0.77490234375 0.23958333333333334 0.4501953125 0.049479166666666664
5 0.5751953125 0.283203125 0.05078125 0.022135416666666668
1 0.80908203125 0.2845052083333333 0.3818359375 0.032552083333333336
0 0.611328125 0.333984375 0.123046875 0.029947916666666668
0 0.95703125 0.3990885416666667 0.0859375 0.045572916666666664
2 0.2041015625 0.5201822916666666 0.408203125 0.08203125
4 0.27490234375 0.6178385416666666 0.5498046875 0.11328125
2 0.27490234375 0.6998697916666666 0.5498046875 0.055989583333333336
4 0.2041015625 0.8841145833333334 0.408203125 0.23177083333333334
0 0.2041015625 0.8841145833333334 0.408203125 0.23177083333333334
2 0.486328125 0.8860677083333334 0.126953125 0.15755208333333334
2 0.27490234375 0.8072916666666666 0.5498046875 0.052083333333333336
7 0.27294921875 0.9088541666666666 0.5458984375 0.10416666666666667
6 0.27099609375 0.9498697916666666 0.0947265625 0.022135416666666668
7 0.31982421875 0.9498697916666666 0.0048828125 0.022135416666666668
0 0.0849609375 0.9921875 0.091796875 0.015625
4 0.697265625 0.6868489583333334 0.294921875 0.3580729166666667
2 0.689453125 0.7096354166666666 0.279296875 0.0859375
7 0.689453125 0.7877604166666666 0.279296875 0.049479166666666664
0 0.689453125 0.8372395833333334 0.279296875 0.018229166666666668
4 0.93017578125 0.5950520833333334 0.1396484375 0.17447916666666666
2 0.93603515625 0.5950520833333334 0.1279296875 0.08333333333333333
0 0.93603515625 0.6595052083333334 0.1279296875 0.016927083333333332
4 0.93017578125 0.779296875 0.1396484375 0.17317708333333334
2 0.93603515625 0.79296875 0.1279296875 0.0546875
0 0.93603515625 0.84375 0.1279296875 0.015625