7 0.259765625 0.078125 0.51953125 0.03125
4 0.2880859375 0.23697916666666666 0.462890625 0.22395833333333334
0 0.2880859375 0.23697916666666666 0.462890625 0.22395833333333334
4 0.5478515625 0.11393229166666667 0.017578125 0.024739583333333332
0 0.6962890625 0.11328125 0.33203125 0.041666666666666664
7 0.703125 0.11263020833333333 0.28515625 0.022135416666666668
4 0.609375 0.2630208333333333 0.0625 0.08333333333333333
0 0.609375 0.267578125 0.166015625 0.16276041666666666
2 0.609375 0.3333333333333333 0.15625 0.026041666666666668
4 0.783203125 0.2630208333333333 0.0625 0.08333333333333333
0 0.783203125 0.267578125 0.166015625 0.16276041666666666
2 0.783203125 0.3333333333333333 0.15625 0.026041666666666668
4 0.95703125 0.2630208333333333 0.0625 0.08333333333333333
0 0.93701171875 0.267578125 0.1259765625 0.16276041666666666
2 0.939453125 0.3333333333333333 0.12109375 0.026041666666666668
4 0.259765625 0.60546875 0.51953125 0.5130208333333334
7 0.36279296875 0.5403645833333334 0.3134765625 0.10677083333333333
6 0.12841796875 0.87890625 0.1767578125 0.15364583333333334
4 0.064453125 0.8541666666666666 0.048828125 0.0078125
7 0.17822265625 0.9140625 0.2763671875 0.08072916666666667
6 0.2060546875 0.94140625 0.078125 0.026041666666666668
7 0.2470703125 0.94140625 0.00390625 0.026041666666666668
6 0.43310546875 0.87890625 0.1552734375 0.15364583333333334
4 0.38037109375 0.8541666666666666 0.0498046875 0.0078125
7 0.4375 0.9140625 0.1640625 0.08333333333333333
7 0.71826171875 0.3658854166666667 0.3974609375 0.03125
4 0.5322265625 0.4700520833333333 0.025390625 0.14583333333333334
0 0.5322265625 0.51171875 0.025390625 0.22916666666666666
4 0.6142578125 0.4700520833333333 0.109375 0.14583333333333334
0 0.6142578125 0.4986979166666667 0.109375 0.203125
7 0.6064453125 0.55859375 0.09375 0.03125
7 0.6064453125 0.58984375 0.09375 0.020833333333333332
4 0.73828125 0.4700520833333333 0.109375 0.14583333333333334
0 0.73828125 0.4986979166666667 0.109375 0.203125
7 0.73046875 0.55859375 0.09375 0.03125
7 0.73046875 0.58984375 0.09375 0.020833333333333332
4 0.8623046875 0.4700520833333333 0.109375 0.14583333333333334
0 0.8623046875 0.51171875 0.109375 0.22916666666666666
7 0.8544921875 0.5716145833333334 0.09375 0.057291666666666664
7 0.8544921875 0.6158854166666666 0.09375 0.020833333333333332
4 0.9658203125 0.4700520833333333 0.068359375 0.14583333333333334
0 0.9658203125 0.4986979166666667 0.068359375 0.203125
7 0.9658203125 0.55859375 0.068359375 0.03125
7 0.9658203125 0.58984375 0.068359375 0.020833333333333332
7 0.71826171875 0.6940104166666666 0.3974609375 0.03125
4 0.5322265625 0.7981770833333334 0.025390625 0.14583333333333334
0 0.5322265625 0.8268229166666666 0.025390625 0.203125
4 0.6142578125 0.7981770833333334 0.109375 0.14583333333333334
0 0.6142578125 0.8268229166666666 0.109375 0.203125
7 0.6064453125 0.88671875 0.09375 0.03125
7 0.6064453125 0.91796875 0.09375 0.020833333333333332
4 0.73828125 0.7981770833333334 0.109375 0.14583333333333334
0 0.73828125 0.8268229166666666 0.109375 0.203125
7 0.73046875 0.88671875 0.09375 0.03125
7 0.73046875 0.91796875 0.09375 0.020833333333333332
4 0.8623046875 0.7981770833333334 0.109375 0.14583333333333334
0 0.8623046875 0.8268229166666666 0.109375 0.203125
7 0.8544921875 0.88671875 0.09375 0.03125
7 0.8544921875 0.91796875 0.09375 0.020833333333333332
4 0.9658203125 0.7981770833333334 0.068359375 0.14583333333333334
0 0.9658203125 0.8268229166666666 0.068359375 0.203125
7 0.9658203125 0.88671875 0.068359375 0.03125
7 0.9658203125 0.91796875 0.068359375 0.020833333333333332