2 0.314453125 0.11653645833333333 0.470703125 0.061197916666666664
2 0.314453125 0.17903645833333334 0.451171875 0.061197916666666664
2 0.314453125 0.24153645833333334 0.5078125 0.061197916666666664
0 0.314453125 0.3489583333333333 0.267578125 0.046875
4 0.3447265625 0.576171875 0.689453125 0.39453125
2 0.34033203125 0.6126302083333334 0.6806640625 0.04296875
0 0.3447265625 0.4505208333333333 0.689453125 0.020833333333333332
7 0.34033203125 0.6575520833333334 0.6806640625 0.028645833333333332
4 0.10205078125 0.810546875 0.2041015625 0.20442708333333334
6 0.10205078125 0.9739583333333334 0.2041015625 0.049479166666666664
4 0.333984375 0.810546875 0.232421875 0.20442708333333334
6 0.23583984375 0.9329427083333334 0.0361328125 0.01953125
6 0.333984375 0.9739583333333334 0.232421875 0.049479166666666664
4 0.57666015625 0.810546875 0.2255859375 0.20442708333333334
6 0.4765625 0.9329427083333334 0.025390625 0.01953125
6 0.57666015625 0.9739583333333334 0.2255859375 0.049479166666666664
7 0.24658203125 0.9752604166666666 0.3408203125 0.0234375
6 0.45703125 0.9752604166666666 0.080078125 0.0234375
7 0.51708984375 0.9752604166666666 0.0400390625 0.0234375
6 0.58447265625 0.9752604166666666 0.0947265625 0.0234375
7 0.63330078125 0.9752604166666666 0.0029296875 0.0234375
7 0.671875 0.9752604166666666 0.03515625 0.03125
2 0.8447265625 0.5006510416666666 0.310546875 0.055989583333333336
1 0.8447265625 0.6549479166666666 0.310546875 0.07291666666666667
0 0.72265625 0.75390625 0.06640625 0.041666666666666664
0 0.81884765625 0.75390625 0.1162109375 0.041666666666666664
0 0.93896484375 0.75390625 0.1142578125 0.041666666666666664
0 0.7158203125 0.8020833333333334 0.052734375 0.041666666666666664
0 0.7880859375 0.8020833333333334 0.08203125 0.041666666666666664
0 0.89453125 0.8020833333333334 0.12109375 0.041666666666666664
0 0.97998046875 0.8020833333333334 0.0400390625 0.041666666666666664
4 0.8447265625 0.9453125 0.310546875 0.06510416666666667
7 0.8447265625 0.94140625 0.310546875 0.07552083333333333
6 0.7197265625 0.9674479166666666 0.060546875 0.0234375
7 0.85107421875 0.9674479166666666 0.2021484375 0.0234375