7 0.23828125 0.020182291666666668 0.4765625 0.040364583333333336
7 0.23828125 0.07356770833333333 0.4765625 0.06901041666666667
7 0.09228515625 0.23177083333333334 0.1845703125 0.03125
0 0.10791015625 0.232421875 0.2158203125 0.08463541666666667
7 0.0634765625 0.3125 0.126953125 0.026041666666666668
7 0.14599609375 0.3125 0.0419921875 0.026041666666666668
4 0.31884765625 0.14778645833333334 0.2119140625 0.06380208333333333
4 0.13818359375 0.416015625 0.0322265625 0.04296875
4 0.03662109375 0.06575520833333333 0.0732421875 0.06380208333333333
4 0.11376953125 0.14778645833333334 0.2119140625 0.06380208333333333
4 0.26220703125 0.19466145833333334 0.0322265625 0.04296875
4 0.47412109375 0.162109375 0.0107421875 0.04296875
4 0.29931640625 0.22981770833333334 0.0322265625 0.04296875
4 0.0126953125 0.3600260416666667 0.025390625 0.04296875
4 0.4609375 0.09700520833333333 0.037109375 0.06380208333333333
4 0.28466796875 0.21549479166666666 0.2119140625 0.06380208333333333
4 0.31787109375 0.3990885416666667 0.0322265625 0.04296875
4 0.23876953125 0.12565104166666666 0.0322265625 0.04296875
4 0.09130859375 0.3040364583333333 0.1826171875 0.06380208333333333
4 0.23974609375 0.24609375 0.4794921875 0.3854166666666667
2 0.75 0.09440104166666667 0.169921875 0.12109375
2 0.86572265625 0.09440104166666667 0.0283203125 0.12109375
2 0.89208984375 0.09440104166666667 0.0263671875 0.12109375
2 0.92529296875 0.09440104166666667 0.0419921875 0.12109375
2 0.97314453125 0.09440104166666667 0.0537109375 0.12109375
7 0.85888671875 0.189453125 0.2822265625 0.03515625
0 0.9375 0.2779947916666667 0.125 0.06640625
2 0.1552734375 0.625 0.310546875 0.08854166666666667
6 0.025390625 0.736328125 0.05078125 0.022135416666666668
6 0.08642578125 0.736328125 0.0439453125 0.022135416666666668
6 0.171875 0.736328125 0.09765625 0.022135416666666668
6 0.2763671875 0.736328125 0.080078125 0.022135416666666668
6 0.359375 0.736328125 0.056640625 0.022135416666666668
6 0.421875 0.736328125 0.0390625 0.022135416666666668
2 0.23974609375 0.8053385416666666 0.4794921875 0.04296875
6 0.00244140625 0.8580729166666666 0.0048828125 0.015625
2 0.14599609375 0.8854166666666666 0.2919921875 0.026041666666666668
4 0.04541015625 0.955078125 0.0908203125 0.08984375
0 0.04541015625 0.955078125 0.0908203125 0.08984375
7 0.1982421875 0.9557291666666666 0.185546875 0.08854166666666667
0 0.50830078125 0.8196614583333334 0.0380859375 0.029947916666666668
4 0.70263671875 0.5390625 0.2939453125 0.20052083333333334
0 0.70263671875 0.5572916666666666 0.2939453125 0.23697916666666666
6 0.619140625 0.7024739583333334 0.107421875 0.022135416666666668
0 0.70263671875 0.744140625 0.2744140625 0.055989583333333336
7 0.607421875 0.8190104166666666 0.083984375 0.028645833333333332
0 0.74169921875 0.8196614583333334 0.0439453125 0.029947916666666668
6 0.7822265625 0.8196614583333334 0.0234375 0.029947916666666668
0 0.82080078125 0.8196614583333334 0.0380859375 0.029947916666666668
4 0.93408203125 0.5533854166666666 0.1318359375 0.22916666666666666
0 0.93408203125 0.5572916666666666 0.1318359375 0.23697916666666666
6 0.93896484375 0.7024739583333334 0.1220703125 0.022135416666666668
0 0.93896484375 0.744140625 0.1220703125 0.055989583333333336
7 0.919921875 0.8190104166666666 0.083984375 0.028645833333333332
0 0.70263671875 0.9928385416666666 0.2939453125 0.014322916666666666