2 0.24755859375 0.013020833333333334 0.4951171875 0.026041666666666668
2 0.28369140625 0.013020833333333334 0.1005859375 0.026041666666666668
2 0.34033203125 0.013020833333333334 0.0166015625 0.026041666666666668
2 0.384765625 0.013020833333333334 0.07421875 0.026041666666666668
2 0.42529296875 0.013020833333333334 0.0087890625 0.026041666666666668
2 0.05322265625 0.047526041666666664 0.1064453125 0.04296875
2 0.11376953125 0.047526041666666664 0.0166015625 0.04296875
2 0.22021484375 0.047526041666666664 0.1982421875 0.04296875
2 0.34375 0.047526041666666664 0.052734375 0.04296875
2 0.02685546875 0.09049479166666667 0.0537109375 0.04296875
2 0.05712890625 0.09049479166666667 0.0087890625 0.04296875
4 0.01318359375 0.2669270833333333 0.0263671875 0.21614583333333334
0 0.01513671875 0.2799479166666667 0.0302734375 0.24739583333333334
4 0.10791015625 0.2604166666666667 0.1220703125 0.22916666666666666
0 0.10888671875 0.2734375 0.1279296875 0.2604166666666667
7 0.14892578125 0.4368489583333333 0.2978515625 0.029947916666666668
2 0.259765625 0.5345052083333334 0.51953125 0.037760416666666664
4 0.1181640625 0.6184895833333334 0.1015625 0.041666666666666664
0 0.1181640625 0.6184895833333334 0.1015625 0.041666666666666664
4 0.4443359375 0.6184895833333334 0.1015625 0.041666666666666664
0 0.4443359375 0.6184895833333334 0.1015625 0.041666666666666664
4 0.638671875 0.037109375 0.23828125 0.048177083333333336
7 0.5947265625 0.09895833333333333 0.05859375 0.028645833333333332
0 0.5947265625 0.09895833333333333 0.08984375 0.057291666666666664
7 0.69189453125 0.09895833333333333 0.0732421875 0.028645833333333332
0 0.69189453125 0.09895833333333333 0.1044921875 0.057291666666666664
7 0.806640625 0.09895833333333333 0.09375 0.028645833333333332
0 0.806640625 0.09895833333333333 0.125 0.057291666666666664
7 0.904296875 0.09895833333333333 0.0390625 0.028645833333333332
0 0.904296875 0.09895833333333333 0.0703125 0.057291666666666664
7 0.9775390625 0.09895833333333333 0.044921875 0.028645833333333332
0 0.9697265625 0.09895833333333333 0.060546875 0.057291666666666664
7 0.57080078125 0.19270833333333334 0.0791015625 0.052083333333333336
0 0.6826171875 0.19270833333333334 0.14453125 0.052083333333333336
0 0.8271484375 0.19270833333333334 0.140625 0.052083333333333336
0 0.94970703125 0.19270833333333334 0.1005859375 0.052083333333333336
7 0.771484375 0.2565104166666667 0.45703125 0.0234375
4 0.7607421875 0.466796875 0.478515625 0.3450520833333333
0 0.7607421875 0.466796875 0.478515625 0.3450520833333333
4 0.259765625 0.8196614583333334 0.51953125 0.3606770833333333
0 0.259765625 0.8196614583333334 0.51953125 0.3606770833333333
2 0.259765625 0.970703125 0.51953125 0.05859375
2 0.88525390625 0.7649739583333334 0.2294921875 0.04296875
2 0.94140625 0.8118489583333334 0.1171875 0.04296875
7 0.96240234375 0.9225260416666666 0.0751953125 0.024739583333333332
0 0.95361328125 0.9225260416666666 0.0927734375 0.06901041666666667