2 0.04736328125 0.006510416666666667 0.0947265625 0.013020833333333334
0 0.052734375 0.013020833333333334 0.10546875 0.026041666666666668
0 0.43310546875 0.18229166666666666 0.0322265625 0.026041666666666668
4 0.0869140625 0.21809895833333334 0.173828125 0.00390625
6 0.08203125 0.2864583333333333 0.1640625 0.08854166666666667
7 0.015625 0.357421875 0.03125 0.02734375
7 0.068359375 0.357421875 0.0390625 0.02734375
4 0.0869140625 0.4368489583333333 0.173828125 0.10546875
4 0.32177734375 0.21809895833333334 0.2548828125 0.00390625
6 0.32666015625 0.2864583333333333 0.2451171875 0.08854166666666667
7 0.2451171875 0.357421875 0.052734375 0.02734375
7 0.30712890625 0.357421875 0.0361328125 0.02734375
7 0.359375 0.357421875 0.033203125 0.02734375
4 0.32177734375 0.4368489583333333 0.2548828125 0.10546875
4 0.56396484375 0.11588541666666667 0.0205078125 0.026041666666666668
4 0.5927734375 0.11588541666666667 0.01953125 0.026041666666666668
4 0.62158203125 0.11588541666666667 0.0205078125 0.026041666666666668
2 0.61767578125 0.18815104166666666 0.3369140625 0.06640625
2 0.87841796875 0.18815104166666666 0.1884765625 0.06640625
7 0.724609375 0.2532552083333333 0.55078125 0.03515625
7 0.724609375 0.298828125 0.55078125 0.03515625
7 0.55712890625 0.373046875 0.1435546875 0.032552083333333336
6 0.66357421875 0.373046875 0.0712890625 0.032552083333333336
7 0.51806640625 0.4147135416666667 0.0595703125 0.032552083333333336
7 0.62255859375 0.4166666666666667 0.1513671875 0.0234375
2 0.224609375 0.5872395833333334 0.44921875 0.033854166666666664
7 0.03369140625 0.6276041666666666 0.0673828125 0.026041666666666668
7 0.1171875 0.6276041666666666 0.046875 0.026041666666666668
7 0.19873046875 0.6276041666666666 0.1005859375 0.026041666666666668
1 0.13427734375 0.7220052083333334 0.2685546875 0.061197916666666664
4 0.28857421875 0.7220052083333334 0.0263671875 0.03515625
2 0.27197265625 0.953125 0.3544921875 0.09375
4 0.69677734375 0.59375 0.4482421875 0.20833333333333334
0 0.69677734375 0.59375 0.4482421875 0.20833333333333334
4 0.69677734375 0.59375 0.4482421875 0.20833333333333334
7 0.80908203125 0.6803385416666666 0.2080078125 0.014322916666666666
2 0.52587890625 0.6868489583333334 0.0751953125 0.022135416666666668
0 0.52587890625 0.685546875 0.0751953125 0.014322916666666666
2 0.6796875 0.7708333333333334 0.3828125 0.12760416666666666
2 0.69677734375 0.8951822916666666 0.4169921875 0.04296875
2 0.69677734375 0.958984375 0.4169921875 0.04296875
4 0.9609375 0.5930989583333334 0.078125 0.20703125
0 0.9609375 0.5930989583333334 0.078125 0.20703125
4 0.9609375 0.5930989583333334 0.078125 0.20703125
2 0.96875 0.685546875 0.0625 0.022135416666666668
0 0.96875 0.6842447916666666 0.0625 0.014322916666666666
2 0.96875 0.7923177083333334 0.0625 0.16796875
2 0.96875 0.9290364583333334 0.0625 0.022135416666666668
2 0.96875 0.974609375 0.0625 0.05078125