4 0.5400390625 0.020833333333333332 0.015625 0.020833333333333332
4 0.5400390625 0.057291666666666664 0.015625 0.020833333333333332
4 0.5400390625 0.09375 0.015625 0.020833333333333332
4 0.5400390625 0.13541666666666666 0.015625 0.020833333333333332
4 0.5400390625 0.17708333333333334 0.015625 0.020833333333333332
7 0.2548828125 0.020833333333333332 0.48828125 0.033854166666666664
6 0.0234375 0.059244791666666664 0.025390625 0.01953125
6 0.05908203125 0.083984375 0.0966796875 0.01953125
6 0.044921875 0.10872395833333333 0.068359375 0.01953125
6 0.0703125 0.13346354166666666 0.119140625 0.01953125
6 0.0244140625 0.158203125 0.02734375 0.01953125
6 0.0361328125 0.18294270833333334 0.05078125 0.01953125
6 0.02392578125 0.20768229166666666 0.0263671875 0.01953125
6 0.20654296875 0.059244791666666664 0.0693359375 0.01953125
6 0.20361328125 0.083984375 0.0634765625 0.01953125
6 0.1923828125 0.10872395833333333 0.041015625 0.01953125
6 0.18408203125 0.13346354166666666 0.0244140625 0.01953125
6 0.2109375 0.158203125 0.078125 0.01953125
6 0.19873046875 0.18294270833333334 0.0537109375 0.01953125
6 0.19140625 0.20768229166666666 0.0390625 0.01953125
6 0.369140625 0.059244791666666664 0.072265625 0.01953125
6 0.3525390625 0.083984375 0.0390625 0.01953125
6 0.3681640625 0.10872395833333333 0.0703125 0.01953125
6 0.34765625 0.13346354166666666 0.029296875 0.01953125
6 0.349609375 0.158203125 0.033203125 0.01953125
6 0.3740234375 0.18294270833333334 0.08203125 0.01953125
6 0.349609375 0.20768229166666666 0.033203125 0.01953125
1 0.4072265625 0.2805989583333333 0.32421875 0.029947916666666668
7 0.267578125 0.3313802083333333 0.05078125 0.01953125
1 0.3125 0.3333333333333333 0.013671875 0.018229166666666668
5 0.35302734375 0.3313802083333333 0.0576171875 0.01953125
1 0.4013671875 0.3333333333333333 0.013671875 0.018229166666666668
5 0.44287109375 0.3313802083333333 0.0595703125 0.01953125
4 0.78466796875 0.005859375 0.4306640625 0.00390625
2 0.78466796875 0.068359375 0.4306640625 0.02734375
1 0.7275390625 0.15494791666666666 0.31640625 0.028645833333333332
1 0.58984375 0.19921875 0.041015625 0.028645833333333332
7 0.72705078125 0.24609375 0.3154296875 0.020833333333333332
7 0.78466796875 0.2897135416666667 0.4306640625 0.02734375
6 0.6240234375 0.3821614583333333 0.109375 0.01953125
7 0.69287109375 0.419921875 0.2470703125 0.016927083333333332
2 0.08544921875 0.4557291666666667 0.1708984375 0.052083333333333336
2 0.24462890625 0.4557291666666667 0.0947265625 0.052083333333333336
0 0.03076171875 0.4921875 0.0595703125 0.059895833333333336
0 0.1025390625 0.4921875 0.068359375 0.059895833333333336
0 0.17138671875 0.4921875 0.0537109375 0.059895833333333336
0 0.23779296875 0.4921875 0.0634765625 0.059895833333333336
0 0.31103515625 0.4921875 0.0673828125 0.059895833333333336
0 0.3720703125 0.4921875 0.0390625 0.059895833333333336
7 0.28466796875 0.685546875 0.5693359375 0.08984375
7 0.30029296875 0.8014322916666666 0.5380859375 0.11588541666666667
2 0.74609375 0.5807291666666666 0.353515625 0.057291666666666664
7 0.74609375 0.6614583333333334 0.353515625 0.0625
4 0.96142578125 0.6614583333333334 0.0771484375 0.2421875
4 0.615234375 0.5904947916666666 0.091796875 0.2669270833333333
4 0.7607421875 0.5904947916666666 0.201171875 0.2669270833333333
4 0.93017578125 0.5904947916666666 0.1396484375 0.2669270833333333
4 0.7607421875 0.8600260416666666 0.201171875 0.2643229166666667
4 0.93017578125 0.8619791666666666 0.1396484375 0.2682291666666667
4 0.830078125 0.9329427083333334 0.29296875 0.13411458333333334
0 0.830078125 0.9329427083333334 0.29296875 0.13411458333333334
7 0.830078125 0.96484375 0.056640625 0.0234375
0 0.830078125 0.96484375 0.087890625 0.046875