4 0.28955078125 0.1796875 0.5791015625 0.359375
6 0.0126953125 0.283203125 0.025390625 0.01953125
2 0.28955078125 0.3391927083333333 0.5791015625 0.040364583333333336
4 0.71923828125 0.16341145833333334 0.2802734375 0.22786458333333334
0 0.71923828125 0.16341145833333334 0.2802734375 0.22786458333333334
4 0.31201171875 0.5364583333333334 0.5341796875 0.3541666666666667
2 0.037109375 0.9563802083333334 0.07421875 0.040364583333333336
2 0.20361328125 0.96875 0.4072265625 0.0625
3 0.564453125 0.9010416666666666 0.029296875 0.19791666666666666
4 0.78955078125 0.6653645833333334 0.4208984375 0.6119791666666666
2 0.783203125 0.9212239583333334 0.408203125 0.10807291666666667
0 0.875 0.9928385416666666 0.107421875 0.014322916666666666
7 0.97314453125 0.9928385416666666 0.0537109375 0.014322916666666666
0 0.701171875 0.4140625 0.01953125 0.026041666666666668
3 0.64990234375 0.6875 0.1416015625 0.5989583333333334