7 0.04736328125 0.009114583333333334 0.0908203125 0.018229166666666668
0 0.05419921875 0.016276041666666668 0.1083984375 0.032552083333333336
7 0.1748046875 0.009114583333333334 0.1015625 0.018229166666666668
0 0.1748046875 0.016276041666666668 0.1328125 0.032552083333333336
7 0.2861328125 0.009114583333333334 0.05859375 0.018229166666666668
0 0.2861328125 0.016276041666666668 0.08984375 0.032552083333333336
7 0.37353515625 0.009114583333333334 0.0537109375 0.018229166666666668
0 0.37353515625 0.016276041666666668 0.0849609375 0.032552083333333336
7 0.453125 0.009114583333333334 0.04296875 0.018229166666666668
3 0.2314453125 0.1171875 0.462890625 0.1171875
0 0.0546875 0.24088541666666666 0.109375 0.052083333333333336
0 0.18115234375 0.24088541666666666 0.1396484375 0.052083333333333336
0 0.29345703125 0.24088541666666666 0.0810546875 0.052083333333333336
0 0.41162109375 0.24088541666666666 0.1513671875 0.052083333333333336
7 0.19140625 0.3046875 0.3828125 0.0234375
6 0.41650390625 0.3046875 0.0673828125 0.0234375
2 0.37158203125 0.3815104166666667 0.1044921875 0.028645833333333332
2 0.3837890625 0.4453125 0.232421875 0.028645833333333332
0 0.3837890625 0.4401041666666667 0.232421875 0.0390625
7 0.75 0.19596354166666666 0.5 0.3919270833333333
3 0.26513671875 0.6321614583333334 0.4697265625 0.3450520833333333
4 0.0595703125 0.9348958333333334 0.119140625 0.13020833333333334
4 0.3212890625 0.9348958333333334 0.1796875 0.13020833333333334
2 0.75 0.6536458333333334 0.5 0.044270833333333336
3 0.62548828125 0.7506510416666666 0.2509765625 0.10286458333333333
7 0.75 0.8365885416666666 0.5 0.029947916666666668
7 0.75 0.9069010416666666 0.5 0.029947916666666668
7 0.75 0.9772135416666666 0.5 0.029947916666666668