2 0.28564453125 0.010416666666666666 0.5712890625 0.020833333333333332
0 0.2314453125 0.19270833333333334 0.166015625 0.057291666666666664
7 0.35986328125 0.31640625 0.7197265625 0.19010416666666666
7 0.62255859375 0.4309895833333333 0.1787109375 0.036458333333333336
4 0.7529296875 0.11653645833333333 0.06640625 0.13932291666666666
2 0.7587890625 0.21875 0.078125 0.026041666666666668
7 0.7587890625 0.2760416666666667 0.078125 0.0625
4 0.91552734375 0.11653645833333333 0.1181640625 0.13932291666666666
2 0.916015625 0.21875 0.140625 0.026041666666666668
6 0.91552734375 0.2682291666666667 0.1396484375 0.049479166666666664
2 0.85009765625 0.4270833333333333 0.2607421875 0.03125
7 0.142578125 0.6829427083333334 0.107421875 0.016927083333333332
2 0.36572265625 0.744140625 0.5537109375 0.08203125
7 0.36572265625 0.8313802083333334 0.5537109375 0.09505208333333333
0 0.18359375 0.9329427083333334 0.189453125 0.08723958333333333
0 0.75146484375 0.4635416666666667 0.0634765625 0.028645833333333332
7 0.74072265625 0.4557291666666667 0.0419921875 0.013020833333333334
0 0.82861328125 0.4635416666666667 0.0888671875 0.028645833333333332
7 0.830078125 0.458984375 0.07421875 0.01953125
0 0.916015625 0.4635416666666667 0.083984375 0.028645833333333332
7 0.90234375 0.4557291666666667 0.0390625 0.013020833333333334
4 0.984375 0.455078125 0.03125 0.01171875
7 0.76220703125 0.5182291666666666 0.0849609375 0.0390625
0 0.7626953125 0.5188802083333334 0.0859375 0.04296875
7 0.73193359375 0.5611979166666666 0.0244140625 0.015625
6 0.77978515625 0.5611979166666666 0.0693359375 0.015625
4 0.85986328125 0.5084635416666666 0.2802734375 0.05078125
0 0.85986328125 0.5084635416666666 0.2802734375 0.05078125
6 0.8505859375 0.9459635416666666 0.05078125 0.01953125