7 0.1318359375 0.030598958333333332 0.05078125 0.01953125
1 0.1767578125 0.032552083333333336 0.013671875 0.018229166666666668
5 0.21728515625 0.030598958333333332 0.0576171875 0.01953125
1 0.265625 0.032552083333333336 0.013671875 0.018229166666666668
5 0.30712890625 0.030598958333333332 0.0595703125 0.01953125
7 0.4951171875 0.3430989583333333 0.009765625 0.01953125
7 0.4951171875 0.3756510416666667 0.009765625 0.01953125
7 0.4951171875 0.408203125 0.009765625 0.01953125
7 0.4951171875 0.4407552083333333 0.009765625 0.01953125
7 0.4951171875 0.4733072916666667 0.009765625 0.01953125
7 0.4951171875 0.505859375 0.009765625 0.01953125
2 0.041015625 0.2545572916666667 0.08203125 0.02734375
7 0.1494140625 0.255859375 0.078125 0.01953125
4 0.20068359375 0.2545572916666667 0.0166015625 0.022135416666666668
7 0.23779296875 0.255859375 0.0498046875 0.01953125
2 0.0107421875 0.3502604166666667 0.021484375 0.018229166666666668
7 0.0078125 0.3899739583333333 0.015625 0.01953125
7 0.0078125 0.4173177083333333 0.015625 0.01953125
2 0.265625 0.3489583333333333 0.13671875 0.026041666666666668
1 0.25634765625 0.3938802083333333 0.1181640625 0.024739583333333332
1 0.3505859375 0.3938802083333333 0.064453125 0.02734375
2 0.05126953125 0.4720052083333333 0.1025390625 0.022135416666666668
4 0.08251953125 0.513671875 0.1650390625 0.032552083333333336
4 0.75 0.07161458333333333 0.5 0.14322916666666666
4 0.6513671875 0.032552083333333336 0.015625 0.020833333333333332
0 0.68896484375 0.032552083333333336 0.0908203125 0.026041666666666668
7 0.69921875 0.034505208333333336 0.0703125 0.01953125
4 0.76123046875 0.032552083333333336 0.0166015625 0.020833333333333332
0 0.798828125 0.032552083333333336 0.091796875 0.026041666666666668
7 0.80908203125 0.034505208333333336 0.0712890625 0.01953125
4 0.87158203125 0.032552083333333336 0.0166015625 0.020833333333333332
0 0.90869140625 0.032552083333333336 0.0908203125 0.026041666666666668
7 0.9189453125 0.034505208333333336 0.0703125 0.01953125
4 0.98095703125 0.032552083333333336 0.0166015625 0.020833333333333332
0 0.986328125 0.032552083333333336 0.02734375 0.026041666666666668
4 0.63671875 0.189453125 0.16015625 0.04296875
2 0.7783203125 0.2545572916666667 0.443359375 0.02734375
7 0.72412109375 0.3014322916666667 0.3349609375 0.022135416666666668
7 0.74072265625 0.318359375 0.3681640625 0.055989583333333336
7 0.77294921875 0.3352864583333333 0.2333984375 0.022135416666666668
0 0.66357421875 0.40625 0.2138671875 0.0546875
4 0.25 0.7024739583333334 0.5 0.3450520833333333
0 0.25 0.7024739583333334 0.5 0.3450520833333333
7 0.1025390625 0.6946614583333334 0.193359375 0.17578125
7 0.1025390625 0.66015625 0.1328125 0.046875
7 0.10205078125 0.7298177083333334 0.1884765625 0.06380208333333333
4 0.12451171875 0.9576822916666666 0.2490234375 0.08463541666666667
0 0.13232421875 0.947265625 0.2646484375 0.10546875
2 0.05419921875 0.9739583333333334 0.1083984375 0.041666666666666664
2 0.025390625 0.994140625 0.05078125 0.01171875
4 0.3896484375 0.9576822916666666 0.220703125 0.08463541666666667
0 0.3818359375 0.947265625 0.236328125 0.10546875
2 0.33203125 0.9739583333333334 0.052734375 0.041666666666666664
2 0.35009765625 0.994140625 0.0888671875 0.01171875
7 0.7373046875 0.73046875 0.234375 0.10677083333333333
7 0.88037109375 0.73046875 0.0537109375 0.10677083333333333
7 0.8076171875 0.9485677083333334 0.384765625 0.05859375
7 0.67041015625 0.994140625 0.1103515625 0.01171875
7 0.8369140625 0.994140625 0.22265625 0.01171875
7 0.951171875 0.994140625 0.005859375 0.01171875