4 0.22998046875 0.24479166666666666 0.4599609375 0.4895833333333333
7 0.72998046875 0.054036458333333336 0.5400390625 0.014322916666666666
3 0.72998046875 0.12630208333333334 0.5400390625 0.1171875
7 0.72998046875 0.23697916666666666 0.5400390625 0.052083333333333336
4 0.72998046875 0.3893229166666667 0.5400390625 0.20052083333333334
0 0.72998046875 0.3893229166666667 0.5400390625 0.20052083333333334
4 0.22998046875 0.6666666666666666 0.4599609375 0.3255208333333333
4 0.0908203125 0.927734375 0.181640625 0.14453125
0 0.0908203125 0.927734375 0.181640625 0.14453125
4 0.33056640625 0.927734375 0.2587890625 0.14453125
7 0.56689453125 0.51171875 0.2138671875 0.036458333333333336
6 0.74658203125 0.51171875 0.1455078125 0.036458333333333336
7 0.84521484375 0.603515625 0.0478515625 0.032552083333333336
0 0.861328125 0.603515625 0.091796875 0.07682291666666667
4 0.89111328125 0.603515625 0.0205078125 0.02734375
7 0.9521484375 0.603515625 0.04296875 0.032552083333333336
0 0.9521484375 0.603515625 0.0546875 0.07682291666666667
0 0.99267578125 0.603515625 0.0146484375 0.07682291666666667
7 0.52099609375 0.732421875 0.1220703125 0.032552083333333336
0 0.935546875 0.7018229166666666 0.12890625 0.03125
7 0.9501953125 0.751953125 0.076171875 0.032552083333333336