2 0.2021484375 0.07552083333333333 0.404296875 0.07291666666666667
0 0.07373046875 0.2838541666666667 0.1474609375 0.057291666666666664
7 0.23974609375 0.4075520833333333 0.4794921875 0.19010416666666666
7 0.73974609375 0.022786458333333332 0.5205078125 0.045572916666666664
7 0.73974609375 0.08203125 0.5205078125 0.03125
2 0.73974609375 0.18098958333333334 0.5205078125 0.041666666666666664
7 0.73974609375 0.263671875 0.5205078125 0.055989583333333336
7 0.73974609375 0.294921875 0.5205078125 0.05859375
7 0.6318359375 0.310546875 0.1796875 0.024739583333333332
7 0.73974609375 0.3782552083333333 0.5205078125 0.055989583333333336
7 0.73974609375 0.4095052083333333 0.5205078125 0.055989583333333336
2 0.73974609375 0.5013020833333334 0.5205078125 0.036458333333333336
7 0.064453125 0.5970052083333334 0.12890625 0.016927083333333332
2 0.064453125 0.6380208333333334 0.12890625 0.057291666666666664
4 0.064453125 0.798828125 0.12890625 0.24869791666666666
7 0.310546875 0.5970052083333334 0.32421875 0.016927083333333332
2 0.310546875 0.63671875 0.32421875 0.057291666666666664
4 0.310546875 0.798828125 0.32421875 0.24869791666666666
2 0.21337890625 0.990234375 0.4267578125 0.01953125
6 0.44970703125 0.9915364583333334 0.0458984375 0.016927083333333332
4 0.73974609375 0.7649739583333334 0.5205078125 0.4700520833333333
2 0.73974609375 0.90625 0.5205078125 0.0390625
0 0.73974609375 0.9348958333333334 0.5205078125 0.09635416666666667
7 0.73974609375 0.9563802083333334 0.5205078125 0.045572916666666664
7 0.77880859375 0.9694010416666666 0.0927734375 0.016927083333333332