4 0.1025390625 0.0078125 0.103515625 0.015625
1 0.123046875 0.158203125 0.24609375 0.045572916666666664
4 0.26513671875 0.15885416666666666 0.0244140625 0.03125
0 0.26953125 0.15885416666666666 0.0390625 0.057291666666666664
1 0.0107421875 0.22721354166666666 0.021484375 0.048177083333333336
1 0.07275390625 0.22721354166666666 0.0830078125 0.048177083333333336
7 0.03564453125 0.28125 0.0712890625 0.033854166666666664
7 0.3828125 0.009765625 0.072265625 0.01953125
0 0.3828125 0.024739583333333332 0.15625 0.049479166666666664
7 0.3828125 0.028645833333333332 0.14453125 0.013020833333333334
7 0.552734375 0.009765625 0.060546875 0.01953125
0 0.552734375 0.024739583333333332 0.15625 0.049479166666666664
7 0.552734375 0.028645833333333332 0.14453125 0.013020833333333334
7 0.3828125 0.09244791666666667 0.080078125 0.028645833333333332
0 0.3828125 0.099609375 0.15625 0.07421875
7 0.3828125 0.11588541666666667 0.14453125 0.013020833333333334
7 0.552734375 0.09244791666666667 0.052734375 0.028645833333333332
0 0.552734375 0.099609375 0.15625 0.07421875
7 0.552734375 0.11588541666666667 0.14453125 0.013020833333333334
7 0.33740234375 0.0032552083333333335 0.0341796875 0.006510416666666667
7 0.40234375 0.00390625 0.046875 0.0078125
0 0.41796875 0.006510416666666667 0.099609375 0.013020833333333334
7 0.44287109375 0.0032552083333333335 0.0341796875 0.006510416666666667
7 0.52392578125 0.00390625 0.0791015625 0.0078125
0 0.53955078125 0.006510416666666667 0.1318359375 0.013020833333333334
7 0.58056640625 0.0032552083333333335 0.0341796875 0.006510416666666667
7 0.64404296875 0.00390625 0.0439453125 0.0078125
0 0.654296875 0.006510416666666667 0.0859375 0.013020833333333334
7 0.677734375 0.0032552083333333335 0.0234375 0.006510416666666667
7 0.73779296875 0.00390625 0.0478515625 0.0078125
0 0.748046875 0.006510416666666667 0.08984375 0.013020833333333334
7 0.7734375 0.0032552083333333335 0.0234375 0.006510416666666667
7 0.84130859375 0.00390625 0.0634765625 0.0078125
0 0.8515625 0.006510416666666667 0.10546875 0.013020833333333334
7 0.884765625 0.0032552083333333335 0.0234375 0.006510416666666667
7 0.96044921875 0.00390625 0.0791015625 0.0078125
0 0.955078125 0.006510416666666667 0.08984375 0.013020833333333334
7 0.35888671875 0.041666666666666664 0.1396484375 0.028645833333333332
0 0.37451171875 0.042317708333333336 0.1708984375 0.037760416666666664
7 0.4404296875 0.04296875 0.0234375 0.0234375
7 0.54296875 0.041666666666666664 0.1328125 0.028645833333333332
0 0.55322265625 0.042317708333333336 0.1748046875 0.037760416666666664
7 0.62109375 0.04296875 0.0234375 0.0234375
7 0.6943359375 0.041666666666666664 0.07421875 0.028645833333333332
0 0.70458984375 0.042317708333333336 0.1162109375 0.037760416666666664
7 0.7431640625 0.04296875 0.0234375 0.0234375
7 0.8193359375 0.041666666666666664 0.080078125 0.028645833333333332
0 0.82958984375 0.042317708333333336 0.1220703125 0.037760416666666664
7 0.87109375 0.04296875 0.0234375 0.0234375
7 0.91943359375 0.041666666666666664 0.0244140625 0.028645833333333332
0 0.9296875 0.042317708333333336 0.06640625 0.037760416666666664
7 0.943359375 0.04296875 0.0234375 0.0234375
7 0.30859375 0.08984375 0.0390625 0.028645833333333332
0 0.32421875 0.09049479166666667 0.0703125 0.037760416666666664
7 0.33984375 0.09114583333333333 0.0234375 0.0234375
7 0.4375 0.08984375 0.123046875 0.028645833333333332
0 0.44775390625 0.09049479166666667 0.1650390625 0.037760416666666664
7 0.5107421875 0.09114583333333333 0.0234375 0.0234375
7 0.5791015625 0.08984375 0.064453125 0.028645833333333332
0 0.58935546875 0.09049479166666667 0.1064453125 0.037760416666666664
7 0.623046875 0.09114583333333333 0.0234375 0.0234375
7 0.71142578125 0.08984375 0.1044921875 0.028645833333333332
0 0.7216796875 0.09049479166666667 0.146484375 0.037760416666666664
7 0.775390625 0.09114583333333333 0.0234375 0.0234375
7 0.84228515625 0.08984375 0.0615234375 0.028645833333333332
0 0.8525390625 0.09049479166666667 0.103515625 0.037760416666666664
7 0.884765625 0.09114583333333333 0.0234375 0.0234375
7 0.96044921875 0.08984375 0.0791015625 0.028645833333333332
0 0.955078125 0.09049479166666667 0.08984375 0.037760416666666664
7 0.30810546875 0.13802083333333334 0.0380859375 0.028645833333333332
0 0.32373046875 0.138671875 0.0693359375 0.037760416666666664
7 0.3388671875 0.13932291666666666 0.0234375 0.0234375
7 0.41943359375 0.13802083333333334 0.0888671875 0.028645833333333332
0 0.4296875 0.138671875 0.130859375 0.037760416666666664
7 0.4755859375 0.13932291666666666 0.0234375 0.0234375
7 0.53955078125 0.13802083333333334 0.0556640625 0.028645833333333332
0 0.5498046875 0.138671875 0.09765625 0.037760416666666664
7 0.5791015625 0.13932291666666666 0.0234375 0.0234375
7 0.669921875 0.13802083333333334 0.109375 0.028645833333333332
0 0.68017578125 0.138671875 0.1513671875 0.037760416666666664
7 0.736328125 0.13932291666666666 0.0234375 0.0234375
7 0.7890625 0.13802083333333334 0.033203125 0.028645833333333332
0 0.79931640625 0.138671875 0.0751953125 0.037760416666666664
7 0.8173828125 0.13932291666666666 0.0234375 0.0234375
7 0.876953125 0.13802083333333334 0.046875 0.028645833333333332
0 0.88720703125 0.138671875 0.0888671875 0.037760416666666664
7 0.912109375 0.13932291666666666 0.0234375 0.0234375
7 0.35205078125 0.18619791666666666 0.0712890625 0.028645833333333332
0 0.3623046875 0.18684895833333334 0.11328125 0.037760416666666664
7 0.3994140625 0.1875 0.0234375 0.0234375
7 0.47607421875 0.18619791666666666 0.0810546875 0.028645833333333332
0 0.486328125 0.18684895833333334 0.123046875 0.037760416666666664
7 0.5283203125 0.1875 0.0234375 0.0234375
7 0.59716796875 0.18619791666666666 0.0654296875 0.028645833333333332
0 0.607421875 0.18684895833333334 0.107421875 0.037760416666666664
7 0.6416015625 0.1875 0.0234375 0.0234375
7 0.69482421875 0.18619791666666666 0.0341796875 0.028645833333333332
0 0.705078125 0.18684895833333334 0.076171875 0.037760416666666664
7 0.7236328125 0.1875 0.0234375 0.0234375
7 0.7939453125 0.18619791666666666 0.068359375 0.028645833333333332
0 0.80419921875 0.18684895833333334 0.1103515625 0.037760416666666664
7 0.83984375 0.1875 0.0234375 0.0234375
7 0.935546875 0.18619791666666666 0.119140625 0.028645833333333332
0 0.9326171875 0.18684895833333334 0.134765625 0.037760416666666664
7 0.99755859375 0.1875 0.0048828125 0.0234375
7 0.3154296875 0.234375 0.052734375 0.028645833333333332
0 0.3310546875 0.23502604166666666 0.083984375 0.037760416666666664
7 0.353515625 0.23567708333333334 0.0234375 0.0234375
7 0.421875 0.234375 0.064453125 0.028645833333333332
0 0.43212890625 0.23502604166666666 0.1064453125 0.037760416666666664
7 0.4658203125 0.23567708333333334 0.0234375 0.0234375
7 0.52587890625 0.234375 0.0478515625 0.028645833333333332
0 0.5361328125 0.23502604166666666 0.08984375 0.037760416666666664
7 0.5615234375 0.23567708333333334 0.0234375 0.0234375
7 0.63037109375 0.234375 0.0654296875 0.028645833333333332
0 0.640625 0.23502604166666666 0.107421875 0.037760416666666664
7 0.6748046875 0.23567708333333334 0.0234375 0.0234375
7 0.73681640625 0.234375 0.0517578125 0.028645833333333332
0 0.7431640625 0.23502604166666666 0.0859375 0.037760416666666664
7 0.7705078125 0.23567708333333334 0.015625 0.0234375
7 0.83984375 0.234375 0.07421875 0.028645833333333332
0 0.84619140625 0.23502604166666666 0.1083984375 0.037760416666666664
7 0.884765625 0.23567708333333334 0.015625 0.0234375
7 0.95849609375 0.234375 0.0830078125 0.028645833333333332
0 0.953125 0.23502604166666666 0.09375 0.037760416666666664
7 0.31640625 0.2825520833333333 0.0546875 0.028645833333333332
0 0.328125 0.283203125 0.078125 0.037760416666666664
7 0.3515625 0.2838541666666667 0.015625 0.0234375
0 0.39794921875 0.014322916666666666 0.1533203125 0.028645833333333332
0 0.5478515625 0.014322916666666666 0.146484375 0.028645833333333332
0 0.8916015625 0.008463541666666666 0.0234375 0.016927083333333332
0 0.919921875 0.010416666666666666 0.02734375 0.020833333333333332
0 0.9501953125 0.010416666666666666 0.02734375 0.020833333333333332
0 0.98046875 0.010416666666666666 0.02734375 0.020833333333333332
0 0.298828125 0.10286458333333333 0.01953125 0.0390625
6 0.302734375 0.13606770833333334 0.02734375 0.024739583333333332
7 0.322265625 0.13606770833333334 0.01171875 0.024739583333333332
6 0.35498046875 0.13606770833333334 0.0537109375 0.024739583333333332
7 0.3857421875 0.13606770833333334 0.0078125 0.024739583333333332
6 0.29541015625 0.16471354166666666 0.0126953125 0.024739583333333332
7 0.3447265625 0.2526041666666667 0.111328125 0.11979166666666667
0 0.3525390625 0.3196614583333333 0.095703125 0.037760416666666664
4 0.41748046875 0.19791666666666666 0.0361328125 0.3072916666666667
7 0.87548828125 0.07096354166666667 0.0419921875 0.01953125
0 0.85986328125 0.07096354166666667 0.0732421875 0.022135416666666668
3 0.5703125 0.41796875 0.5625 0.0625
3 0.96484375 0.24544270833333334 0.0703125 0.4075520833333333
4 0.14453125 0.6848958333333334 0.2890625 0.4713541666666667
2 0.14453125 0.6048177083333334 0.2890625 0.12109375
2 0.1630859375 0.6334635416666666 0.251953125 0.06380208333333333
1 0.13427734375 0.7532552083333334 0.2685546875 0.06640625
7 0.14453125 0.96484375 0.2890625 0.046875
6 0.2626953125 0.9778645833333334 0.052734375 0.020833333333333332
2 0.64453125 0.5325520833333334 0.7109375 0.0625
7 0.64453125 0.6100260416666666 0.7109375 0.05078125
7 0.53369140625 0.7350260416666666 0.2470703125 0.032552083333333336
0 0.544921875 0.7356770833333334 0.36328125 0.08854166666666667
4 0.64453125 0.927734375 0.7109375 0.14453125