4 0.0615234375 0.13346354166666666 0.103515625 0.032552083333333336
4 0.1884765625 0.13671875 0.103515625 0.0546875
4 0.3154296875 0.134765625 0.103515625 0.03515625
4 0.38720703125 0.14388020833333334 0.0048828125 0.024739583333333332
0 0.3857421875 0.14518229166666666 0.0078125 0.032552083333333336
1 0.166015625 0.306640625 0.33203125 0.045572916666666664
4 0.35107421875 0.3072916666666667 0.0244140625 0.03125
0 0.357421875 0.3072916666666667 0.04296875 0.057291666666666664
1 0.06494140625 0.3756510416666667 0.0849609375 0.048177083333333336
1 0.15869140625 0.3756510416666667 0.0830078125 0.048177083333333336
7 0.07861328125 0.42578125 0.1572265625 0.026041666666666668
0 0.4365234375 0.009765625 0.080078125 0.01953125
0 0.5126953125 0.009765625 0.072265625 0.01953125
0 0.59423828125 0.009765625 0.0908203125 0.01953125
0 0.66943359375 0.009765625 0.0595703125 0.01953125
0 0.7265625 0.009765625 0.0546875 0.01953125
0 0.9208984375 0.009765625 0.046875 0.01953125
0 0.9677734375 0.009765625 0.046875 0.01953125
0 0.8740234375 0.009765625 0.046875 0.01953125
7 0.4970703125 0.373046875 0.21484375 0.11067708333333333
4 0.82861328125 0.2688802083333333 0.3427734375 0.33984375
3 0.1279296875 0.498046875 0.255859375 0.10286458333333333
7 0.19482421875 0.583984375 0.3896484375 0.029947916666666668
7 0.19482421875 0.654296875 0.3896484375 0.029947916666666668
7 0.19482421875 0.724609375 0.3896484375 0.029947916666666668
7 0.19482421875 0.7532552083333334 0.3896484375 0.029947916666666668
7 0.19482421875 0.837890625 0.3896484375 0.05859375
7 0.19482421875 0.9225260416666666 0.3896484375 0.029947916666666668
4 0.5966796875 0.55859375 0.4140625 0.23958333333333334
1 0.9228515625 0.451171875 0.154296875 0.024739583333333332
1 0.9228515625 0.501953125 0.154296875 0.05078125
1 0.9228515625 0.5657552083333334 0.154296875 0.05078125
7 0.9228515625 0.630859375 0.154296875 0.02734375
1 0.87158203125 0.6705729166666666 0.0517578125 0.0390625
1 0.93115234375 0.6705729166666666 0.0673828125 0.0390625
1 0.982421875 0.6705729166666666 0.03515625 0.0390625
7 0.9228515625 0.716796875 0.154296875 0.02734375
1 0.86083984375 0.755859375 0.0126953125 0.016927083333333332
5 0.90966796875 0.759765625 0.0791015625 0.02734375
1 0.9677734375 0.755859375 0.013671875 0.016927083333333332
5 0.98828125 0.759765625 0.0234375 0.02734375
7 0.9228515625 0.8014322916666666 0.154296875 0.016927083333333332
6 0.8994140625 0.8196614583333334 0.107421875 0.016927083333333332
7 0.9765625 0.8196614583333334 0.046875 0.016927083333333332
6 0.9228515625 0.8287760416666666 0.154296875 0.03515625
7 0.9228515625 0.8470052083333334 0.154296875 0.03515625
0 0.9228515625 0.91796875 0.154296875 0.052083333333333336
6 0.89990234375 0.9954427083333334 0.1083984375 0.009114583333333334