4 0.27978515625 0.23372395833333334 0.5595703125 0.3919270833333333
0 0.27978515625 0.23372395833333334 0.5595703125 0.3919270833333333
4 0.66015625 0.059244791666666664 0.0703125 0.09505208333333333
4 0.73046875 0.059244791666666664 0.0703125 0.09505208333333333
4 0.0185546875 0.4895833333333333 0.037109375 0.020833333333333332
0 0.13232421875 0.4361979166666667 0.0986328125 0.013020833333333334
0 0.232421875 0.4361979166666667 0.0625 0.013020833333333334
7 0.33203125 0.4361979166666667 0.052734375 0.013020833333333334
0 0.32080078125 0.4381510416666667 0.0751953125 0.016927083333333332
0 0.39990234375 0.4361979166666667 0.0400390625 0.013020833333333334
6 0.1103515625 0.4915364583333333 0.052734375 0.01953125
6 0.234375 0.4915364583333333 0.15625 0.01953125
6 0.3935546875 0.4915364583333333 0.123046875 0.01953125
6 0.51708984375 0.4915364583333333 0.0849609375 0.01953125
2 0.27978515625 0.7552083333333334 0.5595703125 0.14322916666666666
7 0.27978515625 0.8919270833333334 0.5595703125 0.109375
0 0.2294921875 0.9876302083333334 0.458984375 0.024739583333333332
4 0.763671875 0.5533854166666666 0.408203125 0.24739583333333334
7 0.732421875 0.8079427083333334 0.05078125 0.040364583333333336
0 0.736328125 0.8079427083333334 0.05859375 0.040364583333333336
2 0.74609375 0.9264322916666666 0.373046875 0.14713541666666666
0 0.74609375 0.9264322916666666 0.373046875 0.14713541666666666