1 0.32470703125 0.08984375 0.1787109375 0.0390625
1 0.466796875 0.08984375 0.10546875 0.0390625
4 0.259765625 0.33203125 0.51953125 0.375
0 0.259765625 0.33203125 0.51953125 0.375
0 0.5419921875 0.015625 0.044921875 0.03125
0 0.64990234375 0.015625 0.0634765625 0.03125
0 0.76513671875 0.015625 0.0595703125 0.03125
0 0.86767578125 0.015625 0.0380859375 0.03125
0 0.96875 0.015625 0.056640625 0.03125
2 0.76708984375 0.109375 0.4658203125 0.0546875
1 0.76708984375 0.20052083333333334 0.4658203125 0.06770833333333333
4 0.55419921875 0.1953125 0.0400390625 0.057291666666666664
4 0.259765625 0.6744791666666666 0.51953125 0.3098958333333333
7 0.1005859375 0.6647135416666666 0.201171875 0.10286458333333333
1 0.32373046875 0.533203125 0.1767578125 0.02734375
7 0.2939453125 0.5279947916666666 0.09765625 0.016927083333333332
1 0.4755859375 0.533203125 0.087890625 0.02734375
7 0.48046875 0.5279947916666666 0.078125 0.016927083333333332
7 0.37744140625 0.5826822916666666 0.2841796875 0.02734375
7 0.30859375 0.6178385416666666 0.0859375 0.03515625
7 0.4853515625 0.6178385416666666 0.068359375 0.03515625
7 0.2939453125 0.6569010416666666 0.056640625 0.03515625
7 0.4833984375 0.6569010416666666 0.064453125 0.03515625
7 0.28369140625 0.697265625 0.0361328125 0.03515625
7 0.39794921875 0.7649739583333334 0.2431640625 0.022135416666666668
0 0.37744140625 0.7643229166666666 0.2841796875 0.059895833333333336
7 0.33056640625 0.8131510416666666 0.1630859375 0.016927083333333332
0 0.45361328125 0.8138020833333334 0.0849609375 0.018229166666666668
7 0.50732421875 0.8131510416666666 0.0244140625 0.016927083333333332
4 0.2001953125 0.9635416666666666 0.119140625 0.07291666666666667
4 0.48876953125 0.9635416666666666 0.0615234375 0.07291666666666667
3 0.759765625 0.6276041666666666 0.48046875 0.21614583333333334
2 0.5556640625 0.7981770833333334 0.072265625 0.018229166666666668
2 0.55810546875 0.8697916666666666 0.0771484375 0.0703125
4 0.65576171875 0.865234375 0.0615234375 0.061197916666666664
0 0.65576171875 0.8671875 0.0615234375 0.06510416666666667
7 0.72509765625 0.8502604166666666 0.0478515625 0.015625
2 0.76025390625 0.9036458333333334 0.1259765625 0.0703125
4 0.89599609375 0.865234375 0.0615234375 0.061197916666666664
0 0.89599609375 0.8671875 0.0615234375 0.06510416666666667
7 0.96533203125 0.8502604166666666 0.0478515625 0.015625
2 0.96875 0.9153645833333334 0.0625 0.09375
7 0.759765625 0.9798177083333334 0.48046875 0.040364583333333336