2 0.05419921875 0.24479166666666666 0.1083984375 0.06510416666666667
0 0.09521484375 0.181640625 0.1904296875 0.3346354166666667
2 0.0673828125 0.2936197916666667 0.134765625 0.09765625
2 0.267578125 0.228515625 0.0859375 0.032552083333333336
0 0.32470703125 0.181640625 0.2294921875 0.3346354166666667
2 0.296875 0.24479166666666666 0.14453125 0.06510416666666667
7 0.556640625 0.020182291666666668 0.111328125 0.040364583333333336
7 0.67578125 0.020182291666666668 0.109375 0.040364583333333336
7 0.79052734375 0.020182291666666668 0.1025390625 0.040364583333333336
0 0.90869140625 0.020182291666666668 0.1162109375 0.040364583333333336
7 0.5546875 0.11458333333333333 0.23046875 0.0234375
2 0.5546875 0.1796875 0.23046875 0.06510416666666667
7 0.5546875 0.2962239583333333 0.23046875 0.10546875
2 0.24609375 0.44140625 0.328125 0.08854166666666667
6 0.01025390625 0.552734375 0.0205078125 0.022135416666666668
6 0.0556640625 0.552734375 0.041015625 0.022135416666666668
6 0.12109375 0.552734375 0.05859375 0.022135416666666668
6 0.18603515625 0.552734375 0.0439453125 0.022135416666666668
6 0.271484375 0.552734375 0.09765625 0.022135416666666668
6 0.3759765625 0.552734375 0.080078125 0.022135416666666668
2 0.2197265625 0.6217447916666666 0.439453125 0.04296875
4 0.03857421875 0.8411458333333334 0.0771484375 0.3072916666666667
0 0.03857421875 0.8411458333333334 0.0771484375 0.3072916666666667
6 0.09814453125 0.6744791666666666 0.0126953125 0.015625
2 0.24169921875 0.7018229166666666 0.2998046875 0.026041666666666668
4 0.14111328125 0.7760416666666666 0.0986328125 0.09895833333333333
0 0.14111328125 0.7760416666666666 0.0986328125 0.09895833333333333
7 0.2978515625 0.7819010416666666 0.185546875 0.10807291666666667
7 0.115234375 0.892578125 0.046875 0.022135416666666668
2 0.234375 0.919921875 0.28515625 0.02734375
4 0.14111328125 0.9720052083333334 0.0986328125 0.055989583333333336
0 0.14111328125 0.9720052083333334 0.0986328125 0.055989583333333336
7 0.3017578125 0.97265625 0.193359375 0.0546875
2 0.7197265625 0.4973958333333333 0.560546875 0.033854166666666664
7 0.72265625 0.5305989583333334 0.296875 0.01953125
7 0.72265625 0.548828125 0.267578125 0.01953125
4 0.72265625 0.7526041666666666 0.240234375 0.3203125
4 0.54052734375 0.7936197916666666 0.0849609375 0.11328125
7 0.51220703125 0.7493489583333334 0.0224609375 0.029947916666666668
4 0.90625 0.7643229166666666 0.083984375 0.11197916666666667
7 0.87841796875 0.720703125 0.0224609375 0.029947916666666668
4 0.5517578125 0.6484375 0.08203125 0.109375
7 0.52392578125 0.6061197916666666 0.0224609375 0.029947916666666668
4 0.88427734375 0.6315104166666666 0.0791015625 0.10677083333333333
7 0.85693359375 0.5904947916666666 0.0224609375 0.029947916666666668
4 0.46826171875 0.8763020833333334 0.0576171875 0.10416666666666667
4 0.96435546875 0.8684895833333334 0.0712890625 0.1015625
7 0.94091796875 0.8294270833333334 0.0224609375 0.028645833333333332
4 0.9765625 0.646484375 0.046875 0.10026041666666667
7 0.96435546875 0.6087239583333334 0.0224609375 0.029947916666666668
4 0.46142578125 0.7337239583333334 0.0439453125 0.09765625
4 0.87060546875 0.8821614583333334 0.0712890625 0.09505208333333333
7 0.84521484375 0.8470052083333334 0.0224609375 0.029947916666666668
4 0.587890625 0.8932291666666666 0.05859375 0.078125
7 0.56494140625 0.8665364583333334 0.0224609375 0.029947916666666668
4 0.46728515625 0.619140625 0.0517578125 0.06901041666666667
7 0.4482421875 0.5970052083333334 0.017578125 0.029947916666666668
6 0.72265625 0.9583333333333334 0.03125 0.0234375