4 0.78857421875 0.1796875 0.3974609375 0.359375
7 0.681640625 0.3372395833333333 0.18359375 0.044270833333333336
6 0.716796875 0.3502604166666667 0.09765625 0.018229166666666668
0 0.92431640625 0.337890625 0.1259765625 0.04296875
4 0.294921875 0.6796875 0.58984375 0.640625
2 0.294921875 0.53125 0.58984375 0.1171875
7 0.357421875 0.62890625 0.109375 0.026041666666666668
4 0.43310546875 0.62890625 0.0205078125 0.026041666666666668
4 0.45263671875 0.6276041666666666 0.0205078125 0.026041666666666668
4 0.47216796875 0.62890625 0.0205078125 0.026041666666666668
7 0.53759765625 0.62890625 0.1044921875 0.026041666666666668
7 0.22998046875 0.7311197916666666 0.1083984375 0.04296875
0 0.22998046875 0.7317708333333334 0.2158203125 0.06510416666666667
0 0.4609375 0.7317708333333334 0.21484375 0.06510416666666667
7 0.3642578125 0.837890625 0.451171875 0.03515625
7 0.35107421875 0.939453125 0.4775390625 0.03515625
0 0.7734375 0.400390625 0.3671875 0.08203125
0 0.60205078125 0.4635416666666667 0.0244140625 0.028645833333333332
7 0.6669921875 0.4635416666666667 0.068359375 0.018229166666666668
6 0.75244140625 0.4713541666666667 0.0654296875 0.018229166666666668
6 0.81884765625 0.4713541666666667 0.0302734375 0.018229166666666668
0 0.61865234375 0.5006510416666666 0.0576171875 0.03515625
0 0.671875 0.5006510416666666 0.046875 0.03515625
0 0.73046875 0.5006510416666666 0.068359375 0.03515625
0 0.79833984375 0.5006510416666666 0.0654296875 0.03515625
0 0.873046875 0.5006510416666666 0.08203125 0.03515625
0 0.95751953125 0.5006510416666666 0.0849609375 0.03515625
0 0.67822265625 0.56640625 0.1416015625 0.03125
0 0.8232421875 0.56640625 0.134765625 0.03125
0 0.94873046875 0.56640625 0.1025390625 0.03125
0 0.6162109375 0.607421875 0.052734375 0.029947916666666668
0 0.69970703125 0.607421875 0.1005859375 0.029947916666666668
0 0.82470703125 0.607421875 0.1357421875 0.029947916666666668
4 0.91650390625 0.607421875 0.0107421875 0.014322916666666666
0 0.94970703125 0.607421875 0.1005859375 0.029947916666666668
7 0.9638671875 0.6087239583333334 0.072265625 0.014322916666666666
3 0.794921875 0.7317708333333334 0.41015625 0.1171875
7 0.794921875 0.8020833333333334 0.41015625 0.0234375
4 0.7080078125 0.9270833333333334 0.236328125 0.14583333333333334
0 0.7080078125 0.9270833333333334 0.236328125 0.14583333333333334
7 0.85400390625 0.8645833333333334 0.0185546875 0.020833333333333332
7 0.90380859375 0.8645833333333334 0.0556640625 0.020833333333333332
7 0.96044921875 0.8645833333333334 0.0322265625 0.020833333333333332
7 0.99462890625 0.8645833333333334 0.0107421875 0.020833333333333332
4 0.92236328125 0.94140625 0.1552734375 0.1171875