2 0.18115234375 0.047526041666666664 0.3623046875 0.061197916666666664
7 0.58642578125 0.022135416666666668 0.2138671875 0.020833333333333332
7 0.6396484375 0.09244791666666667 0.3203125 0.0703125
6 0.6669921875 0.1171875 0.13671875 0.020833333333333332
7 0.63232421875 0.1875 0.3056640625 0.0703125
6 0.71435546875 0.21223958333333334 0.0302734375 0.020833333333333332
7 0.7314453125 0.21223958333333334 0.005859375 0.020833333333333332
7 0.5537109375 0.2578125 0.1484375 0.020833333333333332
7 0.64208984375 0.3287760416666667 0.3251953125 0.07421875
7 0.60791015625 0.4108072916666667 0.2568359375 0.045572916666666664
2 0.125 0.4694010416666667 0.25 0.01953125
2 0.125 0.4934895833333333 0.25 0.028645833333333332
7 0.359375 0.4791666666666667 0.119140625 0.03125
0 0.359375 0.4837239583333333 0.158203125 0.048177083333333336
2 0.23974609375 0.6282552083333334 0.4794921875 0.053385416666666664
2 0.23974609375 0.697265625 0.4794921875 0.04296875
7 0.1142578125 0.7994791666666666 0.16796875 0.03125
0 0.1142578125 0.7994791666666666 0.20703125 0.057291666666666664
4 0.23974609375 0.9401041666666666 0.4794921875 0.11979166666666667
0 0.82373046875 0.515625 0.1767578125 0.052083333333333336
0 0.95947265625 0.515625 0.0810546875 0.0625
4 0.74755859375 0.7298177083333334 0.5048828125 0.5403645833333334