4 0.197265625 0.12955729166666666 0.39453125 0.2591145833333333
2 0.16015625 0.12825520833333334 0.3203125 0.032552083333333336
7 0.16015625 0.16471354166666666 0.3203125 0.02734375
4 0.4443359375 0.07682291666666667 0.2109375 0.15364583333333334
2 0.4443359375 0.039713541666666664 0.2109375 0.032552083333333336
7 0.4443359375 0.076171875 0.2109375 0.02734375
4 0.4443359375 0.21940104166666666 0.2109375 0.07942708333333333
2 0.4443359375 0.24544270833333334 0.2109375 0.02734375
4 0.8212890625 0.12955729166666666 0.357421875 0.2591145833333333
7 0.59765625 0.10546875 0.095703125 0.10416666666666667
1 0.77490234375 0.22395833333333334 0.4501953125 0.0703125
3 0.2490234375 0.5091145833333334 0.390625 0.4739583333333333
7 0.6279296875 0.275390625 0.037109375 0.01953125
0 0.6328125 0.287109375 0.06640625 0.055989583333333336
0 0.69140625 0.287109375 0.05078125 0.055989583333333336
7 0.75146484375 0.275390625 0.0498046875 0.01953125
0 0.75634765625 0.287109375 0.0791015625 0.055989583333333336
7 0.8427734375 0.275390625 0.07421875 0.01953125
0 0.84765625 0.287109375 0.103515625 0.055989583333333336
7 0.931640625 0.275390625 0.044921875 0.01953125
0 0.9365234375 0.287109375 0.07421875 0.055989583333333336
3 0.77490234375 0.3997395833333333 0.4501953125 0.1171875
6 0.77490234375 0.5065104166666666 0.4501953125 0.020833333333333332
4 0.77490234375 0.7708333333333334 0.4501953125 0.4583333333333333
0 0.77490234375 0.7708333333333334 0.4501953125 0.4583333333333333