4 0.36328125 0.01953125 0.041015625 0.0390625
4 0.4052734375 0.01171875 0.017578125 0.0234375
4 0.447265625 0.01953125 0.041015625 0.0390625
2 0.36181640625 0.0859375 0.6748046875 0.059895833333333336
7 0.36181640625 0.14583333333333334 0.6748046875 0.036458333333333336
0 0.4052734375 0.21614583333333334 0.177734375 0.052083333333333336
6 0.4052734375 0.2819010416666667 0.26171875 0.024739583333333332
4 0.19873046875 0.4993489583333333 0.3974609375 0.22005208333333334
2 0.16162109375 0.5462239583333334 0.3232421875 0.032552083333333336
7 0.16162109375 0.5826822916666666 0.3232421875 0.02734375
4 0.49365234375 0.48046875 0.3037109375 0.18229166666666666
2 0.46484375 0.4576822916666667 0.24609375 0.032552083333333336
7 0.46484375 0.494140625 0.24609375 0.02734375
4 0.65283203125 0.48046875 0.0927734375 0.18229166666666666
2 0.65283203125 0.4576822916666667 0.0927734375 0.032552083333333336
7 0.65283203125 0.494140625 0.0927734375 0.02734375
0 0.71435546875 0.10416666666666667 0.0302734375 0.015625
4 0.76611328125 0.10481770833333333 0.0068359375 0.009114583333333334
0 0.79638671875 0.10481770833333333 0.0673828125 0.024739583333333332
7 0.80322265625 0.10481770833333333 0.0537109375 0.024739583333333332
7 0.873046875 0.10481770833333333 0.0390625 0.01953125
0 0.8818359375 0.10481770833333333 0.056640625 0.01953125
4 0.990234375 0.103515625 0.01953125 0.032552083333333336
0 0.990234375 0.10807291666666667 0.01953125 0.041666666666666664
0 0.787109375 0.16927083333333334 0.17578125 0.0234375
2 0.7802734375 0.16861979166666666 0.150390625 0.024739583333333332
2 0.92578125 0.16861979166666666 0.1015625 0.024739583333333332
0 0.935546875 0.16927083333333334 0.12109375 0.0234375
4 0.88525390625 0.3092447916666667 0.2294921875 0.22526041666666666
0 0.88525390625 0.3092447916666667 0.2294921875 0.22526041666666666
2 0.88525390625 0.4928385416666667 0.2294921875 0.13151041666666666
0 0.88525390625 0.4928385416666667 0.2294921875 0.12630208333333334
2 0.88525390625 0.5911458333333334 0.2294921875 0.036458333333333336
0 0.88525390625 0.591796875 0.2294921875 0.03515625
3 0.849609375 0.3046875 0.30078125 0.609375
3 0.849609375 0.3046875 0.30078125 0.609375
6 0.27734375 0.65625 0.5546875 0.020833333333333332
4 0.23974609375 0.845703125 0.4794921875 0.30859375
0 0.23974609375 0.845703125 0.4794921875 0.30859375
0 0.60400390625 0.712890625 0.1904296875 0.04296875
3 0.60400390625 0.8802083333333334 0.1904296875 0.23958333333333334
2 0.849609375 0.6647135416666666 0.30078125 0.11067708333333333
7 0.79248046875 0.8216145833333334 0.1591796875 0.036458333333333336
0 0.849609375 0.8216145833333334 0.30078125 0.078125
7 0.8291015625 0.9205729166666666 0.232421875 0.036458333333333336
0 0.849609375 0.9205729166666666 0.30078125 0.078125