4 0.27490234375 0.2994791666666667 0.5498046875 0.5859375
0 0.27490234375 0.2994791666666667 0.5498046875 0.5859375
0 0.1455078125 0.5651041666666666 0.01171875 0.015625
0 0.1669921875 0.5651041666666666 0.01171875 0.015625
0 0.1884765625 0.5651041666666666 0.01171875 0.015625
0 0.2099609375 0.5651041666666666 0.01171875 0.015625
0 0.2314453125 0.5651041666666666 0.01171875 0.015625
4 0.646484375 0.12825520833333334 0.193359375 0.2565104166666667
2 0.638671875 0.10026041666666667 0.177734375 0.0859375
7 0.638671875 0.17838541666666666 0.177734375 0.049479166666666664
0 0.638671875 0.22786458333333334 0.177734375 0.018229166666666668
4 0.8740234375 0.036458333333333336 0.23046875 0.07291666666666667
2 0.8740234375 0.013671875 0.20703125 0.02734375
0 0.8740234375 0.050130208333333336 0.20703125 0.016927083333333332
4 0.8740234375 0.169921875 0.23046875 0.17317708333333334
2 0.8740234375 0.18359375 0.20703125 0.0546875
0 0.8740234375 0.234375 0.20703125 0.015625
4 0.7509765625 0.47265625 0.3125 0.234375
2 0.7509765625 0.6197916666666666 0.3125 0.0390625
4 0.96142578125 0.47265625 0.0771484375 0.234375
5 0.005859375 0.751953125 0.01171875 0.06380208333333333
1 0.27490234375 0.7532552083333334 0.5498046875 0.06380208333333333
4 0.17041015625 0.9811197916666666 0.0478515625 0.037760416666666664
0 0.17041015625 0.9680989583333334 0.1923828125 0.06380208333333333
4 0.37353515625 0.9811197916666666 0.0478515625 0.037760416666666664
0 0.37353515625 0.9680989583333334 0.1923828125 0.06380208333333333
6 0.56396484375 0.7109375 0.0283203125 0.0234375
7 0.58447265625 0.7109375 0.0126953125 0.0234375
6 0.638671875 0.7109375 0.09765625 0.0234375
7 0.69287109375 0.7109375 0.0126953125 0.0234375
6 0.734375 0.7109375 0.072265625 0.0234375
7 0.77490234375 0.7109375 0.0126953125 0.0234375
6 0.82177734375 0.7109375 0.0830078125 0.0234375
7 0.86962890625 0.7109375 0.0126953125 0.0234375
6 0.916015625 0.7109375 0.08203125 0.0234375
2 0.5869140625 0.8040364583333334 0.07421875 0.03515625
3 0.77490234375 0.9251302083333334 0.4501953125 0.14973958333333334