2 0.1494140625 0.23502604166666666 0.298828125 0.16536458333333334
7 0.1494140625 0.431640625 0.298828125 0.18880208333333334
2 0.46923828125 0.08658854166666667 0.0810546875 0.048177083333333336
1 0.46923828125 0.18359375 0.0810546875 0.0625
1 0.46923828125 0.2669270833333333 0.0810546875 0.0625
1 0.46923828125 0.3502604166666667 0.0810546875 0.0625
0 0.46923828125 0.43359375 0.0810546875 0.0625
7 0.46923828125 0.5026041666666666 0.0810546875 0.033854166666666664
1 0.71044921875 0.006510416666666667 0.2939453125 0.013020833333333334
2 0.7548828125 0.09765625 0.490234375 0.0390625
0 0.55078125 0.16666666666666666 0.08203125 0.046875
0 0.6748046875 0.16666666666666666 0.16015625 0.046875
0 0.83740234375 0.16666666666666666 0.1572265625 0.046875
0 0.95947265625 0.16666666666666666 0.0810546875 0.046875
0 0.56640625 0.23307291666666666 0.11328125 0.046875
0 0.69677734375 0.23307291666666666 0.1396484375 0.046875
0 0.8447265625 0.23307291666666666 0.1484375 0.046875
0 0.96142578125 0.23307291666666666 0.0771484375 0.046875
0 0.7548828125 0.294921875 0.490234375 0.024739583333333332
7 0.66162109375 0.3326822916666667 0.2060546875 0.01953125
4 0.56298828125 0.5162760416666666 0.0712890625 0.02734375
4 0.73388671875 0.51953125 0.1943359375 0.020833333333333332
4 0.91455078125 0.51953125 0.0908203125 0.020833333333333332
2 0.11669921875 0.7819010416666666 0.2333984375 0.4361979166666667
2 0.16259765625 0.6419270833333334 0.3251953125 0.057291666666666664
1 0.30029296875 0.7200520833333334 0.4189453125 0.052083333333333336
1 0.30029296875 0.7981770833333334 0.4189453125 0.052083333333333336
1 0.2548828125 0.8763020833333334 0.509765625 0.052083333333333336
7 0.01318359375 0.9694010416666666 0.0263671875 0.022135416666666668
6 0.07568359375 0.9694010416666666 0.0986328125 0.022135416666666668
1 0.7548828125 0.5397135416666666 0.490234375 0.01953125
7 0.83642578125 0.58984375 0.0634765625 0.028645833333333332
1 0.83642578125 0.6315104166666666 0.2099609375 0.044270833333333336
1 0.83642578125 0.6822916666666666 0.2099609375 0.044270833333333336
1 0.83642578125 0.7330729166666666 0.2099609375 0.044270833333333336
1 0.83642578125 0.7838541666666666 0.2099609375 0.044270833333333336
1 0.83642578125 0.8346354166666666 0.2099609375 0.044270833333333336
7 0.83642578125 0.8763020833333334 0.0771484375 0.020833333333333332
7 0.7587890625 0.9244791666666666 0.126953125 0.020833333333333332
7 0.91259765625 0.92578125 0.0576171875 0.015625
0 0.91259765625 0.9251302083333334 0.0576171875 0.02734375
7 0.966796875 0.92578125 0.037109375 0.015625
0 0.966796875 0.9251302083333334 0.037109375 0.02734375
7 0.78173828125 0.953125 0.3603515625 0.015625
7 0.98046875 0.953125 0.0390625 0.015625