2 0.15234375 0.166015625 0.3046875 0.16536458333333334
7 0.15234375 0.3626302083333333 0.3046875 0.18880208333333334
2 0.5322265625 0.020833333333333332 0.1953125 0.041666666666666664
1 0.5322265625 0.11458333333333333 0.1953125 0.0625
1 0.5322265625 0.19791666666666666 0.1953125 0.0625
1 0.5322265625 0.28125 0.1953125 0.0625
0 0.5322265625 0.3645833333333333 0.1953125 0.0625
7 0.5322265625 0.43359375 0.1953125 0.033854166666666664
7 0.51318359375 0.50390625 0.0576171875 0.020833333333333332
0 0.51318359375 0.5026041666666666 0.1572265625 0.0625
6 0.67822265625 0.193359375 0.0966796875 0.02734375
7 0.68505859375 0.22721354166666666 0.1103515625 0.09505208333333333
7 0.64794921875 0.2610677083333333 0.0361328125 0.02734375
4 0.88427734375 0.21549479166666666 0.2314453125 0.3268229166666667
0 0.70361328125 0.5260416666666666 0.1474609375 0.10677083333333333
2 0.70361328125 0.494140625 0.1474609375 0.04296875
6 0.70361328125 0.5475260416666666 0.1474609375 0.06380208333333333
2 0.93212890625 0.5143229166666666 0.1357421875 0.028645833333333332
7 0.93212890625 0.54296875 0.1357421875 0.028645833333333332
6 0.8974609375 0.5748697916666666 0.06640625 0.009114583333333334
7 0.96533203125 0.5748697916666666 0.0634765625 0.009114583333333334
4 0.31494140625 0.798828125 0.6298828125 0.40234375
7 0.6826171875 0.5846354166666666 0.017578125 0.010416666666666666
0 0.66796875 0.6419270833333334 0.076171875 0.041666666666666664
2 0.88330078125 0.66015625 0.2333984375 0.09895833333333333
2 0.81494140625 0.8619791666666666 0.3701171875 0.036458333333333336
4 0.8779296875 0.94921875 0.244140625 0.1015625
0 0.787109375 0.9192708333333334 0.046875 0.0234375