4 0.1171875 0.09114583333333333 0.234375 0.18229166666666666
0 0.1171875 0.09114583333333333 0.234375 0.18229166666666666
7 0.21337890625 0.166015625 0.0263671875 0.016927083333333332
2 0.10546875 0.22591145833333334 0.2109375 0.053385416666666664
0 0.10546875 0.22591145833333334 0.2109375 0.053385416666666664
0 0.05322265625 0.271484375 0.1064453125 0.024739583333333332
7 0.037109375 0.294921875 0.07421875 0.024739583333333332
7 0.109375 0.294921875 0.0703125 0.024739583333333332
4 0.3916015625 0.09114583333333333 0.28515625 0.18229166666666666
0 0.3916015625 0.09114583333333333 0.28515625 0.18229166666666666
7 0.51318359375 0.166015625 0.0263671875 0.016927083333333332
4 0.26708984375 0.22330729166666666 0.0361328125 0.048177083333333336
0 0.26708984375 0.22330729166666666 0.0361328125 0.048177083333333336
2 0.4033203125 0.22591145833333334 0.21484375 0.053385416666666664
0 0.4033203125 0.22591145833333334 0.21484375 0.053385416666666664
0 0.3330078125 0.271484375 0.07421875 0.024739583333333332
7 0.3349609375 0.294921875 0.078125 0.024739583333333332
7 0.41552734375 0.294921875 0.0849609375 0.024739583333333332
4 0.62939453125 0.09114583333333333 0.1611328125 0.18229166666666666
0 0.62939453125 0.09114583333333333 0.1611328125 0.18229166666666666
4 0.56689453125 0.22330729166666666 0.0361328125 0.048177083333333336
0 0.56689453125 0.22330729166666666 0.0361328125 0.048177083333333336
2 0.65283203125 0.22591145833333334 0.1142578125 0.053385416666666664
0 0.65283203125 0.22591145833333334 0.1142578125 0.053385416666666664
0 0.62255859375 0.271484375 0.0537109375 0.024739583333333332
4 0.658203125 0.2708333333333333 0.013671875 0.018229166666666668
7 0.63671875 0.294921875 0.08203125 0.024739583333333332
7 0.693359375 0.294921875 0.033203125 0.024739583333333332
4 0.1171875 0.4036458333333333 0.234375 0.09114583333333333
0 0.1171875 0.4036458333333333 0.234375 0.09114583333333333
4 0.3916015625 0.4036458333333333 0.28515625 0.09114583333333333
0 0.3916015625 0.4036458333333333 0.28515625 0.09114583333333333
4 0.62939453125 0.4036458333333333 0.1611328125 0.09114583333333333
0 0.62939453125 0.4036458333333333 0.1611328125 0.09114583333333333
4 0.85498046875 0.224609375 0.2900390625 0.44921875
0 0.85498046875 0.224609375 0.2900390625 0.44921875
7 0.8310546875 0.318359375 0.193359375 0.17578125
7 0.8310546875 0.2838541666666667 0.1328125 0.046875
7 0.83056640625 0.353515625 0.1884765625 0.06380208333333333
4 0.0224609375 0.4856770833333333 0.044921875 0.07291666666666667
7 0.1279296875 0.4850260416666667 0.134765625 0.02734375
7 0.29052734375 0.4850260416666667 0.1865234375 0.022135416666666668
4 0.0224609375 0.58984375 0.044921875 0.07291666666666667
7 0.099609375 0.5891927083333334 0.078125 0.02734375
7 0.30029296875 0.5891927083333334 0.3193359375 0.022135416666666668
7 0.63330078125 0.4837239583333333 0.1533203125 0.02734375
1 0.5908203125 0.5234375 0.068359375 0.0390625
1 0.65185546875 0.5234375 0.0556640625 0.0390625
1 0.6943359375 0.5234375 0.03125 0.0390625
7 0.63330078125 0.5696614583333334 0.1533203125 0.02734375
1 0.572265625 0.6087239583333334 0.013671875 0.016927083333333332
5 0.6171875 0.6126302083333334 0.072265625 0.02734375
1 0.6728515625 0.6087239583333334 0.013671875 0.016927083333333332
5 0.69580078125 0.6126302083333334 0.0283203125 0.02734375
7 0.63330078125 0.654296875 0.1533203125 0.016927083333333332
6 0.591796875 0.6725260416666666 0.0703125 0.016927083333333332
7 0.63330078125 0.681640625 0.1533203125 0.03515625
0 0.63330078125 0.7526041666666666 0.1533203125 0.052083333333333336
6 0.59912109375 0.8359375 0.0849609375 0.020833333333333332
7 0.67529296875 0.8359375 0.0693359375 0.020833333333333332
7 0.0283203125 0.9778645833333334 0.056640625 0.020833333333333332
6 0.08740234375 0.9778645833333334 0.0439453125 0.018229166666666668
6 0.16357421875 0.9778645833333334 0.0927734375 0.018229166666666668
6 0.24755859375 0.9778645833333334 0.0556640625 0.018229166666666668
6 0.30859375 0.9778645833333334 0.048828125 0.018229166666666668
6 0.38916015625 0.9778645833333334 0.0947265625 0.018229166666666668
6 0.46337890625 0.9778645833333334 0.0361328125 0.018229166666666668
6 0.509765625 0.9778645833333334 0.0390625 0.018229166666666668
6 0.56005859375 0.9778645833333334 0.0439453125 0.018229166666666668
6 0.60205078125 0.9778645833333334 0.0224609375 0.018229166666666668
6 0.64013671875 0.9778645833333334 0.0361328125 0.018229166666666668
4 0.68212890625 0.9778645833333334 0.0126953125 0.015625
0 0.68212890625 0.9778645833333334 0.0302734375 0.026041666666666668
1 0.85498046875 0.4934895833333333 0.2900390625 0.046875
4 0.71533203125 0.4934895833333333 0.0107421875 0.0234375
7 0.85498046875 0.70703125 0.2900390625 0.13802083333333334
7 0.822265625 0.8294270833333334 0.224609375 0.052083333333333336