4 0.0244140625 0.05078125 0.0234375 0.03125
0 0.02978515625 0.0625 0.0595703125 0.09635416666666667
7 0.0244140625 0.08333333333333333 0.02734375 0.018229166666666668
4 0.0244140625 0.14713541666666666 0.0234375 0.03125
0 0.02978515625 0.15885416666666666 0.0595703125 0.09635416666666667
7 0.0244140625 0.1796875 0.0390625 0.018229166666666668
4 0.0244140625 0.24348958333333334 0.0234375 0.03125
0 0.02978515625 0.2552083333333333 0.0595703125 0.09635416666666667
7 0.02734375 0.2760416666666667 0.0546875 0.018229166666666668
4 0.0244140625 0.33984375 0.0234375 0.03125
0 0.02978515625 0.3515625 0.0595703125 0.09635416666666667
7 0.0244140625 0.3723958333333333 0.029296875 0.018229166666666668
4 0.0244140625 0.4361979166666667 0.0234375 0.03125
0 0.02978515625 0.4342447916666667 0.0595703125 0.06901041666666667
7 0.0244140625 0.4641927083333333 0.03125 0.009114583333333334
7 0.15185546875 0.07161458333333333 0.1298828125 0.03125
4 0.22509765625 0.21484375 0.2841796875 0.21354166666666666
0 0.22509765625 0.21484375 0.2841796875 0.21354166666666666
7 0.34619140625 0.3053385416666667 0.0263671875 0.016927083333333332
4 0.1005859375 0.3626302083333333 0.03515625 0.048177083333333336
0 0.1005859375 0.3626302083333333 0.03515625 0.048177083333333336
2 0.23681640625 0.365234375 0.2138671875 0.053385416666666664
0 0.23681640625 0.365234375 0.2138671875 0.053385416666666664
0 0.1845703125 0.4108072916666667 0.109375 0.024739583333333332
7 0.16845703125 0.4342447916666667 0.0771484375 0.024739583333333332
7 0.2421875 0.4342447916666667 0.0703125 0.024739583333333332
4 0.42578125 0.21484375 0.087890625 0.21354166666666666
0 0.42578125 0.21484375 0.087890625 0.21354166666666666
4 0.39990234375 0.3626302083333333 0.0361328125 0.048177083333333336
0 0.39990234375 0.3626302083333333 0.0361328125 0.048177083333333336
0 0.44921875 0.4108072916666667 0.041015625 0.024739583333333332
7 0.44921875 0.4342447916666667 0.041015625 0.024739583333333332
4 0.7275390625 0.1171875 0.515625 0.234375
7 0.666015625 0.2845052083333333 0.107421875 0.01953125
6 0.76123046875 0.2845052083333333 0.0849609375 0.01953125
7 0.9052734375 0.4231770833333333 0.125 0.020833333333333332
0 0.9140625 0.423828125 0.142578125 0.029947916666666668
4 0.23486328125 0.748046875 0.4697265625 0.50390625
0 0.23486328125 0.748046875 0.4697265625 0.50390625
7 0.2783203125 0.873046875 0.193359375 0.17578125
7 0.2783203125 0.8385416666666666 0.1328125 0.046875
7 0.27783203125 0.908203125 0.1884765625 0.06380208333333333
2 0.89599609375 0.5221354166666666 0.1044921875 0.028645833333333332
2 0.89599609375 0.6223958333333334 0.2080078125 0.1015625
0 0.89599609375 0.6223958333333334 0.2080078125 0.12239583333333333
2 0.89599609375 0.7421875 0.2080078125 0.09375
0 0.89599609375 0.7421875 0.2080078125 0.11458333333333333
2 0.89599609375 0.8424479166666666 0.2080078125 0.0625
0 0.89599609375 0.8424479166666666 0.2080078125 0.08333333333333333
2 0.89599609375 0.9244791666666666 0.2080078125 0.057291666666666664
0 0.89599609375 0.9244791666666666 0.2080078125 0.078125
2 0.89599609375 0.9817708333333334 0.2080078125 0.036458333333333336
0 0.89599609375 0.9817708333333334 0.2080078125 0.036458333333333336
4 0.62353515625 0.7063802083333334 0.3076171875 0.4466145833333333
0 0.62353515625 0.7415364583333334 0.3076171875 0.5169270833333334
7 0.5771484375 0.9694010416666666 0.21484375 0.061197916666666664