7 0.07275390625 0.009114583333333334 0.1455078125 0.018229166666666668
2 0.0712890625 0.06315104166666667 0.142578125 0.07942708333333333
7 0.07275390625 0.11458333333333333 0.1455078125 0.026041666666666668
2 0.06591796875 0.17252604166666666 0.1318359375 0.07942708333333333
7 0.07275390625 0.22395833333333334 0.1455078125 0.026041666666666668
2 0.060546875 0.2819010416666667 0.12109375 0.07942708333333333
7 0.07275390625 0.3333333333333333 0.1455078125 0.026041666666666668
7 0.35302734375 0.009114583333333334 0.2001953125 0.018229166666666668
4 0.21875 0.057291666666666664 0.05078125 0.06770833333333333
0 0.21875 0.057291666666666664 0.05078125 0.06770833333333333
2 0.341796875 0.050130208333333336 0.177734375 0.053385416666666664
7 0.35302734375 0.08854166666666667 0.2001953125 0.026041666666666668
4 0.21875 0.140625 0.05078125 0.06770833333333333
0 0.21875 0.140625 0.05078125 0.06770833333333333
2 0.34912109375 0.13346354166666666 0.1923828125 0.053385416666666664
7 0.35302734375 0.171875 0.2001953125 0.026041666666666668
4 0.21875 0.22395833333333334 0.05078125 0.06770833333333333
0 0.21875 0.22395833333333334 0.05078125 0.06770833333333333
2 0.3310546875 0.22981770833333334 0.15625 0.07942708333333333
7 0.35302734375 0.28125 0.2001953125 0.026041666666666668
2 0.22216796875 0.404296875 0.0576171875 0.045572916666666664
4 0.328125 0.4798177083333333 0.26953125 0.040364583333333336
0 0.328125 0.4798177083333333 0.26953125 0.040364583333333336
4 0.55859375 0.158203125 0.138671875 0.31640625
0 0.55859375 0.158203125 0.138671875 0.31640625
4 0.81396484375 0.158203125 0.3720703125 0.31640625
0 0.81396484375 0.158203125 0.3720703125 0.31640625
0 0.9970703125 0.2890625 0.005859375 0.015625
0 0.623046875 0.020833333333333332 0.03515625 0.041666666666666664
4 0.56103515625 0.4453125 0.1435546875 0.109375
2 0.73583984375 0.416015625 0.1669921875 0.022135416666666668
7 0.736328125 0.4733072916666667 0.16796875 0.053385416666666664
4 0.9306640625 0.4440104166666667 0.138671875 0.11197916666666667
2 0.24462890625 0.5703125 0.4892578125 0.140625
2 0.24462890625 0.6848958333333334 0.4892578125 0.036458333333333336
4 0.04541015625 0.7955729166666666 0.0302734375 0.0390625
7 0.12060546875 0.7955729166666666 0.1103515625 0.041666666666666664
4 0.21728515625 0.7955729166666666 0.0302734375 0.0390625
7 0.2861328125 0.7955729166666666 0.09765625 0.041666666666666664
4 0.37646484375 0.7955729166666666 0.0302734375 0.0390625
7 0.4287109375 0.7955729166666666 0.064453125 0.041666666666666664
7 0.02294921875 0.86328125 0.0458984375 0.041666666666666664
4 0.087890625 0.86328125 0.029296875 0.0390625
7 0.1416015625 0.86328125 0.06640625 0.041666666666666664
4 0.216796875 0.86328125 0.029296875 0.0390625
7 0.26171875 0.86328125 0.048828125 0.041666666666666664
4 0.328125 0.86328125 0.029296875 0.0390625
7 0.384765625 0.86328125 0.072265625 0.041666666666666664
4 0.462890625 0.86328125 0.029296875 0.0390625
4 0.033203125 0.9309895833333334 0.029296875 0.0390625
7 0.08740234375 0.9309895833333334 0.0673828125 0.041666666666666664
4 0.1630859375 0.9309895833333334 0.029296875 0.0390625
7 0.2490234375 0.9309895833333334 0.130859375 0.041666666666666664
4 0.3564453125 0.9309895833333334 0.029296875 0.0390625
7 0.40966796875 0.9309895833333334 0.0654296875 0.041666666666666664
4 0.4794921875 0.9309895833333334 0.01953125 0.0390625
7 0.0361328125 0.9889322916666666 0.064453125 0.022135416666666668
4 0.1103515625 0.9895833333333334 0.029296875 0.020833333333333332
7 0.16552734375 0.9889322916666666 0.0693359375 0.022135416666666668
4 0.2421875 0.9895833333333334 0.029296875 0.020833333333333332
7 0.32666015625 0.9889322916666666 0.1279296875 0.022135416666666668
4 0.4326171875 0.9895833333333334 0.029296875 0.020833333333333332
7 0.73681640625 0.5299479166666666 0.4951171875 0.059895833333333336
7 0.49365234375 0.6087239583333334 0.0087890625 0.02734375
6 0.54296875 0.6087239583333334 0.08984375 0.02734375
7 0.62353515625 0.6087239583333334 0.0751953125 0.02734375
6 0.8203125 0.6087239583333334 0.3203125 0.02734375
7 0.74169921875 0.642578125 0.5048828125 0.09505208333333333
6 0.62255859375 0.6764322916666666 0.1552734375 0.02734375
7 0.74462890625 0.6764322916666666 0.0908203125 0.02734375
6 0.83642578125 0.6764322916666666 0.0927734375 0.02734375
7 0.900390625 0.6764322916666666 0.0390625 0.02734375
6 0.734375 0.693359375 0.490234375 0.061197916666666664
7 0.53271484375 0.7102864583333334 0.0048828125 0.02734375
4 0.50830078125 0.9361979166666666 0.0380859375 0.09635416666666667
0 0.60888671875 0.9440104166666666 0.2392578125 0.11197916666666667
2 0.6357421875 0.9095052083333334 0.185546875 0.04296875
6 0.6357421875 0.953125 0.185546875 0.044270833333333336
4 0.7939453125 0.9361979166666666 0.072265625 0.09635416666666667
0 0.87890625 0.9440104166666666 0.2421875 0.11197916666666667
2 0.9228515625 0.9095052083333334 0.154296875 0.04296875
6 0.9228515625 0.9641927083333334 0.154296875 0.06640625