0 0.1025390625 0.015625 0.205078125 0.03125
7 0.1025390625 0.09895833333333333 0.205078125 0.057291666666666664
7 0.08251953125 0.24739583333333334 0.1650390625 0.018229166666666668
7 0.16845703125 0.24153645833333334 0.0087890625 0.014322916666666666
7 0.10107421875 0.2571614583333333 0.2021484375 0.037760416666666664
6 0.033203125 0.2864583333333333 0.06640625 0.018229166666666668
6 0.109375 0.2864583333333333 0.0703125 0.018229166666666668
2 0.69482421875 0.11979166666666667 0.6103515625 0.15625
2 0.69482421875 0.236328125 0.6103515625 0.05078125
7 0.69482421875 0.3014322916666667 0.6103515625 0.02734375
7 0.69482421875 0.341796875 0.6103515625 0.02734375
7 0.69482421875 0.3821614583333333 0.6103515625 0.02734375
2 0.20556640625 0.4811197916666667 0.3681640625 0.05859375
7 0.04638671875 0.59375 0.0791015625 0.020833333333333332
6 0.115234375 0.5911458333333334 0.05859375 0.03125
7 0.14892578125 0.59375 0.0087890625 0.020833333333333332
6 0.18505859375 0.5911458333333334 0.0634765625 0.03125
7 0.02685546875 0.640625 0.0400390625 0.020833333333333332
6 0.076171875 0.6380208333333334 0.05859375 0.03125
7 0.10986328125 0.640625 0.0087890625 0.020833333333333332
6 0.1494140625 0.6380208333333334 0.0703125 0.03125
7 0.0302734375 0.6875 0.046875 0.020833333333333332
6 0.0830078125 0.6848958333333334 0.05859375 0.03125
7 0.11669921875 0.6875 0.0087890625 0.020833333333333332
6 0.15283203125 0.6848958333333334 0.0634765625 0.03125
7 0.0244140625 0.734375 0.03515625 0.020833333333333332
6 0.0712890625 0.7317708333333334 0.05859375 0.03125
7 0.0322265625 0.78125 0.05078125 0.020833333333333332
6 0.0869140625 0.7786458333333334 0.05859375 0.03125
7 0.12060546875 0.78125 0.0087890625 0.020833333333333332
6 0.1591796875 0.7786458333333334 0.068359375 0.03125
0 0.1552734375 0.8984375 0.296875 0.018229166666666668
0 0.1552734375 0.9427083333333334 0.296875 0.018229166666666668
0 0.1552734375 0.9869791666666666 0.296875 0.018229166666666668
4 0.69482421875 0.724609375 0.6103515625 0.55078125
4 0.46630859375 0.4856770833333333 0.0517578125 0.07291666666666667
2 0.62109375 0.4694010416666667 0.220703125 0.040364583333333336
2 0.61181640625 0.5078125 0.2021484375 0.046875
7 0.607421875 0.5885416666666666 0.333984375 0.078125
7 0.58251953125 0.6614583333333334 0.2841796875 0.026041666666666668
6 0.49072265625 0.6875 0.1005859375 0.026041666666666668
7 0.53515625 0.734375 0.189453125 0.026041666666666668
6 0.57568359375 0.7604166666666666 0.2705078125 0.026041666666666668
7 0.607421875 0.8072916666666666 0.333984375 0.026041666666666668
0 0.50634765625 0.8723958333333334 0.1318359375 0.0625
4 0.69482421875 0.724609375 0.6103515625 0.55078125
4 0.69482421875 0.724609375 0.6103515625 0.55078125
2 0.49658203125 0.580078125 0.2138671875 0.11848958333333333
2 0.69482421875 0.677734375 0.6103515625 0.06901041666666667