7 0.4833984375 0.049479166666666664 0.2734375 0.028645833333333332
6 0.474609375 0.103515625 0.255859375 0.022135416666666668
7 0.482421875 0.11783854166666667 0.271484375 0.05078125
0 0.4833984375 0.208984375 0.2734375 0.045572916666666664
7 0.4833984375 0.2994791666666667 0.2734375 0.057291666666666664
7 0.46923828125 0.4479166666666667 0.2216796875 0.018229166666666668
7 0.58349609375 0.4420572916666667 0.0087890625 0.014322916666666666
7 0.48291015625 0.4576822916666667 0.2685546875 0.037760416666666664
6 0.4443359375 0.4869791666666667 0.07421875 0.018229166666666668
6 0.5244140625 0.4869791666666667 0.0703125 0.018229166666666668
6 0.8271484375 0.3541666666666667 0.314453125 0.2838541666666667
2 0.5576171875 0.8287760416666666 0.224609375 0.040364583333333336
2 0.5576171875 0.8697916666666666 0.224609375 0.03125
0 0.5576171875 0.958984375 0.224609375 0.06380208333333333
4 0.4345703125 0.7799479166666666 0.470703125 0.4401041666666667
0 0.0751953125 0.7057291666666666 0.150390625 0.078125
4 0.123046875 0.7057291666666666 0.0234375 0.03125
0 0.0751953125 0.8046875 0.150390625 0.078125
4 0.123046875 0.8046875 0.0234375 0.03125
0 0.0751953125 0.9036458333333334 0.150390625 0.078125
4 0.123046875 0.9036458333333334 0.0234375 0.03125
3 0.8349609375 0.62890625 0.330078125 0.13802083333333334
7 0.8349609375 0.875 0.330078125 0.1484375
7 0.703125 0.9791666666666666 0.06640625 0.0234375
7 0.8349609375 0.9837239583333334 0.330078125 0.032552083333333336