6 0.02294921875 0.16471354166666666 0.0458984375 0.016927083333333332
4 0.85693359375 0.06705729166666667 0.2861328125 0.13411458333333334
2 0.47509765625 0.2545572916666667 0.0517578125 0.048177083333333336
2 0.611328125 0.2545572916666667 0.22265625 0.048177083333333336
7 0.5732421875 0.3522135416666667 0.248046875 0.022135416666666668
7 0.8662109375 0.3522135416666667 0.267578125 0.022135416666666668
7 0.5029296875 0.007161458333333333 0.0703125 0.014322916666666666
6 0.50927734375 0.042317708333333336 0.0830078125 0.022135416666666668
6 0.49267578125 0.06705729166666667 0.0498046875 0.022135416666666668
6 0.4892578125 0.10481770833333333 0.04296875 0.022135416666666668
6 0.482421875 0.12955729166666666 0.029296875 0.022135416666666668
6 0.501953125 0.154296875 0.068359375 0.022135416666666668
6 0.4833984375 0.19205729166666666 0.03125 0.022135416666666668
6 0.509765625 0.22981770833333334 0.083984375 0.022135416666666668
6 0.50439453125 0.2545572916666667 0.0732421875 0.022135416666666668
6 0.48583984375 0.2923177083333333 0.0361328125 0.022135416666666668
7 0.5078125 0.2923177083333333 0.009765625 0.022135416666666668
6 0.53515625 0.2923177083333333 0.046875 0.022135416666666668
7 0.5625 0.2923177083333333 0.009765625 0.022135416666666668
6 0.5849609375 0.2923177083333333 0.037109375 0.022135416666666668
6 0.494140625 0.3170572916666667 0.052734375 0.022135416666666668
7 0.5244140625 0.3170572916666667 0.009765625 0.022135416666666668
6 0.54150390625 0.3170572916666667 0.0263671875 0.022135416666666668
4 0.73779296875 0.005859375 0.0205078125 0.01171875
7 0.77685546875 0.00390625 0.0498046875 0.0078125
7 0.859375 0.109375 0.263671875 0.1015625
7 0.86376953125 0.21875 0.2724609375 0.046875
3 0.224609375 0.587890625 0.44921875 0.4361979166666667
0 0.224609375 0.587890625 0.44921875 0.4361979166666667
4 0.224609375 0.935546875 0.44921875 0.12890625
4 0.724609375 0.6022135416666666 0.55078125 0.46484375
0 0.724609375 0.6848958333333334 0.55078125 0.6302083333333334
2 0.64599609375 0.919921875 0.3935546875 0.11067708333333333
7 0.59375 0.9973958333333334 0.134765625 0.005208333333333333