2 0.1025390625 0.17643229166666666 0.205078125 0.14973958333333334
2 0.21337890625 0.212890625 0.4267578125 0.07942708333333333
7 0.1767578125 0.3079427083333333 0.353515625 0.06380208333333333
0 0.03759765625 0.3990885416666667 0.0751953125 0.05859375
7 0.4716796875 0.005208333333333333 0.064453125 0.010416666666666666
0 0.47607421875 0.011067708333333334 0.0732421875 0.022135416666666668
7 0.53955078125 0.005208333333333333 0.0380859375 0.010416666666666666
0 0.53955078125 0.011067708333333334 0.0556640625 0.022135416666666668
7 0.6044921875 0.005208333333333333 0.05859375 0.010416666666666666
0 0.60498046875 0.011067708333333334 0.0771484375 0.022135416666666668
7 0.67333984375 0.005208333333333333 0.0439453125 0.010416666666666666
0 0.67333984375 0.011067708333333334 0.0615234375 0.022135416666666668
2 0.716796875 0.099609375 0.5546875 0.03515625
7 0.716796875 0.1484375 0.5546875 0.03125
0 0.06787109375 0.4856770833333333 0.1083984375 0.013020833333333334
0 0.18896484375 0.4856770833333333 0.1357421875 0.013020833333333334
0 0.2939453125 0.4856770833333333 0.076171875 0.013020833333333334
0 0.3642578125 0.4856770833333333 0.06640625 0.013020833333333334
7 0.13037109375 0.5501302083333334 0.2607421875 0.024739583333333332
7 0.30810546875 0.5501302083333334 0.0947265625 0.024739583333333332
2 0.1181640625 0.7584635416666666 0.236328125 0.06380208333333333
2 0.0673828125 0.8209635416666666 0.134765625 0.061197916666666664
4 0.3564453125 0.7942708333333334 0.166015625 0.265625
7 0.76171875 0.6341145833333334 0.4765625 0.026041666666666668
7 0.76171875 0.7161458333333334 0.4765625 0.10677083333333333
1 0.76171875 0.82421875 0.4765625 0.0625
0 0.826171875 0.966796875 0.318359375 0.06640625