1 0.1611328125 0.020833333333333332 0.248046875 0.041666666666666664
1 0.3349609375 0.020833333333333332 0.1015625 0.041666666666666664
1 0.474609375 0.020833333333333332 0.1796875 0.041666666666666664
2 0.28466796875 0.13151041666666666 0.5693359375 0.028645833333333332
6 0.03564453125 0.158203125 0.0712890625 0.024739583333333332
7 0.16259765625 0.158203125 0.1826171875 0.024739583333333332
6 0.265625 0.158203125 0.0234375 0.024739583333333332
7 0.34326171875 0.158203125 0.1318359375 0.024739583333333332
3 0.28466796875 0.3372395833333333 0.5693359375 0.22395833333333334
2 0.2001953125 0.126953125 0.3125 0.04296875
4 0.3251953125 0.12174479166666667 0.0234375 0.032552083333333336
4 0.11376953125 0.19856770833333334 0.0322265625 0.04296875
0 0.2001953125 0.19986979166666666 0.2734375 0.053385416666666664
7 0.2109375 0.19921875 0.1640625 0.028645833333333332
4 0.1201171875 0.2662760416666667 0.03125 0.04296875
0 0.2001953125 0.267578125 0.2734375 0.053385416666666664
7 0.21240234375 0.2669270833333333 0.1474609375 0.028645833333333332
7 0.2001953125 0.3352864583333333 0.212890625 0.022135416666666668
5 0.2001953125 0.3899739583333333 0.2734375 0.02734375
1 0.2001953125 0.4283854166666667 0.2734375 0.041666666666666664
4 0.28466796875 0.224609375 0.5693359375 0.44921875
1 0.63232421875 0.013671875 0.1259765625 0.02734375
0 0.7685546875 0.013671875 0.13671875 0.02734375
0 0.91015625 0.013671875 0.13671875 0.02734375
0 0.61474609375 0.07291666666666667 0.0361328125 0.0546875
0 0.6845703125 0.07291666666666667 0.046875 0.0546875
0 0.77734375 0.07291666666666667 0.08203125 0.0546875
0 0.86669921875 0.07291666666666667 0.0400390625 0.0546875
0 0.64111328125 0.12760416666666666 0.0673828125 0.0546875
0 0.724609375 0.12760416666666666 0.04296875 0.0546875
4 0.92431640625 0.07356770833333333 0.0166015625 0.022135416666666668
0 0.78466796875 0.14713541666666666 0.4306640625 0.09375
2 0.78466796875 0.14713541666666666 0.4306640625 0.03125
4 0.85107421875 0.3326822916666667 0.2470703125 0.23307291666666666
0 0.64892578125 0.3326822916666667 0.1591796875 0.23307291666666666
4 0.64892578125 0.3326822916666667 0.1591796875 0.23307291666666666
4 0.85107421875 0.3326822916666667 0.2470703125 0.23307291666666666
2 0.8515625 0.28125 0.20703125 0.078125
6 0.8515625 0.359375 0.20703125 0.044270833333333336
7 0.791015625 0.3971354166666667 0.0859375 0.020833333333333332
3 0.22509765625 0.5442708333333334 0.4501953125 0.1171875
4 0.3359375 0.8229166666666666 0.466796875 0.3541666666666667
0 0.3359375 0.8229166666666666 0.466796875 0.3541666666666667
3 0.1669921875 0.724609375 0.333984375 0.55078125
4 0.28466796875 0.724609375 0.5693359375 0.55078125
4 0.78466796875 0.5384114583333334 0.4306640625 0.17838541666666666
2 0.78466796875 0.8040364583333334 0.4306640625 0.055989583333333336
7 0.78466796875 0.92578125 0.4306640625 0.13541666666666666