6 0.0458984375 0.015625 0.037109375 0.020833333333333332
6 0.10205078125 0.015625 0.0556640625 0.020833333333333332
6 0.16357421875 0.015625 0.0478515625 0.020833333333333332
6 0.22412109375 0.015625 0.0537109375 0.020833333333333332
6 0.28564453125 0.015625 0.0498046875 0.020833333333333332
0 0.341796875 0.024088541666666668 0.04296875 0.048177083333333336
6 0.01416015625 0.072265625 0.0283203125 0.022135416666666668
7 0.1142578125 0.06901041666666667 0.03125 0.013020833333333334
1 0.15283203125 0.06901041666666667 0.0263671875 0.018229166666666668
4 0.0869140625 0.18880208333333334 0.173828125 0.2109375
7 0.0517578125 0.2858072916666667 0.025390625 0.014322916666666666
7 0.1123046875 0.2858072916666667 0.01953125 0.014322916666666666
7 0.1640625 0.2858072916666667 0.01953125 0.014322916666666666
7 0.1552734375 0.267578125 0.03125 0.014322916666666666
7 0.1552734375 0.20377604166666666 0.03125 0.014322916666666666
7 0.1552734375 0.14127604166666666 0.03125 0.014322916666666666
7 0.22802734375 0.06901041666666667 0.0908203125 0.015625
7 0.19775390625 0.11002604166666667 0.0302734375 0.022135416666666668
0 0.2177734375 0.111328125 0.0859375 0.053385416666666664
6 0.2412109375 0.11002604166666667 0.0234375 0.022135416666666668
7 0.19384765625 0.16341145833333334 0.0224609375 0.022135416666666668
0 0.2177734375 0.16341145833333334 0.0859375 0.053385416666666664
6 0.24462890625 0.16341145833333334 0.0166015625 0.022135416666666668
7 0.1943359375 0.21549479166666666 0.0234375 0.022135416666666668
0 0.2177734375 0.216796875 0.0859375 0.053385416666666664
6 0.24462890625 0.21549479166666666 0.0166015625 0.022135416666666668
7 0.19580078125 0.2688802083333333 0.0263671875 0.022135416666666668
0 0.2177734375 0.2688802083333333 0.0859375 0.053385416666666664
6 0.24462890625 0.2688802083333333 0.0166015625 0.022135416666666668
7 0.28466796875 0.11002604166666667 0.0302734375 0.022135416666666668
0 0.30517578125 0.111328125 0.0869140625 0.053385416666666664
6 0.330078125 0.11002604166666667 0.021484375 0.022135416666666668
7 0.28515625 0.16341145833333334 0.03125 0.022135416666666668
0 0.30517578125 0.16341145833333334 0.0869140625 0.053385416666666664
6 0.330078125 0.16341145833333334 0.021484375 0.022135416666666668
7 0.28173828125 0.21549479166666666 0.0244140625 0.022135416666666668
0 0.30517578125 0.216796875 0.0869140625 0.053385416666666664
6 0.330078125 0.21549479166666666 0.021484375 0.022135416666666668
7 0.27734375 0.2688802083333333 0.015625 0.022135416666666668
0 0.30517578125 0.2688802083333333 0.0869140625 0.053385416666666664
6 0.330078125 0.2688802083333333 0.021484375 0.022135416666666668
0 0.388671875 0.06901041666666667 0.0625 0.015625
6 0.37939453125 0.11848958333333333 0.0439453125 0.018229166666666668
0 0.384765625 0.119140625 0.0703125 0.06901041666666667
6 0.37939453125 0.1796875 0.0439453125 0.018229166666666668
0 0.384765625 0.18033854166666666 0.0703125 0.053385416666666664
6 0.41064453125 0.171875 0.0185546875 0.015625
6 0.37939453125 0.240234375 0.0439453125 0.016927083333333332
0 0.384765625 0.24088541666666666 0.0703125 0.0703125
6 0.41064453125 0.22395833333333334 0.0185546875 0.015625
6 0.37939453125 0.3092447916666667 0.0439453125 0.016927083333333332
0 0.384765625 0.3098958333333333 0.0703125 0.0703125
6 0.41064453125 0.29296875 0.0185546875 0.015625
6 0.37939453125 0.3697916666666667 0.0439453125 0.018229166666666668
0 0.384765625 0.3704427083333333 0.0703125 0.053385416666666664
6 0.41064453125 0.36328125 0.0185546875 0.015625
6 0.37939453125 0.4309895833333333 0.0439453125 0.018229166666666668
0 0.384765625 0.431640625 0.0703125 0.06901041666666667
6 0.41064453125 0.4147135416666667 0.0185546875 0.014322916666666666
6 0.37939453125 0.4921875 0.0439453125 0.018229166666666668
0 0.384765625 0.4928385416666667 0.0703125 0.053385416666666664
6 0.37939453125 0.552734375 0.0439453125 0.016927083333333332
0 0.384765625 0.5533854166666666 0.0703125 0.0703125
6 0.37939453125 0.6119791666666666 0.0439453125 0.015625
6 0.41064453125 0.6067708333333334 0.0185546875 0.015625
3 0.2099609375 0.3802083333333333 0.419921875 0.1171875
6 0.0576171875 0.513671875 0.06640625 0.01953125
6 0.14892578125 0.513671875 0.0888671875 0.01953125
6 0.22412109375 0.513671875 0.0341796875 0.01953125
6 0.27099609375 0.513671875 0.0322265625 0.01953125
6 0.3232421875 0.513671875 0.044921875 0.01953125
6 0.3779296875 0.513671875 0.037109375 0.01953125
6 0.4150390625 0.513671875 0.009765625 0.01953125
4 0.18359375 0.2942708333333333 0.123046875 0.1640625
2 0.2099609375 0.4231770833333333 0.419921875 0.044270833333333336
7 0.2099609375 0.51953125 0.419921875 0.09895833333333333
2 0.7099609375 0.3098958333333333 0.580078125 0.6197916666666666
2 0.7099609375 0.09440104166666667 0.580078125 0.10286458333333333
2 0.7099609375 0.23763020833333334 0.580078125 0.037760416666666664
0 0.712890625 0.3522135416666667 0.23046875 0.08463541666666667
7 0.71240234375 0.4348958333333333 0.2158203125 0.0234375
4 0.7099609375 0.560546875 0.580078125 0.11848958333333333
7 0.16455078125 0.658203125 0.3291015625 0.048177083333333336
2 0.134765625 0.8509114583333334 0.26953125 0.04296875
2 0.13134765625 0.955078125 0.2626953125 0.032552083333333336
1 0.90185546875 0.6282552083333334 0.1689453125 0.016927083333333332
1 0.4453125 0.6998697916666666 0.05078125 0.024739583333333332
6 0.5224609375 0.69921875 0.064453125 0.018229166666666668
6 0.587890625 0.69921875 0.029296875 0.018229166666666668
6 0.6357421875 0.69921875 0.025390625 0.018229166666666668
4 0.43896484375 0.9375 0.0380859375 0.0625
7 0.5048828125 0.9251302083333334 0.0078125 0.01953125
6 0.54736328125 0.9251302083333334 0.0771484375 0.01953125
7 0.5048828125 0.9498697916666666 0.0078125 0.01953125
6 0.52880859375 0.9498697916666666 0.0400390625 0.01953125
4 0.69140625 0.9375 0.046875 0.0625
7 0.76171875 0.9251302083333334 0.0078125 0.01953125
6 0.81884765625 0.9251302083333334 0.1064453125 0.01953125
7 0.76171875 0.9498697916666666 0.0078125 0.01953125
6 0.8232421875 0.9498697916666666 0.115234375 0.01953125