1 0.21484375 0.04296875 0.4296875 0.0390625
4 0.05029296875 0.23046875 0.0712890625 0.09375
7 0.05029296875 0.314453125 0.0732421875 0.02734375
7 0.1162109375 0.3567708333333333 0.025390625 0.020833333333333332
7 0.01123046875 0.3567708333333333 0.0224609375 0.020833333333333332
4 0.06005859375 0.3567708333333333 0.0302734375 0.020833333333333332
0 0.06982421875 0.2890625 0.1396484375 0.2604166666666667
4 0.00732421875 0.3828125 0.0126953125 0.015625
4 0.02197265625 0.3828125 0.0126953125 0.015625
4 0.03662109375 0.3828125 0.0126953125 0.015625
7 0.11572265625 0.3854166666666667 0.0263671875 0.0234375
4 0.13330078125 0.38671875 0.0107421875 0.026041666666666668
4 0.2412109375 0.23046875 0.0703125 0.09375
7 0.25 0.314453125 0.173828125 0.02734375
4 0.3046875 0.314453125 0.029296875 0.02734375
0 0.2412109375 0.2890625 0.177734375 0.2604166666666667
7 0.30712890625 0.3567708333333333 0.0244140625 0.020833333333333332
7 0.18798828125 0.3567708333333333 0.0498046875 0.020833333333333332
4 0.2509765625 0.3567708333333333 0.029296875 0.020833333333333332
4 0.1689453125 0.3828125 0.01171875 0.015625
4 0.18359375 0.3828125 0.01171875 0.015625
4 0.1982421875 0.3828125 0.01171875 0.015625
4 0.212890625 0.3828125 0.01171875 0.015625
4 0.2275390625 0.3828125 0.01171875 0.015625
7 0.306640625 0.3854166666666667 0.025390625 0.0234375
4 0.32421875 0.38671875 0.009765625 0.026041666666666668
4 0.4130859375 0.23046875 0.033203125 0.09375
7 0.3916015625 0.314453125 0.076171875 0.02734375
0 0.38623046875 0.2890625 0.0869140625 0.2604166666666667
7 0.37890625 0.3567708333333333 0.05078125 0.020833333333333332
4 0.35986328125 0.3828125 0.0126953125 0.015625
4 0.37451171875 0.3828125 0.0126953125 0.015625
4 0.38916015625 0.3828125 0.0126953125 0.015625
4 0.40380859375 0.3828125 0.0126953125 0.015625
4 0.41845703125 0.3828125 0.0126953125 0.015625
1 0.67138671875 0.14127604166666666 0.4833984375 0.045572916666666664
4 0.93212890625 0.14192708333333334 0.0244140625 0.03125
0 0.9384765625 0.14192708333333334 0.04296875 0.057291666666666664
1 0.55419921875 0.21028645833333334 0.0771484375 0.048177083333333336
1 0.64599609375 0.21028645833333334 0.0849609375 0.048177083333333336
1 0.73974609375 0.21028645833333334 0.0830078125 0.048177083333333336
7 0.6484375 0.2643229166666667 0.1796875 0.033854166666666664
4 0.05419921875 0.6067708333333334 0.1083984375 0.1953125
0 0.05419921875 0.6067708333333334 0.1083984375 0.1953125
7 0.04638671875 0.6100260416666666 0.0927734375 0.02734375
7 0.04638671875 0.6360677083333334 0.0927734375 0.02734375
6 0.04638671875 0.669921875 0.0927734375 0.022135416666666668
4 0.2333984375 0.6067708333333334 0.244140625 0.1953125
0 0.2333984375 0.6067708333333334 0.244140625 0.1953125
7 0.2333984375 0.6100260416666666 0.212890625 0.02734375
7 0.2333984375 0.6360677083333334 0.212890625 0.02734375
6 0.2333984375 0.669921875 0.212890625 0.022135416666666668
7 0.40185546875 0.6100260416666666 0.0556640625 0.02734375
7 0.40185546875 0.6360677083333334 0.0556640625 0.02734375
6 0.40185546875 0.669921875 0.0556640625 0.022135416666666668
2 0.21484375 0.7669270833333334 0.4296875 0.041666666666666664
0 0.02001953125 0.8385416666666666 0.0400390625 0.052083333333333336
0 0.083984375 0.8385416666666666 0.072265625 0.052083333333333336
0 0.185546875 0.8385416666666666 0.115234375 0.052083333333333336
0 0.29443359375 0.8385416666666666 0.0888671875 0.052083333333333336
0 0.3876953125 0.8385416666666666 0.083984375 0.052083333333333336
0 0.11279296875 0.9544270833333334 0.2255859375 0.09114583333333333
6 0.10302734375 0.93359375 0.2060546875 0.044270833333333336
6 0.10302734375 0.9453125 0.0185546875 0.0234375
6 0.10888671875 0.9713541666666666 0.2177734375 0.0234375
4 0.2802734375 0.9544270833333334 0.078125 0.09114583333333333
0 0.33544921875 0.9544270833333334 0.1884765625 0.09114583333333333
6 0.38037109375 0.9283854166666666 0.0986328125 0.020833333333333332
6 0.38037109375 0.9544270833333334 0.0986328125 0.0234375
7 0.375 0.990234375 0.087890625 0.01953125
6 0.453125 0.5208333333333334 0.046875 0.0234375
6 0.60400390625 0.5208333333333334 0.2119140625 0.0234375
6 0.75244140625 0.5208333333333334 0.0419921875 0.0234375
1 0.884765625 0.5221354166666666 0.181640625 0.026041666666666668
4 0.98388671875 0.5201822916666666 0.0185546875 0.022135416666666668
0 0.9873046875 0.5221354166666666 0.025390625 0.026041666666666668
3 0.71484375 0.6705729166666666 0.5703125 0.1171875
2 0.78759765625 0.9381510416666666 0.4248046875 0.12369791666666667