0 0.0830078125 0.11393229166666667 0.166015625 0.22786458333333334
7 0.08251953125 0.11653645833333333 0.1650390625 0.23307291666666666
7 0.3701171875 0.032552083333333336 0.05859375 0.06510416666666667
7 0.3701171875 0.10677083333333333 0.05859375 0.015625
0 0.3701171875 0.14713541666666666 0.05859375 0.09635416666666667
7 0.3701171875 0.15755208333333334 0.05859375 0.07291666666666667
4 0.19970703125 0.12044270833333333 0.3994140625 0.24088541666666666
7 0.12548828125 0.2799479166666667 0.2509765625 0.052083333333333336
7 0.3251953125 0.2799479166666667 0.1484375 0.052083333333333336
4 0.69970703125 0.028645833333333332 0.6005859375 0.057291666666666664
7 0.806640625 0.15494791666666666 0.38671875 0.06510416666666667
7 0.65771484375 0.201171875 0.0888671875 0.022135416666666668
6 0.73486328125 0.201171875 0.0693359375 0.022135416666666668
6 0.8115234375 0.201171875 0.078125 0.022135416666666668
7 0.91455078125 0.201171875 0.1279296875 0.022135416666666668
6 0.806640625 0.21549479166666666 0.38671875 0.05078125
7 0.79638671875 0.3046875 0.4072265625 0.046875
2 0.48583984375 0.16471354166666666 0.1728515625 0.3294270833333333
0 0.60595703125 0.03125 0.0751953125 0.052083333333333336
0 0.681640625 0.03125 0.078125 0.052083333333333336
0 0.99462890625 0.03125 0.0107421875 0.052083333333333336
4 0.4814453125 0.08072916666666667 0.15625 0.16145833333333334
6 0.44970703125 0.205078125 0.0556640625 0.01953125
6 0.44677734375 0.22981770833333334 0.0498046875 0.01953125
6 0.46826171875 0.2545572916666667 0.0927734375 0.01953125
6 0.4560546875 0.279296875 0.068359375 0.01953125
6 0.45263671875 0.3040364583333333 0.0615234375 0.01953125
7 0.0595703125 0.3470052083333333 0.119140625 0.016927083333333332
6 0.14697265625 0.3470052083333333 0.0576171875 0.016927083333333332
7 0.24755859375 0.3470052083333333 0.1455078125 0.016927083333333332
6 0.02099609375 0.3704427083333333 0.0419921875 0.016927083333333332
7 0.04296875 0.3704427083333333 0.00390625 0.016927083333333332
2 0.17529296875 0.4205729166666667 0.3505859375 0.033854166666666664
2 0.02392578125 0.498046875 0.0478515625 0.024739583333333332
7 0.17529296875 0.568359375 0.3505859375 0.032552083333333336
0 0.16015625 0.615234375 0.056640625 0.024739583333333332
0 0.03515625 0.6393229166666666 0.0703125 0.033854166666666664
0 0.1640625 0.6393229166666666 0.064453125 0.033854166666666664
0 0.0185546875 0.66796875 0.037109375 0.033854166666666664
0 0.18505859375 0.66796875 0.1064453125 0.033854166666666664
0 0.03369140625 0.6953125 0.0673828125 0.033854166666666664
0 0.169921875 0.6953125 0.076171875 0.033854166666666664
0 0.169921875 0.7239583333333334 0.076171875 0.033854166666666664
0 0.17822265625 0.7513020833333334 0.0927734375 0.033854166666666664
6 0.03466796875 0.82421875 0.0693359375 0.018229166666666668
7 0.0703125 0.82421875 0.00390625 0.018229166666666668
3 0.60302734375 0.5572916666666666 0.2939453125 0.3255208333333333
2 0.88427734375 0.4016927083333333 0.2314453125 0.024739583333333332
2 0.88427734375 0.4342447916666667 0.2314453125 0.024739583333333332
0 0.88427734375 0.4342447916666667 0.2314453125 0.024739583333333332
7 0.88427734375 0.5188802083333334 0.2314453125 0.12369791666666667
2 0.88427734375 0.6061197916666666 0.2314453125 0.024739583333333332
0 0.88427734375 0.6061197916666666 0.2314453125 0.024739583333333332
7 0.88427734375 0.6783854166666666 0.2314453125 0.09895833333333333
2 0.88427734375 0.7532552083333334 0.2314453125 0.024739583333333332
0 0.88427734375 0.7532552083333334 0.2314453125 0.024739583333333332
0 0.49169921875 0.80078125 0.1845703125 0.049479166666666664
0 0.71728515625 0.80078125 0.1884765625 0.049479166666666664
0 0.9248046875 0.80078125 0.150390625 0.049479166666666664
0 0.49169921875 0.8606770833333334 0.1845703125 0.049479166666666664
0 0.71728515625 0.8606770833333334 0.1884765625 0.049479166666666664
0 0.9248046875 0.8606770833333334 0.150390625 0.049479166666666664
0 0.49169921875 0.9205729166666666 0.1845703125 0.049479166666666664
0 0.71728515625 0.9205729166666666 0.1884765625 0.049479166666666664
0 0.9248046875 0.9205729166666666 0.150390625 0.049479166666666664
3 0.67919921875 0.98046875 0.5595703125 0.0390625