0 0.07763671875 0.02734375 0.1552734375 0.0546875
7 0.07763671875 0.06705729166666667 0.1552734375 0.024739583333333332
0 0.07763671875 0.15625 0.1552734375 0.08854166666666667
7 0.07763671875 0.212890625 0.1552734375 0.024739583333333332
0 0.07763671875 0.3020833333333333 0.1552734375 0.08854166666666667
7 0.07763671875 0.3580729166666667 0.1552734375 0.0234375
4 0.3427734375 0.09895833333333333 0.2734375 0.19791666666666666
0 0.3427734375 0.10221354166666667 0.2734375 0.20442708333333334
0 0.3427734375 0.2819010416666667 0.2734375 0.11848958333333333
2 0.73974609375 0.07682291666666667 0.5205078125 0.046875
2 0.73974609375 0.16796875 0.5205078125 0.03125
7 0.73974609375 0.20703125 0.5205078125 0.026041666666666668
4 0.0146484375 0.7259114583333334 0.01171875 0.014322916666666666
4 0.0380859375 0.7259114583333334 0.01171875 0.014322916666666666
0 0.06103515625 0.7272135416666666 0.0107421875 0.022135416666666668
2 0.130859375 0.4479166666666667 0.259765625 0.059895833333333336
6 0.0537109375 0.4895833333333333 0.10546875 0.020833333333333332
7 0.13720703125 0.5598958333333334 0.2724609375 0.08854166666666667
6 0.02392578125 0.6223958333333334 0.0458984375 0.026041666666666668
4 0.39892578125 0.453125 0.1611328125 0.0625
0 0.39892578125 0.5631510416666666 0.1611328125 0.2825520833333333
2 0.03955078125 0.7825520833333334 0.0791015625 0.033854166666666664
2 0.0390625 0.84765625 0.078125 0.052083333333333336
7 0.0400390625 0.94140625 0.080078125 0.1171875
6 0.01416015625 0.98828125 0.0283203125 0.0234375
2 0.20654296875 0.7825520833333334 0.1376953125 0.026041666666666668
4 0.2138671875 0.904296875 0.171875 0.15755208333333334
0 0.2138671875 0.9036458333333334 0.171875 0.15625
2 0.2138671875 0.9908854166666666 0.171875 0.018229166666666668
4 0.4169921875 0.697265625 0.125 0.60546875
0 0.4169921875 0.51953125 0.125 0.2604166666666667
2 0.4267578125 0.6946614583333334 0.10546875 0.037760416666666664
0 0.42724609375 0.7552083333333334 0.1044921875 0.033854166666666664
0 0.42724609375 0.7877604166666666 0.1044921875 0.033854166666666664
0 0.42724609375 0.8203125 0.1044921875 0.033854166666666664
0 0.42724609375 0.8528645833333334 0.1044921875 0.033854166666666664
0 0.42724609375 0.8854166666666666 0.1044921875 0.033854166666666664
0 0.42724609375 0.91796875 0.1044921875 0.033854166666666664
6 0.42724609375 0.94921875 0.1044921875 0.026041666666666668
0 0.42724609375 0.9505208333333334 0.1044921875 0.033854166666666664
0 0.63623046875 0.509765625 0.2587890625 0.055989583333333336
0 0.8828125 0.509765625 0.234375 0.055989583333333336
2 0.76123046875 0.58984375 0.4775390625 0.036458333333333336
0 0.5576171875 0.6471354166666666 0.0703125 0.057291666666666664
0 0.626953125 0.6471354166666666 0.0703125 0.057291666666666664
0 0.6962890625 0.6471354166666666 0.0703125 0.057291666666666664
0 0.765625 0.6471354166666666 0.0703125 0.057291666666666664
0 0.8349609375 0.6471354166666666 0.0703125 0.057291666666666664
0 0.904296875 0.6471354166666666 0.0703125 0.057291666666666664
0 0.96923828125 0.6471354166666666 0.0615234375 0.057291666666666664
7 0.63671875 0.72265625 0.130859375 0.020833333333333332
7 0.751953125 0.72265625 0.099609375 0.020833333333333332
7 0.8095703125 0.72265625 0.017578125 0.020833333333333332
7 0.85888671875 0.72265625 0.0830078125 0.020833333333333332
7 0.912109375 0.72265625 0.025390625 0.020833333333333332
7 0.6240234375 0.7526041666666666 0.07421875 0.020833333333333332
7 0.67822265625 0.7526041666666666 0.0341796875 0.020833333333333332
7 0.748046875 0.7526041666666666 0.107421875 0.020833333333333332
7 0.78564453125 0.783203125 0.4287109375 0.029947916666666668
2 0.76123046875 0.8815104166666666 0.4775390625 0.036458333333333336
0 0.58349609375 0.9388020833333334 0.1220703125 0.057291666666666664
0 0.70458984375 0.9388020833333334 0.1220703125 0.057291666666666664
0 0.82666015625 0.9388020833333334 0.1220703125 0.057291666666666664
0 0.943359375 0.9388020833333334 0.11328125 0.057291666666666664