7 0.2294921875 0.033203125 0.419921875 0.06640625
7 0.296875 0.055989583333333336 0.076171875 0.020833333333333332
7 0.38671875 0.055989583333333336 0.10546875 0.020833333333333332
7 0.2294921875 0.06966145833333333 0.419921875 0.048177083333333336
6 0.04345703125 0.18424479166666666 0.0869140625 0.055989583333333336
4 0.2197265625 0.349609375 0.439453125 0.4388020833333333
2 0.17578125 0.5319010416666666 0.3515625 0.07421875
7 0.88134765625 0.025390625 0.0146484375 0.029947916666666668
0 0.880859375 0.026692708333333332 0.044921875 0.053385416666666664
7 0.65234375 0.011067708333333334 0.337890625 0.022135416666666668
7 0.65185546875 0.150390625 0.3369140625 0.24348958333333334
7 0.6943359375 0.275390625 0.421875 0.055989583333333336
7 0.8154296875 0.3815104166666667 0.369140625 0.036458333333333336
7 0.83251953125 0.4270833333333333 0.3349609375 0.036458333333333336
2 0.54833984375 0.564453125 0.1005859375 0.009114583333333334
2 0.7841796875 0.564453125 0.0859375 0.009114583333333334
2 0.06103515625 0.9615885416666666 0.1220703125 0.040364583333333336
0 0.7197265625 0.7526041666666666 0.560546875 0.3671875
4 0.7197265625 0.7526041666666666 0.560546875 0.3671875
0 0.84375 0.8990885416666666 0.0078125 0.01171875
0 0.873046875 0.8990885416666666 0.0078125 0.01171875
0 0.90234375 0.8990885416666666 0.0078125 0.01171875
7 0.56494140625 0.9895833333333334 0.2509765625 0.020833333333333332
7 0.861328125 0.9895833333333334 0.27734375 0.020833333333333332