7 0.0751953125 0.0026041666666666665 0.150390625 0.005208333333333333
7 0.16162109375 0.0026041666666666665 0.0244140625 0.005208333333333333
7 0.099609375 0.016276041666666668 0.19921875 0.032552083333333336
4 0.125 0.22395833333333334 0.25 0.3098958333333333
4 0.13916015625 0.19596354166666666 0.2216796875 0.3658854166666667
7 0.40283203125 0.0026041666666666665 0.1201171875 0.005208333333333333
0 0.50341796875 0.0032552083333333335 0.0830078125 0.006510416666666667
7 0.53271484375 0.044921875 0.4384765625 0.048177083333333336
7 0.54052734375 0.115234375 0.3955078125 0.05859375
0 0.5185546875 0.13671875 0.119140625 0.018229166666666668
7 0.40283203125 0.17122395833333334 0.1201171875 0.016927083333333332
0 0.50341796875 0.171875 0.0830078125 0.018229166666666668
7 0.5185546875 0.21940104166666666 0.41015625 0.04296875
0 0.65673828125 0.23177083333333334 0.1357421875 0.020833333333333332
7 0.52685546875 0.2545572916666667 0.4267578125 0.06640625
0 0.6201171875 0.2786458333333333 0.1015625 0.020833333333333332
7 0.671875 0.2779947916666667 0.00390625 0.01953125
7 0.45751953125 0.3170572916666667 0.2880859375 0.01953125
0 0.62744140625 0.3177083333333333 0.0517578125 0.020833333333333332
7 0.52490234375 0.3287760416666667 0.4228515625 0.04296875
2 0.36572265625 0.3743489583333333 0.1044921875 0.009114583333333334
0 0.486328125 0.3743489583333333 0.048828125 0.009114583333333334
7 0.5126953125 0.3743489583333333 0.0078125 0.009114583333333334
0 0.55810546875 0.3743489583333333 0.0771484375 0.009114583333333334
7 0.89404296875 0.006510416666666667 0.1904296875 0.013020833333333334
0 0.8388671875 0.022135416666666668 0.05078125 0.018229166666666668
7 0.89404296875 0.052083333333333336 0.1904296875 0.020833333333333332
0 0.833984375 0.07161458333333333 0.041015625 0.018229166666666668
7 0.89404296875 0.1015625 0.1904296875 0.020833333333333332
0 0.837890625 0.12109375 0.048828125 0.018229166666666668
7 0.89404296875 0.15104166666666666 0.1904296875 0.020833333333333332
0 0.82861328125 0.17057291666666666 0.0302734375 0.018229166666666668
7 0.89404296875 0.20052083333333334 0.1904296875 0.020833333333333332
0 0.8291015625 0.22005208333333334 0.03125 0.018229166666666668
7 0.89404296875 0.25 0.1904296875 0.020833333333333332
7 0.82470703125 0.2688802083333333 0.0224609375 0.016927083333333332
0 0.896484375 0.26953125 0.123046875 0.018229166666666668
2 0.88916015625 0.361328125 0.2001953125 0.022135416666666668
0 0.095703125 0.4479166666666667 0.107421875 0.03125
0 0.21435546875 0.4479166666666667 0.0517578125 0.03125
4 0.1142578125 0.73046875 0.228515625 0.4036458333333333
0 0.1142578125 0.73046875 0.228515625 0.4036458333333333
2 0.099609375 0.8404947916666666 0.19921875 0.03515625
0 0.099609375 0.8359375 0.19921875 0.049479166666666664
2 0.099609375 0.8743489583333334 0.19921875 0.029947916666666668
6 0.662109375 0.3932291666666667 0.314453125 0.026041666666666668
4 0.314453125 0.4479166666666667 0.12890625 0.0390625
0 0.314453125 0.44921875 0.12890625 0.041666666666666664
7 0.4443359375 0.44921875 0.04296875 0.028645833333333332
4 0.47509765625 0.44921875 0.0107421875 0.013020833333333334
7 0.54052734375 0.44921875 0.0634765625 0.028645833333333332
4 0.58154296875 0.44921875 0.0107421875 0.013020833333333334
7 0.64599609375 0.44921875 0.0615234375 0.028645833333333332
4 0.68603515625 0.44921875 0.0107421875 0.013020833333333334
7 0.7470703125 0.44921875 0.0546875 0.028645833333333332
4 0.78369140625 0.44921875 0.0107421875 0.013020833333333334
7 0.865234375 0.44921875 0.095703125 0.028645833333333332
4 0.92236328125 0.44921875 0.0107421875 0.013020833333333334
0 0.30224609375 0.5078125 0.0888671875 0.026041666666666668
0 0.38720703125 0.5078125 0.0634765625 0.026041666666666668
0 0.458984375 0.5078125 0.0625 0.026041666666666668
0 0.54248046875 0.5078125 0.0869140625 0.026041666666666668
0 0.65283203125 0.5078125 0.1162109375 0.026041666666666668
0 0.759765625 0.5078125 0.080078125 0.026041666666666668
0 0.83935546875 0.5078125 0.0615234375 0.026041666666666668
0 0.9287109375 0.5078125 0.099609375 0.026041666666666668
3 0.625 0.703125 0.75 0.3255208333333333
1 0.65478515625 0.9720052083333334 0.6904296875 0.055989583333333336