2 0.169921875 0.18619791666666666 0.33984375 0.20833333333333334
2 0.169921875 0.3346354166666667 0.33984375 0.036458333333333336
4 0.03564453125 0.4453125 0.0302734375 0.0390625
7 0.0966796875 0.4453125 0.08203125 0.041666666666666664
4 0.17919921875 0.4453125 0.0302734375 0.0390625
7 0.25439453125 0.4453125 0.1103515625 0.041666666666666664
7 0.0166015625 0.5130208333333334 0.033203125 0.041666666666666664
4 0.0751953125 0.5130208333333334 0.029296875 0.0390625
7 0.1376953125 0.5130208333333334 0.083984375 0.041666666666666664
4 0.2216796875 0.5130208333333334 0.029296875 0.0390625
7 0.275390625 0.5130208333333334 0.06640625 0.041666666666666664
4 0.474609375 0.1171875 0.26953125 0.234375
2 0.8515625 0.0078125 0.296875 0.015625
7 0.8515625 0.061197916666666664 0.296875 0.044270833333333336
7 0.81689453125 0.14778645833333334 0.1259765625 0.024739583333333332
0 0.81689453125 0.1484375 0.2275390625 0.06770833333333333
2 0.41015625 0.3743489583333333 0.140625 0.08203125
7 0.41015625 0.4765625 0.140625 0.125
4 0.619140625 0.412109375 0.05859375 0.07942708333333333
7 0.619140625 0.5143229166666666 0.16796875 0.049479166666666664
4 0.865234375 0.412109375 0.05859375 0.07942708333333333
7 0.865234375 0.5143229166666666 0.16796875 0.049479166666666664
7 0.169921875 0.57421875 0.33984375 0.03125
7 0.169921875 0.6419270833333334 0.33984375 0.0625
4 0.23681640625 0.8092447916666666 0.2060546875 0.14713541666666666
0 0.169921875 0.8138020833333334 0.33984375 0.15625
7 0.68505859375 0.5846354166666666 0.6298828125 0.0234375
4 0.9794921875 0.748046875 0.041015625 0.07421875
4 0.9794921875 0.8639322916666666 0.041015625 0.07421875
4 0.646484375 0.8111979166666666 0.595703125 0.3776041666666667
0 0.646484375 0.8111979166666666 0.595703125 0.3776041666666667