7 0.3642578125 0.2727864583333333 0.02734375 0.03515625
0 0.3642578125 0.255859375 0.08984375 0.048177083333333336
4 0.3642578125 0.255859375 0.08984375 0.048177083333333336
7 0.3642578125 0.255859375 0.060546875 0.024739583333333332
6 0.2099609375 0.4329427083333333 0.419921875 0.25390625
2 0.7099609375 0.18489583333333334 0.580078125 0.15885416666666666
7 0.7099609375 0.3717447916666667 0.580078125 0.13671875
0 0.8203125 0.5325520833333334 0.197265625 0.0546875
4 0.2099609375 0.7799479166666666 0.419921875 0.4401041666666667
7 0.5478515625 0.5787760416666666 0.255859375 0.037760416666666664
7 0.44482421875 0.69140625 0.0498046875 0.028645833333333332
0 0.45751953125 0.69140625 0.0751953125 0.08333333333333333
6 0.453125 0.794921875 0.06640625 0.024739583333333332
6 0.52001953125 0.794921875 0.0673828125 0.024739583333333332
6 0.60546875 0.794921875 0.103515625 0.024739583333333332