2 0.22119140625 0.056640625 0.4423828125 0.11328125
2 0.2275390625 0.14388020833333334 0.455078125 0.032552083333333336
4 0.06298828125 0.21875 0.1259765625 0.052083333333333336
4 0.20654296875 0.21875 0.1318359375 0.052083333333333336
4 0.26953125 0.24739583333333334 0.5390625 0.4947916666666667
4 0.26953125 0.24739583333333334 0.5390625 0.4947916666666667
2 0.63671875 0.013020833333333334 0.1953125 0.026041666666666668
0 0.63671875 0.014322916666666666 0.1953125 0.028645833333333332
0 0.8984375 0.012369791666666666 0.064453125 0.024739583333333332
0 0.96728515625 0.012369791666666666 0.0654296875 0.024739583333333332
2 0.78515625 0.14192708333333334 0.4296875 0.078125
2 0.8076171875 0.20963541666666666 0.384765625 0.078125
0 0.91796875 0.3040364583333333 0.1640625 0.06380208333333333
4 0.64697265625 0.3815104166666667 0.1904296875 0.22135416666666666
4 0.26953125 0.7545572916666666 0.5390625 0.4908854166666667
2 0.61767578125 0.8131510416666666 0.1572265625 0.055989583333333336
7 0.65869140625 0.7545572916666666 0.2392578125 0.4908854166666667