2 0.1669921875 0.14192708333333334 0.333984375 0.125
2 0.17333984375 0.23502604166666666 0.3466796875 0.032552083333333336
4 0.09814453125 0.3098958333333333 0.1318359375 0.052083333333333336
4 0.28466796875 0.21940104166666666 0.5693359375 0.4388020833333333
4 0.28466796875 0.21940104166666666 0.5693359375 0.4388020833333333
7 0.5927734375 0.022786458333333332 0.009765625 0.02734375
7 0.6806640625 0.022786458333333332 0.009765625 0.02734375
6 0.740234375 0.017578125 0.06640625 0.016927083333333332
6 0.73291015625 0.037109375 0.0517578125 0.016927083333333332
7 0.5927734375 0.08528645833333333 0.009765625 0.02734375
7 0.6806640625 0.08528645833333333 0.017578125 0.02734375
6 0.740234375 0.080078125 0.06640625 0.016927083333333332
6 0.73291015625 0.099609375 0.0517578125 0.016927083333333332
7 0.5927734375 0.14778645833333334 0.009765625 0.02734375
7 0.6806640625 0.14778645833333334 0.009765625 0.02734375
6 0.740234375 0.142578125 0.06640625 0.016927083333333332
6 0.73291015625 0.162109375 0.0517578125 0.016927083333333332
7 0.5927734375 0.21028645833333334 0.009765625 0.02734375
7 0.6806640625 0.21028645833333334 0.009765625 0.02734375
6 0.740234375 0.205078125 0.06640625 0.016927083333333332
6 0.73291015625 0.224609375 0.0517578125 0.016927083333333332
7 0.5927734375 0.2727864583333333 0.017578125 0.02734375
7 0.6806640625 0.2727864583333333 0.017578125 0.02734375
6 0.740234375 0.267578125 0.06640625 0.016927083333333332
6 0.73291015625 0.287109375 0.0517578125 0.016927083333333332
7 0.5927734375 0.3352864583333333 0.009765625 0.02734375
7 0.6806640625 0.3352864583333333 0.017578125 0.02734375
6 0.740234375 0.330078125 0.06640625 0.016927083333333332
6 0.73291015625 0.349609375 0.0517578125 0.016927083333333332
4 0.9130859375 0.14908854166666666 0.173828125 0.2981770833333333
4 0.9130859375 0.14908854166666666 0.173828125 0.2981770833333333
4 0.84228515625 0.2864583333333333 0.0107421875 0.0234375
0 0.630859375 0.435546875 0.01953125 0.006510416666666667
0 0.82421875 0.435546875 0.01953125 0.006510416666666667
4 0.22265625 0.7376302083333334 0.234375 0.5247395833333334
2 0.5205078125 0.46875 0.09765625 0.059895833333333336
7 0.50244140625 0.5696614583333334 0.1337890625 0.048177083333333336
1 0.49853515625 0.5696614583333334 0.1416015625 0.048177083333333336
7 0.50244140625 0.626953125 0.1337890625 0.048177083333333336
1 0.49853515625 0.626953125 0.1416015625 0.048177083333333336
7 0.5029296875 0.689453125 0.1328125 0.024739583333333332
0 0.498046875 0.689453125 0.142578125 0.040364583333333336
7 0.5576171875 0.7421875 0.01953125 0.020833333333333332
4 0.48388671875 0.8001302083333334 0.0166015625 0.022135416666666668
0 0.498046875 0.798828125 0.142578125 0.02734375
7 0.5341796875 0.8001302083333334 0.0703125 0.022135416666666668
0 0.478515625 0.8470052083333334 0.181640625 0.01953125
7 0.51416015625 0.9381510416666666 0.1103515625 0.022135416666666668
0 0.87744140625 0.5338541666666666 0.0830078125 0.0390625
0 0.966796875 0.5338541666666666 0.06640625 0.0390625
0 0.626953125 0.6139322916666666 0.115234375 0.022135416666666668
0 0.765625 0.6139322916666666 0.162109375 0.022135416666666668
1 0.93359375 0.61328125 0.1328125 0.036458333333333336
7 0.78466796875 0.84375 0.4306640625 0.3125