1 0.04443359375 0.09765625 0.0888671875 0.046875
1 0.04443359375 0.16015625 0.0888671875 0.046875
4 0.41162109375 0.23958333333333334 0.4755859375 0.4791666666666667
7 0.87158203125 0.020182291666666668 0.2568359375 0.040364583333333336
4 0.74267578125 0.3626302083333333 0.1865234375 0.23307291666666666
4 0.9248046875 0.466796875 0.150390625 0.024739583333333332
4 0.9599609375 0.451171875 0.0234375 0.032552083333333336
0 0.9599609375 0.4485677083333333 0.048828125 0.061197916666666664
4 0.82470703125 0.3932291666666667 0.3505859375 0.171875
2 0.07568359375 0.4993489583333333 0.1513671875 0.040364583333333336
0 0.07568359375 0.4993489583333333 0.1513671875 0.040364583333333336
0 0.228515625 0.505859375 0.134765625 0.02734375
0 0.34716796875 0.505859375 0.1044921875 0.02734375
0 0.42822265625 0.505859375 0.0595703125 0.02734375
1 0.58349609375 0.4973958333333333 0.1318359375 0.036458333333333336
4 0.50927734375 0.4947916666666667 0.0185546875 0.03125
4 0.0478515625 0.55859375 0.01171875 0.015625
0 0.08447265625 0.5598958333333334 0.0927734375 0.0546875
7 0.09228515625 0.560546875 0.0634765625 0.022135416666666668
4 0.16796875 0.55859375 0.01171875 0.015625
0 0.193359375 0.5598958333333334 0.0703125 0.0546875
7 0.201171875 0.560546875 0.041015625 0.022135416666666668
4 0.265625 0.55859375 0.01171875 0.015625
0 0.287109375 0.5598958333333334 0.0625 0.0546875
7 0.2958984375 0.560546875 0.033203125 0.022135416666666668
0 0.3701171875 0.5598958333333334 0.048828125 0.0546875
0 0.46728515625 0.5598958333333334 0.0439453125 0.0546875
0 0.5478515625 0.5598958333333334 0.04296875 0.0546875
0 0.62744140625 0.5598958333333334 0.0439453125 0.0546875
4 0.22607421875 0.8092447916666666 0.4521484375 0.3815104166666667
0 0.22607421875 0.8092447916666666 0.4521484375 0.3815104166666667
2 0.56982421875 0.669921875 0.1591796875 0.055989583333333336
0 0.56982421875 0.669921875 0.1591796875 0.055989583333333336
7 0.56982421875 0.73828125 0.1591796875 0.08333333333333333
4 0.56982421875 0.896484375 0.1591796875 0.20703125
0 0.56982421875 0.896484375 0.1591796875 0.20703125
3 0.32470703125 0.7395833333333334 0.6494140625 0.5208333333333334
7 0.82470703125 0.4895833333333333 0.3505859375 0.020833333333333332
4 0.71923828125 0.677734375 0.1396484375 0.2825520833333333
2 0.90869140625 0.5670572916666666 0.1806640625 0.037760416666666664
2 0.9091796875 0.6015625 0.181640625 0.028645833333333332
2 0.841796875 0.6321614583333334 0.046875 0.02734375
7 0.83251953125 0.6744791666666666 0.0283203125 0.0234375
2 0.67626953125 0.90234375 0.0537109375 0.03125
0 0.7412109375 0.9069010416666666 0.04296875 0.029947916666666668
0 0.79296875 0.9069010416666666 0.029296875 0.029947916666666668
0 0.86328125 0.9069010416666666 0.080078125 0.029947916666666668
4 0.71923828125 0.9700520833333334 0.1396484375 0.059895833333333336
4 0.904296875 0.9700520833333334 0.19140625 0.059895833333333336