7 0.10400390625 0.08919270833333333 0.2080078125 0.02734375
6 0.142578125 0.10286458333333333 0.28515625 0.0546875
7 0.12890625 0.13020833333333334 0.2578125 0.0546875
6 0.10498046875 0.18294270833333334 0.1552734375 0.02734375
7 0.19873046875 0.18294270833333334 0.0341796875 0.02734375
7 0.13525390625 0.22395833333333334 0.2705078125 0.0546875
6 0.14404296875 0.2513020833333333 0.2880859375 0.0546875
7 0.10400390625 0.2649739583333333 0.2080078125 0.02734375
6 0.0205078125 0.2923177083333333 0.041015625 0.02734375
7 0.1591796875 0.2923177083333333 0.23828125 0.02734375
7 0.02685546875 0.3196614583333333 0.0537109375 0.02734375
6 0.38671875 0.046223958333333336 0.064453125 0.02734375
6 0.388671875 0.083984375 0.068359375 0.02734375
7 0.35791015625 0.111328125 0.0068359375 0.02734375
6 0.4130859375 0.111328125 0.10546875 0.02734375
7 0.46826171875 0.111328125 0.0068359375 0.02734375
6 0.3935546875 0.150390625 0.078125 0.02734375
6 0.40087890625 0.189453125 0.0927734375 0.02734375
7 0.35791015625 0.216796875 0.0068359375 0.02734375
6 0.396484375 0.216796875 0.072265625 0.02734375
7 0.43505859375 0.216796875 0.0068359375 0.02734375
6 0.38037109375 0.255859375 0.0517578125 0.02734375
7 0.09033203125 0.44921875 0.0048828125 0.018229166666666668
6 0.12890625 0.44921875 0.076171875 0.018229166666666668
7 0.16943359375 0.44921875 0.0048828125 0.018229166666666668
6 0.0146484375 0.5 0.029296875 0.018229166666666668
4 0.24365234375 0.404296875 0.0205078125 0.02734375
7 0.298828125 0.4029947916666667 0.0625 0.022135416666666668
6 0.48193359375 0.453125 0.0146484375 0.018229166666666668
7 0.361328125 0.4524739583333333 0.25390625 0.029947916666666668
7 0.265625 0.4837239583333333 0.01953125 0.022135416666666668
6 0.306640625 0.4837239583333333 0.0625 0.022135416666666668
7 0.265625 0.505859375 0.01953125 0.006510416666666667
6 0.31005859375 0.505859375 0.0693359375 0.006510416666666667
4 0.62841796875 0.19596354166666666 0.2783203125 0.3919270833333333
0 0.62841796875 0.19596354166666666 0.2783203125 0.3919270833333333
0 0.61865234375 0.4615885416666667 0.2587890625 0.09505208333333333
6 0.61181640625 0.4505208333333333 0.2451171875 0.07291666666666667
7 0.8115234375 0.009765625 0.029296875 0.01953125
4 0.8310546875 0.005859375 0.005859375 0.01171875
0 0.8115234375 0.0078125 0.029296875 0.015625
4 0.86572265625 0.005859375 0.0126953125 0.01171875
4 0.85888671875 0.11979166666666667 0.1435546875 0.12760416666666666
0 0.85888671875 0.11979166666666667 0.1435546875 0.12760416666666666
7 0.80859375 0.169921875 0.04296875 0.02734375
7 0.90966796875 0.15559895833333334 0.0341796875 0.045572916666666664
2 0.97021484375 0.14388020833333334 0.0595703125 0.17578125
0 0.97021484375 0.107421875 0.0595703125 0.11067708333333333
6 0.97021484375 0.10677083333333333 0.0595703125 0.109375
7 0.81005859375 0.21028645833333334 0.0263671875 0.022135416666666668
4 0.828125 0.20768229166666666 0.005859375 0.01171875
0 0.81005859375 0.20703125 0.0263671875 0.020833333333333332
4 0.86279296875 0.20703125 0.0126953125 0.013020833333333334
4 0.85888671875 0.3216145833333333 0.1435546875 0.12760416666666666
0 0.85888671875 0.3216145833333333 0.1435546875 0.12760416666666666
2 0.97021484375 0.345703125 0.0595703125 0.17578125
0 0.97021484375 0.3092447916666667 0.0595703125 0.11067708333333333
6 0.97021484375 0.30859375 0.0595703125 0.109375
7 0.81005859375 0.412109375 0.0263671875 0.022135416666666668
4 0.828125 0.4095052083333333 0.005859375 0.01171875
0 0.81005859375 0.4088541666666667 0.0263671875 0.020833333333333332
4 0.86279296875 0.4088541666666667 0.0126953125 0.013020833333333334
4 0.85888671875 0.484375 0.1435546875 0.049479166666666664
0 0.85888671875 0.484375 0.1435546875 0.049479166666666664
2 0.97021484375 0.484375 0.0595703125 0.049479166666666664
0 0.97021484375 0.482421875 0.0595703125 0.053385416666666664
6 0.97021484375 0.4934895833333333 0.0595703125 0.03125
7 0.20166015625 0.5384114583333334 0.4033203125 0.05859375
7 0.20166015625 0.6686197916666666 0.4033203125 0.05859375
7 0.064453125 0.7337239583333334 0.12890625 0.05078125
7 0.3349609375 0.8092447916666666 0.109375 0.024739583333333332
7 0.40380859375 0.8092447916666666 0.0283203125 0.024739583333333332
7 0.07421875 0.9049479166666666 0.1484375 0.028645833333333332
7 0.1806640625 0.9049479166666666 0.06640625 0.028645833333333332
7 0.28564453125 0.9049479166666666 0.1455078125 0.028645833333333332
7 0.51513671875 0.6516927083333334 0.0517578125 0.022135416666666668
7 0.60498046875 0.6516927083333334 0.0732421875 0.022135416666666668
7 0.69091796875 0.6516927083333334 0.0419921875 0.022135416666666668
7 0.76025390625 0.6516927083333334 0.0419921875 0.022135416666666668
7 0.82958984375 0.6516927083333334 0.0400390625 0.022135416666666668
7 0.92822265625 0.6516927083333334 0.1025390625 0.022135416666666668
4 0.994140625 0.6516927083333334 0.01171875 0.009114583333333334
0 0.9384765625 0.6516927083333334 0.123046875 0.040364583333333336
3 0.74462890625 0.7877604166666666 0.5107421875 0.1171875
4 0.98095703125 0.861328125 0.0380859375 0.01953125
0 0.98095703125 0.861328125 0.0380859375 0.01953125
4 0.74462890625 0.94921875 0.5107421875 0.1015625