4 0.0302734375 0.024088541666666668 0.060546875 0.048177083333333336
0 0.0302734375 0.024088541666666668 0.060546875 0.048177083333333336
6 0.32421875 0.016927083333333332 0.0546875 0.03125
0 0.43994140625 0.015625 0.1201171875 0.03125
2 0.37060546875 0.3268229166666667 0.2587890625 0.265625
2 0.32470703125 0.2721354166666667 0.3505859375 0.057291666666666664
1 0.19189453125 0.3502604166666667 0.3837890625 0.052083333333333336
1 0.45166015625 0.3502604166666667 0.0966796875 0.052083333333333336
1 0.19189453125 0.4283854166666667 0.3837890625 0.052083333333333336
1 0.45166015625 0.4283854166666667 0.0966796875 0.052083333333333336
6 0.6337890625 0.052734375 0.267578125 0.029947916666666668
4 0.75 0.3196614583333333 0.5 0.2799479166666667
0 0.75 0.3196614583333333 0.5 0.2799479166666667
2 0.173828125 0.5774739583333334 0.34765625 0.06640625
7 0.1650390625 0.650390625 0.330078125 0.029947916666666668
7 0.197265625 0.689453125 0.39453125 0.029947916666666668
7 0.19921875 0.728515625 0.3984375 0.029947916666666668
7 0.02392578125 0.8020833333333334 0.0478515625 0.0390625
0 0.03173828125 0.8020833333333334 0.0634765625 0.041666666666666664
0 0.689453125 0.591796875 0.37890625 0.2643229166666667
4 0.71826171875 0.591796875 0.4365234375 0.2643229166666667
4 0.689453125 0.591796875 0.37890625 0.2643229166666667
6 0.6650390625 0.5162760416666666 0.330078125 0.06380208333333333
6 0.66650390625 0.5944010416666666 0.3330078125 0.06380208333333333
6 0.57861328125 0.6529947916666666 0.1572265625 0.024739583333333332
0 0.939453125 0.591796875 0.12109375 0.2643229166666667
4 0.84814453125 0.591796875 0.3037109375 0.2643229166666667
4 0.939453125 0.591796875 0.12109375 0.2643229166666667
7 0.96923828125 0.5260416666666666 0.0615234375 0.015625
2 0.96923828125 0.6067708333333334 0.0615234375 0.13020833333333334
3 0.76171875 0.80859375 0.4765625 0.1171875
2 0.72265625 0.9290364583333334 0.0625 0.01953125
6 0.61376953125 0.982421875 0.1923828125 0.03515625
4 0.7763671875 0.982421875 0.068359375 0.03515625
6 0.9150390625 0.982421875 0.169921875 0.03515625
4 0.8515625 0.6256510416666666 0.03515625 0.33203125
3 0.67724609375 0.6256510416666666 0.3544921875 0.33203125