2 0.1044921875 0.2747395833333333 0.208984375 0.5494791666666666
1 0.2578125 0.05078125 0.3828125 0.052083333333333336
1 0.224609375 0.12890625 0.44921875 0.052083333333333336
6 0.05126953125 0.22200520833333334 0.0986328125 0.022135416666666668
1 0.11181640625 0.3033854166666667 0.2236328125 0.07291666666666667
7 0.2021484375 0.5481770833333334 0.166015625 0.0026041666666666665
4 0.62841796875 0.0859375 0.3583984375 0.171875
7 0.71044921875 0.19596354166666666 0.5224609375 0.016927083333333332
2 0.71044921875 0.22526041666666666 0.5224609375 0.03125
7 0.8291015625 0.3151041666666667 0.103515625 0.052083333333333336
0 0.90087890625 0.3151041666666667 0.0283203125 0.036458333333333336
0 0.93505859375 0.3151041666666667 0.0283203125 0.036458333333333336
0 0.9697265625 0.3151041666666667 0.02734375 0.036458333333333336
2 0.513671875 0.412109375 0.12890625 0.03515625
7 0.53857421875 0.478515625 0.1787109375 0.07942708333333333
6 0.46337890625 0.5071614583333334 0.0283203125 0.022135416666666668
7 0.4794921875 0.5071614583333334 0.005859375 0.022135416666666668
7 0.71630859375 0.3893229166666667 0.0439453125 0.03125
4 0.71630859375 0.4231770833333333 0.0380859375 0.026041666666666668
7 0.78955078125 0.3893229166666667 0.0341796875 0.03125
4 0.78955078125 0.4231770833333333 0.0380859375 0.026041666666666668
7 0.86279296875 0.3893229166666667 0.0380859375 0.03125
4 0.86279296875 0.4231770833333333 0.0380859375 0.026041666666666668
7 0.9365234375 0.3893229166666667 0.02734375 0.03125
4 0.93603515625 0.4231770833333333 0.0380859375 0.026041666666666668
7 0.826171875 0.5130208333333334 0.29296875 0.07291666666666667
2 0.224609375 0.6061197916666666 0.44921875 0.06380208333333333
2 0.01904296875 0.7395833333333334 0.0380859375 0.046875
2 0.14013671875 0.7395833333333334 0.0830078125 0.046875
2 0.30517578125 0.7395833333333334 0.1240234375 0.046875
2 0.4384765625 0.7395833333333334 0.021484375 0.046875
0 0.19873046875 0.83984375 0.3974609375 0.052083333333333336
2 0.224609375 0.9342447916666666 0.44921875 0.032552083333333336
2 0.224609375 0.9798177083333334 0.44921875 0.032552083333333336
0 0.224609375 0.9798177083333334 0.44921875 0.032552083333333336
2 0.724609375 0.5846354166666666 0.55078125 0.0390625
7 0.4658203125 0.6458333333333334 0.033203125 0.033854166666666664
6 0.6005859375 0.6458333333333334 0.236328125 0.033854166666666664
7 0.724609375 0.6783854166666666 0.55078125 0.09895833333333333
0 0.57373046875 0.7786458333333334 0.2490234375 0.049479166666666664
0 0.86376953125 0.7786458333333334 0.2724609375 0.049479166666666664
0 0.509765625 0.8717447916666666 0.12109375 0.045572916666666664
7 0.51611328125 0.873046875 0.1083984375 0.053385416666666664
7 0.57373046875 0.97265625 0.2080078125 0.033854166666666664
0 0.6640625 0.9733072916666666 0.388671875 0.032552083333333336
7 0.76806640625 0.97265625 0.1806640625 0.033854166666666664