0 0.03662109375 0.23307291666666666 0.0732421875 0.15104166666666666
7 0.01318359375 0.2643229166666667 0.0263671875 0.033854166666666664
4 0.18017578125 0.21549479166666666 0.0478515625 0.06380208333333333
0 0.18017578125 0.23307291666666666 0.1923828125 0.15104166666666666
7 0.1796875 0.2643229166666667 0.087890625 0.033854166666666664
4 0.38330078125 0.21549479166666666 0.0478515625 0.06380208333333333
0 0.38330078125 0.23307291666666666 0.1923828125 0.15104166666666666
7 0.38330078125 0.2643229166666667 0.1162109375 0.033854166666666664
4 0.5869140625 0.21549479166666666 0.048828125 0.06380208333333333
0 0.5869140625 0.23307291666666666 0.193359375 0.15104166666666666
7 0.5869140625 0.2643229166666667 0.103515625 0.033854166666666664
2 0.2841796875 0.4622395833333333 0.240234375 0.013020833333333334
2 0.58544921875 0.4622395833333333 0.2080078125 0.013020833333333334
2 0.71923828125 0.24544270833333334 0.0595703125 0.04296875
4 0.7900390625 0.17122395833333334 0.201171875 0.3424479166666667
4 0.7509765625 0.265625 0.123046875 0.40625
2 0.1728515625 0.478515625 0.1953125 0.01953125
2 0.1728515625 0.5286458333333334 0.1953125 0.020833333333333332
2 0.1728515625 0.5514322916666666 0.1953125 0.024739583333333332
2 0.47412109375 0.5286458333333334 0.3583984375 0.03125
2 0.1728515625 0.6041666666666666 0.1953125 0.020833333333333332
2 0.1728515625 0.626953125 0.1953125 0.024739583333333332
2 0.47412109375 0.6041666666666666 0.3583984375 0.03125
2 0.1728515625 0.6796875 0.1953125 0.020833333333333332
2 0.1728515625 0.7024739583333334 0.1953125 0.024739583333333332
2 0.47412109375 0.6796875 0.3583984375 0.03125
6 0.03662109375 0.7669270833333334 0.0732421875 0.026041666666666668
7 0.07958984375 0.7669270833333334 0.0029296875 0.026041666666666668
6 0.11474609375 0.7669270833333334 0.0576171875 0.026041666666666668
7 0.14697265625 0.7669270833333334 0.0029296875 0.026041666666666668
7 0.177734375 0.7669270833333334 0.048828125 0.026041666666666668
7 0.20556640625 0.7669270833333334 0.0029296875 0.026041666666666668
6 0.24267578125 0.7669270833333334 0.0615234375 0.026041666666666668
7 0.27685546875 0.7669270833333334 0.0029296875 0.026041666666666668
6 0.30322265625 0.7669270833333334 0.0400390625 0.026041666666666668
7 0.32666015625 0.7669270833333334 0.0029296875 0.026041666666666668
7 0.3818359375 0.7669270833333334 0.0703125 0.026041666666666668
7 0.42041015625 0.7669270833333334 0.0029296875 0.026041666666666668
4 0.44384765625 0.779296875 0.0361328125 0.037760416666666664
7 0.50830078125 0.7688802083333334 0.0732421875 0.048177083333333336
0 0.41552734375 0.841796875 0.0009765625 0.0013020833333333333
7 0.22314453125 0.8899739583333334 0.3857421875 0.032552083333333336
0 0.41552734375 0.861328125 0.0009765625 0.0013020833333333333
7 0.21142578125 0.927734375 0.3623046875 0.037760416666666664
1 0.66357421875 0.8997395833333334 0.0517578125 0.0390625
4 0.8349609375 0.69921875 0.291015625 0.390625
4 0.8349609375 0.751953125 0.291015625 0.49609375
4 0.82763671875 0.669921875 0.2763671875 0.3919270833333333
4 0.82763671875 0.7369791666666666 0.2763671875 0.5260416666666666
4 0.81982421875 0.65234375 0.2607421875 0.3671875
0 0.69287109375 0.8033854166666666 0.0068359375 0.0390625
4 0.7109375 0.8033854166666666 0.01953125 0.026041666666666668
0 0.7109375 0.8033854166666666 0.029296875 0.0390625
4 0.76953125 0.49609375 0.048828125 0.0546875
6 0.8720703125 0.4752604166666667 0.13671875 0.013020833333333334
0 0.8720703125 0.4752604166666667 0.13671875 0.013020833333333334
0 0.8720703125 0.4934895833333333 0.13671875 0.0234375
7 0.84033203125 0.5169270833333334 0.0732421875 0.0234375
7 0.77392578125 0.5546875 0.0537109375 0.020833333333333332
0 0.77392578125 0.5546875 0.0576171875 0.026041666666666668
7 0.8232421875 0.5546875 0.02734375 0.020833333333333332
0 0.8232421875 0.5546875 0.03125 0.026041666666666668
7 0.8427734375 0.6158854166666666 0.1953125 0.0703125
4 0.8525390625 0.8033854166666666 0.21484375 0.06510416666666667
4 0.81982421875 0.7317708333333334 0.2607421875 0.5260416666666666
4 0.8447265625 0.669921875 0.310546875 0.3919270833333333
4 0.8447265625 0.7369791666666666 0.310546875 0.5260416666666666
4 0.8447265625 0.69921875 0.310546875 0.390625
4 0.8447265625 0.751953125 0.310546875 0.49609375
4 0.7421875 0.9576822916666666 0.005859375 0.08463541666666667
4 0.86962890625 0.9576822916666666 0.2607421875 0.08463541666666667
0 0.86962890625 0.9576822916666666 0.2607421875 0.08463541666666667
6 0.76611328125 0.9401041666666666 0.0244140625 0.0234375