5 0.0634765625 0.23763020833333334 0.017578125 0.06380208333333333
1 0.15771484375 0.23893229166666666 0.2041015625 0.06380208333333333
7 0.61669921875 0.008463541666666666 0.3271484375 0.016927083333333332
7 0.81005859375 0.008463541666666666 0.0634765625 0.016927083333333332
0 0.935546875 0.009765625 0.12890625 0.01953125
0 0.9326171875 0.016927083333333332 0.134765625 0.033854166666666664
7 0.6298828125 0.23372395833333334 0.740234375 0.3502604166666667
0 0.6298828125 0.23372395833333334 0.740234375 0.3502604166666667
2 0.04296875 0.5625 0.0859375 0.049479166666666664
7 0.0244140625 0.6171875 0.029296875 0.020833333333333332
6 0.0400390625 0.6295572916666666 0.080078125 0.045572916666666664
7 0.5693359375 0.4694010416666667 0.18359375 0.053385416666666664
7 0.79931640625 0.46875 0.2119140625 0.026041666666666668
3 0.6298828125 0.6875 0.740234375 0.1171875
7 0.39453125 0.8307291666666666 0.26953125 0.026041666666666668
7 0.3662109375 0.8671875 0.130859375 0.026041666666666668
7 0.39453125 0.8997395833333334 0.26953125 0.026041666666666668
3 0.32373046875 0.9453125 0.0595703125 0.026041666666666668
3 0.3974609375 0.9453125 0.083984375 0.026041666666666668
7 0.84326171875 0.8046875 0.3134765625 0.026041666666666668
7 0.84326171875 0.8307291666666666 0.3134765625 0.026041666666666668
4 0.646484375 0.9036458333333334 0.046875 0.0625
7 0.697265625 0.8919270833333334 0.021484375 0.020833333333333332
6 0.7470703125 0.8919270833333334 0.078125 0.020833333333333332
7 0.85791015625 0.8919270833333334 0.1474609375 0.020833333333333332
6 0.9619140625 0.8919270833333334 0.060546875 0.020833333333333332
7 0.84326171875 0.9049479166666666 0.3134765625 0.046875
7 0.72314453125 0.9453125 0.0732421875 0.018229166666666668
7 0.78271484375 0.9453125 0.0458984375 0.018229166666666668
4 0.646484375 0.990234375 0.046875 0.01953125
7 0.697265625 0.9947916666666666 0.021484375 0.010416666666666666
6 0.74755859375 0.9947916666666666 0.0791015625 0.010416666666666666
7 0.85986328125 0.9947916666666666 0.1474609375 0.010416666666666666
6 0.9658203125 0.9947916666666666 0.068359375 0.010416666666666666