0 0.27978515625 0.005859375 0.2998046875 0.01171875
7 0.27978515625 0.016927083333333332 0.2998046875 0.033854166666666664
7 0.27978515625 0.076171875 0.2998046875 0.04296875
0 0.244140625 0.08854166666666667 0.0703125 0.020833333333333332
7 0.35400390625 0.087890625 0.1513671875 0.01953125
7 0.29443359375 0.12565104166666666 0.2705078125 0.022135416666666668
7 0.21923828125 0.16080729166666666 0.1201171875 0.016927083333333332
0 0.31982421875 0.16145833333333334 0.0830078125 0.018229166666666668
7 0.27978515625 0.208984375 0.2998046875 0.048177083333333336
7 0.29443359375 0.279296875 0.2705078125 0.05859375
0 0.3349609375 0.30078125 0.119140625 0.018229166666666668
7 0.21923828125 0.3352864583333333 0.1201171875 0.016927083333333332
0 0.31982421875 0.3359375 0.0830078125 0.018229166666666668
7 0.27978515625 0.3834635416666667 0.2998046875 0.04296875
7 0.27978515625 0.4186197916666667 0.2998046875 0.06640625
0 0.40771484375 0.4427083333333333 0.0439453125 0.020833333333333332
7 0.27392578125 0.4811197916666667 0.2880859375 0.01953125
0 0.423828125 0.4817708333333333 0.01171875 0.020833333333333332
7 0.27978515625 0.4928385416666667 0.2998046875 0.04296875
2 0.18212890625 0.5436197916666666 0.1044921875 0.01953125
0 0.302734375 0.5442708333333334 0.048828125 0.020833333333333332
7 0.3291015625 0.5436197916666666 0.0078125 0.01953125
0 0.37451171875 0.5442708333333334 0.0771484375 0.020833333333333332
7 0.1748046875 0.5891927083333334 0.078125 0.016927083333333332
0 0.17529296875 0.5865885416666666 0.0908203125 0.024739583333333332
4 0.23974609375 0.5891927083333334 0.0166015625 0.01953125
0 0.267578125 0.5865885416666666 0.083984375 0.024739583333333332
7 0.27587890625 0.5891927083333334 0.0576171875 0.016927083333333332
0 0.35546875 0.5865885416666666 0.08203125 0.024739583333333332
2 0.4970703125 0.037760416666666664 0.134765625 0.07552083333333333
7 0.4912109375 0.16080729166666666 0.123046875 0.022135416666666668
7 0.47119140625 0.2649739583333333 0.0830078125 0.022135416666666668
7 0.50927734375 0.369140625 0.1591796875 0.022135416666666668
7 0.8427734375 0.009765625 0.314453125 0.01953125
1 0.78076171875 0.07096354166666667 0.1904296875 0.05078125
1 0.94287109375 0.07096354166666667 0.1142578125 0.05078125
1 0.8427734375 0.134765625 0.314453125 0.05078125
1 0.8427734375 0.19856770833333334 0.314453125 0.05078125
7 0.8427734375 0.263671875 0.314453125 0.02734375
1 0.7197265625 0.3033854166666667 0.068359375 0.0390625
1 0.78076171875 0.3033854166666667 0.0556640625 0.0390625
1 0.837890625 0.3033854166666667 0.060546875 0.0390625
4 0.88525390625 0.302734375 0.0166015625 0.022135416666666668
0 0.88525390625 0.3046875 0.0166015625 0.026041666666666668
7 0.8427734375 0.349609375 0.314453125 0.02734375
1 0.701171875 0.388671875 0.013671875 0.016927083333333332
5 0.74609375 0.392578125 0.072265625 0.02734375
1 0.8017578125 0.388671875 0.013671875 0.016927083333333332
5 0.83642578125 0.392578125 0.0517578125 0.02734375
1 0.876953125 0.388671875 0.013671875 0.016927083333333332
5 0.9228515625 0.392578125 0.07421875 0.02734375
4 0.97705078125 0.3912760416666667 0.0166015625 0.022135416666666668
0 0.97705078125 0.3932291666666667 0.0166015625 0.026041666666666668
7 0.775390625 0.4342447916666667 0.1796875 0.016927083333333332
6 0.88037109375 0.4342447916666667 0.0302734375 0.016927083333333332
7 0.89794921875 0.4342447916666667 0.0068359375 0.016927083333333332
6 0.92822265625 0.4342447916666667 0.0556640625 0.016927083333333332
7 0.96484375 0.4342447916666667 0.021484375 0.016927083333333332
6 0.720703125 0.4524739583333333 0.0703125 0.016927083333333332
7 0.8369140625 0.4615885416666667 0.302734375 0.03515625
0 0.78076171875 0.5325520833333334 0.1904296875 0.052083333333333336
7 0.24169921875 0.6842447916666666 0.3212890625 0.06380208333333333
0 0.23095703125 0.6868489583333334 0.3974609375 0.17578125
0 0.23095703125 0.88671875 0.3974609375 0.2265625
6 0.748046875 0.6100260416666666 0.0390625 0.022135416666666668
1 0.85693359375 0.611328125 0.1572265625 0.024739583333333332
1 0.96923828125 0.609375 0.0615234375 0.020833333333333332
2 0.55615234375 0.7962239583333334 0.2529296875 0.02734375
7 0.56005859375 0.8600260416666666 0.2607421875 0.04296875
6 0.50341796875 0.8717447916666666 0.1474609375 0.01953125
7 0.5869140625 0.8717447916666666 0.01953125 0.01953125
6 0.6328125 0.8717447916666666 0.07421875 0.01953125
7 0.669921875 0.8717447916666666 0.00390625 0.01953125
4 0.75830078125 0.8821614583333334 0.0048828125 0.23567708333333334
2 0.89990234375 0.755859375 0.2001953125 0.022135416666666668
6 0.89990234375 0.783203125 0.2001953125 0.022135416666666668
6 0.8994140625 0.806640625 0.19921875 0.022135416666666668
6 0.89990234375 0.830078125 0.2001953125 0.022135416666666668
7 0.89990234375 0.8619791666666666 0.2001953125 0.0390625
2 0.89990234375 0.9368489583333334 0.2001953125 0.02734375
2 0.89990234375 0.970703125 0.2001953125 0.02734375