0 0.0576171875 0.033203125 0.115234375 0.04296875
0 0.1435546875 0.033203125 0.05859375 0.04296875
0 0.21142578125 0.033203125 0.0791015625 0.04296875
0 0.2998046875 0.033203125 0.099609375 0.04296875
0 0.40625 0.033203125 0.115234375 0.04296875
0 0.4990234375 0.033203125 0.072265625 0.04296875
0 0.546875 0.033203125 0.025390625 0.04296875
7 0.00830078125 0.07486979166666667 0.0166015625 0.022135416666666668
6 0.04296875 0.07486979166666667 0.0546875 0.01953125
6 0.134765625 0.07486979166666667 0.1015625 0.01953125
6 0.22314453125 0.07486979166666667 0.0478515625 0.01953125
6 0.27685546875 0.07486979166666667 0.0322265625 0.01953125
6 0.3740234375 0.07486979166666667 0.134765625 0.01953125
6 0.50634765625 0.07486979166666667 0.1025390625 0.01953125
4 0.16748046875 0.2903645833333333 0.3349609375 0.3463541666666667
0 0.16748046875 0.29296875 0.3349609375 0.3515625
2 0.45654296875 0.3430989583333333 0.2060546875 0.4518229166666667
7 0.36376953125 0.3899739583333333 0.0205078125 0.01953125
6 0.4111328125 0.3899739583333333 0.076171875 0.01953125
7 0.45361328125 0.3899739583333333 0.0107421875 0.01953125
7 0.48388671875 0.3899739583333333 0.0517578125 0.01953125
7 0.27978515625 0.4641927083333333 0.5595703125 0.10546875
0 0.875 0.024739583333333332 0.048828125 0.049479166666666664
0 0.923828125 0.024739583333333332 0.048828125 0.049479166666666664
0 0.97265625 0.024739583333333332 0.048828125 0.049479166666666664
2 0.61279296875 0.2864583333333333 0.1064453125 0.08333333333333333
7 0.61279296875 0.4498697916666667 0.1064453125 0.17317708333333334
7 0.20458984375 0.6432291666666666 0.4091796875 0.109375
0 0.08447265625 0.7421875 0.1689453125 0.046875
0 0.30322265625 0.7421875 0.2119140625 0.046875
2 0.0380859375 0.9166666666666666 0.076171875 0.052083333333333336
2 0.77490234375 0.6328125 0.4306640625 0.12760416666666666
7 0.76513671875 0.8040364583333334 0.4111328125 0.13671875
0 0.5947265625 0.966796875 0.0703125 0.05859375