4 0.18994140625 0.2701822916666667 0.3798828125 0.5377604166666666
0 0.18994140625 0.251953125 0.3798828125 0.5013020833333334
4 0.68994140625 0.26953125 0.6201171875 0.5390625
4 0.68994140625 0.26953125 0.6201171875 0.5390625
4 0.6416015625 0.345703125 0.5234375 0.38671875
2 0.59423828125 0.21744791666666666 0.4287109375 0.1015625
2 0.6416015625 0.3040364583333333 0.5234375 0.07161458333333333
0 0.5859375 0.3938802083333333 0.17578125 0.055989583333333336
7 0.12646484375 0.6861979166666666 0.2119140625 0.026041666666666668
3 0.18994140625 0.9049479166666666 0.3798828125 0.1171875
0 0.47509765625 0.5462239583333334 0.0830078125 0.014322916666666666
0 0.5498046875 0.5462239583333334 0.06640625 0.014322916666666666
0 0.64501953125 0.5462239583333334 0.1240234375 0.014322916666666666
0 0.73583984375 0.5462239583333334 0.0576171875 0.014322916666666666
0 0.8310546875 0.5462239583333334 0.1328125 0.014322916666666666
0 0.41357421875 0.568359375 0.0673828125 0.032552083333333336
0 0.5244140625 0.56640625 0.0859375 0.049479166666666664
0 0.607421875 0.56640625 0.080078125 0.049479166666666664
0 0.70751953125 0.56640625 0.1201171875 0.049479166666666664
0 0.80322265625 0.56640625 0.0712890625 0.049479166666666664
0 0.89892578125 0.56640625 0.1201171875 0.049479166666666664
7 0.98681640625 0.5670572916666666 0.0263671875 0.022135416666666668
0 0.9794921875 0.56640625 0.041015625 0.049479166666666664
2 0.68994140625 0.6783854166666666 0.6201171875 0.078125
2 0.68994140625 0.7369791666666666 0.6201171875 0.0390625
7 0.51904296875 0.8346354166666666 0.2783203125 0.036458333333333336
0 0.51953125 0.8346354166666666 0.279296875 0.0390625
7 0.8251953125 0.8346354166666666 0.29296875 0.036458333333333336
0 0.8251953125 0.8346354166666666 0.294921875 0.0390625
7 0.66796875 0.9446614583333334 0.576171875 0.024739583333333332
0 0.68994140625 0.9563802083333334 0.6201171875 0.08723958333333333
2 0.66796875 0.9733072916666666 0.576171875 0.032552083333333336
7 0.66796875 0.9947916666666666 0.576171875 0.010416666666666666