4 0.19482421875 0.24479166666666666 0.3896484375 0.4895833333333333
0 0.19482421875 0.13736979166666666 0.3896484375 0.2747395833333333
4 0.17529296875 0.4602864583333333 0.0126953125 0.016927083333333332
4 0.20166015625 0.4602864583333333 0.0126953125 0.016927083333333332
6 0.0927734375 0.521484375 0.12890625 0.016927083333333332
6 0.32275390625 0.521484375 0.1337890625 0.016927083333333332
2 0.40673828125 0.009114583333333334 0.0341796875 0.018229166666666668
7 0.6630859375 0.033203125 0.1328125 0.016927083333333332
6 0.77978515625 0.033203125 0.0673828125 0.01953125
2 0.4072265625 0.111328125 0.03515625 0.05859375
4 0.49658203125 0.10286458333333333 0.0537109375 0.041666666666666664
0 0.49658203125 0.10286458333333333 0.0537109375 0.041666666666666664
2 0.57275390625 0.111328125 0.2060546875 0.05859375
4 0.75146484375 0.10286458333333333 0.0537109375 0.041666666666666664
0 0.75146484375 0.10286458333333333 0.0537109375 0.041666666666666664
2 0.86083984375 0.111328125 0.1357421875 0.05859375
4 0.98974609375 0.10286458333333333 0.0205078125 0.041666666666666664
0 0.98974609375 0.10286458333333333 0.0205078125 0.041666666666666664
3 0.69482421875 0.2662760416666667 0.6103515625 0.11848958333333333
2 0.62939453125 0.4108072916666667 0.4794921875 0.02734375
4 0.705078125 0.51953125 0.3046875 0.09895833333333333
0 0.705078125 0.51953125 0.3046875 0.09895833333333333
4 0.46435546875 0.5071614583333334 0.0966796875 0.07421875
0 0.46435546875 0.5071614583333334 0.0966796875 0.07421875
2 0.22705078125 0.5794270833333334 0.3251953125 0.020833333333333332
7 0.16455078125 0.6197916666666666 0.2001953125 0.020833333333333332
6 0.3037109375 0.6197916666666666 0.078125 0.020833333333333332
7 0.3564453125 0.6197916666666666 0.029296875 0.020833333333333332
6 0.22705078125 0.6321614583333334 0.3251953125 0.045572916666666664
7 0.12451171875 0.64453125 0.0048828125 0.020833333333333332
7 0.1572265625 0.74609375 0.125 0.0234375
0 0.15771484375 0.7467447916666666 0.1865234375 0.06640625
6 0.1552734375 0.8020833333333334 0.083984375 0.0234375
7 0.19775390625 0.9713541666666666 0.3837890625 0.057291666666666664
0 0.19775390625 0.9713541666666666 0.3837890625 0.057291666666666664
4 0.69482421875 0.6119791666666666 0.6103515625 0.0859375
2 0.734375 0.697265625 0.171875 0.022135416666666668
6 0.408203125 0.7428385416666666 0.037109375 0.022135416666666668
7 0.52490234375 0.7428385416666666 0.2001953125 0.022135416666666668
6 0.66650390625 0.7428385416666666 0.0830078125 0.022135416666666668
7 0.72119140625 0.7428385416666666 0.0302734375 0.022135416666666668
6 0.7802734375 0.7428385416666666 0.087890625 0.022135416666666668
7 0.8564453125 0.7428385416666666 0.068359375 0.022135416666666668
6 0.9453125 0.7428385416666666 0.109375 0.022135416666666668
7 0.76513671875 0.7571614583333334 0.4697265625 0.05078125
6 0.65869140625 0.771484375 0.0615234375 0.022135416666666668
7 0.8134765625 0.771484375 0.25 0.022135416666666668
4 0.3974609375 0.8118489583333334 0.015625 0.03515625
6 0.4462890625 0.810546875 0.076171875 0.022135416666666668
4 0.5146484375 0.8118489583333334 0.029296875 0.03515625
6 0.5693359375 0.810546875 0.07421875 0.022135416666666668
4 0.63623046875 0.8118489583333334 0.0302734375 0.03515625
6 0.6953125 0.810546875 0.08203125 0.022135416666666668
4 0.76611328125 0.8118489583333334 0.0302734375 0.03515625
6 0.84033203125 0.810546875 0.1123046875 0.022135416666666668
4 0.92626953125 0.8118489583333334 0.0302734375 0.03515625
6 0.97216796875 0.810546875 0.0556640625 0.022135416666666668
4 0.63916015625 0.845703125 0.0302734375 0.03515625
6 0.68310546875 0.8444010416666666 0.0517578125 0.022135416666666668
4 0.73876953125 0.845703125 0.0302734375 0.03515625
6 0.80126953125 0.8444010416666666 0.0888671875 0.022135416666666668
6 0.49365234375 0.8860677083333334 0.1357421875 0.022135416666666668
7 0.56640625 0.8860677083333334 0.01171875 0.022135416666666668
6 0.6484375 0.8860677083333334 0.154296875 0.022135416666666668
7 0.73095703125 0.8860677083333334 0.0126953125 0.022135416666666668
6 0.814453125 0.8860677083333334 0.15625 0.022135416666666668
7 0.896484375 0.8860677083333334 0.01171875 0.022135416666666668
6 0.95068359375 0.8860677083333334 0.0986328125 0.022135416666666668
6 0.54736328125 0.9225260416666666 0.0654296875 0.01953125
7 0.58447265625 0.9225260416666666 0.0107421875 0.01953125
6 0.64453125 0.9225260416666666 0.109375 0.01953125
7 0.70263671875 0.9225260416666666 0.0107421875 0.01953125
6 0.7294921875 0.9225260416666666 0.04296875 0.01953125
7 0.75439453125 0.9225260416666666 0.0107421875 0.01953125
6 0.77978515625 0.9225260416666666 0.0400390625 0.01953125
7 0.80322265625 0.9225260416666666 0.0107421875 0.01953125
6 0.83056640625 0.9225260416666666 0.0439453125 0.01953125
7 0.857421875 0.9225260416666666 0.01171875 0.01953125
6 0.90771484375 0.9225260416666666 0.0927734375 0.01953125
7 0.41796875 0.9967447916666666 0.056640625 0.006510416666666667
6 0.48583984375 0.9967447916666666 0.0810546875 0.006510416666666667
7 0.56396484375 0.9967447916666666 0.0751953125 0.006510416666666667
6 0.6328125 0.9967447916666666 0.064453125 0.006510416666666667
7 0.66943359375 0.9967447916666666 0.0126953125 0.006510416666666667
6 0.70703125 0.9967447916666666 0.0625 0.006510416666666667
7 0.77978515625 0.9967447916666666 0.0849609375 0.006510416666666667
6 0.85986328125 0.9967447916666666 0.0771484375 0.006510416666666667
7 0.90185546875 0.9967447916666666 0.0087890625 0.006510416666666667
6 0.93603515625 0.9967447916666666 0.0634765625 0.006510416666666667
7 0.98388671875 0.9967447916666666 0.0322265625 0.006510416666666667
7 0.7373046875 0.5768229166666666 0.107421875 0.015625
6 0.84326171875 0.5768229166666666 0.0888671875 0.015625
6 0.91748046875 0.5768229166666666 0.0439453125 0.015625
6 0.9736328125 0.5768229166666666 0.052734375 0.015625
0 0.4365234375 0.62890625 0.078125 0.052083333333333336
0 0.654296875 0.62890625 0.05078125 0.052083333333333336
0 0.73974609375 0.62890625 0.1220703125 0.052083333333333336
0 0.86279296875 0.62890625 0.1259765625 0.052083333333333336
1 0.96630859375 0.6315104166666666 0.0673828125 0.036458333333333336