0 0.0849609375 0.028645833333333332 0.083984375 0.028645833333333332
0 0.173828125 0.028645833333333332 0.03515625 0.028645833333333332
0 0.244140625 0.028645833333333332 0.046875 0.028645833333333332
0 0.32763671875 0.028645833333333332 0.0615234375 0.028645833333333332
4 0.4140625 0.028645833333333332 0.021484375 0.028645833333333332
0 0.4677734375 0.028645833333333332 0.064453125 0.028645833333333332
0 0.51953125 0.028645833333333332 0.0390625 0.028645833333333332
2 0.18212890625 0.6184895833333334 0.3642578125 0.041666666666666664
4 0.57080078125 0.20377604166666666 0.0634765625 0.19661458333333334
2 0.76025390625 0.2109375 0.2861328125 0.3307291666666667
7 0.69775390625 0.3997395833333333 0.3173828125 0.052083333333333336
7 0.69775390625 0.4622395833333333 0.3173828125 0.07552083333333333
7 0.578125 0.52734375 0.078125 0.046875
7 0.64306640625 0.52734375 0.0537109375 0.046875
7 0.779296875 0.52734375 0.154296875 0.057291666666666664
0 0.68310546875 0.4993489583333333 0.0009765625 0.0013020833333333333
4 0.142578125 0.8313802083333334 0.28515625 0.3372395833333333
4 0.416015625 0.8313802083333334 0.24609375 0.3372395833333333
4 0.61474609375 0.68359375 0.1513671875 0.06510416666666667
0 0.69873046875 0.6868489583333334 0.0498046875 0.07161458333333333
0 0.75146484375 0.6868489583333334 0.0478515625 0.07161458333333333
0 0.8076171875 0.6868489583333334 0.05859375 0.07161458333333333
0 0.8837890625 0.6868489583333334 0.087890625 0.07161458333333333
0 0.96337890625 0.6868489583333334 0.0654296875 0.07161458333333333
2 0.732421875 0.9772135416666666 0.38671875 0.045572916666666664