2 0.080078125 0.3587239583333333 0.16015625 0.08203125
0 0.3818359375 0.2565104166666667 0.03515625 0.17447916666666666
7 0.7119140625 0.13151041666666666 0.576171875 0.0390625
0 0.71337890625 0.22005208333333334 0.2197265625 0.0546875
6 0.5283203125 0.2903645833333333 0.162109375 0.018229166666666668
6 0.54638671875 0.3411458333333333 0.1982421875 0.041666666666666664
6 0.81591796875 0.3020833333333333 0.1923828125 0.041666666666666664
6 0.82080078125 0.3645833333333333 0.2021484375 0.041666666666666664
2 0.361328125 0.6510416666666666 0.076171875 0.140625
0 0.361328125 0.6920572916666666 0.076171875 0.22265625
7 0.361328125 0.7936197916666666 0.076171875 0.01953125
4 0.34130859375 0.9622395833333334 0.0361328125 0.046875
0 0.361328125 0.9615885416666666 0.076171875 0.048177083333333336
4 0.19970703125 0.6998697916666666 0.3994140625 0.6002604166666666
1 0.60791015625 0.4583333333333333 0.4169921875 0.046875
4 0.79833984375 0.4583333333333333 0.0205078125 0.026041666666666668
0 0.79833984375 0.4583333333333333 0.0361328125 0.046875
4 0.8955078125 0.4609375 0.03125 0.041666666666666664
0 0.8955078125 0.47265625 0.03125 0.020833333333333332
0 0.955078125 0.4583333333333333 0.04296875 0.0234375
4 0.69970703125 0.6588541666666666 0.6005859375 0.5182291666666666
7 0.6357421875 0.5325520833333334 0.47265625 0.044270833333333336
0 0.9501953125 0.5748697916666666 0.099609375 0.022135416666666668
7 0.48046875 0.7200520833333334 0.083984375 0.020833333333333332
0 0.48046875 0.6875 0.107421875 0.16927083333333334
7 0.48046875 0.74609375 0.083984375 0.020833333333333332
7 0.599609375 0.7096354166666666 0.083984375 0.041666666666666664
0 0.599609375 0.6875 0.107421875 0.16927083333333334
7 0.599609375 0.74609375 0.083984375 0.020833333333333332
7 0.71875 0.7096354166666666 0.083984375 0.041666666666666664
0 0.71875 0.6875 0.107421875 0.16927083333333334
7 0.71875 0.74609375 0.083984375 0.020833333333333332
7 0.837890625 0.7096354166666666 0.083984375 0.041666666666666664
0 0.837890625 0.6875 0.107421875 0.16927083333333334
7 0.837890625 0.74609375 0.083984375 0.020833333333333332
7 0.95703125 0.7096354166666666 0.083984375 0.041666666666666664
0 0.95166015625 0.6875 0.0966796875 0.16927083333333334
7 0.95703125 0.74609375 0.083984375 0.020833333333333332
7 0.7890625 0.8333333333333334 0.0703125 0.020833333333333332
4 0.88037109375 0.8333333333333334 0.0224609375 0.0234375
4 0.92919921875 0.8333333333333334 0.0166015625 0.0234375
4 0.95849609375 0.8333333333333334 0.0166015625 0.0234375
4 0.43310546875 0.9329427083333334 0.0673828125 0.13411458333333334
4 0.599609375 0.9329427083333334 0.234375 0.13411458333333334
0 0.599609375 0.9329427083333334 0.234375 0.13411458333333334
4 0.849609375 0.9329427083333334 0.234375 0.13411458333333334
0 0.849609375 0.9329427083333334 0.234375 0.13411458333333334
7 0.94189453125 0.8977864583333334 0.0205078125 0.024739583333333332