7 0.06494140625 0.1015625 0.1298828125 0.059895833333333336
7 0.22412109375 0.1015625 0.1884765625 0.059895833333333336
7 0.171875 0.22135416666666666 0.34375 0.109375
7 0.06884765625 0.3697916666666667 0.1376953125 0.028645833333333332
0 0.08154296875 0.3697916666666667 0.1630859375 0.08333333333333333
6 0.03955078125 0.4733072916666667 0.0556640625 0.024739583333333332
6 0.11083984375 0.4733072916666667 0.0869140625 0.024739583333333332
6 0.18798828125 0.4733072916666667 0.0673828125 0.024739583333333332
6 0.2734375 0.4733072916666667 0.103515625 0.024739583333333332
2 0.740234375 0.037760416666666664 0.421875 0.0390625
6 0.59130859375 0.09895833333333333 0.1240234375 0.033854166666666664
7 0.73681640625 0.13151041666666666 0.4150390625 0.09895833333333333
0 0.5810546875 0.23177083333333334 0.103515625 0.049479166666666664
0 0.80126953125 0.23177083333333334 0.2783203125 0.049479166666666664
7 0.57080078125 0.42578125 0.0830078125 0.033854166666666664
0 0.6611328125 0.4264322916666667 0.263671875 0.032552083333333336
7 0.70263671875 0.42578125 0.1806640625 0.033854166666666664
7 0.7548828125 0.513671875 0.451171875 0.01171875
4 0.2646484375 0.759765625 0.529296875 0.48046875
2 0.23486328125 0.5579427083333334 0.4697265625 0.03515625
7 0.0439453125 0.6822916666666666 0.087890625 0.0234375
0 0.06494140625 0.6842447916666666 0.1298828125 0.053385416666666664
7 0.04931640625 0.7552083333333334 0.0986328125 0.0234375
0 0.06494140625 0.7571614583333334 0.1298828125 0.053385416666666664
7 0.046875 0.8385416666666666 0.09375 0.06770833333333333
7 0.0224609375 0.8619791666666666 0.029296875 0.020833333333333332
6 0.07568359375 0.8619791666666666 0.0791015625 0.020833333333333332
7 0.11669921875 0.8619791666666666 0.0048828125 0.020833333333333332
7 0.31103515625 0.669921875 0.2548828125 0.024739583333333332
1 0.31103515625 0.712890625 0.2548828125 0.04296875
1 0.31103515625 0.7858072916666666 0.2548828125 0.04296875
6 0.2353515625 0.828125 0.103515625 0.020833333333333332
1 0.41259765625 0.8365885416666666 0.0517578125 0.040364583333333336
6 0.0087890625 0.94140625 0.017578125 0.020833333333333332
7 0.02099609375 0.94140625 0.0087890625 0.020833333333333332
6 0.04541015625 0.94140625 0.0439453125 0.020833333333333332
7 0.0703125 0.94140625 0.0078125 0.020833333333333332
6 0.0908203125 0.94140625 0.03515625 0.020833333333333332
7 0.11279296875 0.94140625 0.0087890625 0.020833333333333332
6 0.1376953125 0.94140625 0.044921875 0.020833333333333332
7 0.1640625 0.94140625 0.0078125 0.020833333333333332
6 0.19287109375 0.94140625 0.0517578125 0.020833333333333332
7 0.22216796875 0.94140625 0.0087890625 0.020833333333333332
6 0.25537109375 0.94140625 0.0615234375 0.020833333333333332
7 0.302734375 0.94140625 0.033203125 0.020833333333333332
6 0.33642578125 0.94140625 0.0380859375 0.020833333333333332
6 0.04541015625 0.9934895833333334 0.0458984375 0.013020833333333334
6 0.1162109375 0.9934895833333334 0.06640625 0.013020833333333334
6 0.1845703125 0.9934895833333334 0.04296875 0.013020833333333334
6 0.23828125 0.9934895833333334 0.03515625 0.013020833333333334
6 0.30224609375 0.9934895833333334 0.0634765625 0.013020833333333334
6 0.3720703125 0.9934895833333334 0.044921875 0.013020833333333334
7 0.546875 0.53125 0.03515625 0.0234375
0 0.57568359375 0.5462239583333334 0.0927734375 0.053385416666666664
7 0.57275390625 0.5520833333333334 0.0869140625 0.013020833333333334
7 0.54931640625 0.6158854166666666 0.0400390625 0.028645833333333332
0 0.57568359375 0.623046875 0.0927734375 0.07421875
7 0.57275390625 0.6393229166666666 0.0869140625 0.013020833333333334
7 0.560546875 0.703125 0.0625 0.028645833333333332
0 0.57568359375 0.7102864583333334 0.0927734375 0.07421875
7 0.57275390625 0.7265625 0.0869140625 0.013020833333333334
7 0.54736328125 0.7903645833333334 0.0361328125 0.028645833333333332
0 0.57568359375 0.7975260416666666 0.0927734375 0.07421875
7 0.57275390625 0.8138020833333334 0.0869140625 0.013020833333333334
7 0.5517578125 0.8776041666666666 0.044921875 0.028645833333333332
0 0.57568359375 0.884765625 0.0927734375 0.07421875
7 0.57275390625 0.9010416666666666 0.0869140625 0.013020833333333334
7 0.5498046875 0.96484375 0.041015625 0.028645833333333332
0 0.57568359375 0.9674479166666666 0.0927734375 0.06510416666666667
7 0.57275390625 0.98828125 0.0869140625 0.013020833333333334
1 0.5966796875 0.5872395833333334 0.134765625 0.0703125
7 0.9345703125 0.5859375 0.052734375 0.028645833333333332
4 0.9921875 0.5846354166666666 0.015625 0.0390625
2 0.7646484375 0.6998697916666666 0.470703125 0.055989583333333336
7 0.5556640625 0.76953125 0.052734375 0.028645833333333332
0 0.57666015625 0.7701822916666666 0.0947265625 0.037760416666666664
7 0.59912109375 0.7708333333333334 0.0341796875 0.0234375
7 0.6708984375 0.76953125 0.060546875 0.028645833333333332
0 0.6865234375 0.7701822916666666 0.11328125 0.037760416666666664
7 0.71826171875 0.7708333333333334 0.0341796875 0.0234375
7 0.7861328125 0.76953125 0.052734375 0.028645833333333332
0 0.8017578125 0.7701822916666666 0.10546875 0.037760416666666664
7 0.82958984375 0.7708333333333334 0.0341796875 0.0234375
7 0.8994140625 0.76953125 0.056640625 0.028645833333333332
0 0.9150390625 0.7701822916666666 0.109375 0.037760416666666664
7 0.94482421875 0.7708333333333334 0.0341796875 0.0234375
0 0.5458984375 0.818359375 0.033203125 0.037760416666666664
7 0.5419921875 0.8190104166666666 0.025390625 0.0234375
7 0.59716796875 0.8177083333333334 0.0361328125 0.028645833333333332
0 0.61279296875 0.818359375 0.0888671875 0.037760416666666664
7 0.63232421875 0.8190104166666666 0.0341796875 0.0234375
7 0.703125 0.8177083333333334 0.05859375 0.028645833333333332
0 0.71875 0.818359375 0.111328125 0.037760416666666664
7 0.74951171875 0.8190104166666666 0.0341796875 0.0234375
7 0.82568359375 0.8177083333333334 0.0693359375 0.028645833333333332
0 0.84130859375 0.818359375 0.1220703125 0.037760416666666664
7 0.87744140625 0.8190104166666666 0.0341796875 0.0234375
7 0.9423828125 0.8177083333333334 0.046875 0.028645833333333332
0 0.9541015625 0.818359375 0.091796875 0.037760416666666664
7 0.98291015625 0.8190104166666666 0.0341796875 0.0234375
7 0.5419921875 0.8658854166666666 0.025390625 0.028645833333333332
0 0.56298828125 0.8665364583333334 0.0673828125 0.037760416666666664
7 0.57177734375 0.8671875 0.0341796875 0.0234375
7 0.63525390625 0.8658854166666666 0.0439453125 0.028645833333333332
0 0.6455078125 0.8665364583333334 0.0859375 0.037760416666666664
7 0.6689453125 0.8671875 0.0234375 0.0234375
7 0.72900390625 0.8658854166666666 0.0478515625 0.028645833333333332
0 0.7392578125 0.8665364583333334 0.08984375 0.037760416666666664
7 0.7646484375 0.8671875 0.0234375 0.0234375
7 0.83251953125 0.8658854166666666 0.0634765625 0.028645833333333332
0 0.8427734375 0.8665364583333334 0.10546875 0.037760416666666664
7 0.8759765625 0.8671875 0.0234375 0.0234375
7 0.9560546875 0.8658854166666666 0.087890625 0.028645833333333332
0 0.95068359375 0.8665364583333334 0.0986328125 0.037760416666666664
7 0.56494140625 0.9140625 0.0712890625 0.028645833333333332
0 0.58056640625 0.9147135416666666 0.1025390625 0.037760416666666664
7 0.6123046875 0.9153645833333334 0.0234375 0.0234375
7 0.685546875 0.9140625 0.07421875 0.028645833333333332
0 0.69580078125 0.9147135416666666 0.1162109375 0.037760416666666664
7 0.734375 0.9153645833333334 0.0234375 0.0234375
7 0.810546875 0.9140625 0.080078125 0.028645833333333332
0 0.82080078125 0.9147135416666666 0.1220703125 0.037760416666666664
7 0.8623046875 0.9153645833333334 0.0234375 0.0234375
7 0.91064453125 0.9140625 0.0244140625 0.028645833333333332
0 0.9208984375 0.9147135416666666 0.06640625 0.037760416666666664
7 0.9345703125 0.9153645833333334 0.0234375 0.0234375
7 0.5703125 0.9622395833333334 0.064453125 0.028645833333333332
0 0.58154296875 0.962890625 0.1044921875 0.037760416666666664
7 0.6142578125 0.9635416666666666 0.0234375 0.0234375
7 0.70263671875 0.9622395833333334 0.1044921875 0.028645833333333332
0 0.712890625 0.962890625 0.146484375 0.037760416666666664
7 0.7666015625 0.9635416666666666 0.0234375 0.0234375
7 0.83349609375 0.9622395833333334 0.0615234375 0.028645833333333332
0 0.84375 0.962890625 0.103515625 0.037760416666666664
7 0.8759765625 0.9635416666666666 0.0234375 0.0234375
7 0.95458984375 0.9622395833333334 0.0849609375 0.028645833333333332
0 0.95068359375 0.962890625 0.0986328125 0.037760416666666664
0 0.67138671875 0.99609375 0.1513671875 0.0078125
0 0.79052734375 0.99609375 0.0751953125 0.0078125
0 0.87841796875 0.99609375 0.0888671875 0.0078125
7 0.5986328125 0.81640625 0.076171875 0.028645833333333332
0 0.57080078125 0.8723958333333334 0.0830078125 0.057291666666666664
0 0.8828125 0.875 0.0234375 0.028645833333333332
0 0.9111328125 0.875 0.02734375 0.036458333333333336
0 0.94140625 0.875 0.02734375 0.036458333333333336
0 0.9716796875 0.875 0.02734375 0.036458333333333336
0 0.994140625 0.875 0.01171875 0.036458333333333336
7 0.86669921875 0.943359375 0.0419921875 0.01953125
0 0.85107421875 0.943359375 0.0732421875 0.022135416666666668