7 0.17138671875 0.01171875 0.1884765625 0.0234375
7 0.1455078125 0.11328125 0.291015625 0.109375
7 0.04248046875 0.26171875 0.0849609375 0.028645833333333332
0 0.05517578125 0.26171875 0.1103515625 0.08333333333333333
6 0.00732421875 0.365234375 0.0146484375 0.024739583333333332
6 0.05810546875 0.365234375 0.0869140625 0.024739583333333332
6 0.13525390625 0.365234375 0.0673828125 0.024739583333333332
6 0.220703125 0.365234375 0.103515625 0.024739583333333332
7 0.63232421875 0.09505208333333333 0.3857421875 0.109375
0 0.5498046875 0.20638020833333334 0.220703125 0.055989583333333336
2 0.5068359375 0.474609375 0.134765625 0.037760416666666664
2 0.7958984375 0.474609375 0.408203125 0.037760416666666664
5 0.26220703125 0.5533854166666666 0.0595703125 0.020833333333333332
1 0.3681640625 0.5533854166666666 0.142578125 0.049479166666666664
7 0.2197265625 0.5377604166666666 0.439453125 0.018229166666666668
2 0.224609375 0.7057291666666666 0.4296875 0.06510416666666667
4 0.224609375 0.869140625 0.4296875 0.26171875
0 0.224609375 0.869140625 0.4296875 0.26171875
4 0.0322265625 0.7682291666666666 0.03515625 0.046875
2 0.71240234375 0.5579427083333334 0.5458984375 0.02734375
0 0.56396484375 0.6614583333333334 0.1435546875 0.1171875
0 0.73876953125 0.6614583333333334 0.1435546875 0.1171875
0 0.91357421875 0.6614583333333334 0.1435546875 0.1171875
0 0.56396484375 0.8098958333333334 0.1435546875 0.1171875
7 0.7197265625 0.7936197916666666 0.041015625 0.022135416666666668
0 0.73876953125 0.8098958333333334 0.1435546875 0.1171875
4 0.75146484375 0.79296875 0.0166015625 0.020833333333333332
7 0.90283203125 0.7936197916666666 0.0576171875 0.022135416666666668
0 0.91357421875 0.8098958333333334 0.1435546875 0.1171875
4 0.8857421875 0.8203125 0.015625 0.020833333333333332