7 0.22119140625 0.013020833333333334 0.4423828125 0.0234375
7 0.50390625 0.014322916666666666 0.07421875 0.028645833333333332
0 0.50390625 0.014322916666666666 0.09765625 0.028645833333333332
7 0.2158203125 0.013020833333333334 0.431640625 0.0234375
7 0.4912109375 0.014322916666666666 0.0703125 0.028645833333333332
0 0.4912109375 0.014322916666666666 0.09375 0.028645833333333332
1 0.05810546875 0.08723958333333333 0.1162109375 0.041666666666666664
6 0.2880859375 0.08723958333333333 0.037109375 0.018229166666666668
6 0.35302734375 0.08723958333333333 0.0458984375 0.028645833333333332
6 0.435546875 0.08723958333333333 0.080078125 0.028645833333333332
6 0.521484375 0.08723958333333333 0.052734375 0.028645833333333332
7 0.607421875 0.08723958333333333 0.0390625 0.028645833333333332
7 0.68115234375 0.08723958333333333 0.0302734375 0.041666666666666664
0 0.68115234375 0.08723958333333333 0.0693359375 0.041666666666666664
2 0.244140625 0.4524739583333333 0.333984375 0.09765625
2 0.27734375 0.5514322916666666 0.5546875 0.09505208333333333
0 0.78271484375 0.013020833333333334 0.0869140625 0.026041666666666668
0 0.89501953125 0.013020833333333334 0.1376953125 0.026041666666666668
0 0.75341796875 0.0390625 0.0283203125 0.049479166666666664
0 0.82763671875 0.0390625 0.1201171875 0.049479166666666664
7 0.93505859375 0.039713541666666664 0.0654296875 0.022135416666666668
0 0.9384765625 0.0390625 0.1015625 0.049479166666666664
2 0.86962890625 0.15104166666666666 0.2607421875 0.078125
2 0.86962890625 0.20963541666666666 0.2607421875 0.0390625
7 0.81982421875 0.3072916666666667 0.1611328125 0.036458333333333336
0 0.8203125 0.3072916666666667 0.162109375 0.0390625
7 0.81201171875 0.4173177083333333 0.1455078125 0.024739583333333332
0 0.86962890625 0.4479166666666667 0.2607421875 0.125
2 0.81201171875 0.4459635416666667 0.1455078125 0.032552083333333336
7 0.81201171875 0.4765625 0.1455078125 0.028645833333333332
4 0.36962890625 0.9583333333333334 0.7392578125 0.049479166666666664
4 0.5048828125 0.6328125 0.037109375 0.049479166666666664
4 0.1923828125 0.765625 0.037109375 0.049479166666666664
4 0.6513671875 0.6979166666666666 0.037109375 0.049479166666666664
4 0.1240234375 0.6588541666666666 0.037109375 0.049479166666666664
4 0.5732421875 0.7760416666666666 0.037109375 0.049479166666666664
4 0.36962890625 0.6848958333333334 0.7392578125 0.049479166666666664
4 0.0380859375 0.884765625 0.076171875 0.10807291666666667
4 0.0771484375 0.927734375 0.078125 0.10546875
4 0.5732421875 0.6399739583333334 0.078125 0.08203125
4 0.7197265625 0.7981770833333334 0.0390625 0.125
4 0.2666015625 0.7135416666666666 0.087890625 0.1171875
4 0.4560546875 0.8743489583333334 0.56640625 0.2513020833333333
4 0.595703125 0.9524739583333334 0.287109375 0.09505208333333333
4 0.8447265625 0.73046875 0.2109375 0.2630208333333333
2 0.89111328125 0.7161458333333334 0.1982421875 0.078125
6 0.89111328125 0.8053385416666666 0.1982421875 0.06640625
7 0.86083984375 0.865234375 0.1376953125 0.040364583333333336
4 0.802734375 0.9029947916666666 0.021484375 0.02734375
7 0.87353515625 0.9016927083333334 0.1103515625 0.016927083333333332
4 0.82861328125 0.9713541666666666 0.1142578125 0.057291666666666664
0 0.82861328125 0.9713541666666666 0.1142578125 0.057291666666666664
4 0.947265625 0.9713541666666666 0.10546875 0.057291666666666664
0 0.947265625 0.9713541666666666 0.10546875 0.057291666666666664