0 0.16455078125 0.006510416666666667 0.1064453125 0.013020833333333334
2 0.0185546875 0.08723958333333333 0.037109375 0.0234375
4 0.02783203125 0.08268229166666667 0.0205078125 0.032552083333333336
4 0.0234375 0.17903645833333334 0.046875 0.13671875
6 0.0126953125 0.28125 0.025390625 0.020833333333333332
2 0.1357421875 0.08723958333333333 0.134765625 0.0234375
4 0.19384765625 0.08268229166666667 0.0205078125 0.032552083333333336
4 0.1357421875 0.17903645833333334 0.154296875 0.13671875
6 0.1298828125 0.2942708333333333 0.123046875 0.046875
0 0.16552734375 0.3098958333333333 0.0400390625 0.020833333333333332
7 0.1357421875 0.3359375 0.154296875 0.018229166666666668
7 0.1357421875 0.3541666666666667 0.154296875 0.018229166666666668
3 0.1083984375 0.5501302083333334 0.216796875 0.19921875
7 0.3193359375 0.01171875 0.080078125 0.0234375
0 0.30078125 0.027994791666666668 0.1171875 0.055989583333333336
7 0.3115234375 0.10677083333333333 0.095703125 0.0234375
1 0.3115234375 0.14583333333333334 0.095703125 0.0546875
7 0.3115234375 0.19791666666666666 0.095703125 0.0234375
1 0.3115234375 0.23697916666666666 0.095703125 0.0546875
1 0.26806640625 0.296875 0.0126953125 0.018229166666666668
5 0.32080078125 0.296875 0.0771484375 0.020833333333333332
6 0.310546875 0.3294270833333333 0.09765625 0.020833333333333332
6 0.310546875 0.35546875 0.09765625 0.020833333333333332
1 0.310546875 0.4205729166666667 0.09765625 0.06510416666666667
7 0.310546875 0.48046875 0.09765625 0.0234375
0 0.310546875 0.5403645833333334 0.09765625 0.06510416666666667
4 0.41455078125 0.18359375 0.1103515625 0.18229166666666666
4 0.60009765625 0.18359375 0.2490234375 0.18229166666666666
4 0.8515625 0.18359375 0.2421875 0.18229166666666666
4 0.9892578125 0.18359375 0.021484375 0.18229166666666666
4 0.5830078125 0.5227864583333334 0.447265625 0.25390625
4 0.91015625 0.5013020833333334 0.1796875 0.2109375
0 0.91015625 0.5013020833333334 0.1796875 0.2109375
4 0.8447265625 0.5735677083333334 0.029296875 0.040364583333333336
2 0.91015625 0.6282552083333334 0.1796875 0.032552083333333336
7 0.01318359375 0.7200520833333334 0.0263671875 0.028645833333333332
6 0.06201171875 0.7200520833333334 0.0947265625 0.028645833333333332
6 0.18701171875 0.7200520833333334 0.0966796875 0.028645833333333332
6 0.29248046875 0.7200520833333334 0.0556640625 0.028645833333333332
6 0.28173828125 0.82421875 0.1552734375 0.028645833333333332
4 0.146484375 0.9173177083333334 0.29296875 0.16536458333333334
0 0.146484375 0.9173177083333334 0.29296875 0.16536458333333334
4 0.146484375 0.9173177083333334 0.29296875 0.16536458333333334
7 0.376953125 0.9453125 0.03515625 0.028645833333333332
7 0.39501953125 0.990234375 0.0439453125 0.01953125
7 0.53369140625 0.990234375 0.0732421875 0.01953125
4 0.77880859375 0.8248697916666666 0.4423828125 0.3502604166666667
7 0.95458984375 0.888671875 0.0908203125 0.01953125
0 0.94921875 0.890625 0.1015625 0.052083333333333336