2 0.1494140625 0.039713541666666664 0.298828125 0.029947916666666668
0 0.412109375 0.037760416666666664 0.07421875 0.020833333333333332
6 0.02490234375 0.11197916666666667 0.0498046875 0.020833333333333332
4 0.06298828125 0.11328125 0.0146484375 0.015625
0 0.09521484375 0.11458333333333333 0.0400390625 0.020833333333333332
6 0.025390625 0.14713541666666666 0.05078125 0.020833333333333332
4 0.0634765625 0.1484375 0.013671875 0.015625
0 0.095703125 0.14973958333333334 0.0390625 0.020833333333333332
6 0.0185546875 0.18229166666666666 0.037109375 0.020833333333333332
4 0.0498046875 0.18359375 0.013671875 0.015625
0 0.08203125 0.18489583333333334 0.0390625 0.020833333333333332
6 0.0185546875 0.21744791666666666 0.037109375 0.020833333333333332
4 0.0498046875 0.21875 0.013671875 0.015625
0 0.08203125 0.22005208333333334 0.0390625 0.020833333333333332
6 0.025390625 0.2526041666666667 0.05078125 0.020833333333333332
4 0.0634765625 0.25390625 0.013671875 0.015625
0 0.095703125 0.2552083333333333 0.0390625 0.020833333333333332
6 0.025390625 0.2877604166666667 0.05078125 0.020833333333333332
4 0.0634765625 0.2890625 0.013671875 0.015625
0 0.095703125 0.2903645833333333 0.0390625 0.020833333333333332
6 0.0244140625 0.3229166666666667 0.048828125 0.020833333333333332
4 0.06103515625 0.32421875 0.0146484375 0.015625
0 0.09326171875 0.3255208333333333 0.0400390625 0.020833333333333332
6 0.025390625 0.3580729166666667 0.05078125 0.020833333333333332
4 0.0634765625 0.359375 0.013671875 0.015625
0 0.095703125 0.3606770833333333 0.0390625 0.020833333333333332
6 0.0185546875 0.3932291666666667 0.037109375 0.020833333333333332
4 0.0498046875 0.39453125 0.013671875 0.015625
0 0.08203125 0.3958333333333333 0.0390625 0.020833333333333332
2 0.2333984375 0.12239583333333333 0.134765625 0.0234375
4 0.29150390625 0.11783854166666667 0.0205078125 0.032552083333333336
4 0.2333984375 0.21419270833333334 0.154296875 0.13671875
6 0.2275390625 0.31640625 0.123046875 0.020833333333333332
2 0.390625 0.12239583333333333 0.1171875 0.0234375
4 0.3857421875 0.21419270833333334 0.126953125 0.13671875
6 0.390625 0.3294270833333333 0.1171875 0.046875
0 0.42919921875 0.3450520833333333 0.0400390625 0.020833333333333332
7 0.3857421875 0.37109375 0.126953125 0.018229166666666668
7 0.3857421875 0.3893229166666667 0.126953125 0.018229166666666668
2 0.681640625 0.5234375 0.232421875 0.013020833333333334
0 0.263671875 0.6341145833333334 0.322265625 0.20833333333333334
6 0.23583984375 0.6243489583333334 0.2353515625 0.022135416666666668
7 0.259765625 0.6595052083333334 0.283203125 0.09244791666666667
6 0.31298828125 0.771484375 0.1767578125 0.022135416666666668
0 0.31298828125 0.771484375 0.2080078125 0.048177083333333336
2 0.724609375 0.7649739583333334 0.55078125 0.4700520833333333
4 0.724609375 0.6028645833333334 0.55078125 0.13020833333333334
0 0.67724609375 0.5403645833333334 0.4560546875 0.020833333333333332
7 0.61767578125 0.6158854166666666 0.2177734375 0.033854166666666664
0 0.67724609375 0.6100260416666666 0.4560546875 0.09244791666666667
7 0.60302734375 0.7213541666666666 0.1845703125 0.033854166666666664
0 0.67724609375 0.7154947916666666 0.4560546875 0.09244791666666667
7 0.58251953125 0.8268229166666666 0.1513671875 0.033854166666666664
0 0.67724609375 0.8209635416666666 0.4560546875 0.09244791666666667
2 0.724609375 0.9361979166666666 0.55078125 0.033854166666666664
7 0.669921875 0.990234375 0.4296875 0.01953125