2 0.18505859375 0.059895833333333336 0.3701171875 0.041666666666666664
0 0.18505859375 0.059895833333333336 0.3701171875 0.041666666666666664
7 0.18115234375 0.11197916666666667 0.3623046875 0.049479166666666664
6 0.234375 0.12565104166666666 0.04296875 0.024739583333333332
4 0.18505859375 0.3450520833333333 0.3701171875 0.328125
0 0.18505859375 0.3450520833333333 0.3701171875 0.328125
6 0.54541015625 0.009114583333333334 0.2490234375 0.018229166666666668
6 0.51611328125 0.043619791666666664 0.1904296875 0.01953125
6 0.53466796875 0.07877604166666667 0.2275390625 0.01953125
6 0.54541015625 0.11393229166666667 0.2490234375 0.01953125
6 0.54541015625 0.14908854166666666 0.2490234375 0.01953125
7 0.54296875 0.19205729166666666 0.25390625 0.024739583333333332
6 0.54541015625 0.23502604166666666 0.2490234375 0.01953125
6 0.54541015625 0.2701822916666667 0.2490234375 0.01953125
6 0.53369140625 0.3053385416666667 0.2255859375 0.01953125
4 0.54296875 0.443359375 0.25390625 0.13151041666666666
0 0.54296875 0.443359375 0.25390625 0.13151041666666666
7 0.1748046875 0.4967447916666667 0.349609375 0.024739583333333332
0 0.4423828125 0.4967447916666667 0.123046875 0.024739583333333332
0 0.59228515625 0.49609375 0.1416015625 0.026041666666666668
2 0.8916015625 0.017578125 0.216796875 0.03515625
6 0.8388671875 0.09505208333333333 0.078125 0.0234375
7 0.88330078125 0.09505208333333333 0.0126953125 0.0234375
6 0.939453125 0.09505208333333333 0.1015625 0.0234375
7 0.9951171875 0.09505208333333333 0.009765625 0.0234375
2 0.8916015625 0.18815104166666666 0.216796875 0.03515625
3 0.8916015625 0.3131510416666667 0.216796875 0.15755208333333334
2 0.8271484375 0.4459635416666667 0.087890625 0.03515625
7 0.84521484375 0.501953125 0.1240234375 0.014322916666666666
1 0.705078125 0.15299479166666666 0.0703125 0.02734375
7 0.70751953125 0.3854166666666667 0.0751953125 0.046875
4 0.3349609375 0.6087239583333334 0.669921875 0.19921875
0 0.3349609375 0.72265625 0.669921875 0.4270833333333333
2 0.359375 0.7936197916666666 0.498046875 0.11067708333333333
7 0.359375 0.880859375 0.134765625 0.024739583333333332
7 0.8349609375 0.5833333333333334 0.330078125 0.020833333333333332
7 0.6787109375 0.7760416666666666 0.017578125 0.013020833333333334
3 0.8916015625 0.67578125 0.216796875 0.1171875
2 0.86376953125 0.7858072916666666 0.2724609375 0.029947916666666668
7 0.86376953125 0.8502604166666666 0.2724609375 0.059895833333333336
7 0.86376953125 0.8795572916666666 0.2724609375 0.040364583333333336
7 0.82861328125 0.8893229166666666 0.0283203125 0.020833333333333332
7 0.8837890625 0.8893229166666666 0.08203125 0.020833333333333332
7 0.9248046875 0.8893229166666666 0.00390625 0.020833333333333332
7 0.91064453125 0.93359375 0.1787109375 0.020833333333333332
1 0.91064453125 0.95703125 0.1787109375 0.028645833333333332
7 0.88671875 0.9947916666666666 0.130859375 0.010416666666666666