4 0.140625 0.13736979166666666 0.28125 0.22786458333333334
0 0.140625 0.13736979166666666 0.28125 0.22786458333333334
2 0.1328125 0.2916666666666667 0.265625 0.041666666666666664
0 0.1328125 0.2916666666666667 0.265625 0.041666666666666664
7 0.12890625 0.34375 0.2578125 0.049479166666666664
6 0.1298828125 0.357421875 0.04296875 0.024739583333333332
7 0.41064453125 0.056640625 0.1982421875 0.024739583333333332
6 0.4130859375 0.099609375 0.193359375 0.01953125
6 0.4130859375 0.134765625 0.193359375 0.01953125
6 0.4130859375 0.169921875 0.193359375 0.01953125
6 0.4130859375 0.205078125 0.193359375 0.01953125
6 0.4130859375 0.240234375 0.193359375 0.01953125
6 0.41162109375 0.275390625 0.1904296875 0.01953125
6 0.4130859375 0.310546875 0.193359375 0.01953125
6 0.4130859375 0.345703125 0.193359375 0.01953125
6 0.4130859375 0.3802083333333333 0.193359375 0.018229166666666668
7 0.5810546875 0.11263020833333333 0.138671875 0.05078125
4 0.5771484375 0.055989583333333336 0.12109375 0.11197916666666667
6 0.54248046875 0.13541666666666666 0.0517578125 0.018229166666666668
7 0.5771484375 0.154296875 0.12109375 0.01953125
4 0.58056640625 0.17252604166666666 0.1279296875 0.016927083333333332
7 0.5322265625 0.18815104166666666 0.03125 0.014322916666666666
4 0.572265625 0.1875 0.05078125 0.010416666666666666
7 0.533203125 0.20247395833333334 0.033203125 0.014322916666666666
7 0.56103515625 0.20247395833333334 0.0224609375 0.014322916666666666
7 0.7333984375 0.11263020833333333 0.138671875 0.05078125
4 0.7294921875 0.055989583333333336 0.12109375 0.11197916666666667
6 0.7021484375 0.13541666666666666 0.06640625 0.018229166666666668
7 0.7294921875 0.154296875 0.12109375 0.01953125
4 0.73291015625 0.17252604166666666 0.1279296875 0.016927083333333332
7 0.6845703125 0.18815104166666666 0.03125 0.014322916666666666
4 0.724609375 0.1875 0.05078125 0.010416666666666666
7 0.685546875 0.20247395833333334 0.033203125 0.014322916666666666
7 0.71630859375 0.20247395833333334 0.0283203125 0.014322916666666666
4 0.5244140625 0.2838541666666667 0.017578125 0.018229166666666668
4 0.5771484375 0.3326822916666667 0.12109375 0.11328125
4 0.6767578125 0.2838541666666667 0.017578125 0.018229166666666668
4 0.7294921875 0.3326822916666667 0.12109375 0.11328125
0 0.9228515625 0.016927083333333332 0.154296875 0.028645833333333332
6 0.94091796875 0.064453125 0.0498046875 0.014322916666666666
7 0.96923828125 0.064453125 0.0087890625 0.014322916666666666
6 0.986328125 0.064453125 0.02734375 0.014322916666666666
4 0.9189453125 0.13932291666666666 0.162109375 0.06510416666666667
2 0.85546875 0.20833333333333334 0.015625 0.015625
2 0.91259765625 0.20703125 0.0927734375 0.020833333333333332
4 0.875 0.265625 0.017578125 0.018229166666666668
4 0.9033203125 0.3059895833333333 0.07421875 0.09895833333333333
4 0.90478515625 0.3697916666666667 0.0498046875 0.010416666666666666
7 0.97900390625 0.3170572916666667 0.0419921875 0.14453125
2 0.19873046875 0.4108072916666667 0.2783203125 0.04296875
2 0.13037109375 0.453125 0.2607421875 0.057291666666666664
6 0.29736328125 0.51953125 0.1220703125 0.020833333333333332
0 0.009765625 0.5533854166666666 0.01953125 0.026041666666666668
0 0.05908203125 0.5533854166666666 0.0693359375 0.026041666666666668
0 0.1396484375 0.5533854166666666 0.080078125 0.026041666666666668
0 0.220703125 0.5533854166666666 0.0703125 0.026041666666666668
0 0.2919921875 0.5533854166666666 0.060546875 0.026041666666666668
0 0.0205078125 0.5872395833333334 0.041015625 0.026041666666666668
0 0.080078125 0.5872395833333334 0.06640625 0.026041666666666668
0 0.1396484375 0.5872395833333334 0.04296875 0.026041666666666668
0 0.1982421875 0.5872395833333334 0.0625 0.026041666666666668
0 0.26513671875 0.5872395833333334 0.0595703125 0.026041666666666668
0 0.32421875 0.5872395833333334 0.048828125 0.026041666666666668
0 0.0078125 0.62109375 0.015625 0.026041666666666668
0 0.0693359375 0.62109375 0.095703125 0.026041666666666668
0 0.14501953125 0.62109375 0.0439453125 0.026041666666666668
0 0.20849609375 0.62109375 0.0712890625 0.026041666666666668
0 0.28564453125 0.62109375 0.0732421875 0.026041666666666668
0 0.02978515625 0.6549479166666666 0.0439453125 0.026041666666666668
0 0.091796875 0.6549479166666666 0.068359375 0.026041666666666668
0 0.158203125 0.6549479166666666 0.052734375 0.026041666666666668
0 0.212890625 0.6549479166666666 0.046875 0.026041666666666668
0 0.27783203125 0.6549479166666666 0.0712890625 0.026041666666666668
6 0.29443359375 0.7434895833333334 0.1279296875 0.020833333333333332
0 0.00634765625 0.77734375 0.0126953125 0.026041666666666668
0 0.04150390625 0.77734375 0.0478515625 0.026041666666666668
0 0.111328125 0.77734375 0.080078125 0.026041666666666668
0 0.19189453125 0.77734375 0.0693359375 0.026041666666666668
0 0.2724609375 0.77734375 0.080078125 0.026041666666666668
0 0.01806640625 0.8111979166666666 0.0361328125 0.026041666666666668
0 0.06884765625 0.8111979166666666 0.0556640625 0.026041666666666668
0 0.1220703125 0.8111979166666666 0.0390625 0.026041666666666668
0 0.16943359375 0.8111979166666666 0.0439453125 0.026041666666666668
0 0.22021484375 0.8111979166666666 0.0478515625 0.026041666666666668
0 0.28564453125 0.8111979166666666 0.0712890625 0.026041666666666668
0 0.0263671875 0.8450520833333334 0.037109375 0.026041666666666668
0 0.076171875 0.8450520833333334 0.05078125 0.026041666666666668
0 0.12890625 0.8450520833333334 0.04296875 0.026041666666666668
0 0.1787109375 0.8450520833333334 0.044921875 0.026041666666666668
0 0.23974609375 0.8450520833333334 0.0673828125 0.026041666666666668
0 0.31005859375 0.8450520833333334 0.0615234375 0.026041666666666668
0 0.0107421875 0.87890625 0.021484375 0.026041666666666668
0 0.04931640625 0.87890625 0.0458984375 0.026041666666666668
0 0.11279296875 0.87890625 0.0693359375 0.026041666666666668
0 0.2021484375 0.87890625 0.09765625 0.026041666666666668
2 0.43994140625 0.3977864583333333 0.1396484375 0.016927083333333332
4 0.43994140625 0.5110677083333334 0.1396484375 0.19921875
4 0.3935546875 0.6555989583333334 0.03125 0.04296875
4 0.4443359375 0.6555989583333334 0.03125 0.04296875
4 0.49462890625 0.6555989583333334 0.0302734375 0.04296875
2 0.43994140625 0.7220052083333334 0.1396484375 0.024739583333333332
0 0.43994140625 0.7662760416666666 0.1396484375 0.04296875
0 0.43994140625 0.8079427083333334 0.1396484375 0.04296875
0 0.43994140625 0.849609375 0.1396484375 0.04296875
0 0.43994140625 0.8912760416666666 0.1396484375 0.04296875
0 0.43994140625 0.9329427083333334 0.1396484375 0.04296875
0 0.43994140625 0.974609375 0.1396484375 0.04296875
2 0.43994140625 0.8795572916666666 0.1396484375 0.24088541666666666
2 0.7548828125 0.7916666666666666 0.490234375 0.046875
6 0.64990234375 0.8899739583333334 0.2255859375 0.061197916666666664
0 0.64990234375 0.9296875 0.2255859375 0.140625
4 0.64990234375 0.9596354166666666 0.2255859375 0.08072916666666667
6 0.89111328125 0.8899739583333334 0.2177734375 0.061197916666666664
0 0.89111328125 0.9296875 0.2177734375 0.140625
4 0.89111328125 0.9596354166666666 0.2177734375 0.08072916666666667