2 0.31982421875 0.06510416666666667 0.6396484375 0.0625
7 0.31982421875 0.142578125 0.6396484375 0.05078125
7 0.38037109375 0.267578125 0.2470703125 0.032552083333333336
0 0.3916015625 0.2682291666666667 0.36328125 0.08854166666666667
4 0.31982421875 0.548828125 0.6396484375 0.3216145833333333
4 0.8154296875 0.00390625 0.01953125 0.0078125
0 0.8154296875 0.024739583333333332 0.01953125 0.049479166666666664
4 0.8583984375 0.00390625 0.01953125 0.0078125
0 0.8583984375 0.024739583333333332 0.01953125 0.049479166666666664
7 0.96044921875 0.004557291666666667 0.0419921875 0.009114583333333334
0 0.9443359375 0.024739583333333332 0.07421875 0.049479166666666664
7 0.81982421875 0.3274739583333333 0.3603515625 0.6549479166666666
7 0.81982421875 0.6822916666666666 0.3603515625 0.0546875
4 0.31982421875 0.7467447916666666 0.6396484375 0.07421875
0 0.31982421875 0.7467447916666666 0.6396484375 0.07421875
0 0.1171875 0.8033854166666666 0.01171875 0.015625
0 0.138671875 0.8033854166666666 0.01171875 0.015625
0 0.16015625 0.8033854166666666 0.01171875 0.015625
0 0.181640625 0.8033854166666666 0.01171875 0.015625
4 0.0537109375 0.8893229166666666 0.052734375 0.059895833333333336
7 0.18115234375 0.8893229166666666 0.1689453125 0.059895833333333336
7 0.18115234375 0.9342447916666666 0.1689453125 0.029947916666666668
0 0.13427734375 0.9680989583333334 0.0751953125 0.037760416666666664
4 0.3203125 0.8893229166666666 0.052734375 0.059895833333333336
7 0.44775390625 0.8776041666666666 0.1689453125 0.036458333333333336
7 0.44775390625 0.921875 0.1689453125 0.052083333333333336
0 0.4013671875 0.966796875 0.076171875 0.037760416666666664
2 0.67431640625 0.892578125 0.0693359375 0.04296875
4 0.86572265625 0.7701822916666666 0.2685546875 0.12109375
2 0.86572265625 0.892578125 0.2685546875 0.04296875
7 0.86572265625 0.9694010416666666 0.2685546875 0.061197916666666664