2 0.1640625 0.013671875 0.328125 0.02734375
0 0.36767578125 0.011067708333333334 0.0771484375 0.022135416666666668
7 0.47802734375 0.011067708333333334 0.0908203125 0.022135416666666668
0 0.4638671875 0.12239583333333333 0.08203125 0.028645833333333332
2 0.1875 0.11783854166666667 0.03125 0.032552083333333336
4 0.337890625 0.25 0.119140625 0.15885416666666666
7 0.337890625 0.35546875 0.33203125 0.028645833333333332
7 0.337890625 0.3841145833333333 0.33203125 0.028645833333333332
7 0.50341796875 0.7272135416666666 0.0400390625 0.08463541666666667
0 0.0546875 0.5631510416666666 0.109375 0.053385416666666664
4 0.12744140625 0.5631510416666666 0.0185546875 0.016927083333333332
7 0.16943359375 0.560546875 0.0087890625 0.053385416666666664
0 0.27294921875 0.5631510416666666 0.1923828125 0.053385416666666664
4 0.38720703125 0.5631510416666666 0.0185546875 0.016927083333333332
2 0.31982421875 0.6438802083333334 0.6396484375 0.04296875
4 0.1611328125 0.7532552083333334 0.083984375 0.032552083333333336
4 0.4052734375 0.7532552083333334 0.083984375 0.032552083333333336
0 0.65966796875 0.07942708333333333 0.0400390625 0.041666666666666664
0 0.74658203125 0.07942708333333333 0.0712890625 0.041666666666666664
0 0.9931640625 0.07421875 0.013671875 0.049479166666666664
2 0.716796875 0.416015625 0.154296875 0.15755208333333334
2 0.72509765625 0.4876302083333333 0.1708984375 0.14973958333333334
4 0.81982421875 0.3893229166666667 0.3603515625 0.7604166666666666
7 0.03466796875 0.8098958333333334 0.0693359375 0.059895833333333336
4 0.1240234375 0.8098958333333334 0.052734375 0.059895833333333336
7 0.25146484375 0.8098958333333334 0.1689453125 0.059895833333333336
7 0.25146484375 0.8548177083333334 0.1689453125 0.029947916666666668
0 0.20458984375 0.888671875 0.0751953125 0.037760416666666664
4 0.390625 0.8098958333333334 0.052734375 0.059895833333333336
7 0.51806640625 0.7981770833333334 0.1689453125 0.036458333333333336
7 0.51806640625 0.8424479166666666 0.1689453125 0.052083333333333336
0 0.4716796875 0.8873697916666666 0.076171875 0.037760416666666664
4 0.81982421875 0.802734375 0.3603515625 0.040364583333333336
2 0.81982421875 0.8912760416666666 0.3603515625 0.13671875
0 0.81982421875 0.8912760416666666 0.3603515625 0.13671875