0 0.48046875 0.010416666666666666 0.03125 0.020833333333333332
7 0.375 0.10546875 0.0390625 0.026041666666666668
0 0.38671875 0.103515625 0.09375 0.07161458333333333
0 0.46875 0.10416666666666667 0.0625 0.041666666666666664
2 0.24609375 0.20377604166666666 0.4921875 0.06901041666666667
7 0.14453125 0.291015625 0.2890625 0.06640625
4 0.09130859375 0.4225260416666667 0.1826171875 0.10546875
0 0.09130859375 0.4225260416666667 0.1826171875 0.10546875
4 0.3408203125 0.4225260416666667 0.318359375 0.10546875
0 0.3408203125 0.4225260416666667 0.318359375 0.10546875
4 0.09130859375 0.51171875 0.1826171875 0.07552083333333333
0 0.09130859375 0.51171875 0.1826171875 0.07552083333333333
4 0.3408203125 0.51171875 0.318359375 0.07552083333333333
0 0.3408203125 0.51171875 0.318359375 0.07552083333333333
4 0.75 0.2747395833333333 0.5 0.5494791666666666
4 0.25 0.9466145833333334 0.5 0.049479166666666664
4 0.201171875 0.75390625 0.037109375 0.049479166666666664
4 0.171875 0.5651041666666666 0.037109375 0.03125
4 0.1328125 0.6471354166666666 0.037109375 0.049479166666666664
4 0.25 0.6731770833333334 0.5 0.049479166666666664
4 0.04248046875 0.873046875 0.0849609375 0.10807291666666667
4 0.0859375 0.916015625 0.078125 0.10546875
4 0.275390625 0.7018229166666666 0.087890625 0.1171875
4 0.3408203125 0.8684895833333334 0.318359375 0.2630208333333333
4 0.5927734375 0.5970052083333334 0.044921875 0.05859375
6 0.6123046875 0.658203125 0.052734375 0.029947916666666668
7 0.6123046875 0.728515625 0.201171875 0.08463541666666667
4 0.83056640625 0.5970052083333334 0.0439453125 0.05859375
6 0.85009765625 0.658203125 0.1630859375 0.029947916666666668
7 0.85009765625 0.7141927083333334 0.2294921875 0.05859375
2 0.6162109375 0.9134114583333334 0.232421875 0.06380208333333333
4 0.6259765625 0.9270833333333334 0.251953125 0.14583333333333334
2 0.89990234375 0.9407552083333334 0.2001953125 0.11848958333333333
4 0.89013671875 0.927734375 0.2197265625 0.14453125
7 0.6328125 0.9192708333333334 0.265625 0.0234375
6 0.80126953125 0.9192708333333334 0.0673828125 0.0234375
7 0.74658203125 0.9309895833333334 0.4931640625 0.046875
7 0.71728515625 0.97265625 0.4345703125 0.0234375