4 0.0634765625 0.111328125 0.126953125 0.10546875
0 0.0634765625 0.111328125 0.126953125 0.10546875
4 0.29296875 0.111328125 0.333984375 0.10546875
0 0.29296875 0.111328125 0.333984375 0.10546875
4 0.51416015625 0.111328125 0.1103515625 0.10546875
0 0.51416015625 0.111328125 0.1103515625 0.10546875
4 0.0634765625 0.21549479166666666 0.126953125 0.10546875
0 0.0634765625 0.21549479166666666 0.126953125 0.10546875
4 0.29296875 0.21549479166666666 0.333984375 0.10546875
0 0.29296875 0.21549479166666666 0.333984375 0.10546875
4 0.51416015625 0.21549479166666666 0.1103515625 0.10546875
0 0.51416015625 0.21549479166666666 0.1103515625 0.10546875
4 0.0634765625 0.3196614583333333 0.126953125 0.10546875
0 0.0634765625 0.3196614583333333 0.126953125 0.10546875
4 0.29296875 0.3196614583333333 0.333984375 0.10546875
0 0.29296875 0.3196614583333333 0.333984375 0.10546875
4 0.51416015625 0.3196614583333333 0.1103515625 0.10546875
0 0.51416015625 0.3196614583333333 0.1103515625 0.10546875
4 0.0634765625 0.400390625 0.126953125 0.05859375
0 0.0634765625 0.400390625 0.126953125 0.05859375
4 0.29296875 0.400390625 0.333984375 0.05859375
0 0.29296875 0.400390625 0.333984375 0.05859375
7 0.78466796875 0.21484375 0.4306640625 0.4296875
2 0.84130859375 0.0234375 0.3173828125 0.046875
2 0.8095703125 0.13151041666666666 0.380859375 0.15625
7 0.9326171875 0.3131510416666667 0.134765625 0.07421875
0 0.9326171875 0.3157552083333333 0.134765625 0.022135416666666668
4 0.28466796875 0.5475260416666666 0.5693359375 0.23567708333333334
7 0.08740234375 0.5006510416666666 0.1748046875 0.10286458333333333
7 0.2822265625 0.4537760416666667 0.0859375 0.03515625
7 0.47998046875 0.4537760416666667 0.1103515625 0.03515625
7 0.267578125 0.4928385416666667 0.056640625 0.03515625
7 0.45703125 0.4928385416666667 0.064453125 0.03515625
7 0.25732421875 0.533203125 0.0361328125 0.03515625
7 0.3955078125 0.6009114583333334 0.291015625 0.022135416666666668
0 0.38916015625 0.6002604166666666 0.3603515625 0.059895833333333336
7 0.30419921875 0.6490885416666666 0.1630859375 0.016927083333333332
0 0.42724609375 0.6497395833333334 0.0849609375 0.018229166666666668
7 0.48193359375 0.6490885416666666 0.0263671875 0.016927083333333332
0 0.53173828125 0.6497395833333334 0.0751953125 0.018229166666666668
4 0.53125 0.5611979166666666 0.076171875 0.2630208333333333
4 0.173828125 0.8151041666666666 0.119140625 0.10416666666666667
7 0.173828125 0.8938802083333334 0.130859375 0.02734375
7 0.173828125 0.958984375 0.294921875 0.08203125
4 0.4912109375 0.8151041666666666 0.119140625 0.10416666666666667
7 0.47412109375 0.8938802083333334 0.1904296875 0.02734375
7 0.45654296875 0.958984375 0.2255859375 0.08203125
7 0.6845703125 0.43359375 0.05078125 0.0078125
7 0.771484375 0.4342447916666667 0.125 0.009114583333333334
7 0.87939453125 0.43359375 0.0908203125 0.0078125
7 0.76025390625 0.5032552083333334 0.3818359375 0.01953125
1 0.70458984375 0.5305989583333334 0.2705078125 0.029947916666666668
1 0.9033203125 0.53515625 0.091796875 0.0390625
7 0.65673828125 0.5696614583333334 0.1748046875 0.014322916666666666
7 0.6103515625 0.6009114583333334 0.08203125 0.014322916666666666
6 0.7119140625 0.6009114583333334 0.123046875 0.014322916666666666
7 0.6357421875 0.6686197916666666 0.0859375 0.01953125
1 0.7919921875 0.666015625 0.169921875 0.029947916666666668
7 0.63525390625 0.81640625 0.1318359375 0.015625