1 0.18310546875 0.022786458333333332 0.3193359375 0.045572916666666664
4 0.3623046875 0.015625 0.025390625 0.03125
0 0.43603515625 0.022786458333333332 0.1083984375 0.045572916666666664
2 0.04150390625 0.11653645833333333 0.0830078125 0.022135416666666668
0 0.0693359375 0.1171875 0.138671875 0.057291666666666664
2 0.20849609375 0.11653645833333333 0.0556640625 0.022135416666666668
0 0.2197265625 0.1171875 0.14453125 0.057291666666666664
2 0.36181640625 0.11653645833333333 0.0556640625 0.022135416666666668
0 0.373046875 0.1171875 0.14453125 0.057291666666666664
4 0.4677734375 0.11653645833333333 0.02734375 0.03515625
0 0.49169921875 0.1171875 0.0751953125 0.057291666666666664
2 0.5009765625 0.11653645833333333 0.02734375 0.022135416666666668
7 0.49267578125 0.12955729166666666 0.0107421875 0.00390625
3 0.2646484375 0.21614583333333334 0.529296875 0.1171875
0 0.05322265625 0.3157552083333333 0.1064453125 0.022135416666666668
7 0.041015625 0.3157552083333333 0.08203125 0.022135416666666668
7 0.09375 0.3157552083333333 0.025390625 0.022135416666666668
0 0.12451171875 0.3170572916666667 0.0185546875 0.024739583333333332
2 0.240234375 0.3170572916666667 0.150390625 0.022135416666666668
6 0.37548828125 0.3170572916666667 0.0361328125 0.022135416666666668
6 0.45849609375 0.3170572916666667 0.0888671875 0.022135416666666668
4 0.2470703125 0.4622395833333333 0.3046875 0.21614583333333334
0 0.2470703125 0.462890625 0.3046875 0.21744791666666666
7 0.22705078125 0.5130208333333334 0.2255859375 0.0703125
7 0.30615234375 0.5345052083333334 0.0380859375 0.01953125
4 0.2470703125 0.6002604166666666 0.3046875 0.057291666666666664
0 0.2470703125 0.6002604166666666 0.3046875 0.057291666666666664
2 0.453125 0.3938802083333333 0.05078125 0.022135416666666668
4 0.4638671875 0.4915364583333333 0.130859375 0.2747395833333333
0 0.4638671875 0.4915364583333333 0.130859375 0.2747395833333333
3 0.474609375 0.4915364583333333 0.109375 0.2747395833333333
4 0.7646484375 0.17903645833333334 0.470703125 0.3580729166666667
4 0.7646484375 0.2584635416666667 0.470703125 0.5169270833333334
4 0.7646484375 0.16471354166666666 0.470703125 0.3294270833333333
4 0.7646484375 0.244140625 0.470703125 0.48828125
4 0.7646484375 0.14973958333333334 0.470703125 0.2994791666666667
4 0.7470703125 0.14973958333333334 0.435546875 0.2994791666666667
4 0.7060546875 0.10091145833333333 0.1171875 0.15755208333333334
0 0.7060546875 0.10416666666666667 0.1171875 0.1640625
7 0.70751953125 0.15885416666666666 0.3564453125 0.018229166666666668
4 0.9111328125 0.2669270833333333 0.01953125 0.026041666666666668
0 0.9111328125 0.2669270833333333 0.029296875 0.0390625
4 0.9404296875 0.2669270833333333 0.01953125 0.026041666666666668
0 0.9404296875 0.2669270833333333 0.029296875 0.0390625
7 0.98828125 0.018229166666666668 0.0234375 0.020833333333333332
0 0.9873046875 0.018229166666666668 0.025390625 0.026041666666666668
4 0.7646484375 0.22916666666666666 0.470703125 0.4583333333333333
4 0.77099609375 0.16471354166666666 0.4580078125 0.3294270833333333
4 0.77099609375 0.244140625 0.4580078125 0.48828125
4 0.818359375 0.17903645833333334 0.36328125 0.3580729166666667
4 0.818359375 0.2584635416666667 0.36328125 0.5169270833333334
7 0.58056640625 0.3515625 0.1025390625 0.028645833333333332
0 0.59375 0.619140625 0.12890625 0.01953125
4 0.59375 0.6009114583333334 0.12890625 0.009114583333333334
4 0.59375 0.48828125 0.12890625 0.21875
0 0.59375 0.48828125 0.12890625 0.21875
2 0.8134765625 0.619140625 0.291015625 0.01953125
0 0.8134765625 0.619140625 0.291015625 0.01953125
4 0.6708984375 0.48828125 0.005859375 0.21875
4 0.8134765625 0.6009114583333334 0.291015625 0.009114583333333334
4 0.8134765625 0.48828125 0.291015625 0.21875
0 0.8134765625 0.48828125 0.291015625 0.21875
6 0.69482421875 0.4036458333333333 0.0244140625 0.0234375
6 0.716796875 0.572265625 0.0703125 0.024739583333333332
4 0.9716796875 0.48828125 0.005859375 0.21875
6 0.99169921875 0.4036458333333333 0.0166015625 0.0234375
6 0.9912109375 0.572265625 0.017578125 0.024739583333333332
4 0.2646484375 0.86328125 0.529296875 0.2734375
7 0.03759765625 0.6432291666666666 0.0361328125 0.026041666666666668
0 0.044921875 0.6588541666666666 0.068359375 0.059895833333333336
6 0.11767578125 0.6588541666666666 0.0595703125 0.059895833333333336
6 0.18701171875 0.6588541666666666 0.0439453125 0.059895833333333336
6 0.25732421875 0.6588541666666666 0.0595703125 0.059895833333333336
6 0.3291015625 0.6588541666666666 0.046875 0.059895833333333336
6 0.39599609375 0.6588541666666666 0.0498046875 0.059895833333333336
6 0.484375 0.6588541666666666 0.08984375 0.059895833333333336
0 0.55615234375 0.6907552083333334 0.0537109375 0.061197916666666664
4 0.7744140625 0.7102864583333334 0.21875 0.16276041666666666
4 0.94189453125 0.7102864583333334 0.1162109375 0.16276041666666666
2 0.56640625 0.9563802083333334 0.07421875 0.03515625
4 0.75830078125 0.96484375 0.1650390625 0.0703125
0 0.7587890625 0.958984375 0.1640625 0.08203125
4 0.927734375 0.9661458333333334 0.14453125 0.06770833333333333
0 0.927734375 0.958984375 0.14453125 0.08203125