1 0.1005859375 0.06640625 0.201171875 0.041666666666666664
4 0.0126953125 0.13411458333333334 0.0234375 0.03125
0 0.10009765625 0.13411458333333334 0.2001953125 0.0390625
7 0.11474609375 0.13411458333333334 0.1650390625 0.028645833333333332
4 0.0126953125 0.17838541666666666 0.0234375 0.03125
0 0.10009765625 0.17838541666666666 0.2001953125 0.0390625
7 0.11474609375 0.17838541666666666 0.1650390625 0.028645833333333332
4 0.0126953125 0.22265625 0.0234375 0.03125
0 0.10009765625 0.22265625 0.2001953125 0.0390625
7 0.11474609375 0.22265625 0.1650390625 0.028645833333333332
4 0.0126953125 0.2936197916666667 0.0234375 0.032552083333333336
0 0.1005859375 0.2936197916666667 0.201171875 0.07161458333333333
7 0.07763671875 0.2936197916666667 0.0947265625 0.024739583333333332
4 0.1337890625 0.2936197916666667 0.009765625 0.014322916666666666
2 0.32373046875 0.09375 0.1162109375 0.052083333333333336
7 0.427734375 0.17903645833333334 0.32421875 0.016927083333333332
2 0.427734375 0.22005208333333334 0.32421875 0.057291666666666664
4 0.427734375 0.380859375 0.32421875 0.24869791666666666
7 0.66455078125 0.17903645833333334 0.1103515625 0.016927083333333332
2 0.66455078125 0.21875 0.1103515625 0.057291666666666664
4 0.66455078125 0.380859375 0.1103515625 0.24869791666666666
4 0.85986328125 0.057291666666666664 0.2802734375 0.11458333333333333
1 0.7939453125 0.15364583333333334 0.1484375 0.044270833333333336
7 0.8466796875 0.15364583333333334 0.02734375 0.028645833333333332
6 0.8984375 0.15299479166666666 0.04296875 0.022135416666666668
7 0.92578125 0.15299479166666666 0.013671875 0.022135416666666668
6 0.9462890625 0.15299479166666666 0.029296875 0.022135416666666668
7 0.98046875 0.15104166666666666 0.0234375 0.03125
0 0.97802734375 0.15364583333333334 0.0439453125 0.06510416666666667
0 0.767578125 0.21484375 0.095703125 0.049479166666666664
7 0.7236328125 0.21484375 0.0078125 0.018229166666666668
7 0.7646484375 0.21484375 0.064453125 0.018229166666666668
6 0.802734375 0.21614583333333334 0.015625 0.020833333333333332
7 0.865234375 0.21484375 0.013671875 0.018229166666666668
0 0.888671875 0.21484375 0.1484375 0.049479166666666664
7 0.8837890625 0.21484375 0.0078125 0.018229166666666668
7 0.9248046875 0.20247395833333334 0.06640625 0.024739583333333332
4 0.83642578125 0.21484375 0.0341796875 0.044270833333333336
0 0.98095703125 0.21484375 0.0380859375 0.049479166666666664
4 0.9833984375 0.21484375 0.033203125 0.044270833333333336
4 0.9775390625 0.21484375 0.044921875 0.049479166666666664
2 0.0556640625 0.6302083333333334 0.111328125 0.0625
7 0.02392578125 0.62890625 0.0478515625 0.0390625
0 0.037109375 0.626953125 0.07421875 0.055989583333333336
4 0.0576171875 0.630859375 0.013671875 0.009114583333333334
1 0.2451171875 0.6302083333333334 0.322265625 0.049479166666666664
1 0.48828125 0.6302083333333334 0.15625 0.049479166666666664
1 0.646484375 0.6302083333333334 0.146484375 0.0546875
6 0.05078125 0.5651041666666666 0.060546875 0.010416666666666666
6 0.10986328125 0.5651041666666666 0.0205078125 0.010416666666666666
6 0.1796875 0.5651041666666666 0.080078125 0.010416666666666666
7 0.57568359375 0.5651041666666666 0.0556640625 0.010416666666666666
0 0.58056640625 0.568359375 0.0869140625 0.016927083333333332
4 0.60888671875 0.5625 0.0087890625 0.005208333333333333
0 0.66357421875 0.568359375 0.0673828125 0.016927083333333332
6 0.04541015625 0.70703125 0.0908203125 0.020833333333333332
6 0.14697265625 0.70703125 0.0634765625 0.020833333333333332
6 0.22607421875 0.70703125 0.0458984375 0.020833333333333332
6 0.3203125 0.70703125 0.09375 0.020833333333333332
6 0.43701171875 0.70703125 0.0908203125 0.020833333333333332
6 0.52099609375 0.70703125 0.0283203125 0.020833333333333332
6 0.58056640625 0.70703125 0.0419921875 0.020833333333333332
6 0.6728515625 0.70703125 0.09375 0.020833333333333332
2 0.046875 0.810546875 0.09375 0.11328125
7 0.064453125 0.91015625 0.12890625 0.057291666666666664
7 0.033203125 0.9915364583333334 0.06640625 0.016927083333333332
0 0.048828125 0.9850260416666666 0.09765625 0.029947916666666668
4 0.2890625 0.89453125 0.21875 0.2109375
4 0.5078125 0.89453125 0.21875 0.2109375
4 0.66845703125 0.89453125 0.1025390625 0.2109375
7 0.85986328125 0.6927083333333334 0.2802734375 0.265625
7 0.80908203125 0.640625 0.1787109375 0.16145833333333334
0 0.81396484375 0.7897135416666666 0.1884765625 0.032552083333333336
6 0.765625 0.994140625 0.091796875 0.01171875
7 0.86572265625 0.994140625 0.0732421875 0.01171875