4 0.271484375 0.014973958333333334 0.30859375 0.029947916666666668
7 0.25 0.08723958333333333 0.5 0.11458333333333333
7 0.25 0.19661458333333334 0.5 0.059895833333333336
6 0.4453125 0.21223958333333334 0.091796875 0.028645833333333332
6 0.27099609375 0.3815104166666667 0.1552734375 0.020833333333333332
3 0.7578125 0.09375 0.390625 0.1875
4 0.10986328125 0.515625 0.1416015625 0.11197916666666667
0 0.10986328125 0.515625 0.1416015625 0.11197916666666667
4 0.2509765625 0.515625 0.142578125 0.11197916666666667
0 0.2509765625 0.515625 0.142578125 0.11197916666666667
4 0.392578125 0.515625 0.142578125 0.11197916666666667
0 0.392578125 0.515625 0.142578125 0.11197916666666667
4 0.4814453125 0.515625 0.037109375 0.11197916666666667
0 0.4814453125 0.515625 0.037109375 0.11197916666666667
4 0.10986328125 0.6412760416666666 0.1416015625 0.14192708333333334
0 0.10986328125 0.6412760416666666 0.1416015625 0.14192708333333334
4 0.2509765625 0.6412760416666666 0.142578125 0.14192708333333334
0 0.2509765625 0.6412760416666666 0.142578125 0.14192708333333334
4 0.392578125 0.6412760416666666 0.142578125 0.14192708333333334
0 0.392578125 0.6412760416666666 0.142578125 0.14192708333333334
4 0.4814453125 0.6412760416666666 0.037109375 0.14192708333333334
0 0.4814453125 0.6412760416666666 0.037109375 0.14192708333333334
4 0.10986328125 0.7825520833333334 0.1416015625 0.14322916666666666
0 0.10986328125 0.7825520833333334 0.1416015625 0.14322916666666666
4 0.2509765625 0.7825520833333334 0.142578125 0.14322916666666666
0 0.2509765625 0.7825520833333334 0.142578125 0.14322916666666666
4 0.392578125 0.7825520833333334 0.142578125 0.14322916666666666
0 0.392578125 0.7825520833333334 0.142578125 0.14322916666666666
4 0.4814453125 0.7825520833333334 0.037109375 0.14322916666666666
0 0.4814453125 0.7825520833333334 0.037109375 0.14322916666666666
4 0.10986328125 0.923828125 0.1416015625 0.14192708333333334
0 0.10986328125 0.923828125 0.1416015625 0.14192708333333334
4 0.2509765625 0.923828125 0.142578125 0.14192708333333334
0 0.2509765625 0.923828125 0.142578125 0.14192708333333334
4 0.392578125 0.923828125 0.142578125 0.14192708333333334
0 0.392578125 0.923828125 0.142578125 0.14192708333333334
4 0.4814453125 0.923828125 0.037109375 0.14192708333333334
0 0.4814453125 0.923828125 0.037109375 0.14192708333333334
1 0.783203125 0.4934895833333333 0.43359375 0.0625
7 0.94287109375 0.5651041666666666 0.0634765625 0.028645833333333332
1 0.9189453125 0.6067708333333334 0.162109375 0.044270833333333336
1 0.9189453125 0.6575520833333334 0.162109375 0.044270833333333336
1 0.9189453125 0.7083333333333334 0.162109375 0.044270833333333336
1 0.9189453125 0.7591145833333334 0.162109375 0.044270833333333336
1 0.9189453125 0.8098958333333334 0.162109375 0.044270833333333336
7 0.94287109375 0.8515625 0.0771484375 0.020833333333333332
7 0.865234375 0.8997395833333334 0.126953125 0.020833333333333332
7 0.85400390625 0.9283854166666666 0.2919921875 0.015625
3 0.7939453125 0.970703125 0.412109375 0.05859375