2 0.16455078125 0.080078125 0.3291015625 0.15755208333333334
7 0.16455078125 0.115234375 0.3291015625 0.23046875
4 0.0078125 0.18684895833333334 0.009765625 0.014322916666666666
4 0.021484375 0.18684895833333334 0.009765625 0.014322916666666666
0 0.01953125 0.2708333333333333 0.0390625 0.044270833333333336
0 0.1376953125 0.2708333333333333 0.158203125 0.044270833333333336
0 0.26953125 0.2708333333333333 0.06640625 0.044270833333333336
4 0.16455078125 0.451171875 0.3291015625 0.19661458333333334
0 0.16455078125 0.451171875 0.3291015625 0.19661458333333334
2 0.66162109375 0.046875 0.6650390625 0.09375
2 0.66162109375 0.13346354166666666 0.6650390625 0.055989583333333336
1 0.5322265625 0.2877604166666667 0.40625 0.07291666666666667
7 0.7607421875 0.287109375 0.109375 0.02734375
0 0.77734375 0.2877604166666667 0.201171875 0.07291666666666667
0 0.34130859375 0.38671875 0.0244140625 0.041666666666666664
0 0.41552734375 0.38671875 0.1142578125 0.041666666666666664
0 0.53564453125 0.38671875 0.1162109375 0.041666666666666664
0 0.65576171875 0.38671875 0.1142578125 0.041666666666666664
0 0.751953125 0.38671875 0.068359375 0.041666666666666664
0 0.341796875 0.4348958333333333 0.025390625 0.041666666666666664
0 0.4091796875 0.4348958333333333 0.099609375 0.041666666666666664
0 0.5048828125 0.4348958333333333 0.08203125 0.041666666666666664
0 0.611328125 0.4348958333333333 0.12109375 0.041666666666666664
0 0.73779296875 0.4348958333333333 0.1220703125 0.041666666666666664
7 0.244140625 0.5657552083333334 0.169921875 0.032552083333333336
0 0.220703125 0.580078125 0.216796875 0.061197916666666664
4 0.16455078125 0.8430989583333334 0.3291015625 0.3138020833333333
1 0.59912109375 0.677734375 0.5400390625 0.06380208333333333
4 0.45654296875 0.9186197916666666 0.0478515625 0.06380208333333333
0 0.45654296875 0.9303385416666666 0.1923828125 0.13932291666666666
7 0.4560546875 0.9674479166666666 0.087890625 0.033854166666666664
4 0.65966796875 0.9186197916666666 0.0478515625 0.06380208333333333
0 0.65966796875 0.9303385416666666 0.1923828125 0.13932291666666666
7 0.65966796875 0.9674479166666666 0.1162109375 0.033854166666666664
4 0.86328125 0.9186197916666666 0.048828125 0.06380208333333333
0 0.86328125 0.9303385416666666 0.193359375 0.13932291666666666
7 0.86328125 0.9674479166666666 0.103515625 0.033854166666666664