2 0.1064453125 0.060546875 0.212890625 0.12109375
7 0.12109375 0.09635416666666667 0.2421875 0.19270833333333334
4 0.2919921875 0.09635416666666667 0.095703125 0.19270833333333334
0 0.03271484375 0.23307291666666666 0.0654296875 0.044270833333333336
0 0.18603515625 0.23307291666666666 0.2021484375 0.044270833333333336
0 0.3232421875 0.23307291666666666 0.033203125 0.044270833333333336
4 0.2314453125 0.3671875 0.216796875 0.10416666666666667
0 0.2314453125 0.3671875 0.216796875 0.10416666666666667
2 0.67724609375 0.09700520833333333 0.6455078125 0.05078125
7 0.67724609375 0.20572916666666666 0.6455078125 0.09895833333333333
2 0.669921875 0.3040364583333333 0.66015625 0.032552083333333336
0 0.39501953125 0.3802083333333333 0.1103515625 0.052083333333333336
0 0.50390625 0.3802083333333333 0.0859375 0.052083333333333336
0 0.60498046875 0.3802083333333333 0.0947265625 0.052083333333333336
0 0.71728515625 0.3802083333333333 0.1083984375 0.052083333333333336
0 0.83642578125 0.3802083333333333 0.1083984375 0.052083333333333336
0 0.93994140625 0.3802083333333333 0.0771484375 0.052083333333333336
4 0.8974609375 0.3658854166666667 0.205078125 0.10677083333333333
4 0.00732421875 0.4752604166666667 0.0146484375 0.0234375
0 0.0390625 0.4752604166666667 0.078125 0.0546875
7 0.138671875 0.4752604166666667 0.091796875 0.026041666666666668
0 0.14892578125 0.4752604166666667 0.1435546875 0.0546875
4 0.1962890625 0.4752604166666667 0.017578125 0.0234375
7 0.27978515625 0.4752604166666667 0.0888671875 0.026041666666666668
4 0.33349609375 0.4752604166666667 0.0126953125 0.0234375
0 0.27978515625 0.4752604166666667 0.1201171875 0.0546875
4 0.169921875 0.7096354166666666 0.33984375 0.5807291666666666
4 0.169921875 0.7096354166666666 0.33984375 0.5807291666666666
2 0.169921875 0.6809895833333334 0.33984375 0.125
7 0.169921875 0.78515625 0.33984375 0.041666666666666664
0 0.0947265625 0.8815104166666666 0.189453125 0.06770833333333333
2 0.60302734375 0.54296875 0.5263671875 0.24739583333333334
2 0.7099609375 0.62109375 0.16796875 0.09114583333333333
7 0.5869140625 0.796875 0.494140625 0.14583333333333334
7 0.57861328125 0.85546875 0.0908203125 0.028645833333333332