6 0.06494140625 0.08138020833333333 0.0615234375 0.02734375
6 0.1396484375 0.08138020833333333 0.041015625 0.02734375
6 0.21240234375 0.08138020833333333 0.0576171875 0.02734375
6 0.29345703125 0.08138020833333333 0.0576171875 0.02734375
6 0.3828125 0.08138020833333333 0.07421875 0.02734375
6 0.48779296875 0.08138020833333333 0.0888671875 0.02734375
7 0.2880859375 0.2708333333333333 0.5625 0.296875
7 0.91650390625 0.005859375 0.0322265625 0.01171875
0 0.90283203125 0.012369791666666666 0.0830078125 0.024739583333333332
0 0.97509765625 0.012369791666666666 0.0498046875 0.024739583333333332
7 0.60107421875 0.08072916666666667 0.0634765625 0.026041666666666668
0 0.662109375 0.07942708333333333 0.185546875 0.0625
7 0.82958984375 0.08072916666666667 0.0888671875 0.026041666666666668
0 0.8837890625 0.07942708333333333 0.2265625 0.0625
7 0.580078125 0.1640625 0.021484375 0.026041666666666668
0 0.662109375 0.16276041666666666 0.185546875 0.0625
7 0.81298828125 0.1640625 0.0556640625 0.026041666666666668
0 0.8837890625 0.16276041666666666 0.2265625 0.0625
4 0.833984375 0.349609375 0.33203125 0.13932291666666666
7 0.6201171875 0.3802083333333333 0.1015625 0.078125
4 0.2138671875 0.53515625 0.427734375 0.23177083333333334
1 0.51953125 0.474609375 0.099609375 0.05078125
1 0.51953125 0.5384114583333334 0.099609375 0.05078125
7 0.51953125 0.603515625 0.099609375 0.02734375
1 0.49560546875 0.6432291666666666 0.0517578125 0.0390625
1 0.54541015625 0.6432291666666666 0.0478515625 0.0390625
7 0.51953125 0.689453125 0.099609375 0.02734375
1 0.48486328125 0.728515625 0.0126953125 0.016927083333333332
5 0.53173828125 0.732421875 0.0751953125 0.02734375
7 0.51953125 0.7740885416666666 0.099609375 0.016927083333333332
6 0.51953125 0.7923177083333334 0.099609375 0.016927083333333332
6 0.51953125 0.8014322916666666 0.099609375 0.03515625
7 0.51953125 0.8196614583333334 0.099609375 0.03515625
0 0.51953125 0.890625 0.099609375 0.052083333333333336
6 0.51953125 0.9739583333333334 0.099609375 0.020833333333333332
7 0.51953125 0.9817708333333334 0.099609375 0.036458333333333336
2 0.78466796875 0.5885416666666666 0.4306640625 0.15625
2 0.78466796875 0.705078125 0.4306640625 0.05078125
7 0.78466796875 0.7701822916666666 0.4306640625 0.02734375
7 0.78466796875 0.810546875 0.4306640625 0.02734375
7 0.78466796875 0.8509114583333334 0.4306640625 0.02734375
3 0.70751953125 0.9583333333333334 0.2763671875 0.08333333333333333