0 0.33935546875 0.028645833333333332 0.0400390625 0.057291666666666664
4 0.65185546875 0.17643229166666666 0.5849609375 0.3528645833333333
0 0.98681640625 0.09375 0.0263671875 0.0234375
4 0.98583984375 0.1953125 0.0244140625 0.03125
4 0.48681640625 0.474609375 0.2548828125 0.08984375
4 0.79443359375 0.474609375 0.3017578125 0.08984375
0 0.79443359375 0.474609375 0.3017578125 0.08984375
4 0.0146484375 0.5677083333333334 0.015625 0.020833333333333332
6 0.07275390625 0.580078125 0.1455078125 0.05078125
6 0.3037109375 0.5455729166666666 0.111328125 0.020833333333333332
4 0.03515625 0.80859375 0.0703125 0.125
4 0.2373046875 0.7174479166666666 0.244140625 0.033854166666666664
4 0.13916015625 0.7180989583333334 0.0380859375 0.05078125
7 0.201171875 0.720703125 0.09375 0.045572916666666664
7 0.162109375 0.7701822916666666 0.064453125 0.022135416666666668
7 0.21044921875 0.7701822916666666 0.0341796875 0.022135416666666668
6 0.26513671875 0.7701822916666666 0.0771484375 0.022135416666666668
7 0.3271484375 0.7701822916666666 0.048828125 0.022135416666666668
6 0.35498046875 0.7701822916666666 0.0087890625 0.022135416666666668
7 0.24462890625 0.7845052083333334 0.2294921875 0.05078125
7 0.24462890625 0.8509114583333334 0.2294921875 0.05078125
6 0.31591796875 0.865234375 0.0869140625 0.022135416666666668
6 0.15966796875 0.8938802083333334 0.0595703125 0.022135416666666668
7 0.25048828125 0.8938802083333334 0.1240234375 0.022135416666666668
6 0.32421875 0.8938802083333334 0.025390625 0.022135416666666668
7 0.34765625 0.8938802083333334 0.0234375 0.022135416666666668
6 0.181640625 0.9225260416666666 0.103515625 0.022135416666666668
7 0.24462890625 0.951171875 0.2294921875 0.07942708333333333
6 0.2314453125 0.9798177083333334 0.0703125 0.022135416666666668
7 0.24462890625 0.984375 0.2294921875 0.03125
7 0.37158203125 0.546875 0.0224609375 0.020833333333333332
6 0.3935546875 0.546875 0.0234375 0.020833333333333332
6 0.4462890625 0.546875 0.076171875 0.020833333333333332
7 0.49951171875 0.546875 0.0302734375 0.020833333333333332
6 0.55908203125 0.546875 0.0927734375 0.020833333333333332
7 0.6064453125 0.546875 0.00390625 0.020833333333333332
6 0.4384765625 0.572265625 0.052734375 0.01953125
7 0.4921875 0.572265625 0.056640625 0.01953125
6 0.5380859375 0.572265625 0.0390625 0.01953125
6 0.82470703125 0.5338541666666666 0.0595703125 0.020833333333333332
6 0.82763671875 0.5611979166666666 0.0654296875 0.020833333333333332
6 0.939453125 0.5338541666666666 0.07421875 0.020833333333333332
6 0.92578125 0.5611979166666666 0.046875 0.020833333333333332
2 0.46484375 0.6341145833333334 0.2109375 0.026041666666666668
4 0.4267578125 0.7447916666666666 0.134765625 0.140625
6 0.58056640625 0.689453125 0.1513671875 0.022135416666666668
7 0.67138671875 0.689453125 0.0302734375 0.022135416666666668
6 0.6083984375 0.7037760416666666 0.20703125 0.05078125
7 0.68212890625 0.7180989583333334 0.1064453125 0.022135416666666668
6 0.55859375 0.7467447916666666 0.107421875 0.022135416666666668
7 0.62060546875 0.7467447916666666 0.0185546875 0.022135416666666668
6 0.59619140625 0.7610677083333334 0.1826171875 0.05078125
7 0.6240234375 0.7897135416666666 0.23828125 0.05078125
6 0.63818359375 0.8040364583333334 0.1103515625 0.022135416666666668
7 0.61474609375 0.818359375 0.2197265625 0.05078125
6 0.53125 0.8470052083333334 0.34375 0.05078125
7 0.43359375 0.861328125 0.087890625 0.022135416666666668
6 0.529296875 0.861328125 0.103515625 0.022135416666666668
7 0.54736328125 0.8899739583333334 0.3759765625 0.07942708333333333
6 0.53173828125 0.9186197916666666 0.0439453125 0.022135416666666668
7 0.54931640625 0.9537760416666666 0.3798828125 0.09244791666666667
2 0.82080078125 0.6341145833333334 0.0908203125 0.026041666666666668
6 0.93408203125 0.6920572916666666 0.1318359375 0.022135416666666668
6 0.806640625 0.7180989583333334 0.04296875 0.01953125
6 0.8505859375 0.7180989583333334 0.02734375 0.01953125
6 0.8916015625 0.7180989583333334 0.037109375 0.01953125
6 0.9423828125 0.7180989583333334 0.044921875 0.01953125
6 0.986328125 0.7180989583333334 0.02734375 0.01953125
6 0.91357421875 0.7428385416666666 0.0791015625 0.01953125
6 0.9775390625 0.7428385416666666 0.03125 0.01953125
4 0.97119140625 0.8411458333333334 0.0576171875 0.13802083333333334
7 0.97119140625 0.923828125 0.0576171875 0.01953125
7 0.80322265625 0.783203125 0.0283203125 0.022135416666666668
6 0.85498046875 0.783203125 0.0771484375 0.022135416666666668
7 0.9150390625 0.783203125 0.04296875 0.022135416666666668
6 0.81591796875 0.8118489583333334 0.0537109375 0.022135416666666668
7 0.8759765625 0.8118489583333334 0.05859375 0.022135416666666668
7 0.8583984375 0.8548177083333334 0.138671875 0.05078125
6 0.81689453125 0.8977864583333334 0.0556640625 0.022135416666666668
7 0.861328125 0.912109375 0.14453125 0.05078125
6 0.8232421875 0.9563802083333334 0.068359375 0.022135416666666668
7 0.865234375 0.9563802083333334 0.017578125 0.022135416666666668
6 0.92431640625 0.9563802083333334 0.1005859375 0.022135416666666668
7 0.89453125 0.970703125 0.2109375 0.05078125