2 0.158203125 0.010416666666666666 0.31640625 0.020833333333333332
2 0.19580078125 0.053385416666666664 0.3916015625 0.06510416666666667
7 0.22607421875 0.15885416666666666 0.4521484375 0.11458333333333333
0 0.0185546875 0.2591145833333333 0.037109375 0.049479166666666664
7 0.0888671875 0.3346354166666667 0.177734375 0.0234375
6 0.2421875 0.3346354166666667 0.12890625 0.0234375
2 0.294921875 0.5852864583333334 0.58984375 0.02734375
7 0.59375 0.024088541666666668 0.0078125 0.02734375
6 0.7216796875 0.024088541666666668 0.03125 0.014322916666666666
7 0.759765625 0.251953125 0.18359375 0.053385416666666664
7 0.94189453125 0.2513020833333333 0.1162109375 0.026041666666666668
3 0.794921875 0.4700520833333333 0.41015625 0.1171875
7 0.9384765625 0.5865885416666666 0.123046875 0.024739583333333332
6 0.4345703125 0.6477864583333334 0.310546875 0.022135416666666668
3 0.294921875 0.8587239583333334 0.58984375 0.2825520833333333
0 0.294921875 0.8587239583333334 0.58984375 0.2825520833333333
3 0.794921875 0.6223958333333334 0.41015625 0.046875
2 0.73779296875 0.8619791666666666 0.2958984375 0.018229166666666668
0 0.7470703125 0.798828125 0.314453125 0.2669270833333333
2 0.72705078125 0.8951822916666666 0.2744140625 0.02734375
0 0.7470703125 0.966796875 0.314453125 0.06640625
2 0.958984375 0.8268229166666666 0.08203125 0.018229166666666668
0 0.95166015625 0.798828125 0.0966796875 0.2669270833333333
2 0.958984375 0.8776041666666666 0.08203125 0.0625