6 0.04833984375 0.013671875 0.0966796875 0.02734375
7 0.0458984375 0.013671875 0.091796875 0.02734375
6 0.07763671875 0.039713541666666664 0.1552734375 0.07942708333333333
7 0.05859375 0.078125 0.1171875 0.0546875
6 0.03515625 0.09114583333333333 0.048828125 0.028645833333333332
7 0.0576171875 0.15104166666666666 0.115234375 0.0546875
6 0.078125 0.203125 0.15625 0.10677083333333333
7 0.048828125 0.2877604166666667 0.09765625 0.028645833333333332
6 0.0693359375 0.30078125 0.138671875 0.0546875
7 0.0654296875 0.349609375 0.130859375 0.10026041666666667
0 0.27392578125 0.13541666666666666 0.1787109375 0.044270833333333336
0 0.2734375 0.13932291666666666 0.19140625 0.2786458333333333
7 0.28173828125 0.208984375 0.1748046875 0.09765625
4 0.6845703125 0.13802083333333334 0.630859375 0.24739583333333334
4 0.6845703125 0.13802083333333334 0.630859375 0.24739583333333334
2 0.6845703125 0.3307291666666667 0.630859375 0.078125
2 0.07470703125 0.54296875 0.1494140625 0.11458333333333333
1 0.091796875 0.6959635416666666 0.18359375 0.07421875
2 0.06884765625 0.9908854166666666 0.0576171875 0.018229166666666668
2 0.2548828125 0.9908854166666666 0.046875 0.018229166666666668
7 0.439453125 0.416015625 0.103515625 0.022135416666666668
0 0.44921875 0.4244791666666667 0.15625 0.049479166666666664
7 0.57421875 0.416015625 0.0625 0.022135416666666668
0 0.583984375 0.4244791666666667 0.115234375 0.049479166666666664
7 0.6767578125 0.416015625 0.0390625 0.022135416666666668
0 0.6865234375 0.4244791666666667 0.091796875 0.049479166666666664
7 0.78466796875 0.416015625 0.0732421875 0.022135416666666668
0 0.79443359375 0.4244791666666667 0.1259765625 0.049479166666666664
7 0.91552734375 0.416015625 0.0849609375 0.022135416666666668
0 0.91552734375 0.4244791666666667 0.1181640625 0.049479166666666664
0 0.98681640625 0.4244791666666667 0.0263671875 0.049479166666666664
2 0.56298828125 0.5885416666666666 0.3876953125 0.018229166666666668
7 0.55517578125 0.6653645833333334 0.3720703125 0.08333333333333333
7 0.56201171875 0.8235677083333334 0.3857421875 0.17317708333333334
7 0.55322265625 0.943359375 0.3681640625 0.053385416666666664
6 0.689453125 0.9583333333333334 0.11328125 0.0234375
7 0.54736328125 0.98828125 0.3564453125 0.0234375
1 0.9287109375 0.5240885416666666 0.142578125 0.045572916666666664
2 0.9287109375 0.6048177083333334 0.142578125 0.01953125
0 0.93701171875 0.6686197916666666 0.1259765625 0.048177083333333336
0 0.93701171875 0.7584635416666666 0.1259765625 0.048177083333333336
0 0.93701171875 0.8834635416666666 0.1259765625 0.11848958333333333