4 0.33984375 0.09049479166666667 0.6796875 0.18098958333333334
7 0.07958984375 0.040364583333333336 0.1591796875 0.033854166666666664
0 0.1005859375 0.041015625 0.201171875 0.06640625
7 0.36474609375 0.040364583333333336 0.2158203125 0.033854166666666664
0 0.3642578125 0.041015625 0.30078125 0.06640625
7 0.07958984375 0.12630208333333334 0.1591796875 0.033854166666666664
0 0.1005859375 0.126953125 0.201171875 0.06640625
2 0.33984375 0.265625 0.6796875 0.0390625
6 0.05078125 0.3131510416666667 0.080078125 0.029947916666666668
7 0.1376953125 0.3131510416666667 0.09375 0.029947916666666668
0 0.33984375 0.4615885416666667 0.6796875 0.11588541666666667
2 0.60888671875 0.435546875 0.1416015625 0.037760416666666664
6 0.60888671875 0.4934895833333333 0.1416015625 0.052083333333333336
0 0.81982421875 0.384765625 0.2802734375 0.029947916666666668
0 0.697265625 0.4309895833333333 0.03515625 0.052083333333333336
2 0.775390625 0.021484375 0.109375 0.022135416666666668
4 0.83447265625 0.23828125 0.3095703125 0.3619791666666667
0 0.83447265625 0.2864583333333333 0.3095703125 0.4583333333333333
6 0.83447265625 0.4459635416666667 0.3095703125 0.022135416666666668
7 0.83447265625 0.4733072916666667 0.3095703125 0.03515625
4 0.33984375 0.759765625 0.6796875 0.48046875
6 0.1083984375 0.5611979166666666 0.109375 0.020833333333333332
7 0.166015625 0.5611979166666666 0.0078125 0.020833333333333332
7 0.16748046875 0.5846354166666666 0.2275390625 0.06770833333333333
6 0.14794921875 0.6080729166666666 0.0947265625 0.020833333333333332
7 0.2099609375 0.6080729166666666 0.029296875 0.020833333333333332
6 0.26318359375 0.6080729166666666 0.0791015625 0.020833333333333332
7 0.30419921875 0.6080729166666666 0.0048828125 0.020833333333333332
1 0.49853515625 0.5364583333333334 0.2548828125 0.033854166666666664
6 0.4228515625 0.57421875 0.103515625 0.020833333333333332
1 0.60009765625 0.5826822916666666 0.0517578125 0.040364583333333336
7 0.15185546875 0.6875 0.0322265625 0.020833333333333332
6 0.1865234375 0.6875 0.037109375 0.020833333333333332
7 0.20849609375 0.6875 0.0087890625 0.020833333333333332
6 0.23291015625 0.6875 0.0439453125 0.020833333333333332
7 0.2578125 0.6875 0.0078125 0.020833333333333332
6 0.2783203125 0.6875 0.03515625 0.020833333333333332
7 0.30029296875 0.6875 0.0087890625 0.020833333333333332
6 0.3251953125 0.6875 0.044921875 0.020833333333333332
7 0.3515625 0.6875 0.0078125 0.020833333333333332
6 0.38037109375 0.6875 0.0517578125 0.020833333333333332
7 0.40966796875 0.6875 0.0087890625 0.020833333333333332
6 0.44287109375 0.6875 0.0615234375 0.020833333333333332
7 0.490234375 0.6875 0.033203125 0.020833333333333332
6 0.52392578125 0.6875 0.0380859375 0.020833333333333332
6 0.09912109375 0.7434895833333334 0.0341796875 0.020833333333333332
6 0.16259765625 0.7434895833333334 0.0634765625 0.020833333333333332
6 0.23291015625 0.7434895833333334 0.0458984375 0.020833333333333332
6 0.3037109375 0.7434895833333334 0.06640625 0.020833333333333332
6 0.3720703125 0.7434895833333334 0.04296875 0.020833333333333332
6 0.42578125 0.7434895833333334 0.03515625 0.020833333333333332
6 0.48974609375 0.7434895833333334 0.0634765625 0.020833333333333332
6 0.5595703125 0.7434895833333334 0.044921875 0.020833333333333332
7 0.33984375 0.767578125 0.10546875 0.024739583333333332
4 0.83984375 0.701171875 0.3203125 0.36328125
4 0.72314453125 0.861328125 0.0869140625 0.04296875
7 0.8583984375 0.8509114583333334 0.283203125 0.024739583333333332
7 0.8134765625 0.7578125 0.10546875 0.049479166666666664
4 0.8134765625 0.7578125 0.10546875 0.049479166666666664
4 0.81591796875 0.5885416666666666 0.2177734375 0.059895833333333336
0 0.73876953125 0.94921875 0.1181640625 0.0546875
0 0.84423828125 0.94921875 0.0908203125 0.0546875
0 0.9453125 0.94921875 0.109375 0.0546875