4 0.40576171875 0.193359375 0.5869140625 0.2513020833333333
4 0.4111328125 0.19791666666666666 0.576171875 0.2421875
0 0.849609375 0.15950520833333334 0.30078125 0.3190104166666667
4 0.849609375 0.15950520833333334 0.30078125 0.3190104166666667
4 0.19140625 0.5475260416666666 0.3828125 0.45703125
0 0.19140625 0.5475260416666666 0.3828125 0.45703125
2 0.14697265625 0.8899739583333334 0.2939453125 0.19921875
2 0.544921875 0.326171875 0.248046875 0.014322916666666666
0 0.544921875 0.326171875 0.248046875 0.014322916666666666
7 0.544921875 0.3736979166666667 0.248046875 0.08333333333333333
4 0.544921875 0.5390625 0.248046875 0.22135416666666666
0 0.544921875 0.5390625 0.248046875 0.22135416666666666
4 0.6318359375 0.73828125 0.044921875 0.059895833333333336
0 0.544921875 0.771484375 0.248046875 0.16536458333333334
2 0.50830078125 0.771484375 0.1748046875 0.16536458333333334
4 0.64453125 0.9244791666666666 0.048828125 0.06510416666666667
0 0.544921875 0.9459635416666666 0.248046875 0.10807291666666667
2 0.51220703125 0.9459635416666666 0.1826171875 0.10807291666666667
3 0.349609375 0.6595052083333334 0.69921875 0.6809895833333334
3 0.849609375 0.4069010416666667 0.30078125 0.17578125
4 0.849609375 0.7421875 0.30078125 0.46875
2 0.849609375 0.8782552083333334 0.30078125 0.13151041666666666
7 0.849609375 0.9876302083333334 0.30078125 0.024739583333333332