4 0.2099609375 0.19075520833333334 0.419921875 0.3815104166666667
2 0.2099609375 0.06380208333333333 0.419921875 0.07552083333333333
2 0.2099609375 0.12369791666666667 0.419921875 0.046875
7 0.033203125 0.24088541666666666 0.06640625 0.033854166666666664
0 0.05419921875 0.24153645833333334 0.1083984375 0.06640625
7 0.27197265625 0.24088541666666666 0.2158203125 0.033854166666666664
0 0.2705078125 0.24153645833333334 0.298828125 0.06640625
7 0.033203125 0.3268229166666667 0.06640625 0.033854166666666664
0 0.05419921875 0.3274739583333333 0.1083984375 0.06640625
2 0.2099609375 0.4661458333333333 0.419921875 0.0390625
7 0.0458984375 0.513671875 0.091796875 0.029947916666666668
0 0.49462890625 0.09505208333333333 0.0634765625 0.078125
4 0.57568359375 0.09700520833333333 0.0224609375 0.02734375
7 0.61669921875 0.09635416666666667 0.0439453125 0.026041666666666668
0 0.6162109375 0.09505208333333333 0.103515625 0.020833333333333332
4 0.68310546875 0.09700520833333333 0.0341796875 0.02734375
7 0.7265625 0.09635416666666667 0.037109375 0.026041666666666668
0 0.71923828125 0.09505208333333333 0.1064453125 0.020833333333333332
4 0.79638671875 0.09700520833333333 0.0478515625 0.02734375
7 0.84716796875 0.09635416666666667 0.0380859375 0.026041666666666668
0 0.833984375 0.09505208333333333 0.123046875 0.020833333333333332
4 0.9091796875 0.09700520833333333 0.03125 0.02734375
7 0.951171875 0.09635416666666667 0.037109375 0.026041666666666668
0 0.93408203125 0.09505208333333333 0.0810546875 0.020833333333333332
7 0.79345703125 0.26953125 0.0908203125 0.0234375
7 0.7822265625 0.3111979166666667 0.435546875 0.03125
7 0.7939453125 0.359375 0.306640625 0.059895833333333336
7 0.7939453125 0.42578125 0.158203125 0.059895833333333336
0 0.7939453125 0.525390625 0.23046875 0.048177083333333336
4 0.2099609375 0.6998697916666666 0.419921875 0.30078125
4 0.2099609375 0.7747395833333334 0.419921875 0.4505208333333333
4 0.2099609375 0.685546875 0.419921875 0.2721354166666667
4 0.2099609375 0.7649739583333334 0.419921875 0.4309895833333333
4 0.2099609375 0.6705729166666666 0.419921875 0.2421875
4 0.16162109375 0.6705729166666666 0.3232421875 0.2421875
4 0.064453125 0.6106770833333334 0.1171875 0.12239583333333333
0 0.064453125 0.6139322916666666 0.1171875 0.12890625
7 0.1220703125 0.6510416666666666 0.244140625 0.018229166666666668
4 0.26953125 0.7591145833333334 0.01953125 0.026041666666666668
0 0.26953125 0.7591145833333334 0.029296875 0.0390625
4 0.298828125 0.7591145833333334 0.01953125 0.026041666666666668
0 0.298828125 0.7591145833333334 0.029296875 0.0390625
7 0.37646484375 0.578125 0.0869140625 0.057291666666666664
4 0.37646484375 0.7591145833333334 0.0869140625 0.06510416666666667
4 0.2099609375 0.75 0.419921875 0.4010416666666667
4 0.2099609375 0.685546875 0.419921875 0.2721354166666667
4 0.2099609375 0.7649739583333334 0.419921875 0.4309895833333333
4 0.2099609375 0.6998697916666666 0.419921875 0.30078125
4 0.2099609375 0.7747395833333334 0.419921875 0.4505208333333333
4 0.029296875 0.935546875 0.005859375 0.12890625
4 0.171875 0.935546875 0.291015625 0.12890625
0 0.171875 0.935546875 0.291015625 0.12890625
6 0.05322265625 0.8958333333333334 0.0244140625 0.0234375
4 0.330078125 0.935546875 0.005859375 0.12890625
6 0.35400390625 0.8958333333333334 0.0244140625 0.0234375
4 0.8154296875 0.7161458333333334 0.1953125 0.06510416666666667
7 0.72998046875 0.8001302083333334 0.5400390625 0.037760416666666664
0 0.48193359375 0.8795572916666666 0.1240234375 0.016927083333333332
0 0.66796875 0.8795572916666666 0.1875 0.016927083333333332
0 0.896484375 0.8795572916666666 0.20703125 0.016927083333333332