0 0.4375 0.083984375 0.072265625 0.024739583333333332
7 0.52685546875 0.08333333333333333 0.0458984375 0.0234375
0 0.52685546875 0.083984375 0.0458984375 0.029947916666666668
4 0.3291015625 0.3131510416666667 0.44140625 0.3528645833333333
2 0.03271484375 0.23372395833333334 0.0654296875 0.11067708333333333
7 0.0390625 0.3463541666666667 0.078125 0.07552083333333333
2 0.27490234375 0.24479166666666666 0.5498046875 0.4895833333333333
4 0.77490234375 0.24479166666666666 0.4501953125 0.4895833333333333
4 0.77490234375 0.24479166666666666 0.4501953125 0.4895833333333333
4 0.5869140625 0.09440104166666667 0.07421875 0.18880208333333334
4 0.07275390625 0.5084635416666666 0.1455078125 0.037760416666666664
4 0.2353515625 0.509765625 0.04296875 0.040364583333333336
7 0.29638671875 0.5026041666666666 0.0419921875 0.0234375
4 0.4052734375 0.509765625 0.05859375 0.040364583333333336
0 0.451171875 0.525390625 0.1875 0.07161458333333333
7 0.48828125 0.5026041666666666 0.07421875 0.0234375
2 0.251953125 0.6842447916666666 0.50390625 0.053385416666666664
7 0.251953125 0.7571614583333334 0.50390625 0.06901041666666667
0 0.119140625 0.896484375 0.23828125 0.09505208333333333
6 0.5615234375 0.662109375 0.0234375 0.01953125
6 0.58544921875 0.6868489583333334 0.0712890625 0.01953125
6 0.5791015625 0.7115885416666666 0.05859375 0.01953125
4 0.7314453125 0.6861979166666666 0.046875 0.0625
7 0.8017578125 0.673828125 0.0078125 0.01953125
6 0.84423828125 0.673828125 0.0771484375 0.01953125
7 0.8017578125 0.6985677083333334 0.0078125 0.01953125
6 0.82568359375 0.6985677083333334 0.0400390625 0.01953125
4 0.982421875 0.6861979166666666 0.03515625 0.0625
2 0.77490234375 0.76171875 0.4501953125 0.03125
7 0.7724609375 0.8001302083333334 0.4453125 0.01953125
7 0.77490234375 0.841796875 0.4501953125 0.01953125
7 0.77490234375 0.8541666666666666 0.4501953125 0.044270833333333336
7 0.572265625 0.908203125 0.044921875 0.01953125
6 0.640625 0.908203125 0.09375 0.01953125
7 0.68994140625 0.908203125 0.0048828125 0.01953125
2 0.77490234375 0.953125 0.4501953125 0.03125
7 0.77001953125 0.9908854166666666 0.4404296875 0.018229166666666668
7 0.994140625 0.9908854166666666 0.01171875 0.018229166666666668
7 0.77490234375 0.9908854166666666 0.4501953125 0.018229166666666668