6 0.03125 0.0078125 0.0625 0.015625
7 0.1708984375 0.0078125 0.216796875 0.015625
0 0.00830078125 0.11653645833333333 0.0166015625 0.040364583333333336
4 0.00390625 0.11783854166666667 0.0078125 0.022135416666666668
4 0.111328125 0.1171875 0.16015625 0.052083333333333336
0 0.111328125 0.1171875 0.16015625 0.052083333333333336
2 0.1396484375 0.2662760416666667 0.279296875 0.11067708333333333
7 0.1396484375 0.37890625 0.279296875 0.07552083333333333
2 0.1396484375 0.224609375 0.279296875 0.44921875
4 0.6943359375 0.224609375 0.611328125 0.44921875
0 0.6943359375 0.224609375 0.611328125 0.44921875
2 0.32275390625 0.150390625 0.0869140625 0.14973958333333334
0 0.32275390625 0.166015625 0.0869140625 0.18098958333333334
6 0.31787109375 0.33984375 0.0771484375 0.020833333333333332
6 0.31494140625 0.3763020833333333 0.0712890625 0.020833333333333332
0 0.0361328125 0.4908854166666667 0.072265625 0.041666666666666664
7 0.14404296875 0.4908854166666667 0.0908203125 0.041666666666666664
0 0.1298828125 0.6119791666666666 0.08203125 0.028645833333333332
4 0.03173828125 0.7395833333333334 0.0634765625 0.15885416666666666
7 0.0849609375 0.8450520833333334 0.169921875 0.028645833333333332
7 0.0849609375 0.8736979166666666 0.169921875 0.028645833333333332
4 0.6806640625 0.4583333333333333 0.212890625 0.018229166666666668
0 0.6806640625 0.4576822916666667 0.212890625 0.016927083333333332
0 0.83349609375 0.4583333333333333 0.0576171875 0.018229166666666668
2 0.6396484375 0.6458333333333334 0.720703125 0.07291666666666667
7 0.6806640625 0.7571614583333334 0.54296875 0.032552083333333336
7 0.6806640625 0.8040364583333334 0.376953125 0.032552083333333336
1 0.5888671875 0.9322916666666666 0.412109375 0.078125
1 0.88623046875 0.9322916666666666 0.1845703125 0.078125