4 0.30810546875 0.119140625 0.5830078125 0.23828125
0 0.30810546875 0.119140625 0.5830078125 0.23828125
4 0.2998046875 0.359375 0.599609375 0.140625
0 0.2998046875 0.359375 0.599609375 0.140625
4 0.2998046875 0.359375 0.599609375 0.140625
4 0.912109375 0.045572916666666664 0.17578125 0.09114583333333333
4 0.923828125 0.080078125 0.15234375 0.16015625
0 0.923828125 0.08268229166666667 0.15234375 0.16536458333333334
7 0.98291015625 0.06380208333333333 0.0341796875 0.0234375
0 0.97509765625 0.06380208333333333 0.0498046875 0.046875
2 0.11767578125 0.4388020833333333 0.1982421875 0.018229166666666668
0 0.11767578125 0.48828125 0.2216796875 0.1171875
7 0.11767578125 0.4733072916666667 0.1982421875 0.053385416666666664
4 0.025390625 0.51953125 0.013671875 0.018229166666666668
7 0.0869140625 0.51953125 0.08984375 0.020833333333333332
2 0.35107421875 0.4388020833333333 0.1982421875 0.018229166666666668
0 0.35107421875 0.48828125 0.2216796875 0.1171875
7 0.35107421875 0.4733072916666667 0.1982421875 0.053385416666666664
4 0.2587890625 0.51953125 0.013671875 0.018229166666666668
7 0.3359375 0.51953125 0.12109375 0.020833333333333332
2 0.54248046875 0.4388020833333333 0.1142578125 0.018229166666666668
0 0.53662109375 0.48828125 0.1259765625 0.1171875
7 0.54248046875 0.4733072916666667 0.1142578125 0.053385416666666664
4 0.4921875 0.51953125 0.013671875 0.018229166666666668
7 0.55419921875 0.51953125 0.0908203125 0.020833333333333332
2 0.052734375 0.6907552083333334 0.10546875 0.029947916666666668
0 0.07568359375 0.6627604166666666 0.1513671875 0.23177083333333334
7 0.052734375 0.7180989583333334 0.10546875 0.02734375
2 0.34619140625 0.6647135416666666 0.3427734375 0.029947916666666668
0 0.34619140625 0.6627604166666666 0.3662109375 0.23177083333333334
7 0.34619140625 0.705078125 0.3427734375 0.053385416666666664
4 0.181640625 0.7513020833333334 0.013671875 0.018229166666666668
7 0.248046875 0.7513020833333334 0.099609375 0.020833333333333332
7 0.19140625 0.59375 0.3828125 0.036458333333333336
7 0.044921875 0.6536458333333334 0.08984375 0.028645833333333332
4 0.3583984375 0.6536458333333334 0.015625 0.020833333333333332
7 0.18310546875 0.7096354166666666 0.3662109375 0.07291666666666667
7 0.0224609375 0.8619791666666666 0.044921875 0.0234375
0 0.029296875 0.8619791666666666 0.05859375 0.0234375
4 0.09130859375 0.8619791666666666 0.0205078125 0.026041666666666668
0 0.109375 0.8619791666666666 0.072265625 0.041666666666666664
7 0.119140625 0.8619791666666666 0.029296875 0.0234375
4 0.17041015625 0.8619791666666666 0.0205078125 0.026041666666666668
0 0.185546875 0.8619791666666666 0.06640625 0.041666666666666664
7 0.1953125 0.8619791666666666 0.0234375 0.0234375
7 0.24169921875 0.8619791666666666 0.0322265625 0.044270833333333336
4 0.3408203125 0.8619791666666666 0.01953125 0.026041666666666668
0 0.3466796875 0.8619791666666666 0.03125 0.026041666666666668
6 0.03955078125 0.943359375 0.0791015625 0.01953125
0 0.11279296875 0.9440104166666666 0.0615234375 0.020833333333333332
4 0.3251953125 0.9466145833333334 0.013671875 0.018229166666666668
0 0.34326171875 0.9466145833333334 0.0615234375 0.03125
7 0.34765625 0.9466145833333334 0.03125 0.028645833333333332
2 0.07177734375 0.9869791666666666 0.1435546875 0.026041666666666668
2 0.51123046875 0.6940104166666666 0.1767578125 0.026041666666666668
7 0.4287109375 0.7486979166666666 0.01953125 0.0234375
0 0.50341796875 0.7486979166666666 0.1923828125 0.0625
4 0.451171875 0.7486979166666666 0.009765625 0.013020833333333334
4 0.4794921875 0.7486979166666666 0.03125 0.041666666666666664
7 0.5322265625 0.7486979166666666 0.05859375 0.0234375
7 0.4287109375 0.8125 0.01953125 0.0234375
0 0.50341796875 0.8125 0.1923828125 0.0625
4 0.451171875 0.8125 0.009765625 0.013020833333333334
4 0.4794921875 0.8125 0.03125 0.041666666666666664
7 0.55126953125 0.8125 0.0966796875 0.0234375
7 0.4287109375 0.8763020833333334 0.01953125 0.0234375
0 0.50341796875 0.8763020833333334 0.1923828125 0.0625
4 0.451171875 0.8763020833333334 0.009765625 0.013020833333333334
4 0.478515625 0.875 0.0234375 0.03125
7 0.55126953125 0.8763020833333334 0.0966796875 0.0234375
7 0.4287109375 0.9401041666666666 0.01953125 0.0234375
0 0.50341796875 0.9401041666666666 0.1923828125 0.0625
4 0.451171875 0.9401041666666666 0.009765625 0.013020833333333334
4 0.4794921875 0.9401041666666666 0.03125 0.041666666666666664
7 0.55126953125 0.9401041666666666 0.0966796875 0.0234375
7 0.4287109375 0.99609375 0.01953125 0.0078125
0 0.50341796875 0.986328125 0.1923828125 0.02734375
4 0.451171875 0.9986979166666666 0.009765625 0.0026041666666666665
4 0.4794921875 0.9915364583333334 0.03125 0.016927083333333332
7 0.53173828125 0.99609375 0.0576171875 0.0078125
2 0.6455078125 0.4388020833333333 0.072265625 0.018229166666666668
2 0.7568359375 0.435546875 0.140625 0.01171875
2 0.7998046875 0.5677083333333334 0.400390625 0.041666666666666664
7 0.7998046875 0.6328125 0.400390625 0.08854166666666667
6 0.65966796875 0.7057291666666666 0.1201171875 0.020833333333333332
2 0.7998046875 0.8645833333333334 0.400390625 0.041666666666666664
4 0.61572265625 0.95703125 0.0322265625 0.078125
7 0.82568359375 0.9622395833333334 0.3486328125 0.07552083333333333