0 0.01953125 0.005859375 0.0390625 0.01171875
0 0.0869140625 0.015625 0.068359375 0.03125
0 0.15771484375 0.015625 0.0732421875 0.03125
0 0.23193359375 0.015625 0.0751953125 0.03125
0 0.3154296875 0.015625 0.091796875 0.03125
0 0.3896484375 0.015625 0.056640625 0.03125
0 0.44580078125 0.015625 0.0556640625 0.03125
0 0.505859375 0.015625 0.064453125 0.03125
4 0.26953125 0.24544270833333334 0.5390625 0.4283854166666667
4 0.2041015625 0.17317708333333334 0.341796875 0.09895833333333333
7 0.08935546875 0.2994791666666667 0.1123046875 0.020833333333333332
7 0.09814453125 0.408203125 0.1298828125 0.032552083333333336
7 0.0517578125 0.4440104166666667 0.037109375 0.03125
4 0.76953125 0.22981770833333334 0.4609375 0.4596354166666667
2 0.76953125 0.19270833333333334 0.4609375 0.11197916666666667
2 0.76953125 0.2766927083333333 0.4609375 0.05859375
2 0.1748046875 0.615234375 0.349609375 0.18880208333333334
2 0.1748046875 0.74609375 0.349609375 0.049479166666666664
7 0.09814453125 0.80078125 0.1962890625 0.020833333333333332
6 0.2353515625 0.80078125 0.078125 0.020833333333333332
7 0.2880859375 0.80078125 0.029296875 0.020833333333333332
6 0.171875 0.8131510416666666 0.34375 0.045572916666666664
7 0.05615234375 0.8255208333333334 0.0048828125 0.020833333333333332
7 0.0888671875 0.9270833333333334 0.125 0.0234375
0 0.09130859375 0.927734375 0.1826171875 0.06640625
6 0.0869140625 0.9830729166666666 0.083984375 0.0234375
2 0.650390625 0.666015625 0.0859375 0.032552083333333336
0 0.7080078125 0.6770833333333334 0.23046875 0.4348958333333333
2 0.6796875 0.6822916666666666 0.14453125 0.06510416666666667
0 0.65283203125 0.8645833333333334 0.0908203125 0.020833333333333332
2 0.9287109375 0.6822916666666666 0.142578125 0.06510416666666667
0 0.92138671875 0.6770833333333334 0.1572265625 0.4348958333333333
2 0.9287109375 0.7311197916666666 0.142578125 0.09765625
0 0.8779296875 0.8645833333333334 0.041015625 0.020833333333333332
0 0.7080078125 0.9602864583333334 0.23046875 0.07942708333333333