7 0.0322265625 0.013671875 0.02734375 0.02734375
0 0.0322265625 0.02734375 0.056640625 0.0546875
7 0.08837890625 0.013671875 0.0263671875 0.02734375
0 0.08837890625 0.02734375 0.0556640625 0.0546875
7 0.1484375 0.013671875 0.03515625 0.02734375
0 0.1484375 0.02734375 0.064453125 0.0546875
7 0.232421875 0.014973958333333334 0.07421875 0.029947916666666668
0 0.232421875 0.02734375 0.103515625 0.0546875
4 0.19482421875 0.26171875 0.3896484375 0.4140625
4 0.44482421875 0.0546875 0.1103515625 0.033854166666666664
0 0.44482421875 0.0546875 0.1103515625 0.036458333333333336
0 0.5546875 0.0546875 0.078125 0.0625
0 0.6337890625 0.0546875 0.080078125 0.0625
0 0.7099609375 0.0546875 0.072265625 0.0625
0 0.79150390625 0.0546875 0.0908203125 0.0625
0 0.86669921875 0.0546875 0.0595703125 0.0625
0 0.923828125 0.0546875 0.0546875 0.0625
2 0.5146484375 0.23763020833333334 0.25 0.08984375
2 0.498046875 0.3287760416666667 0.216796875 0.08984375
7 0.595703125 0.4264322916666667 0.412109375 0.08463541666666667
4 0.03173828125 0.5520833333333334 0.0634765625 0.11979166666666667
0 0.03173828125 0.591796875 0.0634765625 0.19921875
2 0.03173828125 0.6575520833333334 0.0634765625 0.06770833333333333
4 0.1591796875 0.5520833333333334 0.134765625 0.11979166666666667
0 0.1591796875 0.591796875 0.134765625 0.19921875
2 0.1591796875 0.6575520833333334 0.134765625 0.06770833333333333
4 0.32177734375 0.5520833333333334 0.1337890625 0.11979166666666667
0 0.32177734375 0.591796875 0.1337890625 0.19921875
2 0.32177734375 0.6575520833333334 0.1337890625 0.06770833333333333
7 0.01123046875 0.7233072916666666 0.0224609375 0.022135416666666668
7 0.16162109375 0.7493489583333334 0.3232421875 0.07421875
6 0.20166015625 0.775390625 0.0673828125 0.022135416666666668
6 0.37646484375 0.7259114583333334 0.0263671875 0.022135416666666668
6 0.37646484375 0.7571614583333334 0.0263671875 0.022135416666666668
6 0.37646484375 0.7884114583333334 0.0263671875 0.022135416666666668
7 0.04296875 0.8404947916666666 0.0859375 0.022135416666666668
4 0.02197265625 0.9453125 0.0439453125 0.1015625
0 0.02197265625 0.9453125 0.0439453125 0.1015625
2 0.11865234375 0.9453125 0.1220703125 0.109375
6 0.2353515625 0.904296875 0.0703125 0.022135416666666668
6 0.30224609375 0.947265625 0.1748046875 0.022135416666666668
6 0.30224609375 0.982421875 0.1748046875 0.022135416666666668
4 0.48486328125 0.5052083333333334 0.1904296875 0.07291666666666667
0 0.48486328125 0.5032552083333334 0.1904296875 0.06901041666666667
0 0.681640625 0.5045572916666666 0.146484375 0.040364583333333336
0 0.82080078125 0.5045572916666666 0.0693359375 0.040364583333333336
0 0.94091796875 0.5045572916666666 0.1083984375 0.040364583333333336
0 0.53955078125 0.5625 0.2998046875 0.0234375
3 0.744140625 0.7701822916666666 0.51171875 0.11848958333333333