7 0.02587890625 0.19205729166666666 0.0517578125 0.014322916666666666
4 0.1728515625 0.10416666666666667 0.224609375 0.20833333333333334
0 0.1728515625 0.10416666666666667 0.224609375 0.20833333333333334
4 0.1728515625 0.10416666666666667 0.224609375 0.20833333333333334
2 0.1142578125 0.197265625 0.076171875 0.022135416666666668
0 0.1142578125 0.19596354166666666 0.076171875 0.014322916666666666
2 0.16455078125 0.3040364583333333 0.1767578125 0.16796875
2 0.1728515625 0.4407552083333333 0.193359375 0.022135416666666668
2 0.1728515625 0.4928385416666667 0.193359375 0.06380208333333333
4 0.35302734375 0.10416666666666667 0.1337890625 0.20833333333333334
0 0.35302734375 0.10416666666666667 0.1337890625 0.20833333333333334
4 0.35302734375 0.10416666666666667 0.1337890625 0.20833333333333334
2 0.33984375 0.197265625 0.076171875 0.022135416666666668
0 0.33984375 0.19596354166666666 0.076171875 0.014322916666666666
2 0.36083984375 0.2877604166666667 0.1181640625 0.13541666666666666
2 0.36083984375 0.4290364583333333 0.1181640625 0.06380208333333333
7 0.7099609375 0.4817708333333333 0.580078125 0.08333333333333333
6 0.64794921875 0.5130208333333334 0.1259765625 0.020833333333333332
7 0.71240234375 0.5130208333333334 0.0048828125 0.020833333333333332
7 0.7373046875 0.5130208333333334 0.0078125 0.020833333333333332
7 0.8662109375 0.024088541666666668 0.1015625 0.024739583333333332
7 0.70263671875 0.4453125 0.5654296875 0.16927083333333334
6 0.13037109375 0.5755208333333334 0.2607421875 0.026041666666666668
0 0.2099609375 0.5755208333333334 0.419921875 0.03125
7 0.2705078125 0.5755208333333334 0.01953125 0.026041666666666668
4 0.2099609375 0.80859375 0.419921875 0.3828125
2 0.541015625 0.7571614583333334 0.2421875 0.22265625
7 0.541015625 0.947265625 0.2421875 0.10546875
4 0.837890625 0.76953125 0.32421875 0.4609375