5 0.24951171875 0.028645833333333332 0.0595703125 0.020833333333333332
1 0.431640625 0.028645833333333332 0.294921875 0.049479166666666664
7 0.28955078125 0.013020833333333334 0.5791015625 0.018229166666666668
2 0.28955078125 0.18098958333333334 0.5791015625 0.06510416666666667
4 0.2412109375 0.3567708333333333 0.482421875 0.2864583333333333
0 0.2412109375 0.3567708333333333 0.482421875 0.2864583333333333
4 0.01953125 0.24348958333333334 0.03515625 0.046875
4 0.54296875 0.287109375 0.072265625 0.14713541666666666
0 0.54296875 0.287109375 0.072265625 0.14713541666666666
4 0.529296875 0.24348958333333334 0.03515625 0.046875
2 0.54296875 0.4173177083333333 0.072265625 0.08203125
0 0.54296875 0.41796875 0.072265625 0.08333333333333333
2 0.78955078125 0.1015625 0.4208984375 0.15625
7 0.78955078125 0.24739583333333334 0.4208984375 0.0703125
7 0.619140625 0.455078125 0.0234375 0.032552083333333336
0 0.6240234375 0.4778645833333333 0.044921875 0.020833333333333332
7 0.931640625 0.455078125 0.0234375 0.032552083333333336
0 0.9365234375 0.4778645833333333 0.044921875 0.020833333333333332
7 0.24462890625 0.50390625 0.0791015625 0.0078125
0 0.25048828125 0.5071614583333334 0.0908203125 0.014322916666666666
7 0.3486328125 0.5045572916666666 0.068359375 0.009114583333333334
6 0.43408203125 0.5084635416666666 0.0654296875 0.016927083333333332
6 0.50048828125 0.5084635416666666 0.0302734375 0.016927083333333332
0 0.0087890625 0.537109375 0.017578125 0.03515625
0 0.04638671875 0.537109375 0.0556640625 0.03515625
0 0.095703125 0.537109375 0.041015625 0.03515625
0 0.1484375 0.537109375 0.0625 0.03515625
0 0.2177734375 0.537109375 0.07421875 0.03515625
0 0.29248046875 0.537109375 0.0732421875 0.03515625
0 0.353515625 0.537109375 0.046875 0.03515625
0 0.412109375 0.537109375 0.068359375 0.03515625
0 0.47998046875 0.537109375 0.0654296875 0.03515625
0 0.54638671875 0.537109375 0.0654296875 0.03515625
4 0.0615234375 0.6028645833333334 0.01171875 0.013020833333333334
0 0.09814453125 0.6028645833333334 0.1064453125 0.03125
7 0.10400390625 0.6048177083333334 0.0732421875 0.016927083333333332
0 0.22021484375 0.6028645833333334 0.1240234375 0.03125
0 0.35986328125 0.6028645833333334 0.1416015625 0.03125
0 0.5048828125 0.6028645833333334 0.134765625 0.03125
0 0.1201171875 0.6438802083333334 0.150390625 0.029947916666666668
0 0.26318359375 0.6438802083333334 0.1220703125 0.029947916666666668
0 0.38134765625 0.6438802083333334 0.1005859375 0.029947916666666668
0 0.50634765625 0.6438802083333334 0.1357421875 0.029947916666666668
3 0.2919921875 0.7682291666666666 0.57421875 0.1171875
7 0.28955078125 0.8385416666666666 0.5791015625 0.0234375
4 0.322265625 0.9453125 0.37109375 0.109375
0 0.322265625 0.9453125 0.37109375 0.109375
7 0.53564453125 0.9010416666666666 0.0185546875 0.020833333333333332
7 0.568359375 0.9010416666666666 0.021484375 0.020833333333333332
7 0.78955078125 0.5598958333333334 0.4208984375 0.036458333333333336
7 0.68994140625 0.6302083333333334 0.0166015625 0.020833333333333332
0 0.7275390625 0.6302083333333334 0.123046875 0.0625
7 0.7392578125 0.6302083333333334 0.068359375 0.026041666666666668
7 0.81982421875 0.6302083333333334 0.0166015625 0.020833333333333332
0 0.88720703125 0.6302083333333334 0.1826171875 0.0625
7 0.89892578125 0.6302083333333334 0.1279296875 0.026041666666666668
7 0.6865234375 0.7083333333333334 0.015625 0.020833333333333332
0 0.72265625 0.7083333333333334 0.119140625 0.0625
7 0.734375 0.7083333333333334 0.064453125 0.026041666666666668
7 0.8134765625 0.7083333333333334 0.015625 0.020833333333333332
0 0.83740234375 0.7083333333333334 0.0947265625 0.0625
7 0.84912109375 0.7083333333333334 0.0400390625 0.026041666666666668
7 0.916015625 0.7083333333333334 0.015625 0.020833333333333332
0 0.9462890625 0.7083333333333334 0.107421875 0.0625
7 0.9658203125 0.7083333333333334 0.068359375 0.026041666666666668
7 0.9140625 0.8313802083333334 0.171875 0.024739583333333332
7 0.94189453125 0.869140625 0.1162109375 0.024739583333333332
6 0.5888671875 0.9381510416666666 0.01953125 0.022135416666666668
6 0.64990234375 0.9381510416666666 0.0771484375 0.022135416666666668
6 0.734375 0.9381510416666666 0.06640625 0.022135416666666668
6 0.8330078125 0.9381510416666666 0.10546875 0.022135416666666668
6 0.92041015625 0.9381510416666666 0.0439453125 0.022135416666666668
6 0.9775390625 0.9381510416666666 0.044921875 0.022135416666666668
7 0.607421875 0.9921875 0.056640625 0.015625
6 0.73486328125 0.9934895833333334 0.1982421875 0.013020833333333334
6 0.88623046875 0.9934895833333334 0.0791015625 0.013020833333333334
0 0.96923828125 0.9921875 0.0615234375 0.015625