4 0.16650390625 0.18489583333333334 0.3330078125 0.3645833333333333
0 0.16650390625 0.18489583333333334 0.3330078125 0.3645833333333333
7 0.306640625 0.3743489583333333 0.052734375 0.014322916666666666
2 0.08447265625 0.4010416666666667 0.1689453125 0.036458333333333336
0 0.16650390625 0.4016927083333333 0.3330078125 0.037760416666666664
0 0.16650390625 0.4700520833333333 0.3330078125 0.07552083333333333
4 0.41845703125 0.076171875 0.1220703125 0.14713541666666666
0 0.41845703125 0.076171875 0.1220703125 0.14713541666666666
4 0.3798828125 0.032552083333333336 0.03515625 0.046875
2 0.41845703125 0.20638020833333334 0.1220703125 0.08203125
0 0.41845703125 0.20703125 0.1220703125 0.08333333333333333
4 0.41845703125 0.349609375 0.1220703125 0.14713541666666666
0 0.41845703125 0.349609375 0.1220703125 0.14713541666666666
4 0.3798828125 0.306640625 0.03515625 0.048177083333333336
2 0.41845703125 0.466796875 0.1220703125 0.053385416666666664
0 0.41845703125 0.4674479166666667 0.1220703125 0.0546875
7 0.3427734375 0.5755208333333334 0.2734375 0.046875
7 0.09765625 0.5768229166666666 0.1953125 0.044270833333333336
2 0.61572265625 0.072265625 0.2724609375 0.04296875
2 0.5595703125 0.119140625 0.16015625 0.04296875
7 0.53857421875 0.22981770833333334 0.1181640625 0.024739583333333332
0 0.54736328125 0.22981770833333334 0.1357421875 0.06901041666666667
4 0.73974609375 0.447265625 0.5205078125 0.3033854166666667
3 0.0712890625 0.77734375 0.142578125 0.3567708333333333
1 0.5986328125 0.63671875 0.23828125 0.059895833333333336
7 0.5146484375 0.703125 0.0703125 0.0234375
0 0.5283203125 0.703125 0.09765625 0.0390625
7 0.96728515625 0.6360677083333334 0.0654296875 0.032552083333333336
0 0.896484375 0.6360677083333334 0.20703125 0.05859375
7 0.88232421875 0.7037760416666666 0.0712890625 0.024739583333333332
0 0.87646484375 0.7037760416666666 0.1083984375 0.040364583333333336
7 0.98388671875 0.7037760416666666 0.0322265625 0.024739583333333332
0 0.96875 0.7037760416666666 0.0625 0.040364583333333336
7 0.73974609375 0.8873697916666666 0.5205078125 0.07682291666666667
7 0.50830078125 0.96484375 0.0576171875 0.026041666666666668