2 0.1796875 0.09765625 0.359375 0.057291666666666664
2 0.1796875 0.15690104166666666 0.359375 0.037760416666666664
7 0.0244140625 0.419921875 0.048828125 0.029947916666666668
0 0.03125 0.419921875 0.0625 0.037760416666666664
7 0.12744140625 0.419921875 0.0908203125 0.029947916666666668
0 0.13427734375 0.419921875 0.1044921875 0.037760416666666664
1 0.2548828125 0.4244791666666667 0.08203125 0.028645833333333332
7 0.306640625 0.4231770833333333 0.00390625 0.041666666666666664
4 0.34521484375 0.4231770833333333 0.0126953125 0.018229166666666668
0 0.34130859375 0.4231770833333333 0.0361328125 0.036458333333333336
2 0.52587890625 0.052734375 0.3330078125 0.10546875
0 0.52587890625 0.08919270833333333 0.3330078125 0.024739583333333332
4 0.52587890625 0.24739583333333334 0.3330078125 0.2578125
0 0.52587890625 0.24739583333333334 0.3330078125 0.2578125
2 0.52294921875 0.43359375 0.3271484375 0.10416666666666667
0 0.52587890625 0.4342447916666667 0.3330078125 0.10026041666666667
2 0.51904296875 0.52734375 0.3193359375 0.052083333333333336
0 0.52587890625 0.5279947916666666 0.3330078125 0.05078125
2 0.38427734375 0.5748697916666666 0.0498046875 0.009114583333333334
0 0.52587890625 0.5755208333333334 0.3330078125 0.0078125
2 0.546875 0.5748697916666666 0.275390625 0.009114583333333334
7 0.85546875 0.06640625 0.2890625 0.1328125
4 0.85546875 0.06380208333333333 0.2890625 0.12760416666666666
0 0.85546875 0.12109375 0.2890625 0.026041666666666668
2 0.8369140625 0.17252604166666666 0.251953125 0.06901041666666667
0 0.85546875 0.17252604166666666 0.2890625 0.06380208333333333
7 0.71630859375 0.22265625 0.0107421875 0.026041666666666668
0 0.85546875 0.23502604166666666 0.2890625 0.05078125
6 0.7744140625 0.22265625 0.107421875 0.026041666666666668
7 0.85546875 0.23502604166666666 0.2890625 0.05078125
7 0.71630859375 0.2721354166666667 0.0107421875 0.026041666666666668
0 0.84130859375 0.2721354166666667 0.2607421875 0.026041666666666668
6 0.751953125 0.2721354166666667 0.0625 0.026041666666666668
7 0.876953125 0.2721354166666667 0.189453125 0.026041666666666668
4 0.85546875 0.42578125 0.2890625 0.2265625
0 0.85546875 0.42578125 0.2890625 0.2265625
2 0.85546875 0.5618489583333334 0.2890625 0.03515625
0 0.85546875 0.5631510416666666 0.2890625 0.032552083333333336
3 0.6796875 0.2897135416666667 0.640625 0.5794270833333334
3 0.6796875 0.2897135416666667 0.640625 0.5794270833333334
7 0.30908203125 0.587890625 0.1005859375 0.016927083333333332
7 0.1796875 0.6829427083333334 0.359375 0.20703125
4 0.1279296875 0.6666666666666666 0.255859375 0.1171875
0 0.1240234375 0.6536458333333334 0.248046875 0.1484375
0 0.01416015625 0.7552083333333334 0.0283203125 0.059895833333333336
0 0.0908203125 0.7552083333333334 0.06640625 0.059895833333333336
0 0.20458984375 0.7552083333333334 0.1025390625 0.059895833333333336
0 0.3193359375 0.7552083333333334 0.068359375 0.059895833333333336
4 0.1796875 0.9440104166666666 0.359375 0.11197916666666667
0 0.1796875 0.9440104166666666 0.359375 0.11197916666666667
4 0.6796875 0.828125 0.640625 0.34375
4 0.6796875 0.7897135416666666 0.640625 0.4205729166666667
2 0.658203125 0.8522135416666666 0.453125 0.23567708333333334
4 0.6796875 0.7897135416666666 0.640625 0.4205729166666667