2 0.23974609375 0.016927083333333332 0.4794921875 0.033854166666666664
2 0.23974609375 0.064453125 0.4794921875 0.037760416666666664
7 0.08251953125 0.3274739583333333 0.0771484375 0.029947916666666668
0 0.08935546875 0.3274739583333333 0.0908203125 0.037760416666666664
7 0.23779296875 0.3274739583333333 0.1669921875 0.029947916666666668
0 0.24462890625 0.3274739583333333 0.1806640625 0.037760416666666664
7 0.39990234375 0.3274739583333333 0.0908203125 0.029947916666666668
0 0.40673828125 0.3274739583333333 0.1044921875 0.037760416666666664
4 0.1806640625 0.5481770833333334 0.287109375 0.16145833333333334
4 0.416015625 0.5481770833333334 0.126953125 0.16145833333333334
4 0.69091796875 0.15494791666666666 0.0205078125 0.026041666666666668
4 0.7197265625 0.15494791666666666 0.01953125 0.026041666666666668
4 0.74853515625 0.15494791666666666 0.0205078125 0.026041666666666668
2 0.6875 0.22721354166666666 0.416015625 0.06640625
2 0.94677734375 0.22721354166666666 0.1064453125 0.06640625
7 0.73974609375 0.2923177083333333 0.5205078125 0.03515625
7 0.73974609375 0.337890625 0.5205078125 0.03515625
7 0.68408203125 0.412109375 0.1435546875 0.032552083333333336
6 0.79052734375 0.412109375 0.0712890625 0.032552083333333336
7 0.64501953125 0.4537760416666667 0.0595703125 0.032552083333333336
7 0.74951171875 0.4557291666666667 0.1513671875 0.0234375
2 0.05029296875 0.724609375 0.1005859375 0.048177083333333336
7 0.0849609375 0.7858072916666666 0.169921875 0.07942708333333333
7 0.35400390625 0.6796875 0.2509765625 0.09114583333333333
7 0.248046875 0.7493489583333334 0.0390625 0.03515625
7 0.29296875 0.7493489583333334 0.05078125 0.03515625
7 0.34521484375 0.7493489583333334 0.0576171875 0.03515625
7 0.38525390625 0.7493489583333334 0.0224609375 0.03515625
7 0.40478515625 0.7493489583333334 0.0205078125 0.03515625
7 0.42724609375 0.7493489583333334 0.0263671875 0.03515625
7 0.4599609375 0.7493489583333334 0.0390625 0.03515625
7 0.2978515625 0.892578125 0.138671875 0.022135416666666668
0 0.35400390625 0.8932291666666666 0.2509765625 0.0234375
7 0.41845703125 0.892578125 0.1025390625 0.022135416666666668
7 0.73974609375 0.767578125 0.5205078125 0.27734375
0 0.73974609375 0.767578125 0.5205078125 0.27734375
7 0.61328125 0.6959635416666666 0.2265625 0.040364583333333336
2 0.73974609375 0.7884114583333334 0.5205078125 0.10546875
0 0.958984375 0.9407552083333334 0.08203125 0.040364583333333336