4 0.1396484375 0.11393229166666667 0.279296875 0.22786458333333334
0 0.1396484375 0.11393229166666667 0.279296875 0.22786458333333334
2 0.13623046875 0.22395833333333334 0.2724609375 0.052083333333333336
2 0.05078125 0.3216145833333333 0.1015625 0.03125
4 0.04833984375 0.404296875 0.0966796875 0.10286458333333333
0 0.04833984375 0.404296875 0.0966796875 0.10286458333333333
2 0.1953125 0.40234375 0.16796875 0.044270833333333336
2 0.5458984375 0.10546875 0.48828125 0.036458333333333336
7 0.5458984375 0.17317708333333334 0.48828125 0.057291666666666664
0 0.453125 0.24869791666666666 0.138671875 0.052083333333333336
7 0.56689453125 0.24934895833333334 0.0244140625 0.032552083333333336
0 0.62646484375 0.25 0.1630859375 0.052083333333333336
7 0.6396484375 0.24934895833333334 0.103515625 0.048177083333333336
0 0.0634765625 0.474609375 0.0859375 0.01171875
0 0.14990234375 0.474609375 0.0888671875 0.01171875
0 0.236328125 0.474609375 0.0859375 0.01171875
6 0.10546875 0.5390625 0.2109375 0.08072916666666667
6 0.1201171875 0.6458333333333334 0.240234375 0.08072916666666667
6 0.10986328125 0.7526041666666666 0.2197265625 0.08072916666666667
6 0.11669921875 0.873046875 0.2333984375 0.10807291666666667
7 0.00537109375 0.9134114583333334 0.0107421875 0.022135416666666668
6 0.11962890625 0.9765625 0.2392578125 0.046875
7 0.2001953125 0.9908854166666666 0.04296875 0.018229166666666668
4 0.5224609375 0.494140625 0.42578125 0.05078125
0 0.5224609375 0.494140625 0.42578125 0.05078125
2 0.5224609375 0.5598958333333334 0.39453125 0.041666666666666664
0 0.5224609375 0.5598958333333334 0.39453125 0.041666666666666664
7 0.5185546875 0.6119791666666666 0.38671875 0.049479166666666664
6 0.583984375 0.6256510416666666 0.04296875 0.024739583333333332
4 0.5224609375 0.8404947916666666 0.39453125 0.3190104166666667
0 0.5224609375 0.8404947916666666 0.39453125 0.3190104166666667
6 0.88525390625 0.4759114583333333 0.2294921875 0.014322916666666666
6 0.88525390625 0.5084635416666666 0.2294921875 0.01953125
6 0.86572265625 0.5436197916666666 0.1904296875 0.01953125
6 0.88427734375 0.5787760416666666 0.2275390625 0.01953125
6 0.88525390625 0.6139322916666666 0.2294921875 0.01953125
6 0.88525390625 0.6490885416666666 0.2294921875 0.01953125
7 0.8828125 0.6920572916666666 0.234375 0.024739583333333332
6 0.88525390625 0.7350260416666666 0.2294921875 0.01953125
6 0.88525390625 0.7701822916666666 0.2294921875 0.01953125
6 0.88330078125 0.8053385416666666 0.2255859375 0.01953125
4 0.8828125 0.9388020833333334 0.234375 0.12239583333333333
0 0.8828125 0.9388020833333334 0.234375 0.12239583333333333
7 0.4892578125 0.9921875 0.419921875 0.015625
0 0.7919921875 0.9921875 0.123046875 0.015625
0 0.935546875 0.9915364583333334 0.12890625 0.016927083333333332