4 0.05322265625 0.18294270833333334 0.1064453125 0.2721354166666667
0 0.05322265625 0.18294270833333334 0.1064453125 0.2721354166666667
2 0.03369140625 0.3151041666666667 0.0673828125 0.052083333333333336
2 0.041015625 0.4934895833333333 0.08203125 0.044270833333333336
4 0.22998046875 0.220703125 0.1982421875 0.44140625
0 0.22998046875 0.220703125 0.1982421875 0.44140625
2 0.24169921875 0.3977864583333333 0.1748046875 0.06380208333333333
4 0.22998046875 0.5384114583333334 0.1982421875 0.14192708333333334
0 0.22998046875 0.5384114583333334 0.1982421875 0.14192708333333334
2 0.513671875 0.330078125 0.369140625 0.08984375
2 0.62841796875 0.5755208333333334 0.5986328125 0.0390625
4 0.15234375 0.845703125 0.3046875 0.30859375
7 0.52880859375 0.6861979166666666 0.3330078125 0.033854166666666664
6 0.8212890625 0.6861979166666666 0.251953125 0.033854166666666664
7 0.94970703125 0.6861979166666666 0.0048828125 0.033854166666666664
2 0.66455078125 0.7682291666666666 0.6708984375 0.059895833333333336
7 0.525390625 0.8470052083333334 0.134765625 0.05078125
0 0.52490234375 0.86328125 0.2373046875 0.10677083333333333
6 0.52490234375 0.892578125 0.2021484375 0.032552083333333336
6 0.4541015625 0.9420572916666666 0.103515625 0.024739583333333332
6 0.55126953125 0.9420572916666666 0.0634765625 0.024739583333333332
6 0.6220703125 0.9420572916666666 0.05078125 0.024739583333333332
7 0.78955078125 0.8470052083333334 0.1708984375 0.05078125
0 0.78955078125 0.86328125 0.2373046875 0.10677083333333333
6 0.78955078125 0.892578125 0.2021484375 0.032552083333333336
6 0.71826171875 0.9420572916666666 0.1025390625 0.024739583333333332
6 0.81494140625 0.9420572916666666 0.0634765625 0.024739583333333332
6 0.88623046875 0.9420572916666666 0.0517578125 0.024739583333333332
7 0.5146484375 0.9934895833333334 0.171875 0.013020833333333334
6 0.7431640625 0.9934895833333334 0.28515625 0.013020833333333334