4 0.3154296875 0.026692708333333332 0.212890625 0.032552083333333336
0 0.3154296875 0.026041666666666668 0.212890625 0.03125
2 0.2197265625 0.22135416666666666 0.439453125 0.07291666666666667
7 0.24169921875 0.3326822916666667 0.3955078125 0.032552083333333336
7 0.283203125 0.3795572916666667 0.3125 0.032552083333333336
1 0.2236328125 0.494140625 0.412109375 0.05078125
7 0.55224609375 0.021484375 0.2255859375 0.04296875
6 0.47509765625 0.07747395833333333 0.0712890625 0.022135416666666668
7 0.5888671875 0.15234375 0.298828125 0.08854166666666667
6 0.5185546875 0.23111979166666666 0.158203125 0.022135416666666668
7 0.5732421875 0.2838541666666667 0.267578125 0.044270833333333336
6 0.5751953125 0.294921875 0.060546875 0.022135416666666668
7 0.57470703125 0.3059895833333333 0.2705078125 0.044270833333333336
6 0.4814453125 0.3626302083333333 0.083984375 0.022135416666666668
7 0.58349609375 0.4264322916666667 0.2880859375 0.06640625
6 0.54931640625 0.4485677083333333 0.1748046875 0.022135416666666668
7 0.63916015625 0.4485677083333333 0.0048828125 0.022135416666666668
6 0.4638671875 0.494140625 0.048828125 0.022135416666666668
7 0.904296875 0.012369791666666666 0.19140625 0.022135416666666668
7 0.873046875 0.034505208333333336 0.12890625 0.022135416666666668
7 0.908203125 0.059244791666666664 0.18359375 0.01953125
7 0.87744140625 0.07877604166666667 0.1376953125 0.022135416666666668
7 0.908203125 0.103515625 0.18359375 0.01953125
7 0.904296875 0.123046875 0.19140625 0.022135416666666668
7 0.873046875 0.14518229166666666 0.12890625 0.022135416666666668
7 0.908203125 0.169921875 0.18359375 0.01953125
7 0.87744140625 0.189453125 0.1376953125 0.022135416666666668
7 0.908203125 0.21419270833333334 0.18359375 0.01953125
7 0.904296875 0.23372395833333334 0.19140625 0.022135416666666668
7 0.904296875 0.24479166666666666 0.19140625 0.044270833333333336
7 0.91162109375 0.2805989583333333 0.1767578125 0.01953125
6 0.904296875 0.3235677083333333 0.19140625 0.022135416666666668
7 0.8427734375 0.3444010416666667 0.068359375 0.01953125
7 0.904296875 0.4095052083333333 0.19140625 0.11067708333333333
6 0.904296875 0.50390625 0.19140625 0.03125
6 0.03173828125 0.5826822916666666 0.0634765625 0.02734375
6 0.13134765625 0.5826822916666666 0.0888671875 0.02734375
6 0.25048828125 0.5826822916666666 0.1025390625 0.02734375
6 0.36474609375 0.5826822916666666 0.0791015625 0.02734375
7 0.2197265625 0.8118489583333334 0.439453125 0.3763020833333333
6 0.5556640625 0.5358072916666666 0.212890625 0.022135416666666668
6 0.802734375 0.5358072916666666 0.212890625 0.022135416666666668
2 0.68212890625 0.6328125 0.4853515625 0.041666666666666664
0 0.5078125 0.7044270833333334 0.115234375 0.052083333333333336
0 0.61669921875 0.7044270833333334 0.0888671875 0.052083333333333336
0 0.71240234375 0.7044270833333334 0.0888671875 0.052083333333333336
0 0.80810546875 0.7044270833333334 0.0888671875 0.052083333333333336
0 0.89599609375 0.7044270833333334 0.0732421875 0.052083333333333336
0 0.9697265625 0.7044270833333334 0.060546875 0.052083333333333336
0 0.9130859375 0.705078125 0.0234375 0.06380208333333333
0 0.49365234375 0.83203125 0.1083984375 0.11458333333333333
6 0.48388671875 0.7994791666666666 0.0888671875 0.044270833333333336
6 0.48974609375 0.8372395833333334 0.1005859375 0.0234375
7 0.45849609375 0.8756510416666666 0.0380859375 0.01953125
4 0.6025390625 0.8268229166666666 0.078125 0.10416666666666667
0 0.744140625 0.8268229166666666 0.361328125 0.10416666666666667
6 0.71875 0.7942708333333334 0.130859375 0.020833333333333332
6 0.7958984375 0.7942708333333334 0.015625 0.0234375
6 0.78515625 0.8203125 0.263671875 0.0234375
7 0.697265625 0.859375 0.087890625 0.026041666666666668
7 0.759765625 0.859375 0.015625 0.026041666666666668
7 0.8203125 0.8587239583333334 0.046875 0.01953125
0 0.49365234375 0.9641927083333334 0.1083984375 0.07161458333333333
6 0.46728515625 0.9479166666666666 0.0556640625 0.020833333333333332
6 0.50830078125 0.9479166666666666 0.0185546875 0.0234375
6 0.48974609375 0.9739583333333334 0.1005859375 0.0234375
4 0.6025390625 0.9641927083333334 0.078125 0.07161458333333333
0 0.744140625 0.9641927083333334 0.361328125 0.07161458333333333
6 0.705078125 0.9479166666666666 0.103515625 0.020833333333333332
6 0.7685546875 0.9479166666666666 0.015625 0.0234375
6 0.7275390625 0.9739583333333334 0.1484375 0.0234375
0 0.98583984375 0.6861979166666666 0.0283203125 0.0234375
6 0.98583984375 0.7825520833333334 0.0283203125 0.020833333333333332
7 0.98583984375 0.8828125 0.0283203125 0.020833333333333332
7 0.98583984375 0.9596354166666666 0.0283203125 0.020833333333333332
6 0.98583984375 0.9830729166666666 0.0283203125 0.020833333333333332