7 0.0673828125 0.20572916666666666 0.10546875 0.020833333333333332
7 0.123046875 0.20572916666666666 0.0078125 0.020833333333333332
7 0.16748046875 0.20572916666666666 0.0830078125 0.020833333333333332
6 0.21533203125 0.20572916666666666 0.0087890625 0.0234375
4 0.16455078125 0.4407552083333333 0.3291015625 0.3763020833333333
4 0.333984375 0.055338541666666664 0.009765625 0.016927083333333332
6 0.93115234375 0.0546875 0.0771484375 0.0234375
4 0.66455078125 0.3157552083333333 0.6708984375 0.6263020833333334
2 0.6416015625 0.3665364583333333 0.625 0.11328125
2 0.9619140625 0.3665364583333333 0.017578125 0.11328125
2 0.66455078125 0.4713541666666667 0.6708984375 0.041666666666666664
0 0.6123046875 0.5833333333333334 0.265625 0.06770833333333333
4 0.09619140625 0.7682291666666666 0.1923828125 0.2786458333333333
0 0.09619140625 0.7682291666666666 0.1923828125 0.2786458333333333
2 0.08203125 0.951171875 0.1640625 0.06380208333333333
6 0.2490234375 0.814453125 0.056640625 0.37109375
4 0.251953125 0.654296875 0.0625 0.05078125
0 0.251953125 0.654296875 0.0625 0.05078125
4 0.251953125 0.748046875 0.0625 0.08203125
0 0.251953125 0.748046875 0.0625 0.08203125
6 0.31298828125 0.748046875 0.0322265625 0.08463541666666667
4 0.251953125 0.8899739583333334 0.0625 0.08203125
0 0.251953125 0.8899739583333334 0.0625 0.08203125
6 0.31298828125 0.9036458333333334 0.0322265625 0.11197916666666667
2 0.66845703125 0.69140625 0.6630859375 0.033854166666666664
7 0.6259765625 0.7317708333333334 0.07421875 0.026041666666666668
6 0.7275390625 0.7317708333333334 0.076171875 0.026041666666666668
7 0.81201171875 0.7317708333333334 0.0771484375 0.026041666666666668
7 0.900390625 0.7317708333333334 0.046875 0.026041666666666668
7 0.9658203125 0.7317708333333334 0.068359375 0.026041666666666668
1 0.77587890625 0.826171875 0.4482421875 0.061197916666666664