2 0.068359375 0.158203125 0.13671875 0.11588541666666667
7 0.0439453125 0.318359375 0.087890625 0.14453125
4 0.31982421875 0.23958333333333334 0.6396484375 0.4791666666666667
7 0.77294921875 0.020833333333333332 0.0712890625 0.018229166666666668
1 0.85986328125 0.059244791666666664 0.2431640625 0.037760416666666664
7 0.77001953125 0.10286458333333333 0.0654296875 0.018229166666666668
1 0.85986328125 0.14127604166666666 0.2431640625 0.037760416666666664
4 0.74560546875 0.19010416666666666 0.0166015625 0.020833333333333332
7 0.80517578125 0.19075520833333334 0.0888671875 0.01953125
0 0.95166015625 0.19140625 0.0615234375 0.033854166666666664
0 0.95166015625 0.19270833333333334 0.0615234375 0.036458333333333336
0 0.77734375 0.24739583333333334 0.080078125 0.020833333333333332
0 0.951171875 0.24739583333333334 0.0625 0.020833333333333332
7 0.85888671875 0.3072916666666667 0.2822265625 0.046875
4 0.78857421875 0.34765625 0.1396484375 0.033854166666666664
4 0.9306640625 0.34765625 0.138671875 0.033854166666666664
7 0.103515625 0.7662760416666666 0.0625 0.05078125
7 0.03857421875 0.876953125 0.0771484375 0.12630208333333334
0 0.0673828125 0.9798177083333334 0.134765625 0.040364583333333336
4 0.28564453125 0.76953125 0.1767578125 0.049479166666666664
7 0.572265625 0.7662760416666666 0.0625 0.05078125
7 0.3642578125 0.876953125 0.36328125 0.12630208333333334
6 0.2421875 0.9869791666666666 0.08984375 0.026041666666666668
0 0.53466796875 0.9798177083333334 0.1376953125 0.040364583333333336
2 0.81982421875 0.6510416666666666 0.3603515625 0.2604166666666667
7 0.8330078125 0.9114583333333334 0.333984375 0.14583333333333334
7 0.984375 0.9700520833333334 0.03125 0.028645833333333332