4 0.3095703125 0.3196614583333333 0.619140625 0.6393229166666666
4 0.3095703125 0.3196614583333333 0.619140625 0.6393229166666666
2 0.27783203125 0.15885416666666666 0.5556640625 0.14322916666666666
2 0.27783203125 0.271484375 0.5556640625 0.040364583333333336
2 0.26220703125 0.435546875 0.5244140625 0.029947916666666668
1 0.1533203125 0.369140625 0.306640625 0.07942708333333333
7 0.44970703125 0.369140625 0.2373046875 0.040364583333333336
0 0.46240234375 0.369140625 0.3134765625 0.07942708333333333
4 0.58740234375 0.3697916666666667 0.0166015625 0.026041666666666668
4 0.451171875 0.7018229166666666 0.3359375 0.033854166666666664
4 0.62744140625 0.016927083333333332 0.0166015625 0.03125
7 0.68359375 0.08658854166666667 0.12890625 0.03515625
2 0.85693359375 0.4244791666666667 0.2861328125 0.2604166666666667
7 0.873046875 0.6653645833333334 0.25390625 0.10677083333333333
0 0.08642578125 0.751953125 0.1357421875 0.048177083333333336
0 0.1982421875 0.751953125 0.087890625 0.048177083333333336
0 0.28076171875 0.751953125 0.0771484375 0.048177083333333336
0 0.3623046875 0.751953125 0.0859375 0.048177083333333336
0 0.4521484375 0.751953125 0.09375 0.048177083333333336
0 0.52978515625 0.751953125 0.0615234375 0.048177083333333336
4 0.57470703125 0.7506510416666666 0.0146484375 0.01953125
0 0.57666015625 0.751953125 0.0322265625 0.048177083333333336
4 0.60498046875 0.7662760416666666 0.0107421875 0.032552083333333336
4 0.3095703125 0.8450520833333334 0.619140625 0.12239583333333333
0 0.3095703125 0.8450520833333334 0.619140625 0.12239583333333333
2 0.3095703125 0.822265625 0.619140625 0.024739583333333332
7 0.23876953125 0.8567708333333334 0.4775390625 0.0234375
7 0.5146484375 0.8567708333333334 0.07421875 0.0234375
4 0.3095703125 0.962890625 0.619140625 0.07421875
0 0.3095703125 0.962890625 0.619140625 0.07421875
7 0.64599609375 0.7643229166666666 0.0537109375 0.03125
0 0.66162109375 0.7649739583333334 0.0849609375 0.08463541666666667
7 0.63720703125 0.8450520833333334 0.0361328125 0.026041666666666668
4 0.630859375 0.9485677083333334 0.0234375 0.04296875
4 0.74072265625 0.984375 0.0322265625 0.03125
4 0.75048828125 0.7337239583333334 0.0322265625 0.029947916666666668
4 0.78759765625 0.7623697916666666 0.0322265625 0.04296875
4 0.68310546875 0.994140625 0.0322265625 0.01171875
4 0.77294921875 0.7493489583333334 0.2119140625 0.061197916666666664
4 0.80615234375 0.931640625 0.0322265625 0.04296875
4 0.64501953125 0.8365885416666666 0.0517578125 0.06380208333333333
4 0.8095703125 0.859375 0.380859375 0.28125