4 0.08984375 0.20442708333333334 0.1796875 0.4088541666666667
4 0.08984375 0.20442708333333334 0.1796875 0.4088541666666667
2 0.08984375 0.24869791666666666 0.1796875 0.14322916666666666
2 0.08984375 0.361328125 0.1796875 0.040364583333333336
4 0.58984375 0.119140625 0.8203125 0.23828125
4 0.58984375 0.119140625 0.8203125 0.23828125
4 0.65673828125 0.12434895833333333 0.6357421875 0.24869791666666666
0 0.6572265625 0.013671875 0.17578125 0.02734375
4 0.32421875 0.291015625 0.046875 0.05859375
0 0.33544921875 0.306640625 0.3115234375 0.13671875
7 0.33544921875 0.34765625 0.3115234375 0.018229166666666668
4 0.6572265625 0.291015625 0.064453125 0.05859375
0 0.6572265625 0.306640625 0.333984375 0.13671875
7 0.6572265625 0.34765625 0.333984375 0.018229166666666668
4 0.98779296875 0.291015625 0.0244140625 0.05859375
0 0.91162109375 0.306640625 0.1767578125 0.13671875
7 0.91162109375 0.34765625 0.1767578125 0.018229166666666668
0 0.33544921875 0.3919270833333333 0.3115234375 0.033854166666666664
0 0.6572265625 0.3919270833333333 0.333984375 0.033854166666666664
0 0.18798828125 0.034505208333333336 0.0166015625 0.053385416666666664
0 0.18798828125 0.16276041666666666 0.0166015625 0.15104166666666666
0 0.18798828125 0.291015625 0.0166015625 0.053385416666666664
0 0.18798828125 0.3704427083333333 0.0166015625 0.053385416666666664
4 0.08984375 0.7044270833333334 0.1796875 0.5911458333333334
2 0.58984375 0.7044270833333334 0.8203125 0.5911458333333334
2 0.58984375 0.7044270833333334 0.8203125 0.5911458333333334
2 0.58984375 0.4225260416666667 0.8203125 0.02734375
7 0.515625 0.5091145833333334 0.671875 0.06770833333333333
0 0.5009765625 0.634765625 0.208984375 0.06640625
4 0.53955078125 0.912109375 0.4541015625 0.17578125
4 0.9140625 0.9661458333333334 0.09375 0.06770833333333333