6 0.05908203125 0.020182291666666668 0.1181640625 0.02734375
6 0.1572265625 0.020182291666666668 0.05859375 0.02734375
6 0.224609375 0.020182291666666668 0.056640625 0.02734375
6 0.28173828125 0.020182291666666668 0.0380859375 0.02734375
6 0.35498046875 0.020182291666666668 0.0888671875 0.02734375
6 0.44140625 0.020182291666666668 0.064453125 0.02734375
4 0.23974609375 0.234375 0.4794921875 0.2890625
7 0.73974609375 0.08072916666666667 0.5205078125 0.0625
7 0.73974609375 0.1484375 0.5205078125 0.03125
2 0.73974609375 0.24739583333333334 0.5205078125 0.041666666666666664
7 0.73974609375 0.330078125 0.5205078125 0.055989583333333336
7 0.73974609375 0.35546875 0.5205078125 0.046875
7 0.5634765625 0.3717447916666667 0.16796875 0.014322916666666666
4 0.23974609375 0.6809895833333334 0.4794921875 0.5859375
2 0.2744140625 0.6139322916666666 0.41015625 0.19921875
7 0.2744140625 0.783203125 0.41015625 0.10286458333333333
2 0.73974609375 0.4772135416666667 0.5205078125 0.05859375
6 0.5009765625 0.5872395833333334 0.04296875 0.03125
7 0.52685546875 0.58984375 0.0087890625 0.020833333333333332
6 0.56298828125 0.5872395833333334 0.0634765625 0.03125
7 0.48779296875 0.63671875 0.0087890625 0.020833333333333332
6 0.52734375 0.6341145833333334 0.0703125 0.03125
7 0.49462890625 0.68359375 0.0087890625 0.020833333333333332
6 0.53076171875 0.6809895833333334 0.0634765625 0.03125
6 0.48681640625 0.7747395833333334 0.0146484375 0.03125
7 0.49853515625 0.77734375 0.0087890625 0.020833333333333332
6 0.537109375 0.7747395833333334 0.068359375 0.03125
0 0.58056640625 0.89453125 0.2021484375 0.018229166666666668
0 0.58056640625 0.9388020833333334 0.2021484375 0.018229166666666668
0 0.58056640625 0.9830729166666666 0.2021484375 0.018229166666666668
0 0.85498046875 0.89453125 0.2900390625 0.018229166666666668
0 0.85498046875 0.9388020833333334 0.2900390625 0.018229166666666668
0 0.85498046875 0.9830729166666666 0.2900390625 0.018229166666666668