4 0.19775390625 0.13346354166666666 0.3955078125 0.2669270833333333
7 0.36962890625 0.1484375 0.1728515625 0.026041666666666668
2 0.38134765625 0.19466145833333334 0.1962890625 0.06380208333333333
6 0.32763671875 0.2506510416666667 0.0888671875 0.022135416666666668
7 0.390625 0.2506510416666667 0.037109375 0.022135416666666668
7 0.4443359375 0.2506510416666667 0.0703125 0.022135416666666668
4 0.05224609375 0.4166666666666667 0.1044921875 0.14583333333333334
4 0.26416015625 0.4166666666666667 0.2802734375 0.14583333333333334
4 0.4912109375 0.053385416666666664 0.015625 0.020833333333333332
0 0.5224609375 0.053385416666666664 0.0859375 0.078125
7 0.52392578125 0.053385416666666664 0.0419921875 0.078125
4 0.59326171875 0.053385416666666664 0.0185546875 0.020833333333333332
0 0.6328125 0.053385416666666664 0.1171875 0.0390625
7 0.646484375 0.053385416666666664 0.0703125 0.0234375
2 0.73974609375 0.22916666666666666 0.5205078125 0.09114583333333333
2 0.73974609375 0.3111979166666667 0.5205078125 0.046875
7 0.73974609375 0.40625 0.5205078125 0.14322916666666666
4 0.23974609375 0.6171875 0.4794921875 0.2552083333333333
1 0.38818359375 0.54296875 0.1826171875 0.06770833333333333
4 0.39013671875 0.6165364583333334 0.1787109375 0.029947916666666668
7 0.38232421875 0.66796875 0.0400390625 0.018229166666666668
0 0.369140625 0.66796875 0.16015625 0.0625
4 0.23974609375 0.9680989583333334 0.4794921875 0.06380208333333333
0 0.541015625 0.5416666666666666 0.123046875 0.018229166666666668
0 0.65771484375 0.5416666666666666 0.1123046875 0.018229166666666668
0 0.76171875 0.5416666666666666 0.09765625 0.018229166666666668
3 0.73974609375 0.6790364583333334 0.5205078125 0.17317708333333334
4 0.73974609375 0.890625 0.5205078125 0.21875
0 0.73974609375 0.890625 0.5205078125 0.21875