4 0.07177734375 0.18294270833333334 0.1435546875 0.13932291666666666
2 0.3232421875 0.16536458333333334 0.232421875 0.15625
2 0.3232421875 0.2819010416666667 0.232421875 0.05078125
7 0.3232421875 0.3470052083333333 0.232421875 0.02734375
7 0.3232421875 0.3873697916666667 0.232421875 0.02734375
7 0.3232421875 0.427734375 0.232421875 0.02734375
7 0.7197265625 0.033854166666666664 0.560546875 0.046875
6 0.75537109375 0.045572916666666664 0.0302734375 0.0234375
7 0.85302734375 0.045572916666666664 0.1650390625 0.0234375
2 0.04150390625 0.49609375 0.0830078125 0.018229166666666668
6 0.04052734375 0.6920572916666666 0.0810546875 0.016927083333333332
2 0.04150390625 0.734375 0.0830078125 0.018229166666666668
7 0.04150390625 0.802734375 0.0830078125 0.04296875
7 0.04150390625 0.8678385416666666 0.0830078125 0.022135416666666668
7 0.04150390625 0.966796875 0.0830078125 0.06380208333333333
6 0.1484375 0.498046875 0.08984375 0.016927083333333332
6 0.23388671875 0.5826822916666666 0.2607421875 0.10026041666666667
6 0.22021484375 0.6712239583333334 0.2333984375 0.037760416666666664
6 0.23193359375 0.7298177083333334 0.2568359375 0.037760416666666664
6 0.2275390625 0.7779947916666666 0.248046875 0.016927083333333332
6 0.2314453125 0.8352864583333334 0.255859375 0.05859375
6 0.3544921875 0.8841145833333334 0.0234375 0.015625
6 0.1328125 0.9290364583333334 0.05859375 0.016927083333333332
6 0.22412109375 0.9811197916666666 0.2412109375 0.037760416666666664
4 0.41552734375 0.8665364583333334 0.0478515625 0.2669270833333333
6 0.4814453125 0.4713541666666667 0.083984375 0.018229166666666668
6 0.59326171875 0.4713541666666667 0.1181640625 0.018229166666666668
6 0.6845703125 0.4713541666666667 0.04296875 0.018229166666666668
6 0.7470703125 0.4713541666666667 0.060546875 0.018229166666666668
6 0.80908203125 0.4713541666666667 0.0419921875 0.018229166666666668
6 0.90869140625 0.4713541666666667 0.1357421875 0.018229166666666668
6 0.99365234375 0.4713541666666667 0.0126953125 0.018229166666666668
6 0.80859375 0.5768229166666666 0.119140625 0.018229166666666668
7 0.7451171875 0.578125 0.232421875 0.028645833333333332
0 0.92822265625 0.578125 0.0966796875 0.06510416666666667
0 0.92822265625 0.5774739583333334 0.0966796875 0.02734375
4 0.49560546875 0.7473958333333334 0.1123046875 0.16666666666666666
7 0.48291015625 0.8170572916666666 0.0869140625 0.02734375
2 0.49560546875 0.880859375 0.1123046875 0.07942708333333333
7 0.49560546875 0.9348958333333334 0.1123046875 0.028645833333333332
4 0.794921875 0.83203125 0.41015625 0.3359375