3 0.25 0.29296875 0.5 0.033854166666666664
4 0.2373046875 0.06575520833333333 0.474609375 0.13151041666666666
2 0.23193359375 0.10026041666666667 0.4638671875 0.033854166666666664
2 0.25 0.17708333333333334 0.5 0.036458333333333336
4 0.072265625 0.26171875 0.14453125 0.09635416666666667
4 0.318359375 0.26171875 0.3125 0.09635416666666667
0 0.216796875 0.234375 0.09375 0.0234375
4 0.75 0.10872395833333333 0.5 0.21744791666666666
4 0.75 0.10026041666666667 0.5 0.125
0 0.53125 0.2591145833333333 0.0625 0.046875
7 0.5244140625 0.2591145833333333 0.048828125 0.020833333333333332
1 0.80712890625 0.2591145833333333 0.3857421875 0.046875
4 0.75 0.15494791666666666 0.5 0.3098958333333333
4 0.23681640625 0.474609375 0.4736328125 0.3294270833333333
2 0.25 0.8157552083333334 0.5 0.055989583333333336
7 0.23681640625 0.9348958333333334 0.4736328125 0.13020833333333334
7 0.59765625 0.3372395833333333 0.0703125 0.046875
0 0.58740234375 0.3391927083333333 0.1455078125 0.05859375
1 0.83056640625 0.3391927083333333 0.3388671875 0.05859375
2 0.7958984375 0.564453125 0.408203125 0.06901041666666667
2 0.7958984375 0.6477864583333334 0.408203125 0.07942708333333333
0 0.91796875 0.7493489583333334 0.1640625 0.06380208333333333
0 0.7958984375 0.8046875 0.408203125 0.049479166666666664
4 0.75 0.6549479166666666 0.5 0.6901041666666666