0 0.1240234375 0.169921875 0.248046875 0.33984375
2 0.119140625 0.16276041666666666 0.23828125 0.046875
6 0.119140625 0.23567708333333334 0.23828125 0.0859375
7 0.2822265625 0.026692708333333332 0.033203125 0.024739583333333332
4 0.337890625 0.16536458333333334 0.1640625 0.20052083333333334
0 0.337890625 0.20247395833333334 0.1640625 0.2747395833333333
2 0.3427734375 0.2727864583333333 0.154296875 0.02734375
6 0.3427734375 0.3157552083333333 0.154296875 0.048177083333333336
2 0.650390625 0.12174479166666667 0.140625 0.04296875
2 0.794921875 0.12174479166666667 0.150390625 0.04296875
7 0.68115234375 0.16080729166666666 0.2021484375 0.022135416666666668
7 0.59326171875 0.189453125 0.0263671875 0.022135416666666668
6 0.6669921875 0.189453125 0.12109375 0.022135416666666668
7 0.72900390625 0.189453125 0.0048828125 0.022135416666666668
7 0.97509765625 0.17513020833333334 0.0498046875 0.04296875
0 0.97509765625 0.173828125 0.0498046875 0.022135416666666668
7 0.9140625 0.17513020833333334 0.07421875 0.04296875
0 0.91357421875 0.173828125 0.0732421875 0.022135416666666668
7 0.76611328125 0.2981770833333333 0.3876953125 0.0234375
2 0.64501953125 0.3248697916666667 0.1455078125 0.029947916666666668
2 0.49853515625 0.169921875 0.1572265625 0.33984375
4 0.4716796875 0.055989583333333336 0.103515625 0.11197916666666667
6 0.46337890625 0.18033854166666666 0.0869140625 0.01953125
6 0.4306640625 0.205078125 0.021484375 0.01953125
6 0.4521484375 0.22981770833333334 0.064453125 0.01953125
6 0.4453125 0.2545572916666667 0.05078125 0.01953125
6 0.44580078125 0.279296875 0.0517578125 0.01953125
6 0.4345703125 0.3287760416666667 0.029296875 0.01953125
4 0.0537109375 0.3606770833333333 0.107421875 0.041666666666666664
4 0.1865234375 0.3606770833333333 0.126953125 0.041666666666666664
4 0.3291015625 0.3606770833333333 0.126953125 0.041666666666666664
4 0.201171875 0.630859375 0.40234375 0.4700520833333333
4 0.4111328125 0.630859375 0.017578125 0.4700520833333333
7 0.12890625 0.7662760416666666 0.201171875 0.037760416666666664
0 0.15234375 0.7838541666666666 0.3046875 0.11197916666666667
7 0.12890625 0.802734375 0.251953125 0.037760416666666664
4 0.3623046875 0.630859375 0.01953125 0.061197916666666664
7 0.1640625 0.9186197916666666 0.328125 0.05078125
7 0.16552734375 0.9609375 0.3310546875 0.036458333333333336
0 0.46142578125 0.37109375 0.0830078125 0.057291666666666664
7 0.45361328125 0.37109375 0.0673828125 0.026041666666666668
7 0.45361328125 0.4283854166666667 0.0673828125 0.026041666666666668
0 0.46142578125 0.4283854166666667 0.0830078125 0.057291666666666664
0 0.46142578125 0.4856770833333333 0.0830078125 0.057291666666666664
7 0.45361328125 0.4856770833333333 0.0673828125 0.026041666666666668
7 0.45361328125 0.54296875 0.0673828125 0.026041666666666668
0 0.46142578125 0.54296875 0.0830078125 0.057291666666666664
4 0.85595703125 0.3697916666666667 0.2880859375 0.059895833333333336
7 0.78271484375 0.45703125 0.4345703125 0.11458333333333333
7 0.78759765625 0.56640625 0.4248046875 0.059895833333333336
6 0.86572265625 0.7513020833333334 0.1552734375 0.020833333333333332