4 0.408203125 0.11458333333333333 0.36328125 0.22916666666666666
0 0.408203125 0.11458333333333333 0.36328125 0.22916666666666666
2 0.2490234375 0.2591145833333333 0.044921875 0.013020833333333334
2 0.408203125 0.3359375 0.36328125 0.125
2 0.02099609375 0.16276041666666666 0.0419921875 0.018229166666666668
7 0.0791015625 0.23111979166666666 0.158203125 0.029947916666666668
0 0.0302734375 0.28125 0.060546875 0.026041666666666668
7 0.0673828125 0.38671875 0.134765625 0.06510416666666667
7 0.6162109375 0.036458333333333336 0.052734375 0.020833333333333332
4 0.65087890625 0.038411458333333336 0.0068359375 0.006510416666666667
7 0.70654296875 0.036458333333333336 0.0654296875 0.020833333333333332
4 0.74755859375 0.038411458333333336 0.0068359375 0.006510416666666667
7 0.79248046875 0.036458333333333336 0.0439453125 0.020833333333333332
4 0.82275390625 0.038411458333333336 0.0068359375 0.006510416666666667
7 0.658203125 0.140625 0.13671875 0.026041666666666668
2 0.794921875 0.2526041666666667 0.41015625 0.057291666666666664
7 0.794921875 0.34375 0.41015625 0.09375
7 0.23681640625 0.4622395833333333 0.4736328125 0.08333333333333333
0 0.04443359375 0.6002604166666666 0.0888671875 0.0625
0 0.0322265625 0.8548177083333334 0.064453125 0.2903645833333333
7 0.197265625 0.828125 0.15625 0.16145833333333334
0 0.201171875 0.8548177083333334 0.216796875 0.2903645833333333
7 0.4462890625 0.7864583333333334 0.162109375 0.078125
0 0.447265625 0.8548177083333334 0.216796875 0.2903645833333333
4 0.7822265625 0.4231770833333333 0.0234375 0.0078125
0 0.7861328125 0.42578125 0.03125 0.013020833333333334
2 0.88525390625 0.4427083333333333 0.2294921875 0.0234375
6 0.88525390625 0.4680989583333333 0.2294921875 0.024739583333333332
4 0.783203125 0.5123697916666666 0.017578125 0.024739583333333332
4 0.80712890625 0.5123697916666666 0.0185546875 0.024739583333333332
7 0.828125 0.5091145833333334 0.009765625 0.026041666666666668
7 0.841796875 0.5091145833333334 0.021484375 0.026041666666666668
7 0.86083984375 0.5091145833333334 0.0185546875 0.026041666666666668
4 0.87841796875 0.5149739583333334 0.0185546875 0.024739583333333332
4 0.9111328125 0.5123697916666666 0.017578125 0.024739583333333332
7 0.93310546875 0.5091145833333334 0.0205078125 0.026041666666666668
4 0.984375 0.5123697916666666 0.017578125 0.024739583333333332
7 0.99755859375 0.5091145833333334 0.0048828125 0.026041666666666668
4 0.7822265625 0.5709635416666666 0.0234375 0.032552083333333336
0 0.7861328125 0.5787760416666666 0.03125 0.02734375
6 0.83984375 0.5696614583333334 0.076171875 0.024739583333333332
7 0.890625 0.5696614583333334 0.021484375 0.024739583333333332
7 0.92041015625 0.5703125 0.0341796875 0.020833333333333332
7 0.9462890625 0.5696614583333334 0.01171875 0.024739583333333332
6 0.97705078125 0.5696614583333334 0.0458984375 0.024739583333333332
2 0.88525390625 0.6028645833333334 0.2294921875 0.0234375
6 0.88525390625 0.6282552083333334 0.2294921875 0.024739583333333332
4 0.783203125 0.6725260416666666 0.017578125 0.024739583333333332
4 0.80712890625 0.6725260416666666 0.0185546875 0.024739583333333332
7 0.828125 0.6692708333333334 0.009765625 0.026041666666666668
7 0.841796875 0.6692708333333334 0.021484375 0.026041666666666668
7 0.86083984375 0.6692708333333334 0.0185546875 0.026041666666666668
4 0.87841796875 0.6751302083333334 0.0185546875 0.024739583333333332
4 0.9111328125 0.6725260416666666 0.017578125 0.024739583333333332
7 0.93310546875 0.6692708333333334 0.0205078125 0.026041666666666668
4 0.984375 0.6725260416666666 0.017578125 0.024739583333333332
7 0.99755859375 0.6692708333333334 0.0048828125 0.026041666666666668
4 0.7822265625 0.7311197916666666 0.0234375 0.032552083333333336
0 0.7861328125 0.7389322916666666 0.03125 0.02734375
6 0.853515625 0.7298177083333334 0.103515625 0.024739583333333332
7 0.91796875 0.7298177083333334 0.021484375 0.024739583333333332
7 0.93603515625 0.7298177083333334 0.0107421875 0.024739583333333332
6 0.97216796875 0.7298177083333334 0.0556640625 0.024739583333333332
4 0.833984375 0.8020833333333334 0.126953125 0.09635416666666667
0 0.833984375 0.8444010416666666 0.126953125 0.02734375
4 0.923828125 0.8313802083333334 0.017578125 0.024739583333333332
4 0.94775390625 0.8313802083333334 0.0185546875 0.024739583333333332
7 0.96875 0.8294270833333334 0.009765625 0.026041666666666668
7 0.97900390625 0.8294270833333334 0.0146484375 0.026041666666666668
7 0.99267578125 0.8294270833333334 0.0146484375 0.026041666666666668
4 0.7822265625 0.900390625 0.0234375 0.032552083333333336
0 0.7861328125 0.908203125 0.03125 0.02734375
6 0.828125 0.8990885416666666 0.052734375 0.024739583333333332
7 0.8671875 0.8990885416666666 0.021484375 0.024739583333333332
7 0.88525390625 0.8990885416666666 0.0107421875 0.024739583333333332
6 0.94677734375 0.8990885416666666 0.1064453125 0.024739583333333332
4 0.833984375 0.9641927083333334 0.126953125 0.07161458333333333
2 0.95556640625 0.9322916666666666 0.0888671875 0.0234375
4 0.923828125 0.9947916666666666 0.017578125 0.010416666666666666
4 0.94775390625 0.9947916666666666 0.0185546875 0.010416666666666666
7 0.96875 0.9928385416666666 0.009765625 0.014322916666666666
7 0.97900390625 0.9928385416666666 0.0146484375 0.014322916666666666
7 0.99267578125 0.9928385416666666 0.0146484375 0.014322916666666666
7 0.65185546875 0.4329427083333333 0.1240234375 0.02734375
6 0.64404296875 0.4622395833333333 0.1083984375 0.026041666666666668
6 0.63623046875 0.52734375 0.0927734375 0.026041666666666668
6 0.6123046875 0.625 0.044921875 0.026041666666666668
6 0.6044921875 0.72265625 0.029296875 0.026041666666666668
6 0.63671875 0.7552083333333334 0.09375 0.026041666666666668
6 0.60302734375 0.7877604166666666 0.0263671875 0.026041666666666668
6 0.61328125 0.8203125 0.046875 0.026041666666666668
7 0.64453125 0.8736979166666666 0.109375 0.026041666666666668