6 0.0634765625 0.16145833333333334 0.029296875 0.03125
4 0.15185546875 0.09244791666666667 0.2353515625 0.18489583333333334
0 0.15185546875 0.09244791666666667 0.2353515625 0.18489583333333334
2 0.15185546875 0.228515625 0.2353515625 0.06380208333333333
7 0.15185546875 0.3118489583333333 0.2353515625 0.07942708333333333
4 0.0810546875 0.4479166666666667 0.09375 0.125
0 0.0810546875 0.4479166666666667 0.09375 0.125
2 0.20556640625 0.4251302083333333 0.1279296875 0.07942708333333333
7 0.15185546875 0.5279947916666666 0.2353515625 0.10286458333333333
0 0.06591796875 0.5983072916666666 0.1318359375 0.037760416666666664
7 0.08203125 0.6178385416666666 0.1640625 0.04296875
7 0.07275390625 0.681640625 0.1455078125 0.04296875
7 0.0703125 0.693359375 0.140625 0.01953125
7 0.08740234375 0.7311197916666666 0.1748046875 0.022135416666666668
7 0.08740234375 0.814453125 0.1748046875 0.048177083333333336
7 0.08056640625 0.884765625 0.1611328125 0.05859375
7 0.0732421875 0.9837239583333334 0.146484375 0.032552083333333336
0 0.07958984375 0.9954427083333334 0.1357421875 0.009114583333333334
0 0.24072265625 0.6067708333333334 0.0576171875 0.018229166666666668
2 0.24072265625 0.6881510416666666 0.0576171875 0.022135416666666668
7 0.24560546875 0.72265625 0.0478515625 0.020833333333333332
0 0.25146484375 0.7421875 0.0302734375 0.018229166666666668
7 0.26806640625 0.7415364583333334 0.0029296875 0.016927083333333332
7 0.24560546875 0.7721354166666666 0.0478515625 0.020833333333333332
0 0.2529296875 0.7916666666666666 0.033203125 0.018229166666666668
7 0.24560546875 0.8216145833333334 0.0478515625 0.020833333333333332
0 0.2529296875 0.8411458333333334 0.033203125 0.018229166666666668
7 0.24560546875 0.87109375 0.0478515625 0.020833333333333332
0 0.2529296875 0.890625 0.033203125 0.018229166666666668
7 0.24560546875 0.9205729166666666 0.0478515625 0.020833333333333332
0 0.25146484375 0.9401041666666666 0.0302734375 0.018229166666666668
7 0.24560546875 0.9700520833333334 0.0478515625 0.020833333333333332
0 0.251953125 0.9895833333333334 0.03125 0.018229166666666668
4 0.658203125 0.6106770833333334 0.09375 0.0625
1 0.658203125 0.69140625 0.267578125 0.057291666666666664
1 0.658203125 0.751953125 0.267578125 0.048177083333333336
0 0.7451171875 0.7981770833333334 0.09375 0.020833333333333332
6 0.65771484375 0.9055989583333334 0.0927734375 0.022135416666666668
7 0.658203125 0.9654947916666666 0.3515625 0.022135416666666668
4 0.658203125 0.994140625 0.224609375 0.01171875