7 0.033203125 0.033854166666666664 0.0234375 0.018229166666666668
7 0.05419921875 0.033854166666666664 0.0185546875 0.018229166666666668
7 0.091796875 0.033854166666666664 0.048828125 0.018229166666666668
7 0.119140625 0.033854166666666664 0.0078125 0.018229166666666668
7 0.162109375 0.033854166666666664 0.08203125 0.018229166666666668
2 0.498046875 0.0390625 0.328125 0.078125
2 0.04150390625 0.14778645833333334 0.0400390625 0.032552083333333336
7 0.08349609375 0.14778645833333334 0.0322265625 0.01953125
4 0.11376953125 0.14583333333333334 0.0166015625 0.020833333333333332
7 0.13720703125 0.14713541666666666 0.0185546875 0.018229166666666668
7 0.14794921875 0.14713541666666666 0.0048828125 0.018229166666666668
7 0.15771484375 0.14713541666666666 0.0185546875 0.018229166666666668
6 0.24365234375 0.14518229166666666 0.0576171875 0.022135416666666668
6 0.3076171875 0.14518229166666666 0.041015625 0.022135416666666668
6 0.373046875 0.14518229166666666 0.05859375 0.022135416666666668
6 0.43798828125 0.14518229166666666 0.0439453125 0.022135416666666668
6 0.5234375 0.14518229166666666 0.09765625 0.022135416666666668
6 0.6279296875 0.14518229166666666 0.080078125 0.022135416666666668
2 0.36328125 0.21419270833333334 0.65234375 0.04296875
7 0.06201171875 0.2669270833333333 0.0732421875 0.015625
4 0.17529296875 0.3997395833333333 0.3076171875 0.23958333333333334
0 0.17529296875 0.3997395833333333 0.3076171875 0.23958333333333334
6 0.35009765625 0.2669270833333333 0.0126953125 0.015625
2 0.49365234375 0.2942708333333333 0.2998046875 0.026041666666666668
4 0.39306640625 0.3684895833333333 0.0986328125 0.09895833333333333
0 0.39306640625 0.3684895833333333 0.0986328125 0.09895833333333333
7 0.5498046875 0.3743489583333333 0.185546875 0.10807291666666667
7 0.3671875 0.4850260416666667 0.046875 0.022135416666666668
2 0.486328125 0.5091145833333334 0.28515625 0.020833333333333332
4 0.8447265625 0.259765625 0.310546875 0.51953125
0 0.94775390625 0.5006510416666666 0.1044921875 0.037760416666666664
4 0.83154296875 0.373046875 0.1279296875 0.17057291666666666
7 0.83154296875 0.4915364583333333 0.1279296875 0.02734375
0 0.83154296875 0.4915364583333333 0.1279296875 0.02734375
4 0.974609375 0.373046875 0.05078125 0.17057291666666666
7 0.974609375 0.4915364583333333 0.05078125 0.02734375
0 0.974609375 0.4915364583333333 0.05078125 0.02734375
4 0.3447265625 0.5794270833333334 0.689453125 0.11979166666666667
4 0.05859375 0.529296875 0.015625 0.01953125
0 0.09619140625 0.5305989583333334 0.0908203125 0.022135416666666668
7 0.1064453125 0.5305989583333334 0.0703125 0.01953125
4 0.16845703125 0.529296875 0.0166015625 0.01953125
0 0.2060546875 0.5305989583333334 0.091796875 0.022135416666666668
7 0.21630859375 0.5305989583333334 0.0712890625 0.01953125
4 0.27880859375 0.529296875 0.0166015625 0.01953125
0 0.31591796875 0.5305989583333334 0.0908203125 0.022135416666666668
7 0.326171875 0.5305989583333334 0.0703125 0.01953125
4 0.38818359375 0.529296875 0.0166015625 0.01953125
0 0.41455078125 0.5305989583333334 0.0693359375 0.022135416666666668
7 0.42431640625 0.5305989583333334 0.0478515625 0.01953125
4 0.47607421875 0.529296875 0.0166015625 0.01953125
0 0.5166015625 0.5305989583333334 0.09765625 0.022135416666666668
7 0.52734375 0.5305989583333334 0.078125 0.01953125
4 0.59228515625 0.529296875 0.0166015625 0.01953125
0 0.62255859375 0.5305989583333334 0.0771484375 0.022135416666666668
7 0.6328125 0.5305989583333334 0.056640625 0.01953125
4 0.06201171875 0.685546875 0.1240234375 0.04296875
2 0.3447265625 0.7506510416666666 0.689453125 0.02734375
7 0.1494140625 0.7975260416666666 0.298828125 0.022135416666666668
7 0.166015625 0.814453125 0.33203125 0.055989583333333336
7 0.18017578125 0.8313802083333334 0.2333984375 0.022135416666666668
0 0.0888671875 0.90234375 0.177734375 0.0546875
0 0.73046875 0.61328125 0.08203125 0.07291666666666667
6 0.80615234375 0.61328125 0.0244140625 0.03125
0 0.87353515625 0.61328125 0.1748046875 0.057291666666666664
7 0.88818359375 0.6119791666666666 0.1259765625 0.026041666666666668
2 0.74072265625 0.9348958333333334 0.1025390625 0.06770833333333333
7 0.74072265625 0.9895833333333334 0.1025390625 0.020833333333333332
2 0.9072265625 0.9348958333333334 0.185546875 0.06770833333333333
7 0.9072265625 0.9895833333333334 0.185546875 0.020833333333333332