2 0.16748046875 0.01171875 0.2998046875 0.0234375
4 0.06689453125 0.08463541666666667 0.0986328125 0.09895833333333333
0 0.06689453125 0.08463541666666667 0.0986328125 0.09895833333333333
7 0.2236328125 0.09049479166666667 0.185546875 0.10807291666666667
7 0.041015625 0.201171875 0.046875 0.022135416666666668
2 0.16015625 0.228515625 0.28515625 0.02734375
4 0.06689453125 0.3020833333333333 0.0986328125 0.09895833333333333
0 0.06689453125 0.3020833333333333 0.0986328125 0.09895833333333333
7 0.2275390625 0.30859375 0.193359375 0.109375
6 0.08203125 0.4186197916666667 0.12890625 0.016927083333333332
7 0.1865234375 0.4186197916666667 0.07421875 0.016927083333333332
7 0.7197265625 0.20833333333333334 0.560546875 0.4036458333333333
4 0.958984375 0.20833333333333334 0.08203125 0.4036458333333333
1 0.3564453125 0.5065104166666666 0.166015625 0.0625
5 0.3564453125 0.5065104166666666 0.166015625 0.0625
1 0.3564453125 0.5846354166666666 0.166015625 0.0625
5 0.3564453125 0.5846354166666666 0.166015625 0.0625
0 0.3447265625 0.6705729166666666 0.142578125 0.052083333333333336
4 0.236328125 0.71484375 0.40625 0.5703125
7 0.44970703125 0.4986979166666667 0.0205078125 0.018229166666666668
6 0.4775390625 0.4986979166666667 0.037109375 0.018229166666666668
7 0.50830078125 0.4986979166666667 0.0263671875 0.018229166666666668
6 0.52880859375 0.4986979166666667 0.0166015625 0.018229166666666668
0 0.49658203125 0.55859375 0.1142578125 0.026041666666666668
0 0.46728515625 0.6432291666666666 0.0556640625 0.026041666666666668
0 0.45556640625 0.671875 0.0322265625 0.026041666666666668
2 0.57763671875 0.7454427083333334 0.2763671875 0.03515625
6 0.4990234375 0.7838541666666666 0.119140625 0.018229166666666668
7 0.59814453125 0.7838541666666666 0.0810546875 0.018229166666666668
7 0.5771484375 0.8658854166666666 0.275390625 0.13541666666666666
6 0.474609375 0.96875 0.0703125 0.018229166666666668
7 0.548828125 0.96875 0.080078125 0.018229166666666668
2 0.88818359375 0.46875 0.2236328125 0.033854166666666664
6 0.83056640625 0.5071614583333334 0.1083984375 0.016927083333333332
7 0.94189453125 0.5071614583333334 0.1162109375 0.016927083333333332
7 0.87353515625 0.5305989583333334 0.1943359375 0.016927083333333332
6 0.98486328125 0.5305989583333334 0.0302734375 0.016927083333333332
6 0.8349609375 0.5540364583333334 0.1171875 0.016927083333333332
7 0.89453125 0.5540364583333334 0.00390625 0.016927083333333332
2 0.88818359375 0.6041666666666666 0.2236328125 0.033854166666666664
2 0.80810546875 0.68359375 0.0634765625 0.08333333333333333
2 0.87109375 0.681640625 0.056640625 0.024739583333333332
7 0.88818359375 0.751953125 0.2236328125 0.032552083333333336
0 0.8134765625 0.794921875 0.07421875 0.032552083333333336
0 0.99169921875 0.798828125 0.0166015625 0.024739583333333332
0 0.84912109375 0.8229166666666666 0.1455078125 0.033854166666666664
0 0.99169921875 0.8229166666666666 0.0166015625 0.033854166666666664
0 0.83251953125 0.8515625 0.1123046875 0.033854166666666664
0 0.84765625 0.87890625 0.142578125 0.033854166666666664
0 0.99169921875 0.87890625 0.0166015625 0.033854166666666664
0 0.810546875 0.9075520833333334 0.068359375 0.033854166666666664
0 0.99169921875 0.9075520833333334 0.0166015625 0.033854166666666664
0 0.8056640625 0.9348958333333334 0.05859375 0.033854166666666664
0 0.798828125 0.9635416666666666 0.044921875 0.033854166666666664