7 0.5439453125 0.008463541666666666 0.056640625 0.016927083333333332
4 0.61083984375 0.008463541666666666 0.0146484375 0.016927083333333332
0 0.61083984375 0.016276041666666668 0.0146484375 0.032552083333333336
4 0.6357421875 0.008463541666666666 0.015625 0.016927083333333332
0 0.6357421875 0.016276041666666668 0.015625 0.032552083333333336
4 0.65625 0.008463541666666666 0.005859375 0.016927083333333332
0 0.65625 0.016276041666666668 0.005859375 0.032552083333333336
0 0.02099609375 0.016276041666666668 0.0361328125 0.032552083333333336
0 0.0908203125 0.016276041666666668 0.046875 0.032552083333333336
0 0.18359375 0.016276041666666668 0.08203125 0.032552083333333336
0 0.27294921875 0.016276041666666668 0.0400390625 0.032552083333333336
0 0.04736328125 0.059895833333333336 0.0673828125 0.0546875
0 0.130859375 0.059895833333333336 0.04296875 0.0546875
4 0.33056640625 0.008463541666666666 0.0166015625 0.016927083333333332
0 0.32958984375 0.07942708333333333 0.6591796875 0.09375
2 0.2685546875 0.07942708333333333 0.537109375 0.03125
4 0.619140625 0.07942708333333333 0.080078125 0.09375
4 0.25732421875 0.2923177083333333 0.2470703125 0.2877604166666667
0 0.0673828125 0.2923177083333333 0.134765625 0.2877604166666667
4 0.0673828125 0.2923177083333333 0.134765625 0.2877604166666667
4 0.25732421875 0.2923177083333333 0.2470703125 0.2877604166666667
2 0.2578125 0.21354166666666666 0.20703125 0.078125
6 0.2578125 0.2916666666666667 0.20703125 0.044270833333333336
7 0.197265625 0.3294270833333333 0.0859375 0.020833333333333332
4 0.16552734375 0.4095052083333333 0.0205078125 0.02734375
0 0.16552734375 0.4095052083333333 0.0400390625 0.053385416666666664
4 0.19873046875 0.4108072916666667 0.0205078125 0.02734375
0 0.25537109375 0.4095052083333333 0.1337890625 0.02734375
7 0.26708984375 0.408203125 0.1103515625 0.016927083333333332
4 0.0654296875 0.4830729166666667 0.119140625 0.07291666666666667
0 0.0654296875 0.4830729166666667 0.119140625 0.07291666666666667
4 0.19287109375 0.4830729166666667 0.1201171875 0.07291666666666667
0 0.19287109375 0.4830729166666667 0.1201171875 0.07291666666666667
4 0.3203125 0.4830729166666667 0.119140625 0.07291666666666667
0 0.3203125 0.4830729166666667 0.119140625 0.07291666666666667
4 0.5390625 0.1953125 0.240234375 0.09375
4 0.5390625 0.1953125 0.240234375 0.09375
0 0.5390625 0.2942708333333333 0.240234375 0.10416666666666667
4 0.45556640625 0.3743489583333333 0.0439453125 0.05859375
4 0.5009765625 0.375 0.0234375 0.03125
4 0.5361328125 0.375 0.0234375 0.03125
4 0.5712890625 0.375 0.0234375 0.03125
4 0.6064453125 0.375 0.0234375 0.03125
7 0.55224609375 0.46875 0.2138671875 0.1015625
4 0.82958984375 0.22330729166666666 0.3408203125 0.4466145833333333
2 0.82958984375 0.5013020833333334 0.3408203125 0.036458333333333336
0 0.2919921875 0.5768229166666666 0.16015625 0.059895833333333336
0 0.49951171875 0.5768229166666666 0.2060546875 0.059895833333333336
1 0.29736328125 0.8619791666666666 0.5869140625 0.059895833333333336
0 0.56591796875 0.8619791666666666 0.0498046875 0.059895833333333336
7 0.6162109375 0.8606770833333334 0.025390625 0.0390625
7 0.32958984375 0.9420572916666666 0.6591796875 0.06901041666666667
2 0.7978515625 0.7291666666666666 0.27734375 0.2734375
7 0.78369140625 0.931640625 0.2490234375 0.07942708333333333