0 0.298828125 0.0390625 0.248046875 0.041666666666666664
3 0.26953125 0.3984375 0.5390625 0.08072916666666667
4 0.2275390625 0.10677083333333333 0.455078125 0.21354166666666666
2 0.22216796875 0.18229166666666666 0.4443359375 0.033854166666666664
2 0.26953125 0.2591145833333333 0.5390625 0.036458333333333336
4 0.0625 0.3671875 0.125 0.14322916666666666
4 0.298828125 0.3671875 0.3125 0.14322916666666666
0 0.197265625 0.31640625 0.09375 0.0234375
0 0.50390625 0.31640625 0.046875 0.0234375
7 0.568359375 0.13151041666666666 0.0546875 0.020833333333333332
7 0.62939453125 0.130859375 0.0087890625 0.053385416666666664
0 0.73291015625 0.13346354166666666 0.1923828125 0.053385416666666664
4 0.84716796875 0.13346354166666666 0.0185546875 0.016927083333333332
7 0.88916015625 0.130859375 0.0087890625 0.053385416666666664
0 0.9482421875 0.13346354166666666 0.103515625 0.053385416666666664
2 0.76953125 0.21419270833333334 0.4609375 0.04296875
4 0.6376953125 0.3639322916666667 0.083984375 0.11328125
4 0.880859375 0.3639322916666667 0.083984375 0.11328125
4 0.2958984375 0.4661458333333333 0.11328125 0.049479166666666664
2 0.26953125 0.55078125 0.5390625 0.06770833333333333
2 0.26953125 0.6197916666666666 0.5390625 0.03125
4 0.2958984375 0.76953125 0.09375 0.125
1 0.2958984375 0.8815104166666666 0.267578125 0.057291666666666664
1 0.2958984375 0.9420572916666666 0.267578125 0.048177083333333336
0 0.3828125 0.98828125 0.09375 0.020833333333333332
0 0.81005859375 0.4654947916666667 0.1025390625 0.053385416666666664
0 0.9296875 0.4654947916666667 0.134765625 0.053385416666666664
4 0.54296875 0.5572916666666666 0.0078125 0.020833333333333332
0 0.576171875 0.5572916666666666 0.07421875 0.078125
7 0.57177734375 0.5572916666666666 0.0419921875 0.078125
4 0.64111328125 0.5572916666666666 0.0185546875 0.020833333333333332
0 0.6806640625 0.5572916666666666 0.1171875 0.0390625
7 0.6943359375 0.5572916666666666 0.0703125 0.0234375
2 0.76953125 0.7330729166666666 0.4609375 0.09114583333333333
2 0.76953125 0.8151041666666666 0.4609375 0.046875
7 0.76953125 0.91015625 0.4609375 0.14322916666666666