4 0.3974609375 0.10611979166666667 0.50390625 0.21223958333333334
0 0.3974609375 0.10611979166666667 0.50390625 0.21223958333333334
2 0.16796875 0.2421875 0.044921875 0.013020833333333334
2 0.37744140625 0.3190104166666667 0.4638671875 0.125
7 0.3974609375 0.419921875 0.50390625 0.06901041666666667
4 0.24365234375 0.615234375 0.1962890625 0.16796875
0 0.24365234375 0.615234375 0.1962890625 0.16796875
4 0.54736328125 0.615234375 0.2041015625 0.16796875
0 0.54736328125 0.615234375 0.2041015625 0.16796875
7 0.03857421875 0.21419270833333334 0.0771484375 0.029947916666666668
7 0.02685546875 0.4069010416666667 0.0537109375 0.13932291666666666
7 0.0224609375 0.5071614583333334 0.044921875 0.053385416666666664
7 0.7265625 0.018229166666666668 0.123046875 0.036458333333333336
2 0.82470703125 0.3111979166666667 0.3505859375 0.078125
7 0.82470703125 0.3743489583333333 0.3505859375 0.032552083333333336
2 0.8369140625 0.6796875 0.326171875 0.0390625
4 0.3671875 0.8385416666666666 0.564453125 0.2786458333333333
1 0.28271484375 0.72265625 0.5654296875 0.046875
4 0.82470703125 0.849609375 0.3505859375 0.30078125
4 0.82470703125 0.849609375 0.3505859375 0.30078125