3 0.3125 0.043619791666666664 0.453125 0.08723958333333333
4 0.26953125 0.3489583333333333 0.5390625 0.4609375
0 0.26953125 0.3489583333333333 0.5390625 0.4609375
4 0.76220703125 0.208984375 0.4462890625 0.41796875
3 0.77783203125 0.4485677083333333 0.4443359375 0.26171875
4 0.26953125 0.7890625 0.5390625 0.1953125
2 0.1005859375 0.7434895833333334 0.201171875 0.046875
7 0.13134765625 0.7845052083333334 0.2626953125 0.022135416666666668
7 0.30810546875 0.7845052083333334 0.0830078125 0.022135416666666668
6 0.37744140625 0.7845052083333334 0.0595703125 0.022135416666666668
7 0.09228515625 0.8541666666666666 0.1298828125 0.0234375
0 0.09228515625 0.8541666666666666 0.1298828125 0.0234375
7 0.29052734375 0.853515625 0.1806640625 0.045572916666666664
6 0.34375 0.8658854166666666 0.052734375 0.020833333333333332
6 0.0546875 0.9505208333333334 0.109375 0.020833333333333332
6 0.05908203125 0.9765625 0.1181640625 0.020833333333333332
6 0.06201171875 0.99609375 0.1240234375 0.0078125
6 0.24365234375 0.9505208333333334 0.0341796875 0.020833333333333332
6 0.2841796875 0.9765625 0.115234375 0.020833333333333332
6 0.25244140625 0.99609375 0.0517578125 0.0078125
7 0.82763671875 0.6022135416666666 0.1396484375 0.014322916666666666
7 0.9482421875 0.6022135416666666 0.103515625 0.014322916666666666
1 0.76806640625 0.6295572916666666 0.0126953125 0.016927083333333332
7 0.888671875 0.6334635416666666 0.22265625 0.014322916666666666
7 0.8798828125 0.701171875 0.14453125 0.01953125
7 0.97607421875 0.701171875 0.0478515625 0.01953125
7 0.81640625 0.7786458333333334 0.09765625 0.026041666666666668
7 0.8046875 0.828125 0.07421875 0.015625
7 0.8837890625 0.8489583333333334 0.232421875 0.015625
7 0.79931640625 0.890625 0.0634765625 0.015625
7 0.81396484375 0.9114583333333334 0.0927734375 0.015625
7 0.81640625 0.994140625 0.09765625 0.01171875