4 0.1318359375 0.21158854166666666 0.263671875 0.4231770833333333
6 0.1162109375 0.4576822916666667 0.232421875 0.016927083333333332
0 0.1318359375 0.2845052083333333 0.263671875 0.5690104166666666
2 0.1162109375 0.509765625 0.232421875 0.048177083333333336
6 0.37060546875 0.055989583333333336 0.1376953125 0.044270833333333336
6 0.37060546875 0.12630208333333334 0.1376953125 0.044270833333333336
6 0.37060546875 0.19661458333333334 0.1376953125 0.044270833333333336
6 0.37060546875 0.2669270833333333 0.1376953125 0.044270833333333336
6 0.37060546875 0.3372395833333333 0.1376953125 0.044270833333333336
6 0.37060546875 0.4075520833333333 0.1376953125 0.044270833333333336
6 0.37060546875 0.4778645833333333 0.1376953125 0.044270833333333336
6 0.37060546875 0.5475260416666666 0.1376953125 0.04296875
4 0.7197265625 0.032552083333333336 0.560546875 0.06510416666666667
0 0.7197265625 0.032552083333333336 0.560546875 0.06510416666666667
7 0.65478515625 0.015625 0.4306640625 0.0234375
7 0.9072265625 0.015625 0.07421875 0.0234375
4 0.7197265625 0.3268229166666667 0.560546875 0.484375
0 0.7197265625 0.3268229166666667 0.560546875 0.484375
7 0.5654296875 0.4615885416666667 0.193359375 0.17578125
7 0.5654296875 0.4270833333333333 0.1328125 0.046875
7 0.56494140625 0.4967447916666667 0.1884765625 0.06380208333333333
7 0.2197265625 0.7845052083333334 0.439453125 0.4309895833333333
0 0.2197265625 0.7845052083333334 0.439453125 0.4309895833333333
2 0.7197265625 0.693359375 0.560546875 0.24869791666666666
7 0.7197265625 0.892578125 0.560546875 0.055989583333333336