7 0.3095703125 0.05859375 0.619140625 0.0703125
7 0.19140625 0.142578125 0.3828125 0.029947916666666668
6 0.5009765625 0.142578125 0.236328125 0.029947916666666668
0 0.21240234375 0.2623697916666667 0.2822265625 0.07161458333333333
1 0.5205078125 0.390625 0.197265625 0.052083333333333336
7 0.0107421875 0.4778645833333333 0.021484375 0.026041666666666668
0 0.0185546875 0.4778645833333333 0.037109375 0.06770833333333333
7 0.18994140625 0.4778645833333333 0.1259765625 0.026041666666666668
0 0.18994140625 0.4778645833333333 0.1572265625 0.06770833333333333
7 0.40380859375 0.4778645833333333 0.0908203125 0.026041666666666668
0 0.40380859375 0.4778645833333333 0.1220703125 0.06770833333333333
7 0.5869140625 0.4778645833333333 0.064453125 0.026041666666666668
0 0.5791015625 0.4778645833333333 0.080078125 0.06770833333333333
2 0.3095703125 0.5631510416666666 0.619140625 0.040364583333333336
6 0.048828125 0.611328125 0.09765625 0.029947916666666668
4 0.859375 0.055989583333333336 0.15234375 0.049479166666666664
7 0.859375 0.055989583333333336 0.15234375 0.049479166666666664
7 0.9677734375 0.055989583333333336 0.064453125 0.049479166666666664
7 0.6298828125 0.1171875 0.021484375 0.03125
0 0.70654296875 0.25390625 0.1748046875 0.3046875
4 0.70654296875 0.18033854166666666 0.1748046875 0.15755208333333334
6 0.70556640625 0.291015625 0.1572265625 0.08463541666666667
6 0.70556640625 0.345703125 0.1572265625 0.01953125
6 0.70556640625 0.3671875 0.1572265625 0.018229166666666668
6 0.70556640625 0.3893229166666667 0.1572265625 0.015625
7 0.70556640625 0.3444010416666667 0.1572265625 0.01953125
6 0.70947265625 0.3665364583333333 0.1650390625 0.02734375
7 0.70556640625 0.3893229166666667 0.1572265625 0.015625
7 0.8125 0.1171875 0.0234375 0.03125
0 0.88916015625 0.25390625 0.1767578125 0.3046875
4 0.88916015625 0.18033854166666666 0.1767578125 0.15755208333333334
6 0.88916015625 0.291015625 0.1572265625 0.08463541666666667
6 0.88916015625 0.345703125 0.1572265625 0.01953125
6 0.88916015625 0.3671875 0.1572265625 0.018229166666666668
6 0.88916015625 0.3893229166666667 0.1572265625 0.015625
7 0.88916015625 0.3444010416666667 0.1572265625 0.01953125
6 0.85546875 0.3665364583333333 0.08984375 0.02734375
7 0.88916015625 0.3893229166666667 0.1572265625 0.015625
7 0.9921875 0.1171875 0.015625 0.03125
2 0.8095703125 0.501953125 0.380859375 0.03515625
2 0.74658203125 0.5950520833333334 0.2548828125 0.0859375
0 0.802734375 0.6184895833333334 0.3671875 0.1328125
6 0.74658203125 0.6516927083333334 0.2548828125 0.01953125
7 0.74658203125 0.6731770833333334 0.2548828125 0.0234375
4 0.9375 0.595703125 0.09765625 0.08723958333333333
0 0.69921875 0.6744791666666666 0.16015625 0.0234375
6 0.015625 0.74609375 0.03125 0.052083333333333336
6 0.02001953125 0.8046875 0.0400390625 0.026041666666666668
6 0.03125 0.86328125 0.0625 0.052083333333333336
6 0.28173828125 0.7330729166666666 0.1494140625 0.026041666666666668
6 0.3046875 0.7786458333333334 0.1953125 0.026041666666666668
6 0.31201171875 0.82421875 0.2099609375 0.026041666666666668
6 0.23779296875 0.8697916666666666 0.0615234375 0.026041666666666668
7 0.2802734375 0.8697916666666666 0.025390625 0.026041666666666668
6 0.57275390625 0.7330729166666666 0.0927734375 0.026041666666666668
6 0.57275390625 0.7916666666666666 0.0927734375 0.052083333333333336
6 0.57275390625 0.86328125 0.0927734375 0.052083333333333336
6 0.5673828125 0.921875 0.08203125 0.026041666666666668
1 0.69921875 0.7552083333333334 0.16015625 0.0625
1 0.69921875 0.8541666666666666 0.16015625 0.0625
4 0.75927734375 0.8515625 0.0244140625 0.03125
7 0.68359375 0.9290364583333334 0.12890625 0.022135416666666668
2 0.93603515625 0.8671875 0.1279296875 0.16666666666666666
2 0.8095703125 0.9498697916666666 0.380859375 0.03515625
4 0.8095703125 0.8548177083333334 0.380859375 0.2903645833333333