7 0.0146484375 0.06510416666666667 0.029296875 0.028645833333333332
1 0.1748046875 0.06510416666666667 0.28125 0.041666666666666664
4 0.3232421875 0.0546875 0.00390625 0.018229166666666668
3 0.5126953125 0.046875 0.234375 0.078125
2 0.08251953125 0.125 0.1650390625 0.026041666666666668
2 0.08251953125 0.16927083333333334 0.1650390625 0.0625
2 0.08251953125 0.216796875 0.1650390625 0.032552083333333336
7 0.02880859375 0.2643229166666667 0.0576171875 0.018229166666666668
0 0.08251953125 0.3619791666666667 0.1650390625 0.1171875
7 0.0908203125 0.3619791666666667 0.1484375 0.049479166666666664
0 0.08251953125 0.5 0.1650390625 0.1171875
7 0.0908203125 0.5 0.1484375 0.07552083333333333
4 0.35205078125 0.22981770833333334 0.3134765625 0.23567708333333334
0 0.3525390625 0.2591145833333333 0.3125 0.2942708333333333
7 0.21484375 0.12760416666666666 0.029296875 0.020833333333333332
7 0.3525390625 0.3815104166666667 0.3125 0.049479166666666664
4 0.27490234375 0.486328125 0.1572265625 0.11848958333333333
0 0.3525390625 0.4856770833333333 0.3125 0.1171875
7 0.21484375 0.4427083333333333 0.029296875 0.020833333333333332
7 0.4345703125 0.4856770833333333 0.1484375 0.09895833333333333
3 0.58935546875 0.2864583333333333 0.0810546875 0.3255208333333333
2 0.59130859375 0.515625 0.0771484375 0.028645833333333332
6 0.59130859375 0.560546875 0.0771484375 0.016927083333333332
2 0.7236328125 0.13346354166666666 0.1875 0.029947916666666668
0 0.94677734375 0.13151041666666666 0.1064453125 0.020833333333333332
2 0.751953125 0.21614583333333334 0.134765625 0.0234375
4 0.81005859375 0.21158854166666666 0.0205078125 0.032552083333333336
4 0.751953125 0.3079427083333333 0.154296875 0.13671875
6 0.74609375 0.41015625 0.123046875 0.020833333333333332
2 0.91796875 0.21614583333333334 0.134765625 0.0234375
4 0.97607421875 0.21158854166666666 0.0205078125 0.032552083333333336
4 0.91796875 0.3079427083333333 0.154296875 0.13671875
6 0.912109375 0.4231770833333333 0.123046875 0.046875
0 0.94775390625 0.4388020833333333 0.0400390625 0.020833333333333332
7 0.91796875 0.46484375 0.154296875 0.018229166666666668
7 0.91796875 0.4830729166666667 0.154296875 0.018229166666666668
2 0.1845703125 0.7109375 0.044921875 0.013020833333333334
2 0.39404296875 0.7877604166666666 0.4638671875 0.125
7 0.39599609375 0.888671875 0.4677734375 0.06901041666666667
7 0.046875 0.6829427083333334 0.09375 0.029947916666666668
7 0.03515625 0.8756510416666666 0.0703125 0.13932291666666666
7 0.03076171875 0.974609375 0.0615234375 0.05078125
2 0.6533203125 0.9342447916666666 0.013671875 0.016927083333333332
7 0.748046875 0.599609375 0.068359375 0.01953125
7 0.78466796875 0.599609375 0.0068359375 0.01953125
0 0.8076171875 0.6002604166666666 0.041015625 0.020833333333333332
2 0.7177734375 0.65625 0.009765625 0.013020833333333334
0 0.8564453125 0.65625 0.287109375 0.03125
2 0.86474609375 0.6549479166666666 0.2705078125 0.028645833333333332
7 0.748046875 0.685546875 0.068359375 0.01953125
7 0.78466796875 0.685546875 0.0068359375 0.01953125
0 0.8076171875 0.6861979166666666 0.041015625 0.020833333333333332
2 0.7177734375 0.7421875 0.009765625 0.013020833333333334
0 0.8564453125 0.7421875 0.287109375 0.03125
2 0.86474609375 0.7408854166666666 0.2705078125 0.028645833333333332
7 0.748046875 0.771484375 0.068359375 0.01953125
7 0.78466796875 0.771484375 0.0068359375 0.01953125
0 0.8076171875 0.7721354166666666 0.041015625 0.020833333333333332
2 0.7177734375 0.828125 0.009765625 0.013020833333333334
0 0.8564453125 0.8606770833333334 0.287109375 0.09635416666666667
2 0.8564453125 0.859375 0.287109375 0.09375
7 0.748046875 0.9225260416666666 0.068359375 0.01953125
7 0.78466796875 0.9225260416666666 0.0068359375 0.01953125
0 0.8076171875 0.9231770833333334 0.041015625 0.020833333333333332
2 0.7177734375 0.9791666666666666 0.009765625 0.013020833333333334
0 0.8564453125 0.9817708333333334 0.287109375 0.036458333333333336
2 0.8564453125 0.9817708333333334 0.287109375 0.036458333333333336