4 0.20654296875 0.047526041666666664 0.3134765625 0.09505208333333333
0 0.20703125 0.07682291666666667 0.3125 0.15364583333333334
7 0.20703125 0.12890625 0.3125 0.049479166666666664
4 0.12939453125 0.23372395833333334 0.1572265625 0.11848958333333333
0 0.20703125 0.23307291666666666 0.3125 0.1171875
7 0.0693359375 0.19010416666666666 0.029296875 0.020833333333333332
7 0.2890625 0.23307291666666666 0.1484375 0.09895833333333333
4 0.12939453125 0.3717447916666667 0.1572265625 0.11848958333333333
0 0.20703125 0.37109375 0.3125 0.1171875
7 0.0693359375 0.328125 0.029296875 0.020833333333333332
7 0.2890625 0.37109375 0.1484375 0.026041666666666668
3 0.4814453125 0.09830729166666667 0.15625 0.19661458333333334
2 0.4833984375 0.2630208333333333 0.15234375 0.028645833333333332
6 0.4833984375 0.3092447916666667 0.15234375 0.01953125
6 0.4833984375 0.3548177083333333 0.15234375 0.01953125
6 0.47802734375 0.400390625 0.1416015625 0.01953125
6 0.4833984375 0.4459635416666667 0.15234375 0.01953125
4 0.77978515625 0.22981770833333334 0.4404296875 0.4596354166666667
2 0.77978515625 0.13802083333333334 0.4404296875 0.06770833333333333
1 0.58642578125 0.263671875 0.0537109375 0.07682291666666667
1 0.80712890625 0.263671875 0.3857421875 0.07682291666666667
0 0.27978515625 0.4765625 0.5595703125 0.033854166666666664
7 0.06640625 0.548828125 0.1328125 0.07161458333333333
6 0.3076171875 0.5462239583333334 0.119140625 0.032552083333333336
6 0.43408203125 0.544921875 0.0537109375 0.032552083333333336
6 0.52978515625 0.544921875 0.0595703125 0.032552083333333336
4 0.27978515625 0.8092447916666666 0.5595703125 0.3815104166666667
4 0.78125 0.6399739583333334 0.4375 0.3606770833333333
0 0.78125 0.6399739583333334 0.4375 0.3606770833333333
4 0.77978515625 0.935546875 0.4404296875 0.12890625
0 0.77978515625 0.935546875 0.4404296875 0.12890625
4 0.77978515625 0.935546875 0.4404296875 0.12890625