7 0.08544921875 0.03125 0.1708984375 0.015625
7 0.2685546875 0.2630208333333333 0.537109375 0.12239583333333333
7 0.2685546875 0.3626302083333333 0.537109375 0.03515625
7 0.2685546875 0.4147135416666667 0.537109375 0.06901041666666667
6 0.0947265625 0.4811197916666667 0.095703125 0.022135416666666668
6 0.1904296875 0.4811197916666667 0.08984375 0.022135416666666668
2 0.77490234375 0.0546875 0.4501953125 0.109375
2 0.77490234375 0.15364583333333334 0.4501953125 0.036458333333333336
7 0.583984375 0.2643229166666667 0.068359375 0.041666666666666664
4 0.65966796875 0.2643229166666667 0.0302734375 0.0390625
7 0.728515625 0.2643229166666667 0.09765625 0.041666666666666664
4 0.81884765625 0.2643229166666667 0.0302734375 0.0390625
7 0.87109375 0.2643229166666667 0.064453125 0.041666666666666664
4 0.94482421875 0.2643229166666667 0.0302734375 0.0390625
7 0.982421875 0.2643229166666667 0.03515625 0.041666666666666664
7 0.583984375 0.33203125 0.06640625 0.041666666666666664
4 0.6591796875 0.33203125 0.029296875 0.0390625
7 0.7041015625 0.33203125 0.048828125 0.041666666666666664
4 0.7705078125 0.33203125 0.029296875 0.0390625
7 0.8271484375 0.33203125 0.072265625 0.041666666666666664
4 0.9052734375 0.33203125 0.029296875 0.0390625
7 0.951171875 0.33203125 0.05078125 0.041666666666666664
7 0.556640625 0.3997395833333333 0.013671875 0.041666666666666664
4 0.60546875 0.3997395833333333 0.029296875 0.0390625
7 0.69140625 0.3997395833333333 0.130859375 0.041666666666666664
4 0.798828125 0.3997395833333333 0.029296875 0.0390625
7 0.85205078125 0.3997395833333333 0.0654296875 0.041666666666666664
4 0.9267578125 0.3997395833333333 0.029296875 0.0390625
7 0.9736328125 0.3997395833333333 0.052734375 0.041666666666666664
4 0.55859375 0.4674479166666667 0.017578125 0.0390625
7 0.60791015625 0.4674479166666667 0.0693359375 0.041666666666666664
4 0.6845703125 0.4674479166666667 0.029296875 0.0390625
7 0.76904296875 0.4674479166666667 0.1279296875 0.041666666666666664
4 0.875 0.4674479166666667 0.029296875 0.0390625
7 0.94775390625 0.4674479166666667 0.1044921875 0.041666666666666664
7 0.61669921875 0.5266927083333334 0.1337890625 0.024739583333333332
4 0.72509765625 0.52734375 0.0302734375 0.0234375
7 0.77197265625 0.5266927083333334 0.0537109375 0.024739583333333332
4 0.84033203125 0.52734375 0.0302734375 0.0234375
7 0.92138671875 0.5266927083333334 0.1220703125 0.024739583333333332
7 0.181640625 0.5677083333333334 0.16796875 0.03125
0 0.181640625 0.5677083333333334 0.20703125 0.057291666666666664
4 0.2744140625 0.82421875 0.548828125 0.3515625
4 0.77490234375 0.5852864583333334 0.4501953125 0.09244791666666667
2 0.77490234375 0.8079427083333334 0.4501953125 0.055989583333333336
7 0.77490234375 0.9296875 0.4501953125 0.13541666666666666