4 0.2646484375 0.19986979166666666 0.529296875 0.3997395833333333
6 0.83642578125 0.006510416666666667 0.2841796875 0.013020833333333334
6 0.82470703125 0.028645833333333332 0.2607421875 0.020833333333333332
6 0.837890625 0.0546875 0.287109375 0.020833333333333332
6 0.8173828125 0.08072916666666667 0.24609375 0.020833333333333332
6 0.830078125 0.10677083333333333 0.271484375 0.020833333333333332
6 0.8623046875 0.00390625 0.142578125 0.0078125
7 0.9345703125 0.00390625 0.00390625 0.0078125
7 0.6259765625 0.16145833333333334 0.083984375 0.026041666666666668
4 0.6005859375 0.265625 0.134765625 0.11979166666666667
0 0.6005859375 0.302734375 0.134765625 0.19401041666666666
2 0.6005859375 0.3684895833333333 0.134765625 0.0625
7 0.818359375 0.16666666666666666 0.025390625 0.018229166666666668
0 0.8076171875 0.16666666666666666 0.06640625 0.0390625
7 0.88623046875 0.16666666666666666 0.0302734375 0.018229166666666668
0 0.87548828125 0.16666666666666666 0.0732421875 0.0390625
7 0.95849609375 0.16666666666666666 0.0322265625 0.018229166666666668
0 0.94775390625 0.16666666666666666 0.0751953125 0.0390625
7 0.83544921875 0.20638020833333334 0.1123046875 0.01171875
7 0.8349609375 0.3125 0.30078125 0.17447916666666666
1 0.81640625 0.09505208333333333 0.263671875 0.044270833333333336
0 0.07275390625 0.4622395833333333 0.1455078125 0.0625
7 0.220703125 0.4635416666666667 0.08984375 0.026041666666666668
0 0.2744140625 0.4622395833333333 0.2265625 0.0625
7 0.46240234375 0.4635416666666667 0.0888671875 0.026041666666666668
0 0.46630859375 0.4622395833333333 0.1259765625 0.0625
7 0.0166015625 0.546875 0.033203125 0.026041666666666668
0 0.07275390625 0.5455729166666666 0.1455078125 0.0625
7 0.19970703125 0.546875 0.0478515625 0.026041666666666668
0 0.2744140625 0.5455729166666666 0.2265625 0.0625
7 0.44580078125 0.546875 0.0556640625 0.026041666666666668
0 0.46630859375 0.5455729166666666 0.1259765625 0.0625
4 0.4150390625 0.8313802083333334 0.228515625 0.3372395833333333
7 0.15185546875 0.7760416666666666 0.3037109375 0.10416666666666667
1 0.26953125 0.8984375 0.51953125 0.078125
0 0.54296875 0.4283854166666667 0.02734375 0.057291666666666664
0 0.5859375 0.4283854166666667 0.060546875 0.057291666666666664
0 0.66650390625 0.4283854166666667 0.1025390625 0.057291666666666664
0 0.755859375 0.4283854166666667 0.078125 0.057291666666666664
0 0.84326171875 0.4283854166666667 0.0986328125 0.057291666666666664
6 0.83251953125 0.8196614583333334 0.0986328125 0.022135416666666668
6 0.68359375 0.87109375 0.19921875 0.020833333333333332
0 0.68359375 0.9016927083333334 0.228515625 0.13151041666666666
4 0.599609375 0.9205729166666666 0.03125 0.041666666666666664
7 0.7021484375 0.9205729166666666 0.1484375 0.041666666666666664
6 0.9072265625 0.87109375 0.185546875 0.020833333333333332
0 0.89990234375 0.9016927083333334 0.2001953125 0.13151041666666666
4 0.830078125 0.9205729166666666 0.03125 0.041666666666666664
7 0.92626953125 0.9205729166666666 0.1357421875 0.041666666666666664