0 0.14990234375 0.035807291666666664 0.2998046875 0.07161458333333333
6 0.0146484375 0.123046875 0.029296875 0.032552083333333336
6 0.1044921875 0.123046875 0.072265625 0.032552083333333336
6 0.23974609375 0.123046875 0.1201171875 0.032552083333333336
4 0.14990234375 0.4029947916666667 0.2998046875 0.4127604166666667
7 0.3203125 0.016927083333333332 0.041015625 0.028645833333333332
0 0.32763671875 0.033854166666666664 0.0556640625 0.06770833333333333
7 0.3134765625 0.040364583333333336 0.02734375 0.028645833333333332
7 0.40625 0.016927083333333332 0.06640625 0.028645833333333332
0 0.4189453125 0.033854166666666664 0.12109375 0.06770833333333333
7 0.4189453125 0.040364583333333336 0.091796875 0.028645833333333332
7 0.53173828125 0.016927083333333332 0.0693359375 0.028645833333333332
0 0.53173828125 0.033854166666666664 0.0986328125 0.06770833333333333
7 0.52685546875 0.040364583333333336 0.0595703125 0.028645833333333332
7 0.625 0.016927083333333332 0.052734375 0.028645833333333332
0 0.65576171875 0.033854166666666664 0.1435546875 0.06770833333333333
7 0.65576171875 0.040364583333333336 0.1142578125 0.028645833333333332
7 0.81884765625 0.016927083333333332 0.1474609375 0.028645833333333332
0 0.81884765625 0.033854166666666664 0.1767578125 0.06770833333333333
7 0.8095703125 0.040364583333333336 0.12890625 0.028645833333333332
7 0.94970703125 0.028645833333333332 0.0498046875 0.028645833333333332
0 0.94970703125 0.027994791666666668 0.0791015625 0.055989583333333336
4 0.64990234375 0.2897135416666667 0.7001953125 0.43359375
0 0.64990234375 0.2897135416666667 0.7001953125 0.43359375
2 0.51513671875 0.568359375 0.4248046875 0.040364583333333336
2 0.892578125 0.568359375 0.21484375 0.040364583333333336
6 0.0244140625 0.70703125 0.048828125 0.028645833333333332
6 0.17626953125 0.70703125 0.2119140625 0.028645833333333332
3 0.14990234375 0.859375 0.2998046875 0.1171875
4 0.64990234375 0.8046875 0.7001953125 0.390625
4 0.64990234375 0.6985677083333334 0.7001953125 0.17838541666666666
7 0.68359375 0.8502604166666666 0.46875 0.08333333333333333
7 0.6533203125 0.91796875 0.083984375 0.0234375
7 0.72119140625 0.91796875 0.0537109375 0.0234375