4 0.3076171875 0.234375 0.583984375 0.46875
0 0.3076171875 0.234375 0.583984375 0.46875
2 0.86669921875 0.22265625 0.2666015625 0.046875
7 0.876953125 0.3170572916666667 0.24609375 0.08463541666666667
6 0.982421875 0.3483072916666667 0.0234375 0.022135416666666668
7 0.9951171875 0.3483072916666667 0.00390625 0.022135416666666668
3 0.86669921875 0.423828125 0.2666015625 0.053385416666666664
7 0.2998046875 0.4856770833333333 0.599609375 0.033854166666666664
6 0.09765625 0.546875 0.1953125 0.020833333333333332
7 0.58447265625 0.9368489583333334 0.0126953125 0.016927083333333332
7 0.5966796875 0.9368489583333334 0.005859375 0.016927083333333332
2 0.7998046875 0.50390625 0.400390625 0.0703125
2 0.83154296875 0.6028645833333334 0.3369140625 0.07291666666666667
0 0.9599609375 0.8111979166666666 0.080078125 0.057291666666666664
7 0.7998046875 0.919921875 0.400390625 0.16015625