4 0.27978515625 0.20182291666666666 0.5595703125 0.4036458333333333
2 0.27978515625 0.443359375 0.5595703125 0.03515625
4 0.77978515625 0.16796875 0.4404296875 0.3359375
2 0.78759765625 0.06705729166666667 0.4248046875 0.13411458333333334
7 0.66064453125 0.15364583333333334 0.1708984375 0.03125
0 0.86279296875 0.154296875 0.2333984375 0.032552083333333336
7 0.78759765625 0.17317708333333334 0.4248046875 0.0703125
2 0.77978515625 0.44140625 0.4404296875 0.0546875
4 0.77978515625 0.42578125 0.4404296875 0.12760416666666666
4 0.77978515625 0.42578125 0.4404296875 0.12760416666666666
4 0.27978515625 0.6263020833333334 0.5595703125 0.2734375
2 0.27978515625 0.5130208333333334 0.5595703125 0.046875
7 0.1923828125 0.7610677083333334 0.216796875 0.040364583333333336
0 0.2158203125 0.7630208333333334 0.302734375 0.078125
4 0.25634765625 0.9654947916666666 0.2548828125 0.06901041666666667
4 0.25634765625 0.99609375 0.1865234375 0.0078125
4 0.28076171875 0.9459635416666666 0.5576171875 0.10807291666666667
4 0.33642578125 0.9850260416666666 0.4462890625 0.029947916666666668
4 0.78759765625 0.6139322916666666 0.4248046875 0.15494791666666666
7 0.8662109375 0.7337239583333334 0.15625 0.032552083333333336
6 0.97900390625 0.7337239583333334 0.0419921875 0.032552083333333336
0 0.56982421875 0.865234375 0.0205078125 0.05859375
4 0.564453125 0.8697916666666666 0.0078125 0.010416666666666666
7 0.61962890625 0.865234375 0.0576171875 0.032552083333333336
0 0.62451171875 0.865234375 0.0908203125 0.05859375
4 0.654296875 0.8697916666666666 0.0078125 0.010416666666666666
7 0.7138671875 0.865234375 0.06640625 0.032552083333333336
0 0.7197265625 0.865234375 0.1015625 0.05859375
4 0.7548828125 0.8697916666666666 0.0078125 0.010416666666666666
7 0.8349609375 0.865234375 0.107421875 0.032552083333333336
0 0.83984375 0.865234375 0.140625 0.05859375
4 0.89453125 0.8697916666666666 0.0078125 0.010416666666666666
0 0.93896484375 0.865234375 0.0595703125 0.05859375
0 0.98388671875 0.865234375 0.0322265625 0.05859375
3 0.78076171875 0.96875 0.4384765625 0.0625