6 0.11572265625 0.052734375 0.1123046875 0.024739583333333332
6 0.2451171875 0.052734375 0.048828125 0.024739583333333332
6 0.3740234375 0.052734375 0.111328125 0.024739583333333332
4 0.21484375 0.33984375 0.4296875 0.5
7 0.71484375 0.25 0.5703125 0.5
0 0.71484375 0.25 0.5703125 0.5
7 0.79736328125 0.283203125 0.3310546875 0.053385416666666664
2 0.728515625 0.3717447916666667 0.54296875 0.08723958333333333
4 0.46142578125 0.5397135416666666 0.0634765625 0.037760416666666664
0 0.46142578125 0.5397135416666666 0.0634765625 0.037760416666666664
4 0.21484375 0.8046875 0.4296875 0.390625
0 0.21484375 0.8046875 0.4296875 0.390625
2 0.21484375 0.6647135416666666 0.4296875 0.07942708333333333
4 0.123046875 0.755859375 0.24609375 0.10286458333333333
7 0.16357421875 0.8704427083333334 0.3271484375 0.07421875
7 0.21240234375 0.9212239583333334 0.4248046875 0.07421875
7 0.5947265625 0.7506510416666666 0.02734375 0.03515625
0 0.5947265625 0.7337239583333334 0.08984375 0.048177083333333336
4 0.5947265625 0.7337239583333334 0.08984375 0.048177083333333336
7 0.5947265625 0.7337239583333334 0.060546875 0.024739583333333332
6 0.70703125 0.8919270833333334 0.5546875 0.21614583333333334