7 0.10400390625 0.037109375 0.1708984375 0.05078125
0 0.111328125 0.053385416666666664 0.22265625 0.10677083333333333
6 0.10400390625 0.08268229166666667 0.2021484375 0.032552083333333336
6 0.0419921875 0.13216145833333334 0.083984375 0.024739583333333332
6 0.12939453125 0.13216145833333334 0.0634765625 0.024739583333333332
6 0.20068359375 0.13216145833333334 0.0517578125 0.024739583333333332
6 0.10009765625 0.19401041666666666 0.2001953125 0.033854166666666664
3 0.62939453125 0.024088541666666668 0.4990234375 0.048177083333333336
4 0.68994140625 0.17903645833333334 0.6201171875 0.22005208333333334
0 0.68994140625 0.17903645833333334 0.6201171875 0.22005208333333334
4 0.33837890625 0.4095052083333333 0.0830078125 0.14713541666666666
0 0.24169921875 0.4140625 0.2763671875 0.15625
2 0.68505859375 0.3489583333333333 0.6103515625 0.07291666666666667
6 0.69970703125 0.4583333333333333 0.2705078125 0.03125
6 0.71142578125 0.5104166666666666 0.2939453125 0.03125
7 0.52685546875 0.671875 0.2939453125 0.041666666666666664
7 0.46044921875 0.8326822916666666 0.1611328125 0.024739583333333332
6 0.59375 0.8326822916666666 0.10546875 0.024739583333333332
7 0.51513671875 0.8639322916666666 0.2705078125 0.08723958333333333
6 0.39599609375 0.9485677083333334 0.0322265625 0.024739583333333332
6 0.48779296875 0.9485677083333334 0.1044921875 0.024739583333333332
6 0.619140625 0.9485677083333334 0.111328125 0.024739583333333332
6 0.39208984375 0.9798177083333334 0.0244140625 0.024739583333333332
6 0.45751953125 0.9798177083333334 0.0595703125 0.024739583333333332