6 0.02880859375 0.039713541666666664 0.0576171875 0.024739583333333332
6 0.10302734375 0.039713541666666664 0.0634765625 0.024739583333333332
6 0.173828125 0.039713541666666664 0.05078125 0.024739583333333332
6 0.27001953125 0.039713541666666664 0.1025390625 0.024739583333333332
6 0.36669921875 0.039713541666666664 0.0634765625 0.024739583333333332
6 0.4208984375 0.039713541666666664 0.017578125 0.024739583333333332
7 0.076171875 0.1015625 0.15234375 0.033854166666666664
6 0.291015625 0.1015625 0.27734375 0.033854166666666664
6 0.392578125 0.228515625 0.07421875 0.024739583333333332
7 0.21484375 0.2864583333333333 0.4296875 0.028645833333333332
7 0.12744140625 0.3313802083333333 0.2548828125 0.024739583333333332
6 0.34228515625 0.3313802083333333 0.1748046875 0.024739583333333332
4 0.08203125 0.4368489583333333 0.0390625 0.024739583333333332
0 0.08203125 0.4368489583333333 0.0390625 0.024739583333333332
7 0.14794921875 0.4368489583333333 0.0654296875 0.024739583333333332
6 0.20751953125 0.4368489583333333 0.0537109375 0.024739583333333332
7 0.26806640625 0.4368489583333333 0.0673828125 0.024739583333333332
6 0.22998046875 0.4368489583333333 0.2255859375 0.024739583333333332
0 0.71484375 0.12760416666666666 0.5703125 0.18489583333333334
2 0.71484375 0.07486979166666667 0.5703125 0.07942708333333333
6 0.71484375 0.17643229166666666 0.5703125 0.08723958333333333
0 0.71484375 0.330078125 0.5703125 0.17057291666666666
2 0.71484375 0.2649739583333333 0.5703125 0.040364583333333336
6 0.71484375 0.3483072916666667 0.5703125 0.08723958333333333
7 0.05615234375 0.5266927083333334 0.1123046875 0.02734375
7 0.20361328125 0.5266927083333334 0.1787109375 0.022135416666666668
7 0.0322265625 0.630859375 0.064453125 0.02734375
7 0.15966796875 0.630859375 0.1865234375 0.022135416666666668
7 0.16943359375 0.7350260416666666 0.3193359375 0.022135416666666668
3 0.71484375 0.5045572916666666 0.5703125 0.11067708333333333
3 0.6728515625 0.4934895833333333 0.486328125 0.06510416666666667
4 0.6728515625 0.7779947916666666 0.486328125 0.4440104166666667
0 0.6728515625 0.7779947916666666 0.486328125 0.4440104166666667
3 0.9677734375 0.4733072916666667 0.064453125 0.048177083333333336
4 0.9677734375 0.603515625 0.064453125 0.12109375
2 0.9677734375 0.693359375 0.064453125 0.045572916666666664
4 0.9677734375 0.791015625 0.064453125 0.12109375
2 0.9677734375 0.880859375 0.064453125 0.045572916666666664
0 0.9677734375 0.9251302083333334 0.064453125 0.014322916666666666