2 0.2099609375 0.19791666666666666 0.419921875 0.08072916666666667
0 0.2099609375 0.13216145833333334 0.419921875 0.2643229166666667
3 0.26171875 0.3619791666666667 0.31640625 0.1171875
2 0.6171875 0.119140625 0.39453125 0.02734375
7 0.62109375 0.18294270833333334 0.40234375 0.04296875
6 0.6318359375 0.19466145833333334 0.154296875 0.01953125
7 0.71875 0.19466145833333334 0.01953125 0.01953125
6 0.7646484375 0.19466145833333334 0.07421875 0.01953125
7 0.8017578125 0.19466145833333334 0.00390625 0.01953125
4 0.6220703125 0.34765625 0.404296875 0.18229166666666666
4 0.89013671875 0.2630208333333333 0.0048828125 0.3515625
2 0.9658203125 0.07877604166666667 0.068359375 0.022135416666666668
6 0.9658203125 0.10611979166666667 0.068359375 0.022135416666666668
6 0.9658203125 0.12955729166666666 0.068359375 0.022135416666666668
6 0.9658203125 0.15299479166666666 0.068359375 0.022135416666666668
7 0.9658203125 0.18489583333333334 0.068359375 0.0390625
2 0.9658203125 0.259765625 0.068359375 0.02734375
2 0.9658203125 0.2936197916666667 0.068359375 0.02734375
7 0.9443359375 0.341796875 0.025390625 0.01953125
6 0.978515625 0.341796875 0.04296875 0.01953125
7 0.9658203125 0.365234375 0.068359375 0.06640625
7 0.1123046875 0.65625 0.224609375 0.10677083333333333
7 0.25048828125 0.65625 0.0537109375 0.10677083333333333
7 0.2099609375 0.8743489583333334 0.419921875 0.05859375
7 0.0478515625 0.939453125 0.095703125 0.05078125
7 0.20703125 0.939453125 0.22265625 0.05078125
7 0.3212890625 0.939453125 0.005859375 0.05078125
7 0.2099609375 0.9876302083333334 0.419921875 0.024739583333333332
1 0.51904296875 0.5130208333333334 0.1982421875 0.078125
4 0.638671875 0.51171875 0.013671875 0.026041666666666668
1 0.7314453125 0.5130208333333334 0.224609375 0.078125
0 0.892578125 0.5130208333333334 0.09765625 0.078125
4 0.7099609375 0.57421875 0.580078125 0.2708333333333333
0 0.44677734375 0.5989583333333334 0.0537109375 0.026041666666666668
7 0.44677734375 0.6009114583333334 0.0537109375 0.01953125
4 0.50048828125 0.5989583333333334 0.0166015625 0.020833333333333332
0 0.5380859375 0.5989583333333334 0.091796875 0.026041666666666668
7 0.54833984375 0.6009114583333334 0.0712890625 0.01953125
4 0.61083984375 0.5989583333333334 0.0166015625 0.020833333333333332
0 0.64794921875 0.5989583333333334 0.0908203125 0.026041666666666668
7 0.658203125 0.6009114583333334 0.0703125 0.01953125
4 0.72021484375 0.5989583333333334 0.0166015625 0.020833333333333332
0 0.74658203125 0.5989583333333334 0.0693359375 0.026041666666666668
7 0.75634765625 0.6009114583333334 0.0478515625 0.01953125
4 0.80810546875 0.5989583333333334 0.0166015625 0.020833333333333332
0 0.8486328125 0.5989583333333334 0.09765625 0.026041666666666668
7 0.859375 0.6009114583333334 0.078125 0.01953125
4 0.92431640625 0.5989583333333334 0.0166015625 0.020833333333333332
0 0.95458984375 0.5989583333333334 0.0771484375 0.026041666666666668
7 0.96484375 0.6009114583333334 0.056640625 0.01953125
4 0.43798828125 0.755859375 0.0361328125 0.04296875
2 0.7099609375 0.8209635416666666 0.580078125 0.02734375
7 0.525390625 0.8678385416666666 0.2109375 0.022135416666666668
7 0.5419921875 0.884765625 0.244140625 0.055989583333333336
7 0.5244140625 0.9016927083333334 0.208984375 0.022135416666666668
0 0.46484375 0.97265625 0.08984375 0.0546875