2 0.22900390625 0.1171875 0.4580078125 0.08072916666666667
0 0.23486328125 0.091796875 0.4697265625 0.18359375
2 0.22900390625 0.322265625 0.4580078125 0.016927083333333332
0 0.23486328125 0.3138020833333333 0.4697265625 0.2604166666666667
2 0.22900390625 0.3776041666666667 0.4580078125 0.08072916666666667
4 0.73486328125 0.08333333333333333 0.5302734375 0.16666666666666666
7 0.72607421875 0.015625 0.5126953125 0.03125
7 0.72607421875 0.046875 0.5126953125 0.03125
2 0.72607421875 0.23828125 0.5126953125 0.033854166666666664
7 0.57080078125 0.271484375 0.2021484375 0.01953125
7 0.5634765625 0.2897135416666667 0.1875 0.01953125
4 0.556640625 0.4264322916666667 0.173828125 0.18619791666666666
4 0.70703125 0.484375 0.083984375 0.0703125
7 0.67919921875 0.4615885416666667 0.0224609375 0.029947916666666668
4 0.68505859375 0.3723958333333333 0.0791015625 0.10677083333333333
7 0.65771484375 0.3313802083333333 0.0224609375 0.029947916666666668
4 0.791015625 0.3873697916666667 0.07421875 0.10026041666666667
7 0.76513671875 0.349609375 0.0224609375 0.029947916666666668
4 0.8505859375 0.4798177083333333 0.0703125 0.07942708333333333
7 0.82568359375 0.4524739583333333 0.0224609375 0.029947916666666668
4 0.93603515625 0.5 0.0615234375 0.0390625
7 0.91259765625 0.4928385416666667 0.0224609375 0.029947916666666668
4 0.912109375 0.3736979166666667 0.056640625 0.07552083333333333
7 0.89013671875 0.3483072916666667 0.0224609375 0.029947916666666668
6 0.1279296875 0.6393229166666666 0.10546875 0.0234375
0 0.14208984375 0.6393229166666666 0.2841796875 0.0625
4 0.23486328125 0.8046875 0.4697265625 0.24739583333333334
4 0.23486328125 0.8046875 0.4697265625 0.24739583333333334
2 0.23486328125 0.9791666666666666 0.4697265625 0.041666666666666664
2 0.64453125 0.650390625 0.349609375 0.029947916666666668
0 0.94775390625 0.6484375 0.1044921875 0.020833333333333332
6 0.52001953125 0.72265625 0.1005859375 0.020833333333333332
4 0.58349609375 0.7239583333333334 0.0146484375 0.015625
0 0.61572265625 0.7252604166666666 0.0400390625 0.020833333333333332
6 0.5205078125 0.7578125 0.1015625 0.020833333333333332
4 0.583984375 0.7591145833333334 0.013671875 0.015625
0 0.6162109375 0.7604166666666666 0.0390625 0.020833333333333332
6 0.513671875 0.79296875 0.087890625 0.020833333333333332
4 0.5703125 0.7942708333333334 0.013671875 0.015625
0 0.6025390625 0.7955729166666666 0.0390625 0.020833333333333332
6 0.513671875 0.828125 0.087890625 0.020833333333333332
4 0.5703125 0.8294270833333334 0.013671875 0.015625
0 0.6025390625 0.8307291666666666 0.0390625 0.020833333333333332
6 0.5205078125 0.86328125 0.1015625 0.020833333333333332
4 0.583984375 0.8645833333333334 0.013671875 0.015625
0 0.6162109375 0.8658854166666666 0.0390625 0.020833333333333332
6 0.5205078125 0.8984375 0.1015625 0.020833333333333332
4 0.583984375 0.8997395833333334 0.013671875 0.015625
0 0.6162109375 0.9010416666666666 0.0390625 0.020833333333333332
6 0.51953125 0.93359375 0.099609375 0.020833333333333332
4 0.58154296875 0.9348958333333334 0.0146484375 0.015625
0 0.61376953125 0.9361979166666666 0.0400390625 0.020833333333333332
6 0.5205078125 0.96875 0.1015625 0.020833333333333332
4 0.583984375 0.9700520833333334 0.013671875 0.015625
0 0.6162109375 0.9713541666666666 0.0390625 0.020833333333333332
2 0.75390625 0.7330729166666666 0.134765625 0.0234375
4 0.81201171875 0.728515625 0.0205078125 0.032552083333333336
4 0.75390625 0.8248697916666666 0.154296875 0.13671875
6 0.748046875 0.9270833333333334 0.123046875 0.020833333333333332
2 0.919921875 0.7330729166666666 0.134765625 0.0234375
4 0.97802734375 0.728515625 0.0205078125 0.032552083333333336
4 0.919921875 0.8248697916666666 0.154296875 0.13671875
6 0.9140625 0.9401041666666666 0.123046875 0.046875
0 0.94970703125 0.9557291666666666 0.0400390625 0.020833333333333332
7 0.919921875 0.9817708333333334 0.154296875 0.018229166666666668
7 0.919921875 0.9954427083333334 0.154296875 0.009114583333333334