7 0.34033203125 0.022135416666666668 0.5927734375 0.044270833333333336
2 0.83984375 0.2571614583333333 0.3203125 0.10546875
1 0.33984375 0.390625 0.6796875 0.046875
2 0.14208984375 0.6842447916666666 0.2841796875 0.10546875
7 0.14208984375 0.830078125 0.2841796875 0.15755208333333334
0 0.0244140625 0.9720052083333334 0.048828125 0.055989583333333336
0 0.15234375 0.9759114583333334 0.13671875 0.032552083333333336
4 0.54345703125 0.7864583333333334 0.2724609375 0.4166666666666667
7 0.70703125 0.4700520833333333 0.0546875 0.033854166666666664
7 0.80078125 0.568359375 0.2421875 0.032552083333333336
4 0.96826171875 0.587890625 0.0634765625 0.05859375
2 0.7958984375 0.7747395833333334 0.232421875 0.06510416666666667
7 0.7958984375 0.8430989583333334 0.232421875 0.032552083333333336
7 0.7958984375 0.8756510416666666 0.232421875 0.032552083333333336
1 0.77587890625 0.9440104166666666 0.1923828125 0.052083333333333336
0 0.8916015625 0.9440104166666666 0.0390625 0.052083333333333336
6 0.97802734375 0.8912760416666666 0.0439453125 0.02734375
6 0.97802734375 0.923828125 0.0439453125 0.02734375
6 0.97802734375 0.9563802083333334 0.0439453125 0.02734375