7 0.0712890625 0.016927083333333332 0.142578125 0.033854166666666664
0 0.10693359375 0.02734375 0.2138671875 0.0546875
7 0.09033203125 0.11328125 0.1806640625 0.08854166666666667
0 0.10693359375 0.11588541666666667 0.2138671875 0.125
7 0.640625 0.23893229166666666 0.037109375 0.029947916666666668
0 0.62744140625 0.23958333333333334 0.0634765625 0.046875
7 0.546875 0.19270833333333334 0.03515625 0.0625
2 0.2822265625 0.18229166666666666 0.564453125 0.041666666666666664
7 0.27880859375 0.2701822916666667 0.5576171875 0.09765625
7 0.82958984375 0.2890625 0.3408203125 0.041666666666666664
6 0.91064453125 0.30078125 0.0712890625 0.018229166666666668
7 0.958984375 0.30078125 0.02734375 0.018229166666666668
6 0.98583984375 0.30078125 0.0283203125 0.018229166666666668
4 0.8349609375 0.15950520833333334 0.330078125 0.3190104166666667
7 0.32958984375 0.6595052083333334 0.6591796875 0.6809895833333334
0 0.32958984375 0.6595052083333334 0.6591796875 0.6809895833333334
7 0.4619140625 0.8665364583333334 0.2265625 0.040364583333333336
2 0.33984375 0.953125 0.638671875 0.09375
0 0.97607421875 0.92578125 0.0478515625 0.0234375
4 0.71484375 0.421875 0.111328125 0.0390625
0 0.71484375 0.4205729166666667 0.111328125 0.026041666666666668
0 0.9033203125 0.4244791666666667 0.07421875 0.018229166666666668
0 0.9697265625 0.4244791666666667 0.056640625 0.018229166666666668
0 0.6865234375 0.4798177083333333 0.0546875 0.01953125
0 0.75927734375 0.4798177083333333 0.0908203125 0.01953125
0 0.83642578125 0.4798177083333333 0.0634765625 0.01953125
0 0.896484375 0.4798177083333333 0.056640625 0.01953125
0 0.96240234375 0.4798177083333333 0.0751953125 0.01953125
0 0.82958984375 0.5462239583333334 0.3408203125 0.04296875
7 0.82958984375 0.5462239583333334 0.3408203125 0.04296875
7 0.82958984375 0.607421875 0.3408203125 0.029947916666666668
0 0.82958984375 0.7962239583333334 0.3408203125 0.4075520833333333
2 0.7783203125 0.6536458333333334 0.23828125 0.0625
4 0.82958984375 0.849609375 0.3408203125 0.30078125