4 0.03662109375 0.012369791666666666 0.0732421875 0.024739583333333332
0 0.10986328125 0.018880208333333332 0.2197265625 0.037760416666666664
7 0.0576171875 0.09505208333333333 0.115234375 0.059895833333333336
0 0.10986328125 0.09635416666666667 0.2197265625 0.09375
7 0.0927734375 0.20182291666666666 0.185546875 0.08854166666666667
0 0.10986328125 0.20442708333333334 0.2197265625 0.125
7 0.07421875 0.3098958333333333 0.1484375 0.057291666666666664
0 0.10986328125 0.3125 0.2197265625 0.09375
7 0.09326171875 0.41796875 0.1865234375 0.08854166666666667
0 0.10986328125 0.4205729166666667 0.2197265625 0.125
2 0.24462890625 0.4869791666666667 0.4892578125 0.041666666666666664
7 0.24462890625 0.5677083333333334 0.4892578125 0.08333333333333333
4 0.74462890625 0.2526041666666667 0.5107421875 0.5052083333333334
0 0.74462890625 0.2526041666666667 0.5107421875 0.5052083333333334
0 0.50048828125 0.4401041666666667 0.0224609375 0.052083333333333336
2 0.74462890625 0.3001302083333333 0.5107421875 0.6002604166666666
7 0.0224609375 0.6497395833333334 0.044921875 0.0234375
0 0.0302734375 0.65234375 0.060546875 0.07291666666666667
7 0.10107421875 0.6497395833333334 0.0498046875 0.0234375
0 0.10107421875 0.65234375 0.0810546875 0.07291666666666667
7 0.17529296875 0.6497395833333334 0.0361328125 0.0234375
0 0.17529296875 0.65234375 0.0673828125 0.07291666666666667
0 0.24267578125 0.65234375 0.0673828125 0.07291666666666667
0 0.34033203125 0.65234375 0.1279296875 0.07291666666666667
0 0.44677734375 0.65234375 0.0849609375 0.07291666666666667
7 0.24462890625 0.904296875 0.4892578125 0.15755208333333334
0 0.24462890625 0.8046875 0.4892578125 0.390625
6 0.24462890625 0.9908854166666666 0.4892578125 0.018229166666666668
7 0.6123046875 0.6875 0.24609375 0.08854166666666667
6 0.5419921875 0.7662760416666666 0.10546875 0.022135416666666668
7 0.5966796875 0.8190104166666666 0.21484375 0.044270833333333336
6 0.572265625 0.830078125 0.060546875 0.022135416666666668
7 0.59814453125 0.8411458333333334 0.2177734375 0.044270833333333336
7 0.60693359375 0.9615885416666666 0.2353515625 0.06640625
6 0.5615234375 0.9837239583333334 0.14453125 0.022135416666666668
7 0.63623046875 0.9837239583333334 0.0048828125 0.022135416666666668
7 0.87451171875 0.6171875 0.1376953125 0.015625
7 0.90673828125 0.638671875 0.1865234375 0.01953125
7 0.90283203125 0.658203125 0.1943359375 0.022135416666666668
7 0.8701171875 0.6803385416666666 0.12890625 0.022135416666666668
7 0.90673828125 0.705078125 0.1865234375 0.01953125
7 0.87451171875 0.724609375 0.1376953125 0.022135416666666668
7 0.90673828125 0.7493489583333334 0.1865234375 0.01953125
7 0.90283203125 0.7688802083333334 0.1943359375 0.022135416666666668
7 0.90283203125 0.7799479166666666 0.1943359375 0.044270833333333336
7 0.91015625 0.8157552083333334 0.1796875 0.01953125
6 0.90283203125 0.8587239583333334 0.1943359375 0.022135416666666668
7 0.83984375 0.8795572916666666 0.068359375 0.01953125
7 0.90283203125 0.9446614583333334 0.1943359375 0.11067708333333333