4 0.07568359375 0.19921875 0.1513671875 0.20052083333333334
0 0.08544921875 0.19921875 0.1708984375 0.20052083333333334
4 0.2783203125 0.19921875 0.17578125 0.20052083333333334
0 0.2783203125 0.19921875 0.21484375 0.20052083333333334
0 0.7548828125 0.14973958333333334 0.490234375 0.2994791666666667
0 0.46630859375 0.3157552083333333 0.0244140625 0.032552083333333336
4 0.2392578125 0.7623697916666666 0.478515625 0.4361979166666667
3 0.271484375 0.9401041666666666 0.4453125 0.11979166666666667
2 0.7548828125 0.4856770833333333 0.490234375 0.328125
7 0.7548828125 0.724609375 0.490234375 0.055989583333333336
0 0.58447265625 0.8678385416666666 0.1494140625 0.10026041666666667