7 0.2646484375 0.022786458333333332 0.529296875 0.045572916666666664
6 0.06640625 0.08984375 0.1328125 0.020833333333333332
7 0.52197265625 0.4798177083333333 0.0126953125 0.016927083333333332
7 0.974609375 0.061848958333333336 0.041015625 0.055989583333333336
4 0.6083984375 0.061848958333333336 0.158203125 0.10026041666666667
0 0.7353515625 0.061848958333333336 0.412109375 0.10286458333333333
4 0.62109375 0.061848958333333336 0.1328125 0.10026041666666667
7 0.71728515625 0.024088541666666668 0.0380859375 0.02734375
7 0.814453125 0.037760416666666664 0.232421875 0.049479166666666664
4 0.97119140625 0.061848958333333336 0.0576171875 0.10026041666666667
0 0.970703125 0.061848958333333336 0.05859375 0.10286458333333333
4 0.99560546875 0.061848958333333336 0.0087890625 0.10026041666666667
0 0.76220703125 0.3190104166666667 0.4658203125 0.18489583333333334
2 0.7626953125 0.2662760416666667 0.466796875 0.07942708333333333
6 0.7626953125 0.3678385416666667 0.466796875 0.08723958333333333
0 0.76220703125 0.4830729166666667 0.4658203125 0.09375
2 0.7626953125 0.4563802083333333 0.466796875 0.040364583333333336
6 0.7626953125 0.5130208333333334 0.466796875 0.033854166666666664
2 0.1865234375 0.5826822916666666 0.373046875 0.05859375
7 0.05224609375 0.6959635416666666 0.1044921875 0.024739583333333332
0 0.099609375 0.697265625 0.19921875 0.06380208333333333
7 0.29638671875 0.6959635416666666 0.1181640625 0.024739583333333332
0 0.33544921875 0.697265625 0.1962890625 0.06380208333333333
2 0.1455078125 0.98046875 0.291015625 0.0390625
7 0.62939453125 0.5364583333333334 0.1630859375 0.013020833333333334
0 0.556640625 0.6393229166666666 0.0546875 0.11197916666666667
0 0.650390625 0.6393229166666666 0.064453125 0.11197916666666667
0 0.92724609375 0.6393229166666666 0.1181640625 0.11197916666666667
1 0.78369140625 0.736328125 0.0498046875 0.04296875
7 0.85302734375 0.736328125 0.0908203125 0.04296875
0 0.85302734375 0.736328125 0.0908203125 0.04296875
1 0.93896484375 0.736328125 0.0615234375 0.04296875
2 0.74755859375 0.6002604166666666 0.4365234375 0.033854166666666664
4 0.7646484375 0.8470052083333334 0.470703125 0.3059895833333333