3 0.3427734375 0.20963541666666666 0.15625 0.4192708333333333
7 0.119140625 0.026041666666666668 0.23828125 0.052083333333333336
7 0.11572265625 0.061848958333333336 0.2314453125 0.05859375
4 0.533203125 0.035807291666666664 0.06640625 0.06640625
7 0.7197265625 0.022786458333333332 0.115234375 0.024739583333333332
7 0.71826171875 0.048828125 0.1123046875 0.024739583333333332
7 0.9208984375 0.035807291666666664 0.158203125 0.06640625
6 0.64794921875 0.09244791666666667 0.0791015625 0.026041666666666668
2 0.57177734375 0.134765625 0.1435546875 0.029947916666666668
2 0.142578125 0.548828125 0.28515625 0.08463541666666667
7 0.0498046875 0.646484375 0.099609375 0.05859375
0 0.03173828125 0.73046875 0.0634765625 0.033854166666666664
4 0.42822265625 0.5865885416666666 0.1435546875 0.3346354166666667
7 0.08935546875 0.955078125 0.0302734375 0.024739583333333332
7 0.14111328125 0.955078125 0.0751953125 0.024739583333333332
7 0.19287109375 0.955078125 0.0302734375 0.024739583333333332
2 0.0703125 0.99609375 0.09375 0.0078125
2 0.19140625 0.99609375 0.150390625 0.0078125
7 0.046875 0.8580729166666666 0.09375 0.1015625
0 0.02587890625 0.96875 0.0517578125 0.041666666666666664
0 0.04541015625 0.9225260416666666 0.0908203125 0.024739583333333332
3 0.63232421875 0.6848958333333334 0.2646484375 0.4739583333333333