0 0.42236328125 0.026041666666666668 0.0537109375 0.028645833333333332
4 0.1044921875 0.022135416666666668 0.208984375 0.044270833333333336
0 0.1044921875 0.021484375 0.208984375 0.04296875
0 0.01806640625 0.07421875 0.0283203125 0.03125
0 0.0537109375 0.07421875 0.0390625 0.03125
0 0.091796875 0.07421875 0.033203125 0.03125
0 0.1259765625 0.07421875 0.03125 0.03125
0 0.162109375 0.07421875 0.037109375 0.03125
0 0.21044921875 0.07421875 0.0556640625 0.03125
0 0.2724609375 0.07421875 0.064453125 0.03125
0 0.34033203125 0.07421875 0.0654296875 0.03125
0 0.39306640625 0.07421875 0.0361328125 0.03125
4 0.0517578125 0.14908854166666666 0.0546875 0.07161458333333333
0 0.0517578125 0.14908854166666666 0.0546875 0.07161458333333333
2 0.15771484375 0.1328125 0.1396484375 0.018229166666666668
0 0.1806640625 0.14908854166666666 0.185546875 0.06380208333333333
6 0.1806640625 0.16080729166666666 0.185546875 0.040364583333333336
4 0.31982421875 0.146484375 0.0341796875 0.029947916666666668
7 0.35546875 0.13606770833333334 0.03125 0.01953125
7 0.3876953125 0.13736979166666666 0.01953125 0.014322916666666666
7 0.4072265625 0.13736979166666666 0.017578125 0.014322916666666666
7 0.3857421875 0.15755208333333334 0.091796875 0.020833333333333332
4 0.11328125 0.384765625 0.2265625 0.2903645833333333
0 0.11328125 0.384765625 0.2265625 0.2903645833333333
2 0.29443359375 0.24088541666666666 0.0673828125 0.020833333333333332
7 0.3740234375 0.24088541666666666 0.07421875 0.020833333333333332
2 0.28076171875 0.2903645833333333 0.0400390625 0.018229166666666668
0 0.28564453125 0.2903645833333333 0.0498046875 0.018229166666666668
2 0.35791015625 0.34375 0.1806640625 0.06510416666666667
2 0.3583984375 0.4231770833333333 0.181640625 0.06510416666666667
2 0.35546875 0.5 0.17578125 0.059895833333333336
4 0.724609375 0.2649739583333333 0.55078125 0.5299479166666666
0 0.251953125 0.5983072916666666 0.220703125 0.04296875
2 0.03466796875 0.8717447916666666 0.0693359375 0.022135416666666668
4 0.251953125 0.7858072916666666 0.0546875 0.06640625
2 0.251953125 0.8717447916666666 0.30078125 0.022135416666666668
7 0.251953125 0.9459635416666666 0.30078125 0.10807291666666667
0 0.537109375 0.5338541666666666 0.08203125 0.0078125
0 0.6279296875 0.5338541666666666 0.09375 0.0078125
0 0.72314453125 0.5338541666666666 0.0908203125 0.0078125
2 0.54052734375 0.7623697916666666 0.0927734375 0.09505208333333333
2 0.619140625 0.771484375 0.06640625 0.08203125
2 0.8251953125 0.7623697916666666 0.349609375 0.09505208333333333
7 0.7890625 0.8912760416666666 0.412109375 0.10546875
0 0.71826171875 0.9876302083333334 0.1376953125 0.024739583333333332
0 0.861328125 0.98828125 0.134765625 0.0234375