3 0.2646484375 0.12630208333333334 0.529296875 0.2526041666666667
0 0.08740234375 0.2766927083333333 0.0595703125 0.029947916666666668
0 0.14697265625 0.2766927083333333 0.0615234375 0.029947916666666668
0 0.1953125 0.2766927083333333 0.037109375 0.029947916666666668
0 0.47021484375 0.2799479166666667 0.1181640625 0.041666666666666664
0 0.47021484375 0.2799479166666667 0.1181640625 0.041666666666666664
4 0.1728515625 0.3352864583333333 0.345703125 0.07682291666666667
0 0.1728515625 0.3346354166666667 0.345703125 0.07552083333333333
0 0.02978515625 0.4036458333333333 0.0478515625 0.03125
0 0.076171875 0.4036458333333333 0.041015625 0.03125
0 0.11865234375 0.4036458333333333 0.0400390625 0.03125
0 0.15478515625 0.4036458333333333 0.0283203125 0.03125
0 0.1904296875 0.4036458333333333 0.0390625 0.03125
0 0.228515625 0.4036458333333333 0.033203125 0.03125
0 0.2626953125 0.4036458333333333 0.03125 0.03125
0 0.298828125 0.4036458333333333 0.037109375 0.03125
0 0.34716796875 0.4036458333333333 0.0556640625 0.03125
0 0.4091796875 0.4036458333333333 0.064453125 0.03125
0 0.47705078125 0.4036458333333333 0.0654296875 0.03125
0 0.5205078125 0.4036458333333333 0.017578125 0.03125
2 0.04736328125 0.4713541666666667 0.0947265625 0.015625
0 0.06591796875 0.4680989583333333 0.1318359375 0.022135416666666668
4 0.1884765625 0.4609375 0.0546875 0.036458333333333336
0 0.1884765625 0.4609375 0.0546875 0.036458333333333336
2 0.29443359375 0.4622395833333333 0.1396484375 0.018229166666666668
0 0.3173828125 0.462890625 0.185546875 0.032552083333333336
6 0.3173828125 0.474609375 0.185546875 0.009114583333333334
4 0.45654296875 0.4700520833333333 0.0341796875 0.018229166666666668
7 0.4921875 0.4654947916666667 0.03125 0.01953125
7 0.52197265625 0.466796875 0.0146484375 0.014322916666666666
3 0.7646484375 0.09244791666666667 0.470703125 0.18489583333333334
1 0.8203125 0.2923177083333333 0.359375 0.05859375
2 0.7763671875 0.416015625 0.447265625 0.03515625
6 0.6181640625 0.4615885416666667 0.130859375 0.029947916666666668
6 0.72802734375 0.4615885416666667 0.0771484375 0.029947916666666668
6 0.88232421875 0.4615885416666667 0.1123046875 0.029947916666666668
6 0.9814453125 0.4615885416666667 0.037109375 0.029947916666666668
7 0.2646484375 0.7395833333333334 0.529296875 0.5208333333333334
6 0.15283203125 0.4986979166666667 0.0283203125 0.020833333333333332
6 0.20361328125 0.4986979166666667 0.0595703125 0.020833333333333332
0 0.00537109375 0.5279947916666666 0.0107421875 0.029947916666666668
0 0.03369140625 0.5279947916666666 0.0224609375 0.029947916666666668
0 0.06787109375 0.5279947916666666 0.0224609375 0.029947916666666668
0 0.10302734375 0.5279947916666666 0.0224609375 0.029947916666666668
0 0.13720703125 0.5279947916666666 0.0224609375 0.029947916666666668
0 0.17138671875 0.5279947916666666 0.0224609375 0.029947916666666668
0 0.20556640625 0.5279947916666666 0.0224609375 0.029947916666666668
0 0.23974609375 0.5279947916666666 0.0224609375 0.029947916666666668
0 0.27490234375 0.5279947916666666 0.0224609375 0.029947916666666668
0 0.30908203125 0.5279947916666666 0.0224609375 0.029947916666666668
0 0.34326171875 0.5279947916666666 0.0224609375 0.029947916666666668
0 0.37744140625 0.5279947916666666 0.0224609375 0.029947916666666668
0 0.41162109375 0.5279947916666666 0.0224609375 0.029947916666666668
0 0.4462890625 0.5279947916666666 0.021484375 0.029947916666666668
0 0.48095703125 0.5279947916666666 0.0224609375 0.029947916666666668
0 0.51513671875 0.5279947916666666 0.0224609375 0.029947916666666668
4 0.08154296875 0.8196614583333334 0.1630859375 0.26171875
0 0.08203125 0.84375 0.1640625 0.3125
2 0.07177734375 0.9876302083333334 0.1435546875 0.024739583333333332
4 0.326171875 0.8196614583333334 0.27734375 0.26171875
0 0.326171875 0.84375 0.279296875 0.3125
2 0.326171875 0.9876302083333334 0.23828125 0.024739583333333332
0 0.53662109375 0.5084635416666666 0.0146484375 0.05859375
0 0.560546875 0.5084635416666666 0.033203125 0.05859375
0 0.59375 0.5084635416666666 0.033203125 0.05859375
0 0.9091796875 0.501953125 0.1015625 0.045572916666666664
4 0.7646484375 0.67578125 0.470703125 0.2760416666666667
2 0.7646484375 0.6119791666666666 0.470703125 0.0390625
7 0.7646484375 0.6627604166666666 0.470703125 0.03125
7 0.7646484375 0.6940104166666666 0.470703125 0.03125
2 0.7646484375 0.8854166666666666 0.470703125 0.033854166666666664
7 0.88037109375 0.9186197916666666 0.2392578125 0.01953125
7 0.8876953125 0.9368489583333334 0.224609375 0.01953125
7 0.71044921875 0.9895833333333334 0.0224609375 0.020833333333333332
4 0.578125 0.9837239583333334 0.068359375 0.032552083333333336
7 0.55322265625 0.9798177083333334 0.0224609375 0.029947916666666668
4 0.65380859375 0.986328125 0.0517578125 0.02734375
7 0.63232421875 0.9850260416666666 0.0224609375 0.029947916666666668