4 0.052734375 0.193359375 0.10546875 0.22005208333333334
2 0.04052734375 0.22330729166666666 0.0810546875 0.048177083333333336
7 0.04296875 0.2727864583333333 0.0859375 0.01953125
4 0.052734375 0.4459635416666667 0.10546875 0.22005208333333334
7 0.04296875 0.525390625 0.0859375 0.01953125
7 0.14794921875 0.08919270833333333 0.0458984375 0.016927083333333332
2 0.25439453125 0.11588541666666667 0.2587890625 0.020833333333333332
7 0.17578125 0.14388020833333334 0.1015625 0.01953125
4 0.35498046875 0.14518229166666666 0.0107421875 0.014322916666666666
7 0.388671875 0.14388020833333334 0.05859375 0.01953125
7 0.15576171875 0.1875 0.0615234375 0.018229166666666668
2 0.27099609375 0.2265625 0.2919921875 0.046875
7 0.17578125 0.2669270833333333 0.1015625 0.020833333333333332
4 0.35498046875 0.267578125 0.0107421875 0.014322916666666666
7 0.388671875 0.2669270833333333 0.05859375 0.020833333333333332
7 0.14111328125 0.3098958333333333 0.0322265625 0.018229166666666668
2 0.27001953125 0.3489583333333333 0.2900390625 0.046875
7 0.17578125 0.3893229166666667 0.1015625 0.020833333333333332
4 0.35498046875 0.3899739583333333 0.0107421875 0.014322916666666666
7 0.388671875 0.3893229166666667 0.05859375 0.020833333333333332
7 0.14794921875 0.43359375 0.0458984375 0.018229166666666668
2 0.26611328125 0.47265625 0.2822265625 0.046875
7 0.17578125 0.5130208333333334 0.1015625 0.020833333333333332
4 0.35498046875 0.513671875 0.0107421875 0.014322916666666666
7 0.388671875 0.5130208333333334 0.05859375 0.020833333333333332
7 0.15576171875 0.5559895833333334 0.0615234375 0.018229166666666668
2 0.2685546875 0.5950520833333334 0.287109375 0.046875
7 0.17578125 0.6354166666666666 0.1015625 0.020833333333333332
4 0.35498046875 0.6360677083333334 0.0107421875 0.014322916666666666
7 0.388671875 0.6354166666666666 0.05859375 0.020833333333333332
7 0.14794921875 0.6783854166666666 0.0458984375 0.018229166666666668
2 0.05224609375 0.6549479166666666 0.1044921875 0.08854166666666667
2 0.224609375 0.6875 0.44921875 0.0234375
0 0.2646484375 0.6822916666666666 0.119140625 0.033854166666666664
4 0.4248046875 0.6731770833333334 0.048828125 0.052083333333333336
2 0.724609375 0.005859375 0.55078125 0.01171875
1 0.681640625 0.08463541666666667 0.46484375 0.028645833333333332
1 0.60693359375 0.12890625 0.0634765625 0.028645833333333332
7 0.68115234375 0.17578125 0.4638671875 0.020833333333333332
7 0.724609375 0.21940104166666666 0.55078125 0.02734375
6 0.619140625 0.3118489583333333 0.17578125 0.01953125
7 0.45361328125 0.34375 0.0087890625 0.015625
7 0.48388671875 0.349609375 0.0537109375 0.016927083333333332
7 0.51416015625 0.34375 0.0087890625 0.015625
7 0.552734375 0.349609375 0.0703125 0.016927083333333332
7 0.59130859375 0.34375 0.0087890625 0.015625
7 0.7197265625 0.349609375 0.25 0.016927083333333332
4 0.09326171875 0.7513020833333334 0.1865234375 0.10416666666666667
4 0.224609375 0.927734375 0.44921875 0.14453125
2 0.0244140625 0.8203125 0.04296875 0.020833333333333332
2 0.08056640625 0.8203125 0.0244140625 0.020833333333333332
2 0.13134765625 0.8203125 0.0322265625 0.020833333333333332
2 0.1884765625 0.8203125 0.0390625 0.020833333333333332
2 0.2607421875 0.8203125 0.060546875 0.020833333333333332
2 0.36181640625 0.8203125 0.0986328125 0.020833333333333332
2 0.44091796875 0.8203125 0.0166015625 0.020833333333333332
3 0.724609375 0.80859375 0.55078125 0.1171875
3 0.7001953125 0.849609375 0.478515625 0.30078125
4 0.724609375 0.849609375 0.55078125 0.30078125