4 0.2119140625 0.14322916666666666 0.275390625 0.25
2 0.2109375 0.2955729166666667 0.2734375 0.018229166666666668
6 0.12841796875 0.3365885416666667 0.0654296875 0.016927083333333332
6 0.10986328125 0.3600260416666667 0.0283203125 0.016927083333333332
6 0.115234375 0.3834635416666667 0.0390625 0.016927083333333332
6 0.12158203125 0.4069010416666667 0.0517578125 0.016927083333333332
6 0.11669921875 0.4303385416666667 0.0419921875 0.016927083333333332
6 0.12158203125 0.4537760416666667 0.0517578125 0.016927083333333332
6 0.22412109375 0.3365885416666667 0.0830078125 0.016927083333333332
6 0.21875 0.3600260416666667 0.072265625 0.016927083333333332
6 0.2333984375 0.3834635416666667 0.1015625 0.016927083333333332
6 0.2099609375 0.4069010416666667 0.0546875 0.016927083333333332
6 0.2138671875 0.4303385416666667 0.0625 0.016927083333333332
6 0.20849609375 0.4537760416666667 0.0517578125 0.016927083333333332
6 0.30419921875 0.4915364583333333 0.0830078125 0.016927083333333332
2 0.2109375 0.5338541666666666 0.2734375 0.018229166666666668
6 0.14794921875 0.5696614583333334 0.1474609375 0.016927083333333332
7 0.2109375 0.6022135416666666 0.2734375 0.04296875
2 0.529296875 0.012369791666666666 0.072265625 0.024739583333333332
2 0.73583984375 0.012369791666666666 0.3427734375 0.024739583333333332
2 0.69970703125 0.072265625 0.3232421875 0.07942708333333333
2 0.7001953125 0.20572916666666666 0.4765625 0.07552083333333333
0 0.59765625 0.353515625 0.1875 0.07421875
0 0.8115234375 0.353515625 0.169921875 0.07421875
6 0.7001953125 0.4427083333333333 0.12890625 0.020833333333333332
7 0.71826171875 0.6145833333333334 0.5634765625 0.028645833333333332
4 0.6748046875 0.814453125 0.650390625 0.37109375