2 0.21826171875 0.390625 0.2216796875 0.018229166666666668
4 0.57421875 0.024739583333333332 0.11328125 0.049479166666666664
2 0.7197265625 0.109375 0.560546875 0.06770833333333333
2 0.7197265625 0.17838541666666666 0.560546875 0.03125
4 0.57421875 0.328125 0.09375 0.125
7 0.044921875 0.4108072916666667 0.046875 0.022135416666666668
0 0.0517578125 0.4212239583333333 0.064453125 0.04296875
7 0.1396484375 0.4108072916666667 0.080078125 0.022135416666666668
0 0.1396484375 0.4212239583333333 0.083984375 0.04296875
7 0.21923828125 0.4108072916666667 0.0439453125 0.022135416666666668
0 0.2255859375 0.4212239583333333 0.060546875 0.04296875
1 0.42041015625 0.4108072916666667 0.0380859375 0.022135416666666668
2 0.09765625 0.6393229166666666 0.1953125 0.15104166666666666
7 0.09765625 0.7376302083333334 0.1953125 0.045572916666666664
7 0.07421875 0.8098958333333334 0.1484375 0.026041666666666668
7 0.072265625 0.8776041666666666 0.14453125 0.09375
7 0.083984375 0.9114583333333334 0.07421875 0.026041666666666668
7 0.07470703125 0.9453125 0.1494140625 0.09375
7 0.36376953125 0.5657552083333334 0.1513671875 0.03515625
7 0.33642578125 0.5970052083333334 0.0341796875 0.03515625
7 0.39599609375 0.5970052083333334 0.0869140625 0.03515625
1 0.34912109375 0.6953125 0.1806640625 0.07291666666666667
1 0.34912109375 0.7877604166666666 0.1806640625 0.07291666666666667
1 0.34912109375 0.880859375 0.1806640625 0.07421875
2 0.56298828125 0.453125 0.2470703125 0.057291666666666664
2 0.5244140625 0.5026041666666666 0.169921875 0.057291666666666664
6 0.64599609375 0.5690104166666666 0.1220703125 0.020833333333333332
0 0.48828125 0.6028645833333334 0.080078125 0.026041666666666668
0 0.5693359375 0.6028645833333334 0.0703125 0.026041666666666668
0 0.640625 0.6028645833333334 0.060546875 0.026041666666666668
0 0.45068359375 0.63671875 0.0224609375 0.026041666666666668
0 0.48828125 0.63671875 0.04296875 0.026041666666666668
0 0.546875 0.63671875 0.0625 0.026041666666666668
0 0.61376953125 0.63671875 0.0595703125 0.026041666666666668
0 0.6728515625 0.63671875 0.048828125 0.026041666666666668
0 0.45263671875 0.6705729166666666 0.0263671875 0.026041666666666668
0 0.49365234375 0.6705729166666666 0.0439453125 0.026041666666666668
0 0.55712890625 0.6705729166666666 0.0712890625 0.026041666666666668
0 0.63427734375 0.6705729166666666 0.0732421875 0.026041666666666668
0 0.45703125 0.7044270833333334 0.03515625 0.026041666666666668
0 0.5068359375 0.7044270833333334 0.052734375 0.026041666666666668
0 0.5615234375 0.7044270833333334 0.046875 0.026041666666666668
0 0.62646484375 0.7044270833333334 0.0712890625 0.026041666666666668
6 0.64306640625 0.79296875 0.1279296875 0.020833333333333332
0 0.4697265625 0.8268229166666666 0.060546875 0.026041666666666668
0 0.54052734375 0.8268229166666666 0.0693359375 0.026041666666666668
0 0.62109375 0.8268229166666666 0.080078125 0.026041666666666668
0 0.470703125 0.8606770833333334 0.0390625 0.026041666666666668
0 0.51806640625 0.8606770833333334 0.0439453125 0.026041666666666668
0 0.56884765625 0.8606770833333334 0.0478515625 0.026041666666666668
0 0.63427734375 0.8606770833333334 0.0712890625 0.026041666666666668
0 0.44482421875 0.89453125 0.0107421875 0.026041666666666668
0 0.4775390625 0.89453125 0.04296875 0.026041666666666668
0 0.52734375 0.89453125 0.044921875 0.026041666666666668
0 0.58837890625 0.89453125 0.0673828125 0.026041666666666668
0 0.65869140625 0.89453125 0.0615234375 0.026041666666666668
0 0.4677734375 0.9283854166666666 0.056640625 0.026041666666666668
0 0.55078125 0.9283854166666666 0.09765625 0.026041666666666668
2 0.859375 0.4427083333333333 0.28125 0.026041666666666668
4 0.859375 0.560546875 0.28125 0.19921875
4 0.7421875 0.705078125 0.03125 0.04296875
4 0.79296875 0.705078125 0.03125 0.04296875
4 0.84375 0.705078125 0.03125 0.04296875
4 0.89453125 0.705078125 0.03125 0.04296875
4 0.9453125 0.705078125 0.03125 0.04296875
2 0.859375 0.771484375 0.28125 0.024739583333333332
0 0.791015625 0.8157552083333334 0.14453125 0.04296875
0 0.791015625 0.857421875 0.14453125 0.04296875
0 0.791015625 0.8990885416666666 0.14453125 0.04296875
0 0.791015625 0.9407552083333334 0.14453125 0.04296875
0 0.791015625 0.98046875 0.14453125 0.0390625
0 0.931640625 0.8157552083333334 0.13671875 0.04296875
0 0.931640625 0.857421875 0.13671875 0.04296875
0 0.931640625 0.8990885416666666 0.13671875 0.04296875
0 0.931640625 0.9407552083333334 0.13671875 0.04296875
0 0.931640625 0.98046875 0.13671875 0.0390625
2 0.859375 0.904296875 0.28125 0.19140625