4 0.2548828125 0.07942708333333333 0.509765625 0.15885416666666666
4 0.44189453125 0.027994791666666668 0.0712890625 0.055989583333333336
0 0.43798828125 0.01171875 0.0791015625 0.0234375
4 0.39990234375 0.07942708333333333 0.2197265625 0.15885416666666666
4 0.1337890625 0.016927083333333332 0.091796875 0.033854166666666664
7 0.0791015625 0.10807291666666667 0.0703125 0.028645833333333332
6 0.08544921875 0.14908854166666666 0.0830078125 0.01953125
4 0.31396484375 0.10611979166666667 0.0205078125 0.02734375
7 0.35302734375 0.10481770833333333 0.0498046875 0.022135416666666668
7 0.7548828125 0.07942708333333333 0.490234375 0.15885416666666666
0 0.3212890625 0.162109375 0.13671875 0.006510416666666667
4 0.2548828125 0.2779947916666667 0.509765625 0.16276041666666666
0 0.06982421875 0.3111979166666667 0.0849609375 0.0546875
0 0.1826171875 0.3111979166666667 0.080078125 0.10677083333333333
0 0.28662109375 0.3111979166666667 0.0673828125 0.10677083333333333
0 0.3876953125 0.3111979166666667 0.07421875 0.0546875
0 0.466796875 0.291015625 0.0859375 0.05859375
0 0.26806640625 0.23307291666666666 0.1416015625 0.059895833333333336
0 0.373046875 0.23307291666666666 0.0703125 0.059895833333333336
0 0.4482421875 0.23307291666666666 0.08203125 0.059895833333333336
2 0.1962890625 0.595703125 0.392578125 0.25390625
7 0.17578125 0.7779947916666666 0.3515625 0.032552083333333336
0 0.12109375 0.8919270833333334 0.234375 0.09114583333333333
7 0.07666015625 0.9583333333333334 0.1533203125 0.08333333333333333
6 0.8291015625 0.17317708333333334 0.169921875 0.015625
7 0.5283203125 0.2688802083333333 0.037109375 0.04296875
7 0.56005859375 0.2688802083333333 0.0283203125 0.04296875
1 0.681640625 0.2688802083333333 0.201171875 0.03515625
7 0.5283203125 0.310546875 0.037109375 0.04296875
7 0.56005859375 0.310546875 0.0283203125 0.04296875
1 0.681640625 0.310546875 0.201171875 0.03515625
7 0.5283203125 0.3522135416666667 0.037109375 0.04296875
7 0.56005859375 0.3522135416666667 0.0283203125 0.04296875
1 0.681640625 0.3522135416666667 0.201171875 0.03515625
7 0.5283203125 0.392578125 0.037109375 0.040364583333333336
7 0.56005859375 0.392578125 0.0283203125 0.040364583333333336
1 0.67919921875 0.392578125 0.2060546875 0.032552083333333336
7 0.5283203125 0.431640625 0.037109375 0.040364583333333336
7 0.56005859375 0.431640625 0.0283203125 0.040364583333333336
1 0.67919921875 0.431640625 0.2060546875 0.032552083333333336
7 0.5283203125 0.470703125 0.037109375 0.040364583333333336
7 0.56005859375 0.470703125 0.0283203125 0.040364583333333336
1 0.67919921875 0.470703125 0.2060546875 0.032552083333333336
1 0.697265625 0.5078125 0.05078125 0.028645833333333332
1 0.75390625 0.5078125 0.056640625 0.028645833333333332
7 0.7158203125 0.6178385416666666 0.412109375 0.006510416666666667
7 0.58642578125 0.66796875 0.1533203125 0.09114583333333333
7 0.7783203125 0.6673177083333334 0.052734375 0.014322916666666666
4 0.806640625 0.6686197916666666 0.005859375 0.006510416666666667
4 0.86279296875 0.66796875 0.0810546875 0.057291666666666664
4 0.9189453125 0.7102864583333334 0.005859375 0.006510416666666667
7 0.92724609375 0.451171875 0.0126953125 0.5247395833333334
4 0.92724609375 0.7213541666666666 0.0126953125 0.015625