4 0.21484375 0.16145833333333334 0.4296875 0.3229166666666667
0 0.21484375 0.16145833333333334 0.4296875 0.3229166666666667
0 0.4208984375 0.3424479166666667 0.01171875 0.015625
4 0.0908203125 0.4186197916666667 0.052734375 0.040364583333333336
7 0.21826171875 0.4186197916666667 0.1689453125 0.040364583333333336
4 0.357421875 0.4186197916666667 0.052734375 0.040364583333333336
7 0.49853515625 0.2669270833333333 0.1376953125 0.19270833333333334
4 0.8369140625 0.154296875 0.326171875 0.30859375
0 0.70947265625 0.421875 0.2568359375 0.033854166666666664
4 0.0380859375 0.47265625 0.076171875 0.06770833333333333
0 0.0380859375 0.47265625 0.076171875 0.06770833333333333
0 0.125 0.462890625 0.05859375 0.048177083333333336
6 0.400390625 0.4479166666666667 0.015625 0.018229166666666668
0 0.21484375 0.7434895833333334 0.4296875 0.5130208333333334
4 0.21484375 0.7434895833333334 0.4296875 0.5130208333333334
4 0.21484375 0.7434895833333334 0.4296875 0.5130208333333334
2 0.16650390625 0.5481770833333334 0.3330078125 0.21875
7 0.2001953125 0.6888020833333334 0.400390625 0.0390625
6 0.1953125 0.748046875 0.390625 0.06380208333333333
6 0.1904296875 0.826171875 0.380859375 0.06380208333333333
6 0.19189453125 0.904296875 0.3837890625 0.06380208333333333
6 0.10400390625 0.962890625 0.2080078125 0.024739583333333332
4 0.33837890625 0.7434895833333334 0.1826171875 0.5130208333333334
4 0.40234375 0.8229166666666666 0.03515625 0.3541666666666667
3 0.20263671875 0.8229166666666666 0.4052734375 0.3541666666666667
2 0.60595703125 0.5325520833333334 0.3525390625 0.1875
7 0.60595703125 0.708984375 0.3525390625 0.11328125
4 0.89794921875 0.7063802083333334 0.2041015625 0.53515625
4 0.689453125 0.9576822916666666 0.51953125 0.08463541666666667
0 0.689453125 0.9576822916666666 0.51953125 0.08463541666666667