0 0.1201171875 0.024739583333333332 0.044921875 0.0390625
6 0.1884765625 0.018229166666666668 0.044921875 0.026041666666666668
6 0.25537109375 0.018229166666666668 0.0419921875 0.026041666666666668
7 0.0244140625 0.07421875 0.048828125 0.018229166666666668
7 0.07470703125 0.07421875 0.0517578125 0.018229166666666668
7 0.14404296875 0.07421875 0.0869140625 0.018229166666666668
7 0.06298828125 0.123046875 0.1259765625 0.02734375
1 0.14404296875 0.12434895833333333 0.2880859375 0.05859375
4 0.2001953125 0.19401041666666666 0.01953125 0.026041666666666668
7 0.24169921875 0.19401041666666666 0.0537109375 0.018229166666666668
7 0.1611328125 0.24153645833333334 0.322265625 0.02734375
4 0.13671875 0.4173177083333333 0.263671875 0.32421875
4 0.3251953125 0.21158854166666666 0.03515625 0.14973958333333334
4 0.35546875 0.13736979166666666 0.02734375 0.08463541666666667
4 0.35546875 0.2623697916666667 0.02734375 0.08463541666666667
4 0.35546875 0.3470052083333333 0.02734375 0.08463541666666667
4 0.35546875 0.431640625 0.02734375 0.08463541666666667
4 0.35546875 0.5162760416666666 0.02734375 0.08463541666666667
4 0.35546875 0.5690104166666666 0.02734375 0.020833333333333332
2 0.6845703125 0.0546875 0.630859375 0.057291666666666664
7 0.6845703125 0.14583333333333334 0.630859375 0.09375
7 0.5244140625 0.2584635416666667 0.244140625 0.05859375
7 0.8076171875 0.259765625 0.244140625 0.05859375
0 0.8076171875 0.259765625 0.244140625 0.05859375
4 0.71484375 0.3802083333333333 0.037109375 0.049479166666666664
4 0.40234375 0.5130208333333334 0.037109375 0.049479166666666664
4 0.38037109375 0.3151041666666667 0.0224609375 0.049479166666666664
4 0.861328125 0.4453125 0.037109375 0.049479166666666664
4 0.99462890625 0.3151041666666667 0.0107421875 0.049479166666666664
4 0.783203125 0.5234375 0.037109375 0.049479166666666664
4 0.6845703125 0.4322916666666667 0.630859375 0.049479166666666664
4 0.783203125 0.376953125 0.078125 0.10546875
4 0.955078125 0.5319010416666666 0.08984375 0.09505208333333333
4 0.4765625 0.4609375 0.087890625 0.1171875
4 0.666015625 0.5377604166666666 0.56640625 0.08333333333333333
7 0.14453125 0.6217447916666666 0.0234375 0.032552083333333336
2 0.1943359375 0.6204427083333334 0.044921875 0.032552083333333336
7 0.3310546875 0.6204427083333334 0.0234375 0.032552083333333336
4 0.1455078125 0.6907552083333334 0.0234375 0.032552083333333336
0 0.16748046875 0.685546875 0.0673828125 0.032552083333333336
2 0.1865234375 0.6907552083333334 0.029296875 0.032552083333333336
3 0.23828125 0.7923177083333334 0.166015625 0.06380208333333333
7 0.23779296875 0.8600260416666666 0.1005859375 0.016927083333333332
0 0.23828125 0.8600260416666666 0.115234375 0.029947916666666668
4 0.2216796875 0.9029947916666666 0.013671875 0.01953125
7 0.2490234375 0.90625 0.03125 0.018229166666666668
7 0.2138671875 0.9837239583333334 0.142578125 0.022135416666666668
6 0.2734375 0.986328125 0.12109375 0.02734375
7 0.6240234375 0.6087239583333334 0.48046875 0.05859375
7 0.671875 0.6653645833333334 0.080078125 0.036458333333333336
7 0.57861328125 0.666015625 0.0869140625 0.037760416666666664
0 0.52490234375 0.7421875 0.1767578125 0.057291666666666664
0 0.72314453125 0.7421875 0.1767578125 0.057291666666666664
4 0.6845703125 0.828125 0.630859375 0.34375
4 0.6845703125 0.9361979166666666 0.630859375 0.12760416666666666