4 0.0390625 0.022786458333333332 0.029296875 0.045572916666666664
4 0.0703125 0.004557291666666667 0.02734375 0.009114583333333334
1 0.31884765625 0.009114583333333334 0.4619140625 0.018229166666666668
4 0.0390625 0.087890625 0.029296875 0.08463541666666667
4 0.0703125 0.07552083333333333 0.02734375 0.036458333333333336
7 0.1298828125 0.07421875 0.064453125 0.018229166666666668
7 0.18701171875 0.07421875 0.0498046875 0.018229166666666668
7 0.2421875 0.07421875 0.060546875 0.018229166666666668
7 0.296875 0.07421875 0.048828125 0.018229166666666668
1 0.31884765625 0.07486979166666667 0.4619140625 0.055989583333333336
4 0.0390625 0.17252604166666666 0.029296875 0.08463541666666667
4 0.0703125 0.16015625 0.02734375 0.036458333333333336
7 0.1494140625 0.15885416666666666 0.103515625 0.018229166666666668
7 0.23291015625 0.15885416666666666 0.0634765625 0.018229166666666668
1 0.31884765625 0.15950520833333334 0.4619140625 0.055989583333333336
4 0.0390625 0.2571614583333333 0.029296875 0.08463541666666667
4 0.0703125 0.24479166666666666 0.02734375 0.036458333333333336
7 0.1494140625 0.24348958333333334 0.103515625 0.018229166666666668
7 0.2412109375 0.24348958333333334 0.080078125 0.018229166666666668
1 0.31884765625 0.244140625 0.4619140625 0.055989583333333336
4 0.0390625 0.341796875 0.029296875 0.08463541666666667
4 0.0703125 0.3294270833333333 0.02734375 0.036458333333333336
7 0.1865234375 0.328125 0.177734375 0.018229166666666668
7 0.32958984375 0.328125 0.1083984375 0.018229166666666668
7 0.39208984375 0.328125 0.0166015625 0.018229166666666668
7 0.4482421875 0.328125 0.095703125 0.018229166666666668
1 0.31884765625 0.3287760416666667 0.4619140625 0.055989583333333336
4 0.0390625 0.4264322916666667 0.029296875 0.08463541666666667
4 0.0703125 0.4140625 0.02734375 0.036458333333333336
7 0.17626953125 0.4127604166666667 0.1572265625 0.018229166666666668
7 0.302734375 0.4127604166666667 0.095703125 0.018229166666666668
1 0.31884765625 0.4134114583333333 0.4619140625 0.055989583333333336
4 0.0390625 0.4993489583333333 0.029296875 0.061197916666666664
4 0.0703125 0.4986979166666667 0.02734375 0.036458333333333336
7 0.1318359375 0.4973958333333333 0.068359375 0.018229166666666668
7 0.24609375 0.4973958333333333 0.16015625 0.018229166666666668
1 0.31884765625 0.498046875 0.4619140625 0.055989583333333336
1 0.7998046875 0.018880208333333332 0.400390625 0.037760416666666664
7 0.60546875 0.21940104166666666 0.07421875 0.029947916666666668
2 0.76171875 0.3079427083333333 0.38671875 0.10546875
7 0.76171875 0.4524739583333333 0.38671875 0.15494791666666666
7 0.27490234375 0.970703125 0.5498046875 0.05859375
7 0.4150390625 0.5338541666666666 0.1015625 0.0078125
7 0.26708984375 0.9309895833333334 0.5341796875 0.13802083333333334
4 0.66357421875 0.6380208333333334 0.2275390625 0.21614583333333334
2 0.66357421875 0.8079427083333334 0.2275390625 0.04296875
7 0.66357421875 0.9016927083333334 0.2275390625 0.09505208333333333
0 0.6162109375 0.9791666666666666 0.1328125 0.041666666666666664
4 0.89990234375 0.6380208333333334 0.2001953125 0.21614583333333334
2 0.89990234375 0.8079427083333334 0.2001953125 0.04296875
7 0.89990234375 0.9016927083333334 0.2001953125 0.09505208333333333
0 0.87255859375 0.9791666666666666 0.1611328125 0.041666666666666664