4 0.40283203125 0.3997395833333333 0.3740234375 0.2994791666666667
2 0.2353515625 0.06510416666666667 0.470703125 0.13020833333333334
7 0.15673828125 0.24609375 0.3134765625 0.171875
0 0.07861328125 0.4140625 0.1298828125 0.059895833333333336
1 0.8154296875 0.028645833333333332 0.208984375 0.057291666666666664
5 0.8515625 0.028645833333333332 0.28125 0.057291666666666664
0 0.95556640625 0.029947916666666668 0.0732421875 0.059895833333333336
0 0.79931640625 0.11197916666666667 0.1767578125 0.052083333333333336
0 0.94384765625 0.11197916666666667 0.0986328125 0.0625
4 0.794921875 0.2747395833333333 0.41015625 0.5494791666666666
0 0.0869140625 0.5625 0.173828125 0.026041666666666668
0 0.0869140625 0.5904947916666666 0.173828125 0.032552083333333336
0 0.0869140625 0.6217447916666666 0.173828125 0.032552083333333336
0 0.0869140625 0.6529947916666666 0.173828125 0.032552083333333336
0 0.0869140625 0.6842447916666666 0.173828125 0.032552083333333336
0 0.0869140625 0.7154947916666666 0.173828125 0.032552083333333336
0 0.0869140625 0.7467447916666666 0.173828125 0.032552083333333336
0 0.0869140625 0.7779947916666666 0.173828125 0.032552083333333336
2 0.0791015625 0.833984375 0.158203125 0.040364583333333336
0 0.0869140625 0.8821614583333334 0.173828125 0.032552083333333336
0 0.0869140625 0.9134114583333334 0.173828125 0.032552083333333336
0 0.0869140625 0.9446614583333334 0.173828125 0.032552083333333336
0 0.0869140625 0.9759114583333334 0.173828125 0.032552083333333336
0 0.0869140625 0.9954427083333334 0.173828125 0.009114583333333334
2 0.36767578125 0.5891927083333334 0.3427734375 0.07942708333333333
7 0.36767578125 0.6803385416666666 0.3427734375 0.09505208333333333
0 0.27392578125 0.791015625 0.1318359375 0.053385416666666664
0 0.43505859375 0.791015625 0.1748046875 0.053385416666666664
2 0.765625 0.8216145833333334 0.3515625 0.3567708333333333