3 0.26953125 0.06770833333333333 0.5390625 0.1171875
7 0.26953125 0.13802083333333334 0.5390625 0.0234375
4 0.232421875 0.3294270833333333 0.37109375 0.2786458333333333
0 0.232421875 0.3294270833333333 0.37109375 0.2786458333333333
7 0.44580078125 0.20052083333333334 0.0185546875 0.020833333333333332
7 0.49560546875 0.20052083333333334 0.0556640625 0.020833333333333332
4 0.48779296875 0.296875 0.1025390625 0.15625
7 0.48779296875 0.39453125 0.1025390625 0.020833333333333332
7 0.48779296875 0.4296875 0.1025390625 0.020833333333333332
7 0.48779296875 0.4615885416666667 0.1025390625 0.014322916666666666
4 0.76953125 0.22981770833333334 0.4609375 0.24869791666666666
2 0.76953125 0.4361979166666667 0.4609375 0.06510416666666667
2 0.9794921875 0.158203125 0.041015625 0.02734375
7 0.208984375 0.9811197916666666 0.41796875 0.037760416666666664
7 0.5009765625 0.9798177083333334 0.068359375 0.040364583333333336
4 0.26953125 0.9622395833333334 0.5390625 0.07552083333333333
0 0.267578125 0.6783854166666666 0.53515625 0.4192708333333333
4 0.2666015625 0.6783854166666666 0.533203125 0.4192708333333333
4 0.1083984375 0.9765625 0.216796875 0.046875
0 0.1083984375 0.9765625 0.216796875 0.046875
4 0.3857421875 0.9765625 0.30078125 0.046875
0 0.3857421875 0.9765625 0.30078125 0.046875
7 0.63427734375 0.630859375 0.1904296875 0.11848958333333333
4 0.8642578125 0.6471354166666666 0.271484375 0.3567708333333333
7 0.65283203125 0.984375 0.2275390625 0.026041666666666668
6 0.81591796875 0.984375 0.0986328125 0.026041666666666668