4 0.09423828125 0.17838541666666666 0.1884765625 0.3567708333333333
7 0.3603515625 0.009765625 0.287109375 0.01953125
0 0.3603515625 0.09114583333333333 0.287109375 0.13541666666666666
7 0.3603515625 0.20377604166666666 0.287109375 0.022135416666666668
0 0.3603515625 0.26953125 0.287109375 0.1015625
7 0.3603515625 0.365234375 0.287109375 0.022135416666666668
0 0.3603515625 0.4140625 0.287109375 0.06770833333333333
2 0.14453125 0.533203125 0.2890625 0.055989583333333336
2 0.2998046875 0.51953125 0.021484375 0.049479166666666664
2 0.6845703125 0.0032552083333333335 0.310546875 0.006510416666666667
2 0.6845703125 0.037760416666666664 0.310546875 0.0625
2 0.6845703125 0.08528645833333333 0.310546875 0.032552083333333336
4 0.63916015625 0.13216145833333334 0.0068359375 0.01171875
7 0.68798828125 0.1328125 0.0888671875 0.018229166666666668
4 0.60693359375 0.23111979166666666 0.1552734375 0.11848958333333333
0 0.6845703125 0.23046875 0.310546875 0.1171875
7 0.544921875 0.1875 0.02734375 0.020833333333333332
7 0.765625 0.23046875 0.1484375 0.049479166666666664
4 0.60693359375 0.369140625 0.1552734375 0.11848958333333333
0 0.6845703125 0.3684895833333333 0.310546875 0.1171875
7 0.544921875 0.3255208333333333 0.02734375 0.020833333333333332
7 0.765625 0.3684895833333333 0.1484375 0.07552083333333333
4 0.60693359375 0.5071614583333334 0.1552734375 0.11848958333333333
0 0.6845703125 0.5065104166666666 0.310546875 0.1171875
7 0.544921875 0.4635416666666667 0.02734375 0.020833333333333332
7 0.765625 0.5065104166666666 0.1484375 0.049479166666666664
4 0.60693359375 0.6028645833333334 0.1552734375 0.033854166666666664
0 0.6845703125 0.6028645833333334 0.310546875 0.033854166666666664
7 0.544921875 0.6015625 0.02734375 0.020833333333333332
4 0.93505859375 0.10807291666666667 0.1298828125 0.21614583333333334
0 0.935546875 0.13736979166666666 0.12890625 0.2747395833333333
7 0.8896484375 0.0032552083333333335 0.029296875 0.006510416666666667
7 0.935546875 0.25 0.12890625 0.049479166666666664
4 0.935546875 0.3548177083333333 0.12890625 0.11848958333333333
0 0.935546875 0.3541666666666667 0.12890625 0.1171875
7 0.8896484375 0.3111979166666667 0.029296875 0.020833333333333332
4 0.935546875 0.4928385416666667 0.12890625 0.11848958333333333
0 0.935546875 0.4921875 0.12890625 0.1171875
7 0.8896484375 0.44921875 0.029296875 0.020833333333333332
4 0.935546875 0.595703125 0.12890625 0.048177083333333336
7 0.8896484375 0.5872395833333334 0.029296875 0.020833333333333332
2 0.12841796875 0.6725260416666666 0.1982421875 0.029947916666666668
0 0.12841796875 0.703125 0.2216796875 0.16666666666666666
7 0.12841796875 0.712890625 0.1982421875 0.053385416666666664
4 0.0361328125 0.7591145833333334 0.013671875 0.018229166666666668
7 0.09375 0.7591145833333334 0.08203125 0.020833333333333332
2 0.36181640625 0.6725260416666666 0.1982421875 0.029947916666666668
0 0.36181640625 0.703125 0.2216796875 0.16666666666666666
7 0.36181640625 0.712890625 0.1982421875 0.053385416666666664
4 0.26953125 0.7591145833333334 0.013671875 0.018229166666666668
7 0.3310546875 0.7591145833333334 0.08984375 0.020833333333333332
4 0.5029296875 0.7591145833333334 0.013671875 0.018229166666666668
2 0.1953125 0.9303385416666666 0.30859375 0.029947916666666668
0 0.21240234375 0.8932291666666666 0.3662109375 0.21354166666666666
7 0.1953125 0.9576822916666666 0.30859375 0.02734375
4 0.0478515625 0.9908854166666666 0.013671875 0.018229166666666668
7 0.12890625 0.990234375 0.12890625 0.01953125
2 0.47412109375 0.904296875 0.1103515625 0.029947916666666668
0 0.46826171875 0.8932291666666666 0.1220703125 0.21354166666666666
7 0.47412109375 0.9446614583333334 0.1103515625 0.053385416666666664
4 0.42578125 0.9908854166666666 0.013671875 0.018229166666666668
7 0.48583984375 0.990234375 0.0869140625 0.01953125
7 0.265625 0.8333333333333334 0.52734375 0.036458333333333336
7 0.17626953125 0.8932291666666666 0.3154296875 0.028645833333333332
7 0.27392578125 0.94921875 0.5107421875 0.07291666666666667
0 0.10595703125 0.9928385416666666 0.1748046875 0.014322916666666666
2 0.69873046875 0.8053385416666666 0.3193359375 0.037760416666666664
7 0.69873046875 0.87890625 0.1318359375 0.0234375
0 0.69873046875 0.892578125 0.2392578125 0.08463541666666667
7 0.69873046875 0.9075520833333334 0.1982421875 0.0234375
2 0.9287109375 0.837890625 0.142578125 0.037760416666666664
0 0.9560546875 0.9108072916666666 0.087890625 0.055989583333333336
0 0.96875 0.9908854166666666 0.0625 0.018229166666666668