7 0.58935546875 0.0078125 0.0712890625 0.015625
4 0.05078125 0.053385416666666664 0.1015625 0.10677083333333333
1 0.40576171875 0.009765625 0.1337890625 0.01953125
1 0.50146484375 0.009765625 0.0458984375 0.01953125
7 0.21240234375 0.059244791666666664 0.2216796875 0.045572916666666664
6 0.32373046875 0.12565104166666666 0.3779296875 0.03515625
0 0.26123046875 0.17513020833333334 0.0478515625 0.022135416666666668
0 0.33154296875 0.17513020833333334 0.0615234375 0.022135416666666668
0 0.40234375 0.17513020833333334 0.048828125 0.022135416666666668
0 0.45654296875 0.17513020833333334 0.0283203125 0.022135416666666668
0 0.5078125 0.17513020833333334 0.04296875 0.022135416666666668
0 0.57177734375 0.17513020833333334 0.0517578125 0.022135416666666668
0 0.6357421875 0.17513020833333334 0.046875 0.022135416666666668
2 0.22216796875 0.279296875 0.4443359375 0.029947916666666668
0 0.22216796875 0.2936197916666667 0.4443359375 0.05859375
6 0.22216796875 0.3111979166666667 0.4443359375 0.0234375
2 0.22216796875 0.365234375 0.4443359375 0.029947916666666668
0 0.22216796875 0.3821614583333333 0.4443359375 0.06380208333333333
6 0.22216796875 0.3997395833333333 0.4443359375 0.028645833333333332
7 0.0712890625 0.4303385416666667 0.142578125 0.016927083333333332
6 0.20263671875 0.4303385416666667 0.1220703125 0.016927083333333332
7 0.2666015625 0.4303385416666667 0.009765625 0.016927083333333332
6 0.35546875 0.4303385416666667 0.169921875 0.016927083333333332
7 0.44140625 0.4303385416666667 0.00390625 0.016927083333333332
2 0.22216796875 0.4850260416666667 0.4443359375 0.029947916666666668
0 0.22216796875 0.4993489583333333 0.4443359375 0.05859375
6 0.22216796875 0.5169270833333334 0.4443359375 0.0234375
2 0.22216796875 0.5709635416666666 0.4443359375 0.029947916666666668
0 0.22216796875 0.5852864583333334 0.4443359375 0.05859375
6 0.22216796875 0.6028645833333334 0.4443359375 0.0234375
2 0.22216796875 0.6569010416666666 0.4443359375 0.029947916666666668
0 0.22216796875 0.6712239583333334 0.4443359375 0.05859375
6 0.22216796875 0.6888020833333334 0.4443359375 0.0234375
2 0.57666015625 0.24739583333333334 0.1650390625 0.028645833333333332
7 0.5380859375 0.3196614583333333 0.087890625 0.016927083333333332
6 0.57666015625 0.341796875 0.1650390625 0.016927083333333332
7 0.54541015625 0.3639322916666667 0.1025390625 0.016927083333333332
6 0.57666015625 0.3860677083333333 0.1650390625 0.016927083333333332
7 0.5439453125 0.408203125 0.099609375 0.016927083333333332
6 0.57666015625 0.4303385416666667 0.1650390625 0.016927083333333332
7 0.5380859375 0.4524739583333333 0.087890625 0.016927083333333332
6 0.57666015625 0.4856770833333333 0.1650390625 0.0390625
7 0.5439453125 0.5188802083333334 0.099609375 0.016927083333333332
6 0.57666015625 0.541015625 0.1650390625 0.016927083333333332
7 0.5380859375 0.5631510416666666 0.087890625 0.016927083333333332
6 0.57666015625 0.5852864583333334 0.1650390625 0.016927083333333332
7 0.5439453125 0.607421875 0.099609375 0.016927083333333332
6 0.57666015625 0.640625 0.1650390625 0.0390625
7 0.5380859375 0.673828125 0.087890625 0.016927083333333332
6 0.57666015625 0.6959635416666666 0.1650390625 0.016927083333333332
7 0.5380859375 0.7141927083333334 0.087890625 0.009114583333333334
2 0.57666015625 0.6223958333333334 0.1650390625 0.028645833333333332
2 0.57666015625 0.701171875 0.1650390625 0.03515625
7 0.86181640625 0.013671875 0.2763671875 0.02734375
7 0.828125 0.061197916666666664 0.208984375 0.0234375
6 0.88134765625 0.11588541666666667 0.2373046875 0.03125
7 0.771484375 0.150390625 0.017578125 0.022135416666666668
6 0.8662109375 0.150390625 0.173828125 0.022135416666666668
7 0.97607421875 0.150390625 0.0478515625 0.022135416666666668
6 0.796875 0.20182291666666666 0.068359375 0.03125
7 0.79296875 0.23307291666666666 0.060546875 0.028645833333333332
6 0.84375 0.2877604166666667 0.162109375 0.03125
7 0.84619140625 0.3190104166666667 0.1669921875 0.028645833333333332
6 0.85791015625 0.3736979166666667 0.1904296875 0.03125
7 0.88134765625 0.4049479166666667 0.2373046875 0.028645833333333332
6 0.8759765625 0.4596354166666667 0.2265625 0.03125
7 0.88134765625 0.4908854166666667 0.2373046875 0.028645833333333332
6 0.84130859375 0.5455729166666666 0.1572265625 0.03125
7 0.88037109375 0.5768229166666666 0.2353515625 0.028645833333333332
7 0.79443359375 0.6341145833333334 0.1416015625 0.0234375
6 0.8564453125 0.6888020833333334 0.1875 0.03125
7 0.8486328125 0.7122395833333334 0.171875 0.013020833333333334
7 0.69873046875 0.310546875 0.0087890625 0.022135416666666668
3 0.39111328125 0.7649739583333334 0.5361328125 0.09244791666666667
4 0.3017578125 0.91796875 0.603515625 0.1640625
0 0.3017578125 0.91796875 0.603515625 0.1640625
7 0.6298828125 0.8815104166666666 0.05859375 0.0703125
0 0.6201171875 0.8815104166666666 0.078125 0.15625
4 0.32958984375 0.859375 0.6591796875 0.28125
2 0.478515625 0.81640625 0.056640625 0.0390625
7 0.458984375 0.9427083333333334 0.400390625 0.0390625
7 0.478515625 0.9908854166666666 0.263671875 0.018229166666666668
7 0.73583984375 0.7220052083333334 0.0185546875 0.006510416666666667
7 0.78564453125 0.7220052083333334 0.0556640625 0.006510416666666667
7 0.84228515625 0.7220052083333334 0.0322265625 0.006510416666666667
7 0.8798828125 0.7220052083333334 0.017578125 0.006510416666666667
7 0.92333984375 0.7220052083333334 0.0439453125 0.006510416666666667
7 0.978515625 0.7220052083333334 0.04296875 0.006510416666666667
4 0.86083984375 0.8111979166666666 0.2685546875 0.15625
7 0.99755859375 0.7486979166666666 0.0048828125 0.03125
7 0.99755859375 0.7799479166666666 0.0048828125 0.03125
7 0.99755859375 0.8111979166666666 0.0048828125 0.03125
7 0.99755859375 0.8424479166666666 0.0048828125 0.03125
7 0.99755859375 0.8736979166666666 0.0048828125 0.03125
7 0.78515625 0.9088541666666666 0.1171875 0.020833333333333332
7 0.8779296875 0.9088541666666666 0.068359375 0.020833333333333332
7 0.93896484375 0.9088541666666666 0.0537109375 0.020833333333333332
7 0.98291015625 0.9088541666666666 0.0341796875 0.020833333333333332
7 0.78515625 0.9440104166666666 0.1171875 0.020833333333333332
7 0.8779296875 0.9440104166666666 0.068359375 0.020833333333333332
7 0.93896484375 0.9440104166666666 0.0537109375 0.020833333333333332
7 0.98291015625 0.9440104166666666 0.0341796875 0.020833333333333332
7 0.78515625 0.9791666666666666 0.1171875 0.020833333333333332
7 0.8779296875 0.9791666666666666 0.068359375 0.020833333333333332
7 0.93896484375 0.9791666666666666 0.0537109375 0.020833333333333332
7 0.98291015625 0.9791666666666666 0.0341796875 0.020833333333333332