2 0.169921875 0.21809895833333334 0.33984375 0.055989583333333336
7 0.1650390625 0.33984375 0.330078125 0.13541666666666666
4 0.54296875 0.029947916666666668 0.40625 0.059895833333333336
0 0.54296875 0.029947916666666668 0.40625 0.059895833333333336
7 0.3515625 0.181640625 0.0234375 0.024739583333333332
0 0.3515625 0.18229166666666666 0.0234375 0.036458333333333336
7 0.669921875 0.2825520833333333 0.66015625 0.0546875
7 0.65380859375 0.3274739583333333 0.6279296875 0.024739583333333332
2 0.439453125 0.3802083333333333 0.19921875 0.0234375
4 0.169921875 0.7096354166666666 0.33984375 0.5807291666666666
2 0.15087890625 0.6907552083333334 0.3017578125 0.037760416666666664
7 0.15087890625 0.7350260416666666 0.3017578125 0.04296875
7 0.05810546875 0.7994791666666666 0.0654296875 0.026041666666666668
0 0.06396484375 0.7994791666666666 0.1240234375 0.057291666666666664
0 0.3759765625 0.4309895833333333 0.072265625 0.020833333333333332
2 0.3759765625 0.4309895833333333 0.072265625 0.020833333333333332
7 0.7255859375 0.431640625 0.22265625 0.01953125
7 0.5478515625 0.4622395833333333 0.416015625 0.015625
6 0.7666015625 0.4622395833333333 0.021484375 0.015625
7 0.78271484375 0.4622395833333333 0.0107421875 0.015625
6 0.798828125 0.4622395833333333 0.021484375 0.015625
7 0.81494140625 0.4622395833333333 0.0107421875 0.015625
6 0.8310546875 0.4622395833333333 0.021484375 0.015625
7 0.3544921875 0.4765625 0.029296875 0.015625
2 0.345703125 0.5110677083333334 0.01171875 0.014322916666666666
2 0.3623046875 0.5104166666666666 0.021484375 0.015625
0 0.4140625 0.5104166666666666 0.03125 0.015625
0 0.619140625 0.5104166666666666 0.04296875 0.015625
0 0.4140625 0.5247395833333334 0.03125 0.015625
0 0.619140625 0.5247395833333334 0.04296875 0.015625
0 0.4140625 0.5390625 0.03125 0.015625
0 0.61376953125 0.5390625 0.0322265625 0.015625
0 0.4140625 0.5533854166666666 0.03125 0.015625
0 0.619140625 0.5533854166666666 0.04296875 0.015625
0 0.41943359375 0.5677083333333334 0.0419921875 0.015625
0 0.61376953125 0.5677083333333334 0.0322265625 0.015625
0 0.4140625 0.58203125 0.03125 0.015625
0 0.619140625 0.58203125 0.04296875 0.015625
0 0.4462890625 0.5963541666666666 0.095703125 0.015625
2 0.36767578125 0.6236979166666666 0.0322265625 0.015625
0 0.4140625 0.6236979166666666 0.03125 0.015625
0 0.619140625 0.6236979166666666 0.04296875 0.015625
0 0.435546875 0.6380208333333334 0.07421875 0.015625
0 0.61376953125 0.6380208333333334 0.0322265625 0.015625
0 0.43017578125 0.65234375 0.0634765625 0.015625
0 0.6513671875 0.65234375 0.107421875 0.015625
0 0.41943359375 0.6666666666666666 0.0419921875 0.015625
0 0.619140625 0.6666666666666666 0.04296875 0.015625
0 0.4140625 0.6809895833333334 0.03125 0.015625
2 0.3623046875 0.7083333333333334 0.021484375 0.015625
0 0.4140625 0.7083333333333334 0.03125 0.015625
0 0.640625 0.7083333333333334 0.0859375 0.015625
0 0.4140625 0.72265625 0.03125 0.015625
0 0.61376953125 0.72265625 0.0322265625 0.015625
0 0.4140625 0.7369791666666666 0.03125 0.015625
0 0.61376953125 0.7369791666666666 0.0322265625 0.015625
0 0.4140625 0.7513020833333334 0.03125 0.015625
2 0.3623046875 0.7786458333333334 0.021484375 0.015625
0 0.41943359375 0.7786458333333334 0.0419921875 0.015625
0 0.61376953125 0.7786458333333334 0.0322265625 0.015625
0 0.4140625 0.79296875 0.03125 0.015625
0 0.61376953125 0.79296875 0.0322265625 0.015625
0 0.435546875 0.8072916666666666 0.07421875 0.015625
0 0.61376953125 0.8072916666666666 0.0322265625 0.015625
0 0.4140625 0.8216145833333334 0.03125 0.015625
2 0.3623046875 0.8489583333333334 0.021484375 0.015625
0 0.4140625 0.8489583333333334 0.03125 0.015625
0 0.61376953125 0.8489583333333334 0.0322265625 0.015625
0 0.41943359375 0.86328125 0.0419921875 0.015625
0 0.61376953125 0.86328125 0.0322265625 0.015625
0 0.4140625 0.8776041666666666 0.03125 0.015625
0 0.63525390625 0.8776041666666666 0.0751953125 0.015625
0 0.4140625 0.8919270833333334 0.03125 0.015625
0 0.61376953125 0.8919270833333334 0.0322265625 0.015625
2 0.3623046875 0.9192708333333334 0.021484375 0.015625
0 0.4140625 0.9192708333333334 0.03125 0.015625
0 0.619140625 0.9192708333333334 0.04296875 0.015625
0 0.4140625 0.93359375 0.03125 0.015625
0 0.61376953125 0.93359375 0.0322265625 0.015625
0 0.435546875 0.9479166666666666 0.07421875 0.015625
0 0.6513671875 0.9479166666666666 0.107421875 0.015625
0 0.41943359375 0.9622395833333334 0.0419921875 0.015625
2 0.3623046875 0.9895833333333334 0.021484375 0.015625
0 0.4140625 0.9895833333333334 0.03125 0.015625
0 0.61376953125 0.9895833333333334 0.0322265625 0.015625
0 0.4248046875 0.998046875 0.052734375 0.00390625
0 0.65673828125 0.998046875 0.1181640625 0.00390625