2 0.224609375 0.23372395833333334 0.44921875 0.16796875
7 0.224609375 0.3567708333333333 0.44921875 0.028645833333333332
0 0.11181640625 0.4596354166666667 0.2236328125 0.08072916666666667
7 0.11181640625 0.54296875 0.2236328125 0.026041666666666668
4 0.49560546875 0.2897135416666667 0.3271484375 0.5794270833333334
7 0.82958984375 0.014973958333333334 0.3408203125 0.029947916666666668
6 0.8701171875 0.020182291666666668 0.154296875 0.01953125
7 0.95703125 0.020182291666666668 0.01953125 0.01953125
6 0.98291015625 0.020182291666666668 0.0341796875 0.01953125
4 0.82958984375 0.30859375 0.3408203125 0.453125
7 0.82958984375 0.5651041666666666 0.3408203125 0.028645833333333332
4 0.5234375 0.6842447916666666 0.041015625 0.055989583333333336
7 0.5810546875 0.7884114583333334 0.15625 0.11328125
7 0.5625 0.927734375 0.119140625 0.032552083333333336
0 0.5810546875 0.9798177083333334 0.15625 0.040364583333333336
4 0.0322265625 0.787109375 0.029296875 0.037760416666666664
7 0.14990234375 0.7877604166666666 0.1787109375 0.0390625
4 0.0322265625 0.8782552083333334 0.029296875 0.037760416666666664
7 0.2099609375 0.87890625 0.298828125 0.0390625
4 0.0322265625 0.9694010416666666 0.029296875 0.037760416666666664
7 0.15234375 0.9700520833333334 0.18359375 0.0390625
2 0.77880859375 0.6204427083333334 0.0927734375 0.08203125
2 0.857421875 0.623046875 0.06640625 0.08203125
2 0.9443359375 0.6204427083333334 0.111328125 0.08203125
7 0.91064453125 0.7428385416666666 0.1787109375 0.10546875
0 0.94384765625 0.8561197916666666 0.1123046875 0.05859375