2 0.14990234375 0.06640625 0.2998046875 0.1328125
7 0.14990234375 0.171875 0.2998046875 0.028645833333333332
0 0.037109375 0.2747395833333333 0.07421875 0.08072916666666667
7 0.037109375 0.3580729166666667 0.07421875 0.026041666666666668
4 0.4609375 0.2545572916666667 0.556640625 0.5091145833333334
4 0.8056640625 0.15299479166666666 0.1328125 0.3059895833333333
0 0.8056640625 0.2545572916666667 0.1328125 0.5091145833333334
7 0.7783203125 0.2897135416666667 0.078125 0.032552083333333336
7 0.8056640625 0.4108072916666667 0.1328125 0.19661458333333334
4 0.93603515625 0.15299479166666666 0.1279296875 0.3059895833333333
0 0.93603515625 0.2545572916666667 0.1279296875 0.5091145833333334
7 0.96044921875 0.2897135416666667 0.0791015625 0.032552083333333336
7 0.93603515625 0.4108072916666667 0.1279296875 0.19661458333333334
7 0.0654296875 0.513671875 0.12890625 0.009114583333333334
0 0.083984375 0.517578125 0.16796875 0.016927083333333332
7 0.060546875 0.560546875 0.12109375 0.022135416666666668
7 0.03759765625 0.5963541666666666 0.0732421875 0.0234375
0 0.083984375 0.5963541666666666 0.16796875 0.0390625
7 0.0439453125 0.6354166666666666 0.0859375 0.0234375
0 0.083984375 0.6354166666666666 0.16796875 0.0390625
7 0.0068359375 0.689453125 0.013671875 0.022135416666666668
7 0.05615234375 0.7252604166666666 0.1103515625 0.0234375
0 0.083984375 0.7252604166666666 0.16796875 0.0390625
7 0.05615234375 0.7643229166666666 0.1103515625 0.0234375
0 0.083984375 0.7643229166666666 0.16796875 0.0390625
7 0.046875 0.8033854166666666 0.091796875 0.0234375
0 0.083984375 0.8033854166666666 0.16796875 0.0390625
7 0.0576171875 0.8424479166666666 0.11328125 0.0234375
0 0.083984375 0.8424479166666666 0.16796875 0.0390625
7 0.03271484375 0.896484375 0.0654296875 0.022135416666666668
7 0.07373046875 0.9322916666666666 0.1455078125 0.0234375
0 0.083984375 0.9322916666666666 0.16796875 0.0390625
7 0.06103515625 0.9713541666666666 0.1201171875 0.0234375
0 0.083984375 0.9713541666666666 0.16796875 0.0390625
2 0.3349609375 0.529296875 0.25390625 0.029947916666666668
7 0.25 0.5885416666666666 0.060546875 0.0234375
0 0.25 0.5885416666666666 0.091796875 0.041666666666666664
7 0.24072265625 0.6458333333333334 0.0654296875 0.0234375
7 0.4736328125 0.66015625 0.53125 0.052083333333333336
2 0.34228515625 0.7259114583333334 0.2275390625 0.032552083333333336
2 0.4580078125 0.7259114583333334 0.00390625 0.032552083333333336
2 0.39306640625 0.7721354166666666 0.3349609375 0.033854166666666664
2 0.38818359375 0.818359375 0.3193359375 0.032552083333333336
2 0.55224609375 0.818359375 0.0087890625 0.032552083333333336
2 0.59814453125 0.818359375 0.0830078125 0.032552083333333336
2 0.64404296875 0.818359375 0.0087890625 0.032552083333333336
2 0.34521484375 0.8645833333333334 0.2333984375 0.033854166666666664
2 0.4638671875 0.8645833333333334 0.00390625 0.033854166666666664
7 0.4140625 0.9114583333333334 0.353515625 0.0234375
6 0.6435546875 0.9114583333333334 0.10546875 0.0234375
7 0.69775390625 0.9114583333333334 0.0029296875 0.0234375
7 0.44091796875 0.9401041666666666 0.4072265625 0.0234375
6 0.67236328125 0.9401041666666666 0.0556640625 0.0234375
7 0.70166015625 0.9401041666666666 0.0029296875 0.0234375
7 0.39794921875 0.96875 0.3212890625 0.0234375
6 0.607421875 0.96875 0.09765625 0.0234375
7 0.65771484375 0.96875 0.0029296875 0.0234375
1 0.84765625 0.54296875 0.216796875 0.057291666666666664
1 0.84765625 0.603515625 0.216796875 0.048177083333333336
0 0.9091796875 0.6497395833333334 0.09375 0.020833333333333332
6 0.82177734375 0.7571614583333334 0.0927734375 0.022135416666666668
7 0.86865234375 0.8170572916666666 0.2587890625 0.022135416666666668
4 0.8369140625 0.8515625 0.1953125 0.0234375