4 0.2548828125 0.20377604166666666 0.509765625 0.4075520833333333
6 0.7548828125 0.54296875 0.490234375 0.03125
7 0.66064453125 0.5755208333333334 0.3017578125 0.033854166666666664
0 0.7548828125 0.5598958333333334 0.490234375 0.06510416666666667
4 0.7548828125 0.17708333333333334 0.490234375 0.3541666666666667
0 0.7548828125 0.17708333333333334 0.490234375 0.3541666666666667
2 0.7548828125 0.23372395833333334 0.490234375 0.06901041666666667
2 0.7548828125 0.2962239583333333 0.490234375 0.032552083333333336
7 0.7548828125 0.4524739583333333 0.490234375 0.06901041666666667
7 0.7548828125 0.5716145833333334 0.490234375 0.0546875
7 0.2548828125 0.607421875 0.509765625 0.016927083333333332
7 0.048828125 0.6725260416666666 0.09765625 0.032552083333333336
6 0.13232421875 0.6725260416666666 0.0712890625 0.032552083333333336
7 0.00830078125 0.7141927083333334 0.0166015625 0.032552083333333336
7 0.09130859375 0.7161458333333334 0.1513671875 0.0234375
6 0.521484375 0.6354166666666666 0.0234375 0.03125
2 0.67431640625 0.7024739583333334 0.3291015625 0.06380208333333333
7 0.6884765625 0.7858072916666666 0.357421875 0.07942708333333333
4 0.54638671875 0.921875 0.0732421875 0.125
0 0.54638671875 0.921875 0.0732421875 0.125
2 0.72509765625 0.8990885416666666 0.2568359375 0.07942708333333333
7 0.6884765625 0.9752604166666666 0.357421875 0.049479166666666664
6 0.923828125 0.7994791666666666 0.056640625 0.4010416666666667
4 0.9267578125 0.6412760416666666 0.0625 0.08203125
0 0.9267578125 0.6412760416666666 0.0625 0.08203125
4 0.9267578125 0.810546875 0.0625 0.08203125
0 0.9267578125 0.810546875 0.0625 0.08203125
6 0.98583984375 0.810546875 0.0283203125 0.08463541666666667
6 0.9365234375 0.9739583333333334 0.08203125 0.028645833333333332