7 0.32861328125 0.016276041666666668 0.0771484375 0.032552083333333336
0 0.33447265625 0.020833333333333332 0.1123046875 0.041666666666666664
1 0.484375 0.020833333333333332 0.189453125 0.041666666666666664
7 0.04736328125 0.10807291666666667 0.0947265625 0.03125
0 0.05517578125 0.10807291666666667 0.1103515625 0.078125
7 0.15869140625 0.10807291666666667 0.0673828125 0.03125
0 0.15869140625 0.10807291666666667 0.0986328125 0.078125
7 0.24755859375 0.10807291666666667 0.0498046875 0.03125
0 0.24755859375 0.10807291666666667 0.0810546875 0.078125
4 0.150390625 0.3658854166666667 0.0703125 0.09375
2 0.6689453125 0.13932291666666666 0.1796875 0.041666666666666664
2 0.82958984375 0.13932291666666666 0.1416015625 0.041666666666666664
2 0.90234375 0.13932291666666666 0.0078125 0.041666666666666664
6 0.6279296875 0.17838541666666666 0.09765625 0.020833333333333332
7 0.70751953125 0.17838541666666666 0.0634765625 0.020833333333333332
6 0.83447265625 0.17838541666666666 0.1904296875 0.020833333333333332
7 0.93017578125 0.17838541666666666 0.0048828125 0.020833333333333332
7 0.7099609375 0.30859375 0.26171875 0.0234375
6 0.60107421875 0.3795572916666667 0.0439453125 0.022135416666666668
7 0.6484375 0.3795572916666667 0.044921875 0.022135416666666668
7 0.70068359375 0.39453125 0.2431640625 0.052083333333333336
7 0.9560546875 0.30859375 0.087890625 0.0234375
2 0.9560546875 0.3365885416666667 0.087890625 0.032552083333333336
6 0.966796875 0.376953125 0.06640625 0.022135416666666668
6 0.966796875 0.412109375 0.06640625 0.03515625
0 0.6044921875 0.018229166666666668 0.05078125 0.036458333333333336
0 0.86962890625 0.018229166666666668 0.0576171875 0.036458333333333336
0 0.94873046875 0.018229166666666668 0.1025390625 0.036458333333333336
4 0.28955078125 0.71484375 0.5791015625 0.5703125
4 0.29248046875 0.5364583333333334 0.0517578125 0.08072916666666667
2 0.447265625 0.5208333333333334 0.220703125 0.046875
2 0.43798828125 0.5625 0.2021484375 0.046875
7 0.4228515625 0.6432291666666666 0.3125 0.078125
7 0.40869140625 0.7161458333333334 0.2841796875 0.026041666666666668
6 0.31689453125 0.7421875 0.1005859375 0.026041666666666668
7 0.361328125 0.7890625 0.189453125 0.026041666666666668
6 0.40185546875 0.8151041666666666 0.2705078125 0.026041666666666668
7 0.4228515625 0.8619791666666666 0.3125 0.026041666666666668
0 0.33251953125 0.9270833333333334 0.1318359375 0.0625
4 0.28955078125 0.71484375 0.5791015625 0.5703125
4 0.28955078125 0.71484375 0.5791015625 0.5703125
2 0.21484375 0.634765625 0.4296875 0.11848958333333333
2 0.28955078125 0.732421875 0.5791015625 0.06901041666666667
0 0.05517578125 0.8079427083333334 0.1103515625 0.053385416666666664
0 0.05517578125 0.8079427083333334 0.1103515625 0.02734375
0 0.7451171875 0.5540364583333334 0.3046875 0.053385416666666664
7 0.658203125 0.60546875 0.109375 0.036458333333333336
0 0.7451171875 0.6061197916666666 0.3046875 0.053385416666666664
7 0.88232421875 0.6061197916666666 0.0302734375 0.053385416666666664
7 0.630859375 0.6575520833333334 0.0546875 0.036458333333333336
0 0.7451171875 0.658203125 0.3046875 0.053385416666666664
7 0.88232421875 0.658203125 0.0302734375 0.053385416666666664
0 0.7451171875 0.7102864583333334 0.3046875 0.053385416666666664
0 0.7451171875 0.7623697916666666 0.3046875 0.053385416666666664
0 0.7451171875 0.814453125 0.3046875 0.053385416666666664
7 0.65380859375 0.8658854166666666 0.1005859375 0.036458333333333336
0 0.7451171875 0.8665364583333334 0.3046875 0.053385416666666664
7 0.88232421875 0.8665364583333334 0.0302734375 0.053385416666666664
2 0.68994140625 0.9817708333333334 0.1650390625 0.036458333333333336
4 0.962890625 0.56640625 0.07421875 0.15625
2 0.9755859375 0.6822916666666666 0.048828125 0.059895833333333336
2 0.970703125 0.8509114583333334 0.05859375 0.037760416666666664
7 0.970703125 0.9029947916666666 0.05859375 0.024739583333333332