1 0.11279296875 0.059895833333333336 0.2255859375 0.052083333333333336
7 0.20556640625 0.059244791666666664 0.0244140625 0.032552083333333336
0 0.20556640625 0.059895833333333336 0.0400390625 0.052083333333333336
7 0.05029296875 0.12630208333333334 0.0615234375 0.03125
0 0.05029296875 0.126953125 0.0615234375 0.03515625
7 0.2080078125 0.12630208333333334 0.1875 0.03125
0 0.2080078125 0.126953125 0.1875 0.03515625
7 0.07958984375 0.16796875 0.1259765625 0.03125
0 0.07958984375 0.16861979166666666 0.1259765625 0.03515625
7 0.19921875 0.16796875 0.05859375 0.03125
0 0.19921875 0.16861979166666666 0.05859375 0.03515625
7 0.28271484375 0.16796875 0.0537109375 0.03125
0 0.28271484375 0.16861979166666666 0.0537109375 0.03515625
7 0.04736328125 0.22786458333333334 0.0947265625 0.028645833333333332
7 0.17626953125 0.23111979166666666 0.1318359375 0.024739583333333332
7 0.07275390625 0.2955729166666667 0.1455078125 0.028645833333333332
7 0.15478515625 0.3684895833333333 0.3095703125 0.028645833333333332
0 0.15478515625 0.421875 0.3095703125 0.13541666666666666
7 0.15478515625 0.40234375 0.3095703125 0.0390625
7 0.3310546875 0.052083333333333336 0.04296875 0.028645833333333332
7 0.4296875 0.052083333333333336 0.095703125 0.028645833333333332
7 0.5615234375 0.052083333333333336 0.109375 0.028645833333333332
7 0.31689453125 0.15625 0.0146484375 0.028645833333333332
7 0.37548828125 0.15625 0.0439453125 0.028645833333333332
4 0.82421875 0.053385416666666664 0.138671875 0.10677083333333333
0 0.87744140625 0.052083333333333336 0.2451171875 0.10416666666666667
4 0.76953125 0.08463541666666667 0.029296875 0.0390625
4 0.9541015625 0.028645833333333332 0.091796875 0.018229166666666668
2 0.93212890625 0.055989583333333336 0.0478515625 0.028645833333333332
2 0.9541015625 0.068359375 0.091796875 0.053385416666666664
0 0.3310546875 0.15625 0.04296875 0.10416666666666667
6 0.43310546875 0.15625 0.0947265625 0.028645833333333332
6 0.55810546875 0.15625 0.0966796875 0.028645833333333332
6 0.66357421875 0.15625 0.0556640625 0.028645833333333332
6 0.75341796875 0.15625 0.0654296875 0.028645833333333332
6 0.84716796875 0.15625 0.0634765625 0.028645833333333332
6 0.931640625 0.15625 0.046875 0.028645833333333332
6 0.9921875 0.15625 0.015625 0.028645833333333332
6 0.7197265625 0.2604166666666667 0.2890625 0.028645833333333332
7 0.83154296875 0.2604166666666667 0.0771484375 0.020833333333333332
4 0.48681640625 0.3802083333333333 0.3544921875 0.21875
0 0.48681640625 0.3802083333333333 0.3544921875 0.21875
4 0.48681640625 0.3802083333333333 0.3544921875 0.21875
4 0.77734375 0.3802083333333333 0.224609375 0.21875
0 0.77734375 0.3802083333333333 0.224609375 0.21875
4 0.77734375 0.3802083333333333 0.224609375 0.21875
4 0.9453125 0.3802083333333333 0.109375 0.21875
0 0.9453125 0.3802083333333333 0.109375 0.21875
4 0.9453125 0.3802083333333333 0.109375 0.21875
4 0.0703125 0.6393229166666666 0.140625 0.2994791666666667
0 0.1962890625 0.6393229166666666 0.2265625 0.2994791666666667
4 0.15478515625 0.6393229166666666 0.3095703125 0.2994791666666667
4 0.1962890625 0.6393229166666666 0.2265625 0.2994791666666667
7 0.22314453125 0.5911458333333334 0.1611328125 0.015625
2 0.22265625 0.671875 0.16015625 0.13020833333333334
4 0.2373046875 0.701171875 0.14453125 0.4231770833333333
3 0.15478515625 0.8736979166666666 0.3095703125 0.1171875
4 0.0556640625 0.6731770833333334 0.03515625 0.3671875
7 0.7666015625 0.56640625 0.30078125 0.028645833333333332
0 0.94140625 0.6302083333333334 0.1171875 0.06510416666666667
0 0.3779296875 0.6302083333333334 0.13671875 0.06510416666666667
0 0.48291015625 0.6302083333333334 0.0732421875 0.06510416666666667
0 0.57080078125 0.6302083333333334 0.1025390625 0.06510416666666667
0 0.673828125 0.6302083333333334 0.103515625 0.06510416666666667
0 0.759765625 0.6302083333333334 0.068359375 0.06510416666666667
0 0.8369140625 0.6302083333333334 0.0859375 0.06510416666666667
7 0.97509765625 0.544921875 0.0498046875 0.07942708333333333
7 0.6259765625 0.6848958333333334 0.064453125 0.015625
2 0.53466796875 0.8736979166666666 0.4501953125 0.09375
4 0.546875 0.9368489583333334 0.474609375 0.12630208333333334
0 0.546875 0.9368489583333334 0.474609375 0.12630208333333334
4 0.8671875 0.900390625 0.126953125 0.09505208333333333
0 0.8671875 0.9010416666666666 0.126953125 0.09635416666666667
2 0.97021484375 0.9108072916666666 0.0595703125 0.12369791666666667