4 0.310546875 0.42578125 0.0546875 0.07291666666666667
0 0.310546875 0.42578125 0.0546875 0.07291666666666667
0 0.3095703125 0.23958333333333334 0.619140625 0.4791666666666667
4 0.3095703125 0.24153645833333334 0.619140625 0.4752604166666667
4 0.59765625 0.07421875 0.04296875 0.06770833333333333
7 0.3095703125 0.453125 0.619140625 0.028645833333333332
7 0.59033203125 0.423828125 0.0576171875 0.024739583333333332
0 0.34521484375 0.498046875 0.0615234375 0.037760416666666664
0 0.52978515625 0.498046875 0.0830078125 0.037760416666666664
6 0.328125 0.5377604166666666 0.029296875 0.020833333333333332
7 0.3447265625 0.5377604166666666 0.005859375 0.020833333333333332
6 0.4736328125 0.5377604166666666 0.234375 0.020833333333333332
6 0.48779296875 0.5638020833333334 0.2626953125 0.020833333333333332
6 0.48779296875 0.58984375 0.2626953125 0.020833333333333332
6 0.48779296875 0.6158854166666666 0.2626953125 0.020833333333333332
6 0.48095703125 0.6419270833333334 0.2490234375 0.020833333333333332
6 0.48779296875 0.66796875 0.2626953125 0.020833333333333332
6 0.48681640625 0.6940104166666666 0.2607421875 0.020833333333333332
6 0.48779296875 0.7200520833333334 0.2626953125 0.020833333333333332
6 0.4794921875 0.74609375 0.24609375 0.020833333333333332
6 0.48779296875 0.7721354166666666 0.2626953125 0.020833333333333332
7 0.0634765625 0.5696614583333334 0.111328125 0.01171875
7 0.20947265625 0.6471354166666666 0.4189453125 0.1171875
7 0.53515625 0.6106770833333334 0.1640625 0.020833333333333332
6 0.5205078125 0.63671875 0.134765625 0.020833333333333332
7 0.6005859375 0.63671875 0.02734375 0.020833333333333332
6 0.5244140625 0.6627604166666666 0.142578125 0.020833333333333332
7 0.5966796875 0.6627604166666666 0.00390625 0.020833333333333332
7 0.2880859375 0.8268229166666666 0.083984375 0.026041666666666668
4 0.10009765625 0.9309895833333334 0.1337890625 0.11979166666666667
0 0.10009765625 0.935546875 0.1337890625 0.12890625
4 0.2626953125 0.9309895833333334 0.134765625 0.11979166666666667
0 0.2626953125 0.935546875 0.134765625 0.12890625
7 0.48046875 0.83203125 0.025390625 0.018229166666666668
0 0.4697265625 0.83203125 0.06640625 0.0390625
7 0.54833984375 0.83203125 0.0302734375 0.018229166666666668
0 0.53759765625 0.83203125 0.0732421875 0.0390625
7 0.61181640625 0.83203125 0.0146484375 0.018229166666666668
0 0.595703125 0.83203125 0.046875 0.0390625
7 0.49755859375 0.8717447916666666 0.1123046875 0.01171875
7 0.0234375 0.7604166666666666 0.046875 0.020833333333333332
0 0.03564453125 0.7604166666666666 0.0712890625 0.06510416666666667
7 0.10693359375 0.7604166666666666 0.0439453125 0.020833333333333332
0 0.11181640625 0.7604166666666666 0.0830078125 0.06510416666666667
1 0.478515625 0.7604166666666666 0.263671875 0.044270833333333336
7 0.728515625 0.5651041666666666 0.21875 0.109375
6 0.6337890625 0.8170572916666666 0.029296875 0.024739583333333332
6 0.68212890625 0.8170572916666666 0.0673828125 0.024739583333333332
6 0.767578125 0.8170572916666666 0.103515625 0.024739583333333332