7 0.23974609375 0.18684895833333334 0.4794921875 0.13151041666666666
7 0.23974609375 0.3203125 0.4794921875 0.1171875
7 0.5791015625 0.03515625 0.04296875 0.028645833333333332
0 0.5791015625 0.042317708333333336 0.15625 0.07421875
7 0.5791015625 0.05859375 0.14453125 0.013020833333333334
7 0.7490234375 0.03515625 0.05078125 0.028645833333333332
0 0.7490234375 0.042317708333333336 0.15625 0.07421875
7 0.7490234375 0.05859375 0.14453125 0.013020833333333334
7 0.5791015625 0.12239583333333333 0.0546875 0.028645833333333332
0 0.5791015625 0.12955729166666666 0.15625 0.07421875
7 0.5791015625 0.14583333333333334 0.14453125 0.013020833333333334
7 0.7490234375 0.12239583333333333 0.095703125 0.028645833333333332
0 0.7490234375 0.12955729166666666 0.15625 0.07421875
7 0.7490234375 0.14583333333333334 0.14453125 0.013020833333333334
7 0.5791015625 0.20963541666666666 0.0546875 0.028645833333333332
0 0.5791015625 0.216796875 0.15625 0.07421875
7 0.5791015625 0.23307291666666666 0.14453125 0.013020833333333334
7 0.7490234375 0.20963541666666666 0.04296875 0.028645833333333332
0 0.7490234375 0.216796875 0.15625 0.07421875
7 0.7490234375 0.23307291666666666 0.14453125 0.013020833333333334
7 0.5791015625 0.296875 0.072265625 0.028645833333333332
0 0.5791015625 0.3040364583333333 0.15625 0.07421875
7 0.5791015625 0.3203125 0.14453125 0.013020833333333334
7 0.7490234375 0.296875 0.060546875 0.028645833333333332
0 0.7490234375 0.3040364583333333 0.15625 0.07421875
7 0.7490234375 0.3203125 0.14453125 0.013020833333333334
7 0.5791015625 0.3743489583333333 0.080078125 0.009114583333333334
0 0.5791015625 0.3665364583333333 0.15625 0.024739583333333332
7 0.7490234375 0.3743489583333333 0.052734375 0.009114583333333334
0 0.7490234375 0.3665364583333333 0.15625 0.024739583333333332
1 0.67431640625 0.020833333333333332 0.3896484375 0.041666666666666664
2 0.73974609375 0.119140625 0.5205078125 0.055989583333333336
7 0.53173828125 0.18880208333333334 0.0986328125 0.028645833333333332
0 0.55126953125 0.189453125 0.1435546875 0.037760416666666664
7 0.59814453125 0.19010416666666666 0.0341796875 0.0234375
7 0.65771484375 0.18880208333333334 0.0361328125 0.028645833333333332
0 0.67333984375 0.189453125 0.0888671875 0.037760416666666664
7 0.69287109375 0.19010416666666666 0.0341796875 0.0234375
7 0.7607421875 0.18880208333333334 0.052734375 0.028645833333333332
0 0.7763671875 0.189453125 0.10546875 0.037760416666666664
7 0.80419921875 0.19010416666666666 0.0341796875 0.0234375
7 0.8759765625 0.18880208333333334 0.060546875 0.028645833333333332
0 0.8916015625 0.189453125 0.11328125 0.037760416666666664
7 0.92333984375 0.19010416666666666 0.0341796875 0.0234375
7 0.982421875 0.18880208333333334 0.03515625 0.028645833333333332
0 0.97705078125 0.189453125 0.0458984375 0.037760416666666664
7 0.54931640625 0.23697916666666666 0.0830078125 0.028645833333333332
0 0.56494140625 0.23763020833333334 0.1357421875 0.037760416666666664
7 0.60791015625 0.23828125 0.0341796875 0.0234375
7 0.6875 0.23697916666666666 0.076171875 0.028645833333333332
0 0.703125 0.23763020833333334 0.12890625 0.037760416666666664
7 0.74267578125 0.23828125 0.0341796875 0.0234375
7 0.80224609375 0.23697916666666666 0.0361328125 0.028645833333333332
0 0.81787109375 0.23763020833333334 0.0888671875 0.037760416666666664
7 0.83740234375 0.23828125 0.0341796875 0.0234375
7 0.908203125 0.23697916666666666 0.05859375 0.028645833333333332
0 0.923828125 0.23763020833333334 0.111328125 0.037760416666666664
7 0.95458984375 0.23828125 0.0341796875 0.0234375
7 0.498046875 0.28515625 0.037109375 0.028645833333333332
0 0.51904296875 0.2858072916666667 0.0791015625 0.037760416666666664
7 0.53369140625 0.2864583333333333 0.0341796875 0.0234375
7 0.5986328125 0.28515625 0.046875 0.028645833333333332
0 0.6142578125 0.2858072916666667 0.099609375 0.037760416666666664
7 0.63916015625 0.2864583333333333 0.0341796875 0.0234375
7 0.72021484375 0.28515625 0.0791015625 0.028645833333333332
0 0.73583984375 0.2858072916666667 0.1318359375 0.037760416666666664
7 0.77685546875 0.2864583333333333 0.0341796875 0.0234375
7 0.84033203125 0.28515625 0.0439453125 0.028645833333333332
0 0.8505859375 0.2858072916666667 0.0859375 0.037760416666666664
7 0.8740234375 0.2864583333333333 0.0234375 0.0234375
7 0.93408203125 0.28515625 0.0478515625 0.028645833333333332
0 0.9443359375 0.2858072916666667 0.08984375 0.037760416666666664
7 0.9697265625 0.2864583333333333 0.0234375 0.0234375
7 0.55224609375 0.3333333333333333 0.1455078125 0.028645833333333332
0 0.56787109375 0.333984375 0.1767578125 0.037760416666666664
7 0.63671875 0.3346354166666667 0.0234375 0.0234375
7 0.7392578125 0.3333333333333333 0.1328125 0.028645833333333332
0 0.74951171875 0.333984375 0.1748046875 0.037760416666666664
7 0.8173828125 0.3346354166666667 0.0234375 0.0234375
7 0.890625 0.3333333333333333 0.07421875 0.028645833333333332
0 0.90087890625 0.333984375 0.1162109375 0.037760416666666664
7 0.939453125 0.3346354166666667 0.0234375 0.0234375
7 0.98779296875 0.3333333333333333 0.0244140625 0.028645833333333332
0 0.982421875 0.333984375 0.03515625 0.037760416666666664
7 0.501953125 0.373046875 0.044921875 0.01171875
0 0.517578125 0.37109375 0.076171875 0.015625
7 0.5361328125 0.375 0.0234375 0.0078125
7 0.6337890625 0.373046875 0.123046875 0.01171875
0 0.64404296875 0.37109375 0.1650390625 0.015625
7 0.70703125 0.375 0.0234375 0.0078125
7 0.775390625 0.373046875 0.064453125 0.01171875
0 0.78564453125 0.37109375 0.1064453125 0.015625
7 0.8193359375 0.375 0.0234375 0.0078125
7 0.90771484375 0.373046875 0.1044921875 0.01171875
0 0.91796875 0.37109375 0.146484375 0.015625
7 0.9716796875 0.375 0.0234375 0.0078125
7 0.8037109375 0.23567708333333334 0.076171875 0.028645833333333332
0 0.49853515625 0.2916666666666667 0.0380859375 0.057291666666666664
0 0.59423828125 0.2916666666666667 0.1533203125 0.057291666666666664
0 0.744140625 0.2916666666666667 0.146484375 0.057291666666666664
3 0.23974609375 0.5345052083333334 0.4794921875 0.3111979166666667
1 0.03369140625 0.7447916666666666 0.0673828125 0.03125
4 0.357421875 0.7421875 0.134765625 0.0390625
0 0.357421875 0.7408854166666666 0.134765625 0.026041666666666668
0 0.01416015625 0.8001302083333334 0.0283203125 0.01953125
0 0.06201171875 0.8001302083333334 0.0673828125 0.01953125
0 0.12548828125 0.8001302083333334 0.0595703125 0.01953125
0 0.203125 0.8001302083333334 0.095703125 0.01953125
0 0.28125 0.8001302083333334 0.060546875 0.01953125
0 0.33984375 0.8001302083333334 0.056640625 0.01953125
0 0.41357421875 0.8001302083333334 0.0908203125 0.01953125
0 0.46923828125 0.8001302083333334 0.0205078125 0.01953125
0 0.23974609375 0.8665364583333334 0.4794921875 0.04296875
7 0.23974609375 0.8665364583333334 0.4794921875 0.04296875
7 0.23974609375 0.927734375 0.4794921875 0.029947916666666668
2 0.23974609375 0.9713541666666666 0.4794921875 0.057291666666666664
4 0.73974609375 0.689453125 0.5205078125 0.62109375
2 0.79248046875 0.5384114583333334 0.2919921875 0.08984375
2 0.8232421875 0.6640625 0.353515625 0.0546875
7 0.8232421875 0.7102864583333334 0.353515625 0.029947916666666668
4 0.80078125 0.8704427083333334 0.3984375 0.07421875