7 0.28955078125 0.2506510416666667 0.5791015625 0.040364583333333336
7 0.134765625 0.3079427083333333 0.263671875 0.04296875
7 0.134765625 0.3678385416666667 0.263671875 0.04296875
7 0.134765625 0.427734375 0.263671875 0.04296875
1 0.134765625 0.546875 0.265625 0.044270833333333336
4 0.3525390625 0.3203125 0.048828125 0.06510416666666667
7 0.40576171875 0.298828125 0.0322265625 0.01953125
7 0.43896484375 0.298828125 0.0361328125 0.01953125
0 0.42578125 0.333984375 0.072265625 0.037760416666666664
7 0.47119140625 0.3326822916666667 0.0185546875 0.01953125
0 0.51611328125 0.333984375 0.0732421875 0.037760416666666664
7 0.43896484375 0.3938802083333333 0.2275390625 0.04296875
7 0.43896484375 0.443359375 0.2275390625 0.04296875
7 0.43896484375 0.4928385416666667 0.2275390625 0.04296875
7 0.5361328125 0.48046875 0.0859375 0.08072916666666667
4 0.8974609375 0.033854166666666664 0.205078125 0.046875
0 0.8974609375 0.037760416666666664 0.205078125 0.0546875
4 0.78955078125 0.3196614583333333 0.4208984375 0.4986979166666667
7 0.78955078125 0.5794270833333334 0.4208984375 0.020833333333333332
1 0.7744140625 0.677734375 0.390625 0.07421875
7 0.6767578125 0.740234375 0.12109375 0.02734375
7 0.7861328125 0.740234375 0.09765625 0.02734375