7 0.02294921875 0.05859375 0.0458984375 0.1171875
0 0.02294921875 0.05859375 0.0458984375 0.1171875
7 0.09765625 0.05859375 0.10546875 0.1171875
0 0.09765625 0.05859375 0.10546875 0.1171875
4 0.2373046875 0.0390625 0.0390625 0.052083333333333336
0 0.2373046875 0.0390625 0.0390625 0.052083333333333336
4 0.2763671875 0.0390625 0.0390625 0.052083333333333336
0 0.2763671875 0.0390625 0.0390625 0.052083333333333336
4 0.3251953125 0.0390625 0.0390625 0.052083333333333336
0 0.3251953125 0.0390625 0.0390625 0.052083333333333336
2 0.03955078125 0.2766927083333333 0.0791015625 0.2825520833333333
2 0.0654296875 0.3229166666666667 0.130859375 0.203125
4 0.1796875 0.21940104166666666 0.359375 0.4388020833333333
7 0.69921875 0.037760416666666664 0.49609375 0.020833333333333332
6 0.9736328125 0.037760416666666664 0.052734375 0.020833333333333332
7 0.6796875 0.21940104166666666 0.640625 0.4388020833333333
4 0.6796875 0.21940104166666666 0.640625 0.4388020833333333
2 0.65625 0.18229166666666666 0.52734375 0.078125
7 0.54736328125 0.2890625 0.3095703125 0.0390625
7 0.5859375 0.34765625 0.38671875 0.0390625
7 0.5986328125 0.40625 0.412109375 0.0390625
3 0.1796875 0.4765625 0.359375 0.07552083333333333
2 0.17041015625 0.599609375 0.3408203125 0.02734375
4 0.1767578125 0.7734375 0.3046875 0.22916666666666666
0 0.1767578125 0.7734375 0.3046875 0.22916666666666666
2 0.1767578125 0.9563802083333334 0.27734375 0.08723958333333333
4 0.74560546875 0.55859375 0.0224609375 0.028645833333333332
0 0.74560546875 0.55859375 0.0302734375 0.0390625
0 0.77978515625 0.55859375 0.0302734375 0.0390625
6 0.85400390625 0.5572916666666666 0.1044921875 0.028645833333333332
0 0.85595703125 0.55859375 0.1162109375 0.0390625
0 0.623046875 0.4967447916666667 0.076171875 0.04296875
0 0.73876953125 0.4947916666666667 0.1142578125 0.0390625
0 0.84619140625 0.4947916666666667 0.0615234375 0.0390625
0 0.927734375 0.4947916666666667 0.0625 0.0390625
0 0.9892578125 0.4947916666666667 0.021484375 0.0390625
4 0.6796875 0.7194010416666666 0.640625 0.5611979166666666
2 0.6796875 0.7682291666666666 0.640625 0.1171875
7 0.71875 0.8658854166666666 0.109375 0.026041666666666668
4 0.79443359375 0.8658854166666666 0.0205078125 0.026041666666666668
4 0.81396484375 0.8645833333333334 0.0205078125 0.026041666666666668
4 0.83349609375 0.8658854166666666 0.0205078125 0.026041666666666668
7 0.9130859375 0.8658854166666666 0.1328125 0.026041666666666668
7 0.59130859375 0.9680989583333334 0.1083984375 0.04296875
0 0.59130859375 0.9680989583333334 0.2158203125 0.06380208333333333
0 0.822265625 0.9680989583333334 0.21484375 0.06380208333333333
0 0.97265625 0.9680989583333334 0.0546875 0.06380208333333333