0 0.2421875 0.11848958333333333 0.115234375 0.23697916666666666
2 0.6884765625 0.033854166666666664 0.623046875 0.044270833333333336
3 0.52587890625 0.130859375 0.2978515625 0.10286458333333333
7 0.6884765625 0.216796875 0.623046875 0.029947916666666668
7 0.6884765625 0.287109375 0.623046875 0.029947916666666668
7 0.7080078125 0.357421875 0.583984375 0.029947916666666668
7 0.7080078125 0.3860677083333333 0.583984375 0.029947916666666668
4 0.01123046875 0.49609375 0.0224609375 0.03125
0 0.01123046875 0.4973958333333333 0.0224609375 0.08333333333333333
0 0.1767578125 0.42578125 0.142578125 0.033854166666666664
7 0.1083984375 0.56640625 0.216796875 0.020833333333333332
0 0.14990234375 0.56640625 0.2998046875 0.0546875
7 0.26416015625 0.56640625 0.0712890625 0.028645833333333332
2 0.0146484375 0.833984375 0.029296875 0.12109375
2 0.0498046875 0.833984375 0.04296875 0.12109375
2 0.1025390625 0.833984375 0.064453125 0.12109375
2 0.154296875 0.833984375 0.041015625 0.12109375
2 0.18408203125 0.833984375 0.0185546875 0.12109375
7 0.0732421875 0.9290364583333334 0.146484375 0.03515625
4 0.64990234375 0.6666666666666666 0.7001953125 0.4557291666666667
2 0.64990234375 0.6145833333333334 0.7001953125 0.0703125
4 0.4560546875 0.71484375 0.029296875 0.0390625
1 0.6826171875 0.71484375 0.498046875 0.078125
2 0.37841796875 0.9596354166666666 0.1572265625 0.0390625
2 0.64990234375 0.9928385416666666 0.7001953125 0.014322916666666666