0 0.17529296875 0.010416666666666666 0.0654296875 0.020833333333333332
0 0.2646484375 0.010416666666666666 0.068359375 0.020833333333333332
0 0.3427734375 0.010416666666666666 0.04296875 0.020833333333333332
0 0.15625 0.06315104166666667 0.02734375 0.08463541666666667
2 0.177734375 0.22981770833333334 0.35546875 0.06640625
2 0.19775390625 0.3014322916666667 0.3955078125 0.06640625
2 0.18212890625 0.421875 0.3642578125 0.1171875
0 0.1201171875 0.568359375 0.16796875 0.07161458333333333
7 0.37744140625 0.2864583333333333 0.0302734375 0.005208333333333333
7 0.37646484375 0.4583333333333333 0.1552734375 0.3020833333333333
7 0.705078125 0.16731770833333334 0.451171875 0.022135416666666668
4 0.23974609375 0.6477864583333334 0.4794921875 0.07682291666666667
7 0.0341796875 0.615234375 0.0546875 0.01171875
0 0.0341796875 0.615234375 0.0546875 0.01171875
7 0.14306640625 0.615234375 0.1337890625 0.01171875
0 0.14306640625 0.615234375 0.1337890625 0.01171875
7 0.24609375 0.615234375 0.04296875 0.01171875
0 0.24609375 0.615234375 0.04296875 0.01171875
7 0.3017578125 0.615234375 0.0390625 0.01171875
0 0.3017578125 0.615234375 0.0390625 0.01171875
7 0.36328125 0.615234375 0.0546875 0.01171875
0 0.36328125 0.615234375 0.0546875 0.01171875
1 0.4423828125 0.619140625 0.07421875 0.01953125
7 0.662109375 0.6783854166666666 0.365234375 0.13541666666666666
6 0.5595703125 0.78125 0.16015625 0.018229166666666668
7 0.6787109375 0.78125 0.080078125 0.018229166666666668
7 0.65869140625 0.86328125 0.3583984375 0.13541666666666666
6 0.58837890625 0.96484375 0.2177734375 0.018229166666666668
7 0.73583984375 0.96484375 0.0791015625 0.018229166666666668
7 0.662109375 0.9895833333333334 0.365234375 0.020833333333333332
0 0.943359375 0.6165364583333334 0.07421875 0.014322916666666666
0 0.953125 0.6354166666666666 0.09375 0.033854166666666664
0 0.953125 0.6640625 0.09375 0.033854166666666664
0 0.953125 0.69140625 0.09375 0.033854166666666664
0 0.9404296875 0.7200520833333334 0.068359375 0.033854166666666664
0 0.935546875 0.7473958333333334 0.05859375 0.033854166666666664
0 0.9287109375 0.7760416666666666 0.044921875 0.033854166666666664
6 0.953125 0.8203125 0.09375 0.018229166666666668