2 0.1240234375 0.047526041666666664 0.248046875 0.06640625
2 0.14404296875 0.119140625 0.2880859375 0.06640625
2 0.12841796875 0.23958333333333334 0.2568359375 0.1171875
0 0.04833984375 0.3860677083333333 0.0966796875 0.07161458333333333
4 0.48095703125 0.23763020833333334 0.1572265625 0.4231770833333333
7 0.27001953125 0.10416666666666667 0.0302734375 0.005208333333333333
7 0.26904296875 0.287109375 0.1552734375 0.32421875
7 0.77978515625 0.01171875 0.4404296875 0.0234375
7 0.77978515625 0.053385416666666664 0.4404296875 0.026041666666666668
7 0.716796875 0.13020833333333334 0.078125 0.049479166666666664
0 0.716796875 0.13020833333333334 0.078125 0.049479166666666664
4 0.1455078125 0.576171875 0.263671875 0.053385416666666664
6 0.42431640625 0.5794270833333334 0.0654296875 0.026041666666666668
6 0.5361328125 0.5794270833333334 0.046875 0.026041666666666668
2 0.2060546875 0.83984375 0.384765625 0.1875
7 0.05615234375 0.9765625 0.0849609375 0.033854166666666664
7 0.1865234375 0.9798177083333334 0.345703125 0.040364583333333336
2 0.77978515625 0.462890625 0.4404296875 0.02734375
1 0.74951171875 0.4596354166666667 0.3798828125 0.020833333333333332
7 0.90380859375 0.4557291666666667 0.0439453125 0.013020833333333334
0 0.90380859375 0.458984375 0.0693359375 0.01953125
4 0.98828125 0.4563802083333333 0.01953125 0.014322916666666666
0 0.61328125 0.5169270833333334 0.08984375 0.0390625
0 0.69482421875 0.5169270833333334 0.0732421875 0.0390625
0 0.7802734375 0.5169270833333334 0.09765625 0.0390625
4 0.77978515625 0.7610677083333334 0.4404296875 0.44921875
2 0.611328125 0.6803385416666666 0.103515625 0.12630208333333334
0 0.611328125 0.7259114583333334 0.103515625 0.21744791666666666
2 0.611328125 0.794921875 0.103515625 0.07942708333333333
0 0.58544921875 0.8717447916666666 0.0517578125 0.05078125