7 0.072265625 0.036458333333333336 0.11328125 0.026041666666666668
0 0.072265625 0.037109375 0.142578125 0.055989583333333336
7 0.17919921875 0.036458333333333336 0.0419921875 0.026041666666666668
0 0.171875 0.037109375 0.056640625 0.055989583333333336
2 0.18994140625 0.3287760416666667 0.3798828125 0.06640625
2 0.18994140625 0.46875 0.3798828125 0.13802083333333334
7 0.5 0.5364583333333334 0.240234375 0.046875
6 0.595703125 0.5501302083333334 0.08984375 0.01953125
0 0.96484375 0.5377604166666666 0.0703125 0.020833333333333332
0 0.82470703125 0.5403645833333334 0.0966796875 0.0234375
4 0.6181640625 0.099609375 0.333984375 0.02734375
4 0.89208984375 0.099609375 0.2158203125 0.02734375
4 0.68994140625 0.056640625 0.6201171875 0.11328125
7 0.53759765625 0.022786458333333332 0.3154296875 0.045572916666666664
0 0.54248046875 0.07096354166666667 0.3251953125 0.02734375
2 0.41357421875 0.22200520833333334 0.0673828125 0.14192708333333334
4 0.55419921875 0.18424479166666666 0.0498046875 0.06640625
0 0.55419921875 0.21809895833333334 0.0966796875 0.13411458333333334
7 0.55419921875 0.2571614583333333 0.0966796875 0.055989583333333336
4 0.66162109375 0.18424479166666666 0.0498046875 0.06640625
0 0.6611328125 0.208984375 0.095703125 0.11588541666666667
7 0.6611328125 0.248046875 0.095703125 0.037760416666666664
4 0.76806640625 0.18424479166666666 0.0498046875 0.06640625
0 0.7685546875 0.21809895833333334 0.095703125 0.13411458333333334
7 0.7685546875 0.2571614583333333 0.095703125 0.055989583333333336
4 0.87548828125 0.18424479166666666 0.0498046875 0.06640625
0 0.87548828125 0.21809895833333334 0.0966796875 0.13411458333333334
7 0.87548828125 0.2571614583333333 0.0966796875 0.055989583333333336
4 0.97900390625 0.18424479166666666 0.0419921875 0.06640625
0 0.96728515625 0.208984375 0.0654296875 0.11588541666666667
7 0.96728515625 0.248046875 0.0654296875 0.037760416666666664
7 0.41357421875 0.3782552083333333 0.0673828125 0.10546875
0 0.408203125 0.427734375 0.056640625 0.053385416666666664
7 0.6181640625 0.3912760416666667 0.283203125 0.13151041666666666
7 0.61767578125 0.4537760416666667 0.2060546875 0.024739583333333332
0 0.6181640625 0.4537760416666667 0.26171875 0.053385416666666664
7 0.89404296875 0.3912760416666667 0.2119140625 0.13151041666666666
7 0.93017578125 0.4537760416666667 0.1318359375 0.024739583333333332
0 0.89990234375 0.4537760416666667 0.2001953125 0.053385416666666664
4 0.18994140625 0.7799479166666666 0.3798828125 0.4401041666666667
3 0.18994140625 0.7161458333333334 0.3798828125 0.3125
0 0.26513671875 0.9212239583333334 0.2294921875 0.05078125
6 0.42041015625 0.5807291666666666 0.0810546875 0.041666666666666664
6 0.52392578125 0.5807291666666666 0.0888671875 0.041666666666666664
6 0.61865234375 0.5807291666666666 0.0634765625 0.041666666666666664
6 0.69970703125 0.5807291666666666 0.0615234375 0.041666666666666664
6 0.7919921875 0.5807291666666666 0.0859375 0.041666666666666664
6 0.87451171875 0.5807291666666666 0.0419921875 0.041666666666666664
0 0.94091796875 0.5807291666666666 0.0732421875 0.041666666666666664
2 0.68994140625 0.6510416666666666 0.6201171875 0.046875
4 0.46875 0.8502604166666666 0.177734375 0.2994791666666667
0 0.46875 0.8502604166666666 0.177734375 0.2994791666666667
4 0.708984375 0.8079427083333334 0.2734375 0.21484375
0 0.708984375 0.8079427083333334 0.2734375 0.21484375
0 0.60546875 0.8040364583333334 0.04296875 0.016927083333333332
2 0.70849609375 0.8587239583333334 0.2490234375 0.08203125
4 0.9296875 0.8079427083333334 0.140625 0.21484375
0 0.9296875 0.8079427083333334 0.140625 0.21484375
0 0.90380859375 0.8040364583333334 0.0634765625 0.016927083333333332
2 0.93603515625 0.8587239583333334 0.1279296875 0.08203125
4 0.708984375 0.966796875 0.2734375 0.06640625
0 0.708984375 0.966796875 0.2734375 0.06640625