2 0.2978515625 0.08658854166666667 0.583984375 0.06640625
2 0.3369140625 0.2265625 0.505859375 0.13802083333333334
0 0.38671875 0.3795572916666667 0.29296875 0.055989583333333336
7 0.71875 0.052083333333333336 0.2578125 0.08333333333333333
7 0.61962890625 0.3834635416666667 0.0595703125 0.09244791666666667
7 0.8203125 0.3763020833333333 0.162109375 0.078125
0 0.8212890625 0.3645833333333333 0.216796875 0.13020833333333334
4 0.25 0.580078125 0.283203125 0.30078125
2 0.294921875 0.7877604166666666 0.58984375 0.052083333333333336
7 0.22802734375 0.8606770833333334 0.0517578125 0.0234375
7 0.275390625 0.8606770833333334 0.04296875 0.0234375
0 0.12939453125 0.9407552083333334 0.2177734375 0.061197916666666664
0 0.37060546875 0.9407552083333334 0.2177734375 0.061197916666666664
7 0.6826171875 0.5618489583333334 0.185546875 0.14453125
1 0.650390625 0.7278645833333334 0.12109375 0.0546875
1 0.7470703125 0.7278645833333334 0.07421875 0.059895833333333336
4 0.794921875 0.71484375 0.41015625 0.5703125