2 0.14453125 0.08333333333333333 0.2890625 0.16666666666666666
6 0.060546875 0.23567708333333334 0.10546875 0.0234375
0 0.1083984375 0.23567708333333334 0.216796875 0.0625
4 0.14453125 0.4010416666666667 0.2890625 0.24739583333333334
4 0.14453125 0.4010416666666667 0.2890625 0.24739583333333334
2 0.14453125 0.591796875 0.2890625 0.07421875
4 0.31591796875 0.041015625 0.0068359375 0.08203125
2 0.572265625 0.050130208333333336 0.470703125 0.10026041666666667
2 0.5849609375 0.130859375 0.470703125 0.032552083333333336
4 0.42529296875 0.20572916666666666 0.1318359375 0.052083333333333336
4 0.57177734375 0.20572916666666666 0.1318359375 0.052083333333333336
4 0.64453125 0.24088541666666666 0.7109375 0.4817708333333333
4 0.64453125 0.24088541666666666 0.7109375 0.4817708333333333
4 0.37939453125 0.5865885416666666 0.1259765625 0.08463541666666667
4 0.70947265625 0.5865885416666666 0.1259765625 0.08463541666666667
1 0.20361328125 0.66015625 0.1708984375 0.044270833333333336
1 0.20361328125 0.7109375 0.1708984375 0.044270833333333336
1 0.20361328125 0.76171875 0.1708984375 0.044270833333333336
7 0.22314453125 0.8033854166666666 0.0771484375 0.020833333333333332
7 0.1455078125 0.8515625 0.126953125 0.020833333333333332
7 0.27978515625 0.8528645833333334 0.0185546875 0.015625
0 0.27978515625 0.8522135416666666 0.0185546875 0.02734375
7 0.14453125 0.8802083333333334 0.2890625 0.015625
3 0.14453125 0.9466145833333334 0.2890625 0.10677083333333333