0 0.072265625 0.028645833333333332 0.134765625 0.057291666666666664
7 0.1826171875 0.018229166666666668 0.0546875 0.0234375
0 0.1826171875 0.028645833333333332 0.0859375 0.057291666666666664
7 0.2890625 0.018229166666666668 0.095703125 0.0234375
0 0.2890625 0.028645833333333332 0.126953125 0.057291666666666664
7 0.39306640625 0.018229166666666668 0.0498046875 0.0234375
0 0.39306640625 0.028645833333333332 0.0810546875 0.057291666666666664
7 0.45458984375 0.018229166666666668 0.0107421875 0.0234375
0 0.44677734375 0.028645833333333332 0.0263671875 0.057291666666666664
7 0.2578125 0.2727864583333333 0.404296875 0.15755208333333334
0 0.22998046875 0.2747395833333333 0.4599609375 0.5494791666666666
6 0.22998046875 0.3645833333333333 0.4599609375 0.028645833333333332
4 0.6396484375 0.2610677083333333 0.359375 0.5221354166666666
0 0.6396484375 0.2610677083333333 0.359375 0.5221354166666666
4 0.91064453125 0.055989583333333336 0.1435546875 0.11197916666666667
0 0.91064453125 0.055989583333333336 0.1435546875 0.11197916666666667
7 0.86962890625 0.09830729166666667 0.0615234375 0.02734375
7 0.86328125 0.138671875 0.029296875 0.022135416666666668
4 0.8828125 0.13606770833333334 0.005859375 0.01171875
0 0.86328125 0.13541666666666666 0.029296875 0.020833333333333332
4 0.91748046875 0.13541666666666666 0.0126953125 0.013020833333333334
4 0.91064453125 0.25 0.1435546875 0.12760416666666666
0 0.91064453125 0.25 0.1435546875 0.12760416666666666
7 0.8603515625 0.3001302083333333 0.04296875 0.02734375
7 0.96142578125 0.2858072916666667 0.0341796875 0.045572916666666664
7 0.86181640625 0.3404947916666667 0.0263671875 0.022135416666666668
4 0.8798828125 0.337890625 0.005859375 0.01171875
0 0.86181640625 0.3372395833333333 0.0263671875 0.020833333333333332
4 0.91455078125 0.3372395833333333 0.0126953125 0.013020833333333334
4 0.91064453125 0.4518229166666667 0.1435546875 0.12760416666666666
0 0.91064453125 0.4518229166666667 0.1435546875 0.12760416666666666
7 0.86181640625 0.5403645833333334 0.0263671875 0.018229166666666668
4 0.8798828125 0.5397135416666666 0.005859375 0.01171875
0 0.86181640625 0.5390625 0.0263671875 0.020833333333333332
4 0.91455078125 0.5390625 0.0126953125 0.013020833333333334
4 0.095703125 0.6334635416666666 0.19140625 0.16796875
0 0.095703125 0.6334635416666666 0.19140625 0.16796875
2 0.09326171875 0.8209635416666666 0.1865234375 0.14973958333333334
2 0.0244140625 0.9205729166666666 0.048828125 0.020833333333333332
4 0.3134765625 0.6334635416666666 0.205078125 0.16796875
0 0.3134765625 0.6334635416666666 0.205078125 0.16796875
2 0.310546875 0.8014322916666666 0.19921875 0.11067708333333333
2 0.23876953125 0.8815104166666666 0.0556640625 0.020833333333333332
4 0.4521484375 0.9114583333333334 0.015625 0.036458333333333336
0 0.4521484375 0.9127604166666666 0.015625 0.0390625
7 0.04833984375 0.935546875 0.0966796875 0.032552083333333336
0 0.20361328125 0.935546875 0.1533203125 0.061197916666666664
7 0.01220703125 0.9837239583333334 0.0244140625 0.029947916666666668
0 0.01220703125 0.9837239583333334 0.0244140625 0.029947916666666668
4 0.552734375 0.630859375 0.185546875 0.16276041666666666
0 0.55322265625 0.6315104166666666 0.1865234375 0.1640625
7 0.54736328125 0.6712239583333334 0.1083984375 0.01953125
7 0.55029296875 0.6901041666666666 0.1806640625 0.018229166666666668
4 0.75390625 0.630859375 0.1953125 0.16276041666666666
0 0.75390625 0.6315104166666666 0.197265625 0.1640625
7 0.75439453125 0.6712239583333334 0.0419921875 0.01953125
7 0.75390625 0.6901041666666666 0.185546875 0.018229166666666668
7 0.5009765625 0.904296875 0.08203125 0.05078125
4 0.49462890625 0.8229166666666666 0.0693359375 0.16145833333333334
7 0.49462890625 0.9459635416666666 0.0693359375 0.01953125
4 0.498046875 0.9641927083333334 0.076171875 0.016927083333333332
4 0.474609375 0.9791666666666666 0.029296875 0.010416666666666666
7 0.46484375 0.9934895833333334 0.009765625 0.013020833333333334
4 0.59375 0.7708333333333334 0.07421875 0.0625
7 0.625 0.904296875 0.138671875 0.05078125
4 0.568359375 0.75 0.017578125 0.018229166666666668
4 0.62109375 0.8229166666666666 0.12109375 0.16145833333333334
6 0.58642578125 0.9270833333333334 0.0517578125 0.018229166666666668
7 0.62109375 0.9459635416666666 0.12109375 0.01953125
4 0.62451171875 0.9641927083333334 0.1279296875 0.016927083333333332
7 0.576171875 0.9798177083333334 0.03125 0.014322916666666666
4 0.6162109375 0.9791666666666666 0.05078125 0.010416666666666666
7 0.5771484375 0.9934895833333334 0.033203125 0.013020833333333334
7 0.60498046875 0.9934895833333334 0.0224609375 0.013020833333333334
4 0.74609375 0.7708333333333334 0.07421875 0.0625
7 0.77734375 0.904296875 0.138671875 0.05078125
4 0.720703125 0.75 0.017578125 0.018229166666666668
4 0.7734375 0.8229166666666666 0.12109375 0.16145833333333334
6 0.74609375 0.9270833333333334 0.06640625 0.018229166666666668
7 0.7734375 0.9459635416666666 0.12109375 0.01953125
4 0.77685546875 0.9641927083333334 0.1279296875 0.016927083333333332
7 0.728515625 0.9798177083333334 0.03125 0.014322916666666666
4 0.7685546875 0.9791666666666666 0.05078125 0.010416666666666666
7 0.7294921875 0.9934895833333334 0.033203125 0.013020833333333334
7 0.76025390625 0.9934895833333334 0.0283203125 0.013020833333333334
7 0.9208984375 0.5540364583333334 0.060546875 0.009114583333333334
6 0.962890625 0.5533854166666666 0.025390625 0.0078125
7 0.97802734375 0.5540364583333334 0.0068359375 0.009114583333333334
6 0.990234375 0.5533854166666666 0.01953125 0.0078125
6 0.9453125 0.5631510416666666 0.109375 0.02734375
7 0.90380859375 0.5690104166666666 0.0068359375 0.018229166666666668
6 0.919921875 0.5696614583333334 0.02734375 0.014322916666666666
7 0.93505859375 0.5690104166666666 0.0068359375 0.018229166666666668
6 0.9609375 0.5696614583333334 0.046875 0.014322916666666666
7 0.98779296875 0.5690104166666666 0.0068359375 0.018229166666666668
6 0.9951171875 0.5696614583333334 0.009765625 0.014322916666666666
6 0.9453125 0.5794270833333334 0.109375 0.033854166666666664
7 0.91650390625 0.5885416666666666 0.0068359375 0.018229166666666668
6 0.9384765625 0.5891927083333334 0.0390625 0.014322916666666666
7 0.96044921875 0.5885416666666666 0.0068359375 0.018229166666666668
6 0.9814453125 0.5891927083333334 0.037109375 0.014322916666666666
4 0.92578125 0.5950520833333334 0.025390625 0.033854166666666664
7 0.9619140625 0.5729166666666666 0.033203125 0.020833333333333332
7 0.9609375 0.591796875 0.01953125 0.014322916666666666
3 0.93359375 0.6145833333333334 0.05859375 0.026041666666666668
4 0.9140625 0.7421875 0.048828125 0.06510416666666667
7 0.9697265625 0.7200520833333334 0.056640625 0.020833333333333332
1 0.970703125 0.7571614583333334 0.05859375 0.037760416666666664
0 0.94482421875 0.80859375 0.1103515625 0.028645833333333332
6 0.97998046875 0.8561197916666666 0.0400390625 0.014322916666666666
4 0.94091796875 0.9309895833333334 0.1181640625 0.06510416666666667
2 0.8994140625 0.99609375 0.015625 0.0078125
2 0.955078125 0.994140625 0.08984375 0.01171875