0 0.294921875 0.036458333333333336 0.58984375 0.07291666666666667
6 0.13037109375 0.015625 0.2060546875 0.03125
6 0.36865234375 0.015625 0.2060546875 0.03125
7 0.294921875 0.11588541666666667 0.58984375 0.044270833333333336
3 0.294921875 0.19661458333333334 0.58984375 0.1171875
6 0.6435546875 0.052083333333333336 0.107421875 0.018229166666666668
7 0.64013671875 0.053385416666666664 0.1005859375 0.028645833333333332
0 0.75732421875 0.053385416666666664 0.0966796875 0.06510416666666667
0 0.75732421875 0.052734375 0.0966796875 0.02734375
4 0.72216796875 0.21940104166666666 0.2646484375 0.16015625
7 0.9462890625 0.1484375 0.107421875 0.018229166666666668
2 0.9462890625 0.20377604166666666 0.107421875 0.07942708333333333
7 0.9462890625 0.2701822916666667 0.107421875 0.053385416666666664
4 0.294921875 0.6927083333333334 0.58984375 0.6145833333333334
0 0.294921875 0.6927083333333334 0.58984375 0.6145833333333334
2 0.294921875 0.9759114583333334 0.58984375 0.032552083333333336
0 0.294921875 0.9759114583333334 0.58984375 0.032552083333333336
4 0.794921875 0.3606770833333333 0.41015625 0.12239583333333333
7 0.80029296875 0.3567708333333333 0.3994140625 0.028645833333333332
4 0.794921875 0.7109375 0.41015625 0.578125
2 0.71826171875 0.6692708333333334 0.2568359375 0.3411458333333333
7 0.607421875 0.8919270833333334 0.03515625 0.0234375
0 0.61962890625 0.8919270833333334 0.0595703125 0.0546875
7 0.75341796875 0.8919270833333334 0.1005859375 0.0234375
0 0.75341796875 0.8919270833333334 0.1494140625 0.0546875