0 0.4599609375 0.055989583333333336 0.029296875 0.041666666666666664
0 0.4921875 0.055989583333333336 0.029296875 0.041666666666666664
0 0.0185546875 0.11197916666666667 0.037109375 0.046875
0 0.06787109375 0.11197916666666667 0.0615234375 0.046875
7 0.1298828125 0.11263020833333333 0.04296875 0.01953125
0 0.13671875 0.11197916666666667 0.076171875 0.046875
0 0.2119140625 0.11197916666666667 0.072265625 0.046875
0 0.28271484375 0.11197916666666667 0.0673828125 0.046875
0 0.37109375 0.11197916666666667 0.107421875 0.046875
0 0.4677734375 0.11197916666666667 0.083984375 0.046875
7 0.2548828125 0.1484375 0.509765625 0.026041666666666668
4 0.150390625 0.3723958333333333 0.30078125 0.421875
2 0.193359375 0.24609375 0.2109375 0.140625
0 0.193359375 0.24609375 0.2109375 0.140625
4 0.40576171875 0.3723958333333333 0.2080078125 0.421875
2 0.4208984375 0.21614583333333334 0.177734375 0.08072916666666667
0 0.4208984375 0.21614583333333334 0.177734375 0.08072916666666667
0 0.75927734375 0.3040364583333333 0.0107421875 0.022135416666666668
4 0.7822265625 0.302734375 0.01171875 0.014322916666666666
4 0.8056640625 0.302734375 0.01171875 0.014322916666666666
4 0.8291015625 0.302734375 0.01171875 0.014322916666666666
4 0.8525390625 0.302734375 0.01171875 0.014322916666666666
0 0.87548828125 0.3040364583333333 0.0107421875 0.022135416666666668
4 0.6708984375 0.140625 0.23046875 0.28125
0 0.6708984375 0.140625 0.259765625 0.28125
2 0.90771484375 0.02734375 0.1845703125 0.0546875
6 0.8681640625 0.06640625 0.10546875 0.020833333333333332
7 0.90771484375 0.13671875 0.1845703125 0.08854166666666667
6 0.83837890625 0.19921875 0.0458984375 0.026041666666666668
2 0.7119140625 0.359375 0.36328125 0.033854166666666664
2 0.70654296875 0.4244791666666667 0.3720703125 0.052083333333333336
7 0.70751953125 0.51953125 0.3740234375 0.11979166666666667
6 0.8193359375 0.56640625 0.046875 0.026041666666666668
2 0.97607421875 0.359375 0.0478515625 0.026041666666666668
4 0.97119140625 0.4811197916666667 0.0576171875 0.15755208333333334
0 0.97119140625 0.48046875 0.0576171875 0.15625
2 0.97119140625 0.59375 0.0576171875 0.0703125
6 0.24755859375 0.6979166666666666 0.1025390625 0.026041666666666668
2 0.19189453125 0.9309895833333334 0.3837890625 0.06510416666666667
2 0.44677734375 0.9309895833333334 0.1259765625 0.06510416666666667
7 0.2548828125 0.9524739583333334 0.509765625 0.09505208333333333
7 0.68212890625 0.7434895833333334 0.1103515625 0.03125
2 0.556640625 0.791015625 0.05078125 0.01953125
6 0.55126953125 0.8248697916666666 0.0400390625 0.01953125
6 0.541015625 0.857421875 0.01953125 0.01953125
6 0.55615234375 0.8912760416666666 0.0498046875 0.01953125
6 0.544921875 0.923828125 0.02734375 0.01953125
6 0.5732421875 0.9576822916666666 0.083984375 0.01953125
6 0.55029296875 0.9908854166666666 0.0380859375 0.018229166666666668
2 0.74267578125 0.791015625 0.0400390625 0.01953125
6 0.798828125 0.8248697916666666 0.15234375 0.01953125
6 0.751953125 0.857421875 0.05859375 0.01953125
6 0.7412109375 0.8912760416666666 0.037109375 0.01953125
6 0.7802734375 0.923828125 0.115234375 0.01953125
6 0.73779296875 0.9576822916666666 0.0302734375 0.01953125
6 0.75732421875 0.9908854166666666 0.0693359375 0.018229166666666668
2 0.9375 0.791015625 0.046875 0.01953125
6 0.931640625 0.8248697916666666 0.03515625 0.01953125
6 0.927734375 0.857421875 0.02734375 0.01953125
6 0.95703125 0.8912760416666666 0.0859375 0.01953125
6 0.94091796875 0.923828125 0.0537109375 0.01953125
6 0.9560546875 0.9576822916666666 0.083984375 0.01953125
6 0.9326171875 0.9908854166666666 0.037109375 0.018229166666666668