0 0.3857421875 0.013671875 0.029296875 0.02734375
0 0.41796875 0.013671875 0.029296875 0.02734375
0 0.4501953125 0.013671875 0.029296875 0.02734375
0 0.01220703125 0.0625 0.0244140625 0.046875
7 0.0556640625 0.06315104166666667 0.04296875 0.01953125
0 0.0625 0.0625 0.076171875 0.046875
0 0.1376953125 0.0625 0.072265625 0.046875
0 0.20849609375 0.0625 0.0673828125 0.046875
0 0.296875 0.0625 0.107421875 0.046875
0 0.39404296875 0.0625 0.0849609375 0.046875
0 0.45361328125 0.0625 0.0322265625 0.046875
7 0.23486328125 0.09895833333333333 0.4697265625 0.026041666666666668
4 0.11328125 0.3157552083333333 0.2265625 0.4075520833333333
2 0.119140625 0.19661458333333334 0.2109375 0.140625
0 0.119140625 0.19661458333333334 0.2109375 0.140625
4 0.3486328125 0.3157552083333333 0.2421875 0.4075520833333333
2 0.36376953125 0.16666666666666666 0.2119140625 0.08072916666666667
0 0.36376953125 0.16666666666666666 0.2119140625 0.08072916666666667
2 0.60595703125 0.115234375 0.2724609375 0.08463541666666667
7 0.51318359375 0.212890625 0.0869140625 0.05859375
0 0.4951171875 0.296875 0.05078125 0.033854166666666664
4 0.90673828125 0.16015625 0.1865234375 0.3203125
7 0.54638671875 0.5143229166666666 0.0302734375 0.010416666666666666
7 0.59814453125 0.5143229166666666 0.0751953125 0.010416666666666666
7 0.64990234375 0.5143229166666666 0.0302734375 0.010416666666666666
7 0.51025390625 0.4244791666666667 0.0810546875 0.1015625
0 0.5087890625 0.4889322916666667 0.078125 0.024739583333333332
7 0.3203125 0.5377604166666666 0.298828125 0.033854166666666664
2 0.2880859375 0.6197916666666666 0.36328125 0.059895833333333336
7 0.333984375 0.6985677083333334 0.134765625 0.05078125
0 0.33349609375 0.71484375 0.2373046875 0.10677083333333333
6 0.33349609375 0.744140625 0.2021484375 0.032552083333333336
6 0.2626953125 0.7936197916666666 0.103515625 0.024739583333333332
6 0.35986328125 0.7936197916666666 0.0634765625 0.024739583333333332
6 0.4306640625 0.7936197916666666 0.05078125 0.024739583333333332
7 0.3232421875 0.85546875 0.171875 0.033854166666666664
6 0.439453125 0.85546875 0.060546875 0.033854166666666664
4 0.0654296875 0.9791666666666666 0.1171875 0.041666666666666664
0 0.0654296875 0.9791666666666666 0.1171875 0.041666666666666664
4 0.73486328125 0.759765625 0.5302734375 0.48046875