7 0.18994140625 0.19986979166666666 0.3798828125 0.3997395833333333
2 0.275390625 0.05078125 0.208984375 0.1015625
0 0.275390625 0.16145833333333334 0.208984375 0.06770833333333333
4 0.2255859375 0.2565104166666667 0.109375 0.044270833333333336
0 0.2255859375 0.2604166666666667 0.109375 0.052083333333333336
4 0.33447265625 0.2565104166666667 0.0908203125 0.044270833333333336
0 0.33447265625 0.2604166666666667 0.0908203125 0.052083333333333336
4 0.0390625 0.19986979166666666 0.078125 0.3997395833333333
4 0.5830078125 0.234375 0.173828125 0.13020833333333334
2 0.5830078125 0.3743489583333333 0.26171875 0.05078125
4 0.8740234375 0.234375 0.177734375 0.13020833333333334
2 0.87158203125 0.3743489583333333 0.2568359375 0.05078125
7 0.70166015625 0.3684895833333333 0.5966796875 0.049479166666666664
6 0.5283203125 0.380859375 0.087890625 0.024739583333333332
7 0.57421875 0.380859375 0.00390625 0.024739583333333332
4 0.03515625 0.4251302083333333 0.04296875 0.05078125
0 0.03515625 0.431640625 0.06640625 0.06380208333333333
7 0.12548828125 0.4212239583333333 0.0908203125 0.032552083333333336
0 0.13232421875 0.431640625 0.1044921875 0.06380208333333333
4 0.1796875 0.4368489583333333 0.009765625 0.032552083333333336
7 0.2275390625 0.4212239583333333 0.046875 0.032552083333333336
0 0.234375 0.431640625 0.060546875 0.06380208333333333
4 0.259765625 0.4368489583333333 0.009765625 0.032552083333333336
7 0.33203125 0.4212239583333333 0.095703125 0.032552083333333336
0 0.33203125 0.431640625 0.095703125 0.06380208333333333
7 0.0537109375 0.48828125 0.0859375 0.020833333333333332
0 0.09521484375 0.5006510416666666 0.1708984375 0.045572916666666664
7 0.13671875 0.48828125 0.080078125 0.020833333333333332
7 0.17822265625 0.4889322916666667 0.0029296875 0.009114583333333334
7 0.0693359375 0.5091145833333334 0.1171875 0.0234375
4 0.13671875 0.521484375 0.009765625 0.032552083333333336
0 0.35791015625 0.5006510416666666 0.0439453125 0.048177083333333336
4 0.18994140625 0.59375 0.3798828125 0.12239583333333333
0 0.18994140625 0.59375 0.3798828125 0.12239583333333333
2 0.18994140625 0.5709635416666666 0.3798828125 0.024739583333333332
7 0.24560546875 0.60546875 0.2685546875 0.0234375
4 0.18994140625 0.8372395833333334 0.3798828125 0.3255208333333333
0 0.18994140625 0.8372395833333334 0.3798828125 0.3255208333333333
4 0.68994140625 0.6998697916666666 0.6201171875 0.6002604166666666
2 0.69384765625 0.6946614583333334 0.6123046875 0.11328125
2 0.68994140625 0.7994791666666666 0.6201171875 0.041666666666666664
0 0.7470703125 0.9114583333333334 0.265625 0.06770833333333333