0 0.37939453125 0.11328125 0.0830078125 0.0390625
0 0.44775390625 0.11328125 0.0244140625 0.0390625
0 0.10107421875 0.193359375 0.1708984375 0.022135416666666668
0 0.267578125 0.193359375 0.162109375 0.022135416666666668
1 0.41455078125 0.19270833333333334 0.0908203125 0.036458333333333336
7 0.22998046875 0.3834635416666667 0.4599609375 0.23307291666666666
7 0.72998046875 0.2630208333333333 0.5400390625 0.13020833333333334
4 0.72998046875 0.4485677083333333 0.5400390625 0.10286458333333333
7 0.22998046875 0.6328125 0.4599609375 0.265625
6 0.17626953125 0.51953125 0.3525390625 0.0390625
7 0.076171875 0.5865885416666666 0.0703125 0.024739583333333332
0 0.076171875 0.5865885416666666 0.130859375 0.045572916666666664
4 0.109375 0.794921875 0.21875 0.21484375
0 0.10986328125 0.8430989583333334 0.2197265625 0.3138020833333333
6 0.0947265625 0.9427083333333334 0.189453125 0.018229166666666668
2 0.0791015625 0.9765625 0.158203125 0.046875
4 0.3544921875 0.794921875 0.2109375 0.21484375
0 0.35400390625 0.8430989583333334 0.2119140625 0.3138020833333333
6 0.369140625 0.9427083333333334 0.181640625 0.018229166666666668
2 0.369140625 0.9765625 0.181640625 0.046875
7 0.7197265625 0.9869791666666666 0.42578125 0.020833333333333332
6 0.9658203125 0.9869791666666666 0.068359375 0.020833333333333332
0 0.83056640625 0.5423177083333334 0.1376953125 0.05859375
0 0.953125 0.5423177083333334 0.09375 0.055989583333333336
2 0.72998046875 0.8502604166666666 0.5400390625 0.057291666666666664
4 0.9013671875 0.9153645833333334 0.0625 0.010416666666666666
7 0.7236328125 0.9661458333333334 0.140625 0.028645833333333332
6 0.85205078125 0.9661458333333334 0.1162109375 0.028645833333333332
7 0.82373046875 0.9759114583333334 0.3525390625 0.048177083333333336