7 0.16455078125 0.14192708333333334 0.3291015625 0.2838541666666667
2 0.66455078125 0.06640625 0.6708984375 0.046875
0 0.66455078125 0.11848958333333333 0.6708984375 0.19791666666666666
7 0.66455078125 0.12955729166666666 0.6708984375 0.02734375
7 0.7568359375 0.16666666666666666 0.486328125 0.020833333333333332
6 0.76904296875 0.2662760416666667 0.1103515625 0.022135416666666668
7 0.66357421875 0.330078125 0.0908203125 0.022135416666666668
7 0.7314453125 0.330078125 0.044921875 0.022135416666666668
4 0.81103515625 0.3255208333333333 0.1181640625 0.046875
7 0.8935546875 0.330078125 0.048828125 0.022135416666666668
2 0.16455078125 0.3723958333333333 0.3291015625 0.046875
7 0.16455078125 0.4583333333333333 0.3291015625 0.09375
7 0.1474609375 0.5709635416666666 0.244140625 0.05859375
4 0.32421875 0.6927083333333334 0.009765625 0.049479166666666664
4 0.025390625 0.8255208333333334 0.037109375 0.049479166666666664
4 0.00732421875 0.6276041666666666 0.0146484375 0.049479166666666664
4 0.16455078125 0.7447916666666666 0.3291015625 0.049479166666666664
4 0.099609375 0.7734375 0.087890625 0.1171875
4 0.16748046875 0.904296875 0.3232421875 0.19140625
4 0.4912109375 0.560546875 0.32421875 0.22786458333333334
0 0.4912109375 0.560546875 0.32421875 0.22786458333333334
7 0.66455078125 0.8971354166666666 0.6708984375 0.0546875
7 0.60205078125 0.9420572916666666 0.5458984375 0.024739583333333332
2 0.3876953125 0.9915364583333334 0.1171875 0.016927083333333332