4 0.03515625 0.16861979166666666 0.0703125 0.3372395833333333
0 0.03515625 0.16861979166666666 0.0703125 0.3372395833333333
2 0.22314453125 0.0234375 0.2119140625 0.041666666666666664
7 0.1435546875 0.09114583333333333 0.052734375 0.0234375
6 0.189453125 0.09114583333333333 0.041015625 0.0234375
7 0.22314453125 0.10677083333333333 0.2119140625 0.0546875
7 0.22314453125 0.22786458333333334 0.2119140625 0.08854166666666667
7 0.22314453125 0.33984375 0.2119140625 0.0390625
4 0.66455078125 0.1796875 0.6708984375 0.359375
2 0.56103515625 0.294921875 0.4638671875 0.12890625
0 0.037109375 0.3841145833333333 0.07421875 0.041666666666666664
7 0.03173828125 0.3841145833333333 0.0517578125 0.020833333333333332
7 0.1416015625 0.3841145833333333 0.060546875 0.03125
0 0.19677734375 0.3841145833333333 0.2041015625 0.041666666666666664
4 0.20166015625 0.384765625 0.0458984375 0.024739583333333332
7 0.25732421875 0.3841145833333333 0.0517578125 0.020833333333333332
3 0.16455078125 0.484375 0.3291015625 0.1171875
7 0.130859375 0.65625 0.26171875 0.09114583333333333
7 0.0146484375 0.7259114583333334 0.029296875 0.03515625
7 0.0546875 0.7259114583333334 0.05078125 0.03515625
7 0.10693359375 0.7259114583333334 0.0576171875 0.03515625
7 0.14697265625 0.7259114583333334 0.0224609375 0.03515625
7 0.16650390625 0.7259114583333334 0.0205078125 0.03515625
7 0.18896484375 0.7259114583333334 0.0263671875 0.03515625
7 0.23486328125 0.7259114583333334 0.0654296875 0.03515625
4 0.28759765625 0.7272135416666666 0.0244140625 0.032552083333333336
7 0.064453125 0.869140625 0.12890625 0.022135416666666668
0 0.1220703125 0.8697916666666666 0.244140625 0.0234375
7 0.18017578125 0.869140625 0.1025390625 0.022135416666666668
7 0.2861328125 0.8138020833333334 0.0859375 0.13541666666666666
7 0.60888671875 0.4127604166666667 0.5595703125 0.0625
4 0.587890625 0.580078125 0.21484375 0.14713541666666666
0 0.60888671875 0.5846354166666666 0.5595703125 0.15625