4 0.13916015625 0.24739583333333334 0.2783203125 0.3567708333333333
0 0.13916015625 0.24739583333333334 0.2783203125 0.3567708333333333
7 0.10205078125 0.4765625 0.2041015625 0.06510416666666667
0 0.13916015625 0.4772135416666667 0.2783203125 0.06380208333333333
2 0.4560546875 0.11197916666666667 0.26171875 0.041666666666666664
7 0.3515625 0.1796875 0.052734375 0.0234375
6 0.3974609375 0.1796875 0.041015625 0.0234375
7 0.451171875 0.1953125 0.251953125 0.0546875
7 0.44970703125 0.31640625 0.2490234375 0.08854166666666667
7 0.4482421875 0.453125 0.24609375 0.08854166666666667
2 0.8046875 0.12109375 0.390625 0.2421875
7 0.8046875 0.3170572916666667 0.390625 0.055989583333333336
0 0.677734375 0.4596354166666667 0.13671875 0.09895833333333333
4 0.43603515625 0.7623697916666666 0.3466796875 0.4752604166666667
7 0.1328125 0.6380208333333334 0.265625 0.10416666666666667
1 0.3046875 0.7604166666666666 0.609375 0.078125
3 0.85791015625 0.5559895833333334 0.2841796875 0.09375
4 0.70263671875 0.78515625 0.1865234375 0.06510416666666667
0 0.62939453125 0.7916666666666666 0.0400390625 0.06510416666666667
0 0.80419921875 0.7884114583333334 0.0498046875 0.07161458333333333
0 0.85693359375 0.7884114583333334 0.0478515625 0.07161458333333333
0 0.9130859375 0.7884114583333334 0.05859375 0.07161458333333333
0 0.97265625 0.7884114583333334 0.0546875 0.07161458333333333