4 0.34619140625 0.423828125 0.1748046875 0.20703125
2 0.63427734375 0.06770833333333333 0.2900390625 0.036458333333333336
7 0.63427734375 0.125 0.2900390625 0.052083333333333336
2 0.63427734375 0.21484375 0.2900390625 0.036458333333333336
7 0.63427734375 0.2591145833333333 0.2900390625 0.026041666666666668
2 0.90283203125 0.017578125 0.1943359375 0.02734375
1 0.9521484375 0.06510416666666667 0.095703125 0.028645833333333332
2 0.90283203125 0.12565104166666666 0.1943359375 0.02734375
7 0.8935546875 0.17838541666666666 0.056640625 0.0390625
1 0.96044921875 0.17838541666666666 0.0791015625 0.03125
7 0.8935546875 0.21744791666666666 0.056640625 0.0390625
1 0.96044921875 0.21744791666666666 0.0791015625 0.03125
1 0.96044921875 0.2552083333333333 0.0791015625 0.028645833333333332
7 0.92724609375 0.318359375 0.0791015625 0.016927083333333332
4 0.97705078125 0.3190104166666667 0.0205078125 0.026041666666666668
4 0.99609375 0.3190104166666667 0.0078125 0.026041666666666668
6 0.9072265625 0.3541666666666667 0.0234375 0.013020833333333334
7 0.921875 0.3541666666666667 0.0078125 0.013020833333333334
6 0.95263671875 0.3541666666666667 0.0537109375 0.013020833333333334
7 0.98291015625 0.3541666666666667 0.0087890625 0.013020833333333334
6 0.99267578125 0.3541666666666667 0.0146484375 0.013020833333333334
2 0.54638671875 0.4427083333333333 0.1142578125 0.026041666666666668
7 0.505859375 0.5494791666666666 0.033203125 0.020833333333333332
2 0.54638671875 0.6171875 0.1142578125 0.026041666666666668
2 0.82080078125 0.4427083333333333 0.3583984375 0.026041666666666668
4 0.662109375 0.5078125 0.037109375 0.078125
6 0.7373046875 0.4817708333333333 0.0703125 0.018229166666666668
7 0.7998046875 0.4817708333333333 0.0546875 0.018229166666666668
6 0.767578125 0.5078125 0.130859375 0.018229166666666668
7 0.7099609375 0.5338541666666666 0.015625 0.018229166666666668
6 0.77001953125 0.5338541666666666 0.1044921875 0.018229166666666668
4 0.7373046875 0.556640625 0.0703125 0.016927083333333332
7 0.77587890625 0.5598958333333334 0.0068359375 0.018229166666666668
6 0.81005859375 0.5598958333333334 0.0615234375 0.018229166666666668
7 0.84228515625 0.5598958333333334 0.0048828125 0.018229166666666668
4 0.66259765625 0.6295572916666666 0.0380859375 0.05859375
6 0.72607421875 0.61328125 0.0478515625 0.018229166666666668
7 0.79248046875 0.61328125 0.0869140625 0.018229166666666668
4 0.88525390625 0.5078125 0.0380859375 0.078125
6 0.95849609375 0.4817708333333333 0.0673828125 0.018229166666666668
6 0.96240234375 0.5078125 0.0751953125 0.018229166666666668
6 0.96142578125 0.5338541666666666 0.0732421875 0.018229166666666668
4 0.95263671875 0.5553385416666666 0.0556640625 0.016927083333333332
4 0.8857421875 0.625 0.0390625 0.06770833333333333
6 0.9462890625 0.6041666666666666 0.04296875 0.018229166666666668
7 0.98388671875 0.6041666666666666 0.0322265625 0.018229166666666668
6 0.96240234375 0.6399739583333334 0.0751953125 0.037760416666666664
4 0.24462890625 0.8294270833333334 0.4892578125 0.3411458333333333
0 0.24462890625 0.8294270833333334 0.4892578125 0.3411458333333333
2 0.74462890625 0.6653645833333334 0.5107421875 0.013020833333333334
2 0.74462890625 0.6946614583333334 0.5107421875 0.053385416666666664
7 0.5322265625 0.7532552083333334 0.0859375 0.022135416666666668
6 0.74462890625 0.7884114583333334 0.5107421875 0.022135416666666668
7 0.70068359375 0.8196614583333334 0.3974609375 0.022135416666666668
7 0.94970703125 0.8203125 0.1005859375 0.020833333333333332
0 0.74462890625 0.8196614583333334 0.5107421875 0.022135416666666668
7 0.74462890625 0.8899739583333334 0.5107421875 0.01171875
2 0.74462890625 0.935546875 0.5107421875 0.053385416666666664
2 0.74462890625 0.9791666666666666 0.5107421875 0.041666666666666664