3 0.30810546875 0.01953125 0.2958984375 0.0390625
1 0.1904296875 0.064453125 0.060546875 0.040364583333333336
4 0.6474609375 0.22005208333333334 0.13671875 0.21354166666666666
0 0.6474609375 0.22005208333333334 0.13671875 0.21354166666666666
7 0.69482421875 0.310546875 0.0263671875 0.016927083333333332
2 0.6357421875 0.3665364583333333 0.11328125 0.045572916666666664
0 0.6357421875 0.3665364583333333 0.11328125 0.045572916666666664
4 0.865234375 0.22005208333333334 0.26953125 0.21354166666666666
0 0.865234375 0.22005208333333334 0.26953125 0.21354166666666666
7 0.98681640625 0.310546875 0.0263671875 0.016927083333333332
4 0.74853515625 0.3665364583333333 0.0361328125 0.045572916666666664
0 0.74853515625 0.3665364583333333 0.0361328125 0.045572916666666664
2 0.88427734375 0.3665364583333333 0.2138671875 0.045572916666666664
0 0.88427734375 0.3665364583333333 0.2138671875 0.045572916666666664
1 0.19482421875 0.6640625 0.3896484375 0.059895833333333336
1 0.41943359375 0.6640625 0.0517578125 0.059895833333333336
2 0.19677734375 0.806640625 0.3935546875 0.05859375
7 0.12158203125 0.8639322916666666 0.2431640625 0.02734375
7 0.12646484375 0.900390625 0.2529296875 0.02734375
7 0.1201171875 0.9368489583333334 0.177734375 0.02734375
7 0.1201171875 0.98828125 0.23046875 0.0234375
0 0.1201171875 0.98828125 0.23046875 0.0234375
1 0.6904296875 0.421875 0.22265625 0.0625
0 0.84912109375 0.421875 0.0986328125 0.0625
1 0.60302734375 0.53515625 0.0478515625 0.044270833333333336
1 0.60302734375 0.5859375 0.0478515625 0.044270833333333336
1 0.60302734375 0.63671875 0.0478515625 0.044270833333333336
1 0.60302734375 0.6875 0.0478515625 0.044270833333333336
1 0.60302734375 0.73828125 0.0478515625 0.044270833333333336
7 0.60302734375 0.8294270833333334 0.0478515625 0.015625
0 0.60302734375 0.8287760416666666 0.0478515625 0.02734375
7 0.65234375 0.8294270833333334 0.037109375 0.015625
0 0.65234375 0.8287760416666666 0.037109375 0.02734375
7 0.70263671875 0.8567708333333334 0.1123046875 0.015625
3 0.728515625 0.9283854166666666 0.298828125 0.1171875