2 0.12744140625 0.015625 0.2333984375 0.03125
2 0.24609375 0.015625 0.00390625 0.03125
7 0.1962890625 0.061197916666666664 0.353515625 0.0234375
6 0.42578125 0.061197916666666664 0.10546875 0.0234375
7 0.47900390625 0.061197916666666664 0.0009765625 0.0234375
7 0.22314453125 0.08984375 0.4072265625 0.0234375
6 0.453125 0.08984375 0.052734375 0.0234375
7 0.18017578125 0.11848958333333333 0.3212890625 0.0234375
6 0.3896484375 0.11848958333333333 0.09765625 0.0234375
7 0.43994140625 0.11848958333333333 0.0029296875 0.0234375
2 0.05517578125 0.22591145833333334 0.1103515625 0.029947916666666668
7 0.0322265625 0.2955729166666667 0.029296875 0.0234375
6 0.1572265625 0.2955729166666667 0.21484375 0.0234375
7 0.03271484375 0.32421875 0.0302734375 0.0234375
6 0.09765625 0.32421875 0.099609375 0.0234375
7 0.0322265625 0.3736979166666667 0.029296875 0.0234375
6 0.10302734375 0.3736979166666667 0.1064453125 0.0234375
7 0.03271484375 0.40234375 0.0302734375 0.0234375
6 0.115234375 0.40234375 0.134765625 0.0234375
7 0.0322265625 0.4518229166666667 0.029296875 0.0234375
6 0.1689453125 0.4518229166666667 0.23828125 0.0234375
7 0.03271484375 0.4791666666666667 0.0302734375 0.020833333333333332
6 0.09765625 0.4791666666666667 0.099609375 0.020833333333333332
2 0.73974609375 0.021484375 0.5205078125 0.04296875
2 0.73974609375 0.078125 0.5205078125 0.03125
4 0.775390625 0.22786458333333334 0.09375 0.125
1 0.775390625 0.33984375 0.267578125 0.057291666666666664
1 0.775390625 0.400390625 0.267578125 0.048177083333333336
0 0.8623046875 0.4466145833333333 0.09375 0.020833333333333332
2 0.03955078125 0.888671875 0.0791015625 0.03515625
1 0.22314453125 0.49609375 0.1669921875 0.013020833333333334
1 0.359375 0.49609375 0.1015625 0.013020833333333334
7 0.15869140625 0.5384114583333334 0.0380859375 0.016927083333333332
7 0.20361328125 0.5384114583333334 0.0537109375 0.016927083333333332
7 0.2568359375 0.5384114583333334 0.0546875 0.016927083333333332
7 0.30078125 0.5384114583333334 0.03515625 0.016927083333333332
7 0.3447265625 0.5384114583333334 0.0546875 0.016927083333333332
7 0.400390625 0.5384114583333334 0.05859375 0.016927083333333332
7 0.44775390625 0.5384114583333334 0.0380859375 0.016927083333333332
7 0.1669921875 0.5618489583333334 0.0546875 0.016927083333333332
7 0.2294921875 0.5618489583333334 0.072265625 0.016927083333333332
7 0.287109375 0.5618489583333334 0.044921875 0.016927083333333332
7 0.3349609375 0.5618489583333334 0.052734375 0.016927083333333332
7 0.37939453125 0.5618489583333334 0.0380859375 0.016927083333333332
7 0.4384765625 0.5618489583333334 0.08203125 0.016927083333333332
2 0.3095703125 0.6119791666666666 0.33984375 0.033854166666666664
6 0.19384765625 0.650390625 0.1083984375 0.016927083333333332
7 0.36328125 0.650390625 0.232421875 0.016927083333333332
7 0.23681640625 0.673828125 0.1943359375 0.016927083333333332
6 0.36181640625 0.673828125 0.0576171875 0.016927083333333332
7 0.4345703125 0.673828125 0.08984375 0.016927083333333332
6 0.1982421875 0.697265625 0.1171875 0.016927083333333332
7 0.2578125 0.697265625 0.00390625 0.016927083333333332
2 0.3095703125 0.7473958333333334 0.33984375 0.033854166666666664
2 0.17138671875 0.8268229166666666 0.0634765625 0.08333333333333333
2 0.234375 0.8248697916666666 0.056640625 0.024739583333333332
7 0.3095703125 0.8951822916666666 0.33984375 0.032552083333333336
0 0.1767578125 0.9381510416666666 0.07421875 0.032552083333333336
0 0.375 0.9420572916666666 0.056640625 0.024739583333333332
0 0.21240234375 0.9661458333333334 0.1455078125 0.033854166666666664
0 0.37890625 0.9661458333333334 0.064453125 0.033854166666666664
0 0.19580078125 0.9889322916666666 0.1123046875 0.022135416666666668
0 0.39990234375 0.9889322916666666 0.1064453125 0.022135416666666668
7 0.63671875 0.5182291666666666 0.302734375 0.041666666666666664
6 0.63623046875 0.568359375 0.1845703125 0.022135416666666668
0 0.63623046875 0.6393229166666666 0.2275390625 0.049479166666666664
3 0.89599609375 0.6139322916666666 0.2080078125 0.24869791666666666
0 0.59912109375 0.8190104166666666 0.1884765625 0.049479166666666664
0 0.82568359375 0.8190104166666666 0.1884765625 0.049479166666666664
0 0.9794921875 0.8190104166666666 0.041015625 0.049479166666666664
0 0.59912109375 0.87890625 0.1884765625 0.049479166666666664
0 0.82568359375 0.87890625 0.1884765625 0.049479166666666664
0 0.9794921875 0.87890625 0.041015625 0.049479166666666664
0 0.59912109375 0.9388020833333334 0.1884765625 0.049479166666666664
0 0.82568359375 0.9388020833333334 0.1884765625 0.049479166666666664
0 0.9794921875 0.9388020833333334 0.041015625 0.049479166666666664