4 0.1513671875 0.031901041666666664 0.0625 0.06380208333333333
2 0.19677734375 0.14778645833333334 0.3935546875 0.04296875
2 0.1513671875 0.19466145833333334 0.259765625 0.04296875
0 0.1513671875 0.2799479166666667 0.2109375 0.018229166666666668
7 0.75634765625 0.10416666666666667 0.4345703125 0.041666666666666664
6 0.59228515625 0.162109375 0.1064453125 0.024739583333333332
6 0.611328125 0.193359375 0.14453125 0.024739583333333332
7 0.68994140625 0.2649739583333333 0.3017578125 0.024739583333333332
6 0.8935546875 0.2649739583333333 0.10546875 0.024739583333333332
7 0.74462890625 0.2708333333333333 0.4111328125 0.036458333333333336
7 0.060546875 0.3294270833333333 0.048828125 0.020833333333333332
7 0.11669921875 0.3294270833333333 0.0634765625 0.020833333333333332
7 0.23779296875 0.330078125 0.1279296875 0.02734375
0 0.23779296875 0.3372395833333333 0.1533203125 0.09635416666666667
7 0.40185546875 0.330078125 0.1494140625 0.02734375
0 0.40185546875 0.3372395833333333 0.1748046875 0.09635416666666667
7 0.5205078125 0.330078125 0.037109375 0.02734375
0 0.51416015625 0.3372395833333333 0.0498046875 0.09635416666666667
2 0.23388671875 0.4264322916666667 0.4677734375 0.02734375
2 0.5029296875 0.4264322916666667 0.072265625 0.02734375
2 0.1806640625 0.7180989583333334 0.361328125 0.07421875
2 0.3681640625 0.703125 0.015625 0.03125
2 0.45703125 0.7180989583333334 0.1640625 0.07421875
2 0.26953125 0.7916666666666666 0.5390625 0.044270833333333336
0 0.24609375 0.8997395833333334 0.216796875 0.06770833333333333
7 0.9140625 0.3268229166666667 0.0859375 0.020833333333333332
0 0.91455078125 0.3268229166666667 0.1181640625 0.06770833333333333
7 0.99462890625 0.3268229166666667 0.0107421875 0.020833333333333332
0 0.98681640625 0.3268229166666667 0.0263671875 0.06770833333333333