0 0.09912109375 0.016276041666666668 0.1376953125 0.032552083333333336
0 0.21337890625 0.016276041666666668 0.0927734375 0.032552083333333336
0 0.306640625 0.016276041666666668 0.095703125 0.032552083333333336
0 0.4072265625 0.016276041666666668 0.107421875 0.032552083333333336
0 0.49853515625 0.016276041666666668 0.0771484375 0.032552083333333336
3 0.31494140625 0.22135416666666666 0.6298828125 0.3255208333333333
4 0.09423828125 0.560546875 0.1884765625 0.19661458333333334
0 0.09423828125 0.560546875 0.1884765625 0.19661458333333334
4 0.09423828125 0.560546875 0.1884765625 0.19661458333333334
4 0.328125 0.529296875 0.201171875 0.13411458333333334
0 0.328125 0.529296875 0.201171875 0.13411458333333334
2 0.328125 0.6432291666666666 0.154296875 0.03125
0 0.328125 0.6276041666666666 0.201171875 0.0625
4 0.548828125 0.529296875 0.162109375 0.13411458333333334
0 0.548828125 0.529296875 0.162109375 0.13411458333333334
2 0.56494140625 0.6438802083333334 0.1298828125 0.029947916666666668
0 0.548828125 0.6276041666666666 0.162109375 0.0625
4 0.2080078125 0.21744791666666666 0.0390625 0.052083333333333336
0 0.31494140625 0.21744791666666666 0.6298828125 0.052083333333333336
7 0.07421875 0.3294270833333333 0.1484375 0.015625
0 0.177734375 0.3294270833333333 0.052734375 0.015625
7 0.208984375 0.3294270833333333 0.01171875 0.015625
0 0.22802734375 0.3294270833333333 0.0302734375 0.015625
7 0.248046875 0.3294270833333333 0.01171875 0.015625
0 0.2705078125 0.3294270833333333 0.037109375 0.015625
0 0.3759765625 0.3294270833333333 0.095703125 0.015625
0 0.07177734375 0.3971354166666667 0.0576171875 0.015625
0 0.1630859375 0.3971354166666667 0.048828125 0.015625
0 0.2509765625 0.3971354166666667 0.05078125 0.015625
0 0.36962890625 0.3971354166666667 0.1083984375 0.015625
0 0.525390625 0.3971354166666667 0.126953125 0.015625
4 0.13037109375 0.4837239583333333 0.0400390625 0.053385416666666664
0 0.13037109375 0.4837239583333333 0.0400390625 0.053385416666666664
4 0.18212890625 0.4837239583333333 0.0400390625 0.053385416666666664
0 0.18212890625 0.4837239583333333 0.0400390625 0.053385416666666664
4 0.23388671875 0.4837239583333333 0.0400390625 0.053385416666666664
0 0.23388671875 0.4837239583333333 0.0400390625 0.053385416666666664
4 0.28564453125 0.4837239583333333 0.0400390625 0.053385416666666664
0 0.28564453125 0.4837239583333333 0.0400390625 0.053385416666666664
7 0.07177734375 0.607421875 0.0107421875 0.01953125
7 0.3046875 0.623046875 0.4765625 0.05078125
6 0.2646484375 0.638671875 0.08203125 0.01953125
7 0.36279296875 0.638671875 0.1103515625 0.01953125
6 0.310546875 0.6438802083333334 0.48828125 0.029947916666666668
2 0.81494140625 0.4309895833333333 0.3701171875 0.40625
2 0.14208984375 0.9596354166666666 0.2841796875 0.044270833333333336
2 0.7666015625 0.8125 0.2734375 0.11458333333333333
7 0.7666015625 0.9166666666666666 0.2734375 0.06770833333333333
1 0.78564453125 0.9928385416666666 0.3115234375 0.014322916666666666