3 0.3095703125 0.06705729166666667 0.619140625 0.13411458333333334
4 0.0673828125 0.3561197916666667 0.134765625 0.2877604166666667
0 0.0673828125 0.3561197916666667 0.134765625 0.2877604166666667
4 0.0673828125 0.3561197916666667 0.134765625 0.2877604166666667
4 0.2744140625 0.279296875 0.201171875 0.13411458333333334
0 0.2744140625 0.279296875 0.201171875 0.13411458333333334
2 0.2744140625 0.4388020833333333 0.154296875 0.12239583333333333
0 0.2744140625 0.4231770833333333 0.201171875 0.15364583333333334
4 0.5146484375 0.279296875 0.201171875 0.13411458333333334
0 0.5146484375 0.279296875 0.201171875 0.13411458333333334
2 0.5146484375 0.4283854166666667 0.13671875 0.09895833333333333
0 0.5146484375 0.4231770833333333 0.201171875 0.15364583333333334
2 0.4833984375 0.490234375 0.080078125 0.01953125
2 0.5166015625 0.490234375 0.138671875 0.01953125
7 0.04736328125 0.07942708333333333 0.0947265625 0.015625
0 0.1240234375 0.07942708333333333 0.052734375 0.015625
7 0.1552734375 0.07942708333333333 0.01171875 0.015625
0 0.17431640625 0.07942708333333333 0.0302734375 0.015625
7 0.1943359375 0.07942708333333333 0.01171875 0.015625
0 0.216796875 0.07942708333333333 0.037109375 0.015625
0 0.322265625 0.07942708333333333 0.095703125 0.015625
0 0.0234375 0.14713541666666666 0.046875 0.015625
0 0.109375 0.14713541666666666 0.048828125 0.015625
0 0.197265625 0.14713541666666666 0.05078125 0.015625
0 0.31591796875 0.14713541666666666 0.1083984375 0.015625
0 0.4716796875 0.14713541666666666 0.126953125 0.015625
4 0.07666015625 0.23372395833333334 0.0400390625 0.053385416666666664
0 0.07666015625 0.23372395833333334 0.0400390625 0.053385416666666664
4 0.12841796875 0.23372395833333334 0.0400390625 0.053385416666666664
0 0.12841796875 0.23372395833333334 0.0400390625 0.053385416666666664
4 0.18017578125 0.23372395833333334 0.0400390625 0.053385416666666664
0 0.18017578125 0.23372395833333334 0.0400390625 0.053385416666666664
4 0.23193359375 0.23372395833333334 0.0400390625 0.053385416666666664
0 0.23193359375 0.23372395833333334 0.0400390625 0.053385416666666664
7 0.01806640625 0.357421875 0.0107421875 0.01953125
7 0.2509765625 0.373046875 0.4765625 0.05078125
6 0.2109375 0.388671875 0.08203125 0.01953125
7 0.30908203125 0.388671875 0.1103515625 0.01953125
6 0.2568359375 0.404296875 0.48828125 0.05078125
7 0.11376953125 0.419921875 0.0908203125 0.01953125
6 0.23974609375 0.419921875 0.1572265625 0.01953125
0 0.365234375 0.4205729166666667 0.08984375 0.0234375
7 0.263671875 0.451171875 0.501953125 0.08203125
6 0.22509765625 0.482421875 0.0634765625 0.01953125
7 0.30712890625 0.482421875 0.0966796875 0.01953125
0 0.2373046875 0.4915364583333333 0.13671875 0.016927083333333332
0 0.3837890625 0.4915364583333333 0.13671875 0.016927083333333332
4 0.8095703125 0.056640625 0.380859375 0.11328125
0 0.8095703125 0.056640625 0.380859375 0.11328125
2 0.8095703125 0.26171875 0.380859375 0.06510416666666667
7 0.8095703125 0.333984375 0.380859375 0.029947916666666668
4 0.74609375 0.384765625 0.0390625 0.006510416666666667
4 0.4775390625 0.6002604166666666 0.078125 0.10416666666666667
2 0.37939453125 0.6783854166666666 0.4794921875 0.041666666666666664
2 0.37939453125 0.7819010416666666 0.4794921875 0.13671875
7 0.37939453125 0.9348958333333334 0.4794921875 0.13020833333333334
3 0.8095703125 0.5598958333333334 0.380859375 0.11979166666666667
0 0.775390625 0.6744791666666666 0.07421875 0.018229166666666668
0 0.841796875 0.6744791666666666 0.056640625 0.018229166666666668
0 0.90771484375 0.6744791666666666 0.0732421875 0.018229166666666668
0 0.97265625 0.6744791666666666 0.0546875 0.018229166666666668
0 0.64794921875 0.7298177083333334 0.0576171875 0.01953125
0 0.70849609375 0.7298177083333334 0.0634765625 0.01953125
0 0.7685546875 0.7298177083333334 0.056640625 0.01953125
0 0.89501953125 0.7298177083333334 0.1962890625 0.01953125
0 0.8095703125 0.7962239583333334 0.380859375 0.04296875
7 0.8095703125 0.7962239583333334 0.380859375 0.04296875
7 0.8095703125 0.857421875 0.380859375 0.029947916666666668
0 0.8095703125 0.9212239583333334 0.380859375 0.15755208333333334
2 0.6943359375 0.9036458333333334 0.150390625 0.0625