2 0.884765625 0.08203125 0.23046875 0.1015625
0 0.884765625 0.08203125 0.23046875 0.12239583333333333
2 0.884765625 0.20182291666666666 0.23046875 0.09375
0 0.884765625 0.20182291666666666 0.23046875 0.11458333333333333
2 0.884765625 0.3177083333333333 0.23046875 0.09375
0 0.884765625 0.3177083333333333 0.23046875 0.11458333333333333
2 0.884765625 0.4153645833333333 0.23046875 0.057291666666666664
0 0.884765625 0.4153645833333333 0.23046875 0.078125
4 0.51708984375 0.19466145833333334 0.4755859375 0.3893229166666667
0 0.51708984375 0.23958333333333334 0.4755859375 0.4791666666666667
7 0.49951171875 0.4388020833333333 0.4404296875 0.08072916666666667
2 0.1396484375 0.7649739583333334 0.279296875 0.23828125
1 0.1396484375 0.9596354166666666 0.279296875 0.06770833333333333
4 0.31103515625 0.5045572916666666 0.0634765625 0.05078125
2 0.62890625 0.568359375 0.69921875 0.029947916666666668
7 0.62890625 0.630859375 0.69921875 0.048177083333333336
7 0.62890625 0.6985677083333334 0.69921875 0.048177083333333336
7 0.62890625 0.7662760416666666 0.69921875 0.048177083333333336
6 0.39208984375 0.8216145833333334 0.1318359375 0.0234375
7 0.62158203125 0.8333333333333334 0.6845703125 0.046875
6 0.67919921875 0.8450520833333334 0.2529296875 0.0234375
7 0.3466796875 0.89453125 0.0546875 0.0234375
1 0.5546875 0.8958333333333334 0.365234375 0.028645833333333332
1 0.32958984375 0.9270833333333334 0.0126953125 0.018229166666666668
7 0.40185546875 0.9283854166666666 0.1259765625 0.0234375
1 0.32958984375 0.953125 0.0126953125 0.018229166666666668
7 0.4130859375 0.9544270833333334 0.1484375 0.0234375
1 0.32958984375 0.9791666666666666 0.0126953125 0.018229166666666668
7 0.404296875 0.98046875 0.130859375 0.0234375