4 0.17578125 0.158203125 0.16015625 0.08463541666666667
7 0.1767578125 0.22591145833333334 0.353515625 0.024739583333333332
0 0.17578125 0.302734375 0.29296875 0.053385416666666664
0 0.17578125 0.365234375 0.29296875 0.053385416666666664
7 0.17578125 0.4244791666666667 0.28125 0.010416666666666666
2 0.53564453125 0.09375 0.0927734375 0.0859375
7 0.53564453125 0.171875 0.0927734375 0.049479166666666664
0 0.53564453125 0.22135416666666666 0.0927734375 0.018229166666666668
4 0.728515625 0.033203125 0.23046875 0.06640625
2 0.728515625 0.010416666666666666 0.20703125 0.020833333333333332
0 0.728515625 0.043619791666666664 0.20703125 0.016927083333333332
4 0.9296875 0.033203125 0.140625 0.06640625
0 0.935546875 0.043619791666666664 0.12890625 0.016927083333333332
4 0.728515625 0.16341145833333334 0.23046875 0.17317708333333334
2 0.728515625 0.17708333333333334 0.20703125 0.0546875
0 0.728515625 0.22786458333333334 0.20703125 0.015625
4 0.9296875 0.16341145833333334 0.140625 0.17317708333333334
2 0.935546875 0.17708333333333334 0.12890625 0.0546875
0 0.935546875 0.22786458333333334 0.12890625 0.015625
4 0.62548828125 0.3893229166666667 0.2724609375 0.08072916666666667
4 0.888671875 0.3893229166666667 0.22265625 0.08072916666666667
7 0.150390625 0.4680989583333333 0.0546875 0.022135416666666668
0 0.150390625 0.46875 0.09375 0.078125
0 0.23779296875 0.46875 0.0810546875 0.078125
0 0.31640625 0.46875 0.076171875 0.078125
0 0.4287109375 0.466796875 0.119140625 0.048177083333333336
4 0.244140625 0.8255208333333334 0.48828125 0.3489583333333333
7 0.83984375 0.50390625 0.3125 0.0234375
0 0.83984375 0.578125 0.3125 0.08333333333333333
0 0.83984375 0.671875 0.3125 0.08333333333333333