2 0.1328125 0.07486979166666667 0.265625 0.053385416666666664
7 0.1572265625 0.2682291666666667 0.314453125 0.11458333333333333
0 0.1044921875 0.48828125 0.208984375 0.06510416666666667
0 0.1044921875 0.6100260416666666 0.208984375 0.05859375
7 0.76953125 0.048177083333333336 0.455078125 0.06510416666666667
7 0.58642578125 0.09440104166666667 0.0888671875 0.022135416666666668
6 0.66357421875 0.09440104166666667 0.0693359375 0.022135416666666668
6 0.740234375 0.09440104166666667 0.078125 0.022135416666666668
7 0.84326171875 0.09440104166666667 0.1279296875 0.022135416666666668
6 0.759765625 0.10872395833333333 0.435546875 0.05078125
7 0.7548828125 0.19791666666666666 0.466796875 0.046875
4 0.7548828125 0.4427083333333333 0.439453125 0.3932291666666667
2 0.4404296875 0.3196614583333333 0.12109375 0.6393229166666666
6 0.39306640625 0.09830729166666667 0.0263671875 0.01953125
6 0.39013671875 0.123046875 0.0205078125 0.01953125
6 0.41162109375 0.14778645833333334 0.0634765625 0.01953125
6 0.3994140625 0.17252604166666666 0.0390625 0.01953125
6 0.39599609375 0.197265625 0.0322265625 0.01953125
2 0.4296875 0.24153645833333334 0.099609375 0.01953125
1 0.4208984375 0.26953125 0.08203125 0.026041666666666668
2 0.4296875 0.3131510416666667 0.099609375 0.01953125
6 0.3935546875 0.3444010416666667 0.02734375 0.01953125
6 0.408203125 0.369140625 0.056640625 0.01953125
6 0.39404296875 0.3938802083333333 0.0283203125 0.01953125
6 0.39697265625 0.4186197916666667 0.0341796875 0.01953125
6 0.39404296875 0.443359375 0.0283203125 0.01953125
2 0.4296875 0.4876302083333333 0.099609375 0.01953125
6 0.39306640625 0.5188802083333334 0.0263671875 0.01953125
6 0.39208984375 0.5436197916666666 0.0244140625 0.01953125
6 0.39697265625 0.568359375 0.0341796875 0.01953125
6 0.392578125 0.5930989583333334 0.025390625 0.01953125
6 0.38818359375 0.6178385416666666 0.0166015625 0.01953125
7 0.076171875 0.7044270833333334 0.15234375 0.13020833333333334
4 0.21826171875 0.6640625 0.0654296875 0.049479166666666664
0 0.234375 0.6881510416666666 0.068359375 0.09765625
4 0.345703125 0.6953125 0.068359375 0.11197916666666667
2 0.54931640625 0.7194010416666666 0.3388671875 0.029947916666666668
7 0.5849609375 0.85546875 0.41015625 0.1640625
2 0.59521484375 0.8411458333333334 0.4306640625 0.3177083333333333
3 0.931640625 0.7610677083333334 0.13671875 0.18619791666666666