4 0.556640625 0.21940104166666666 0.365234375 0.4388020833333333
7 0.05078125 0.03515625 0.1015625 0.036458333333333336
0 0.16259765625 0.037109375 0.3251953125 0.07421875
4 0.2978515625 0.03515625 0.0234375 0.03125
7 0.08740234375 0.13411458333333334 0.1748046875 0.036458333333333336
0 0.16259765625 0.13411458333333334 0.3251953125 0.078125
4 0.2978515625 0.13411458333333334 0.0234375 0.03125
7 0.09130859375 0.23307291666666666 0.1826171875 0.036458333333333336
0 0.16259765625 0.23307291666666666 0.3251953125 0.078125
4 0.2978515625 0.23307291666666666 0.0234375 0.03125
0 0.86962890625 0.07291666666666667 0.2607421875 0.0546875
2 0.86962890625 0.18684895833333334 0.2607421875 0.04296875
4 0.7587890625 0.2890625 0.0390625 0.13802083333333334
0 0.7587890625 0.3098958333333333 0.0390625 0.1796875
2 0.7587890625 0.384765625 0.0390625 0.029947916666666668
4 0.87158203125 0.2890625 0.1298828125 0.13802083333333334
0 0.87158203125 0.3098958333333333 0.1298828125 0.1796875
2 0.87158203125 0.384765625 0.1298828125 0.029947916666666668
4 0.982421875 0.2890625 0.03515625 0.13802083333333334
0 0.97509765625 0.3157552083333333 0.0498046875 0.19140625
2 0.982421875 0.384765625 0.03515625 0.029947916666666668
2 0.357421875 0.5768229166666666 0.71484375 0.20833333333333334
2 0.357421875 0.7252604166666666 0.71484375 0.036458333333333336
4 0.0068359375 0.8359375 0.013671875 0.0390625
7 0.0595703125 0.8359375 0.08203125 0.041666666666666664
4 0.14208984375 0.8359375 0.0302734375 0.0390625
7 0.21728515625 0.8359375 0.1103515625 0.041666666666666664
4 0.31396484375 0.8359375 0.0302734375 0.0390625
7 0.3828125 0.8359375 0.09765625 0.041666666666666664
4 0.47314453125 0.8359375 0.0302734375 0.0390625
7 0.525390625 0.8359375 0.064453125 0.041666666666666664
4 0.59912109375 0.8359375 0.0302734375 0.0390625
7 0.6552734375 0.8359375 0.072265625 0.041666666666666664
4 0.0380859375 0.9036458333333334 0.029296875 0.0390625
7 0.1005859375 0.9036458333333334 0.083984375 0.041666666666666664
4 0.1845703125 0.9036458333333334 0.029296875 0.0390625
7 0.23828125 0.9036458333333334 0.06640625 0.041666666666666664
4 0.3134765625 0.9036458333333334 0.029296875 0.0390625
7 0.3583984375 0.9036458333333334 0.048828125 0.041666666666666664
4 0.4248046875 0.9036458333333334 0.029296875 0.0390625
7 0.4814453125 0.9036458333333334 0.072265625 0.041666666666666664
4 0.5595703125 0.9036458333333334 0.029296875 0.0390625
7 0.60546875 0.9036458333333334 0.05078125 0.041666666666666664
4 0.021484375 0.9713541666666666 0.029296875 0.0390625
7 0.06494140625 0.9713541666666666 0.0458984375 0.041666666666666664
4 0.1298828125 0.9713541666666666 0.029296875 0.0390625
7 0.18408203125 0.9713541666666666 0.0673828125 0.041666666666666664
4 0.259765625 0.9713541666666666 0.029296875 0.0390625
7 0.345703125 0.9713541666666666 0.130859375 0.041666666666666664
4 0.453125 0.9713541666666666 0.029296875 0.0390625
7 0.50634765625 0.9713541666666666 0.0654296875 0.041666666666666664
4 0.5810546875 0.9713541666666666 0.029296875 0.0390625
7 0.6435546875 0.9713541666666666 0.083984375 0.041666666666666664
3 0.77880859375 0.5475260416666666 0.0791015625 0.10286458333333333