6 0.2724609375 0.028645833333333332 0.544921875 0.057291666666666664
7 0.015625 0.13151041666666666 0.03125 0.046875
0 0.01611328125 0.13151041666666666 0.0322265625 0.046875
7 0.09716796875 0.13151041666666666 0.0576171875 0.046875
0 0.08935546875 0.13151041666666666 0.0751953125 0.046875
7 0.22314453125 0.13151041666666666 0.1142578125 0.046875
0 0.2138671875 0.13151041666666666 0.134765625 0.046875
2 0.15771484375 0.255859375 0.3154296875 0.048177083333333336
1 0.15771484375 0.328125 0.3154296875 0.059895833333333336
7 0.1123046875 0.39453125 0.0703125 0.0234375
0 0.10693359375 0.39453125 0.1357421875 0.0390625
2 0.53515625 0.255859375 0.2890625 0.048177083333333336
7 0.60595703125 0.3274739583333333 0.1474609375 0.032552083333333336
0 0.53515625 0.3274739583333333 0.2890625 0.05859375
7 0.47998046875 0.3951822916666667 0.0712890625 0.024739583333333332
0 0.47412109375 0.3951822916666667 0.1083984375 0.040364583333333336
7 0.591796875 0.3951822916666667 0.052734375 0.024739583333333332
0 0.5830078125 0.3951822916666667 0.095703125 0.040364583333333336
0 0.65869140625 0.3951822916666667 0.0419921875 0.040364583333333336
7 0.33984375 0.5598958333333334 0.6796875 0.0390625
4 0.806640625 0.04296875 0.25390625 0.0859375
0 0.806640625 0.04296875 0.25390625 0.0859375
7 0.95849609375 0.059895833333333336 0.0205078125 0.0234375
7 0.68896484375 0.13932291666666666 0.0185546875 0.0234375
2 0.787109375 0.16927083333333334 0.21484375 0.026041666666666668
7 0.72216796875 0.20703125 0.0849609375 0.0234375
2 0.7841796875 0.3131510416666667 0.208984375 0.048177083333333336
7 0.70458984375 0.36328125 0.0498046875 0.0234375
2 0.79736328125 0.48046875 0.2353515625 0.0703125
7 0.70703125 0.5403645833333334 0.0546875 0.0234375
7 0.96923828125 0.13932291666666666 0.0419921875 0.0234375
2 0.97412109375 0.18033854166666666 0.0517578125 0.048177083333333336
7 0.95751953125 0.22916666666666666 0.0185546875 0.0234375
7 0.99072265625 0.22916666666666666 0.0185546875 0.0234375
7 0.97412109375 0.2942708333333333 0.0517578125 0.0234375
2 0.97412109375 0.3352864583333333 0.0517578125 0.048177083333333336
7 0.95751953125 0.3854166666666667 0.0185546875 0.0234375
7 0.9677734375 0.4505208333333333 0.0390625 0.0234375
7 0.95751953125 0.5403645833333334 0.0185546875 0.0234375
7 0.99072265625 0.5403645833333334 0.0185546875 0.0234375
0 0.02001953125 0.5924479166666666 0.0400390625 0.026041666666666668
0 0.08740234375 0.5924479166666666 0.0966796875 0.026041666666666668
0 0.16259765625 0.5924479166666666 0.0556640625 0.026041666666666668
0 0.23974609375 0.5924479166666666 0.1005859375 0.026041666666666668
0 0.3193359375 0.5924479166666666 0.060546875 0.026041666666666668
0 0.39990234375 0.5924479166666666 0.1025390625 0.026041666666666668
0 0.4892578125 0.5924479166666666 0.078125 0.026041666666666668
0 0.57666015625 0.5924479166666666 0.0986328125 0.026041666666666668
6 0.56591796875 0.9680989583333334 0.0986328125 0.022135416666666668
4 0.83984375 0.7897135416666666 0.3203125 0.4205729166666667