4 0.6474609375 0.08984375 0.046875 0.0625
3 0.64697265625 0.10807291666666667 0.0849609375 0.21614583333333334
4 0.00390625 0.1484375 0.0078125 0.03125
4 0.0234375 0.0234375 0.0234375 0.03125
0 0.08984375 0.02734375 0.1796875 0.0546875
7 0.11767578125 0.02734375 0.1240234375 0.0546875
4 0.0234375 0.0859375 0.0234375 0.03125
0 0.08984375 0.0859375 0.1796875 0.0625
7 0.11767578125 0.0859375 0.1240234375 0.0625
4 0.0234375 0.1484375 0.0234375 0.03125
0 0.08984375 0.1484375 0.1796875 0.0625
7 0.11767578125 0.1484375 0.1240234375 0.0625
4 0.0234375 0.2109375 0.0234375 0.03125
0 0.08984375 0.2109375 0.1796875 0.0625
7 0.11767578125 0.2109375 0.1240234375 0.0625
4 0.0234375 0.2734375 0.0234375 0.03125
0 0.08984375 0.2734375 0.1796875 0.0625
7 0.11767578125 0.2734375 0.1240234375 0.0625
7 0.0322265625 0.3372395833333333 0.05078125 0.020833333333333332
0 0.08984375 0.3372395833333333 0.1796875 0.0390625
0 0.08984375 0.36328125 0.1796875 0.013020833333333334
2 0.45849609375 0.06966145833333333 0.4619140625 0.05078125
0 0.45849609375 0.083984375 0.4619140625 0.07942708333333333
2 0.45849609375 0.109375 0.4619140625 0.028645833333333332
4 0.9375 0.18033854166666666 0.125 0.3606770833333333
4 0.75439453125 0.009114583333333334 0.1298828125 0.018229166666666668
4 0.75439453125 0.047526041666666664 0.1298828125 0.05859375
4 0.75537109375 0.099609375 0.1318359375 0.045572916666666664
4 0.3447265625 0.6848958333333334 0.689453125 0.6302083333333334
4 0.35107421875 0.5677083333333334 0.0517578125 0.08072916666666667
2 0.505859375 0.5520833333333334 0.220703125 0.046875
2 0.49658203125 0.59375 0.2021484375 0.046875
7 0.4921875 0.6744791666666666 0.333984375 0.078125
7 0.46728515625 0.7473958333333334 0.2841796875 0.026041666666666668
6 0.37548828125 0.7734375 0.1005859375 0.026041666666666668
7 0.419921875 0.8203125 0.189453125 0.026041666666666668
6 0.46044921875 0.8463541666666666 0.2705078125 0.026041666666666668
7 0.4921875 0.8932291666666666 0.333984375 0.026041666666666668
0 0.39111328125 0.9583333333333334 0.1318359375 0.0625
4 0.3447265625 0.6888020833333334 0.689453125 0.6223958333333334
4 0.3447265625 0.6888020833333334 0.689453125 0.6223958333333334
2 0.2626953125 0.666015625 0.451171875 0.11848958333333333
2 0.365234375 0.763671875 0.6484375 0.06901041666666667
0 0.10302734375 0.8391927083333334 0.1318359375 0.053385416666666664
0 0.10302734375 0.8391927083333334 0.1318359375 0.02734375
0 0.72314453125 0.3971354166666667 0.0673828125 0.03125
7 0.7236328125 0.3971354166666667 0.06640625 0.0234375
6 0.80322265625 0.3971354166666667 0.0322265625 0.0234375
6 0.87353515625 0.3971354166666667 0.0478515625 0.0234375
0 0.96435546875 0.3971354166666667 0.0712890625 0.052083333333333336
4 0.8447265625 0.7115885416666666 0.310546875 0.5768229166666666
0 0.8447265625 0.7115885416666666 0.310546875 0.5768229166666666