4 0.22998046875 0.12239583333333333 0.4599609375 0.24479166666666666
4 0.064453125 0.22330729166666666 0.10546875 0.04296875
7 0.263671875 0.212890625 0.392578125 0.024739583333333332
7 0.1640625 0.11979166666666667 0.10546875 0.049479166666666664
4 0.1640625 0.11979166666666667 0.10546875 0.049479166666666664
0 0.07421875 0.3111979166666667 0.1484375 0.0546875
0 0.19482421875 0.3111979166666667 0.0908203125 0.0546875
0 0.31396484375 0.3111979166666667 0.1455078125 0.0546875
0 0.423828125 0.3111979166666667 0.072265625 0.0546875
2 0.2431640625 0.3893229166666667 0.43359375 0.033854166666666664
7 0.0595703125 0.427734375 0.06640625 0.022135416666666668
7 0.1669921875 0.427734375 0.1484375 0.022135416666666668
7 0.2431640625 0.427734375 0.43359375 0.022135416666666668
0 0.60302734375 0.0234375 0.2861328125 0.046875
4 0.767578125 0.010416666666666666 0.015625 0.020833333333333332
0 0.767578125 0.016927083333333332 0.03515625 0.033854166666666664
4 0.806640625 0.010416666666666666 0.015625 0.020833333333333332
0 0.806640625 0.016927083333333332 0.03515625 0.033854166666666664
4 0.845703125 0.010416666666666666 0.015625 0.020833333333333332
0 0.845703125 0.016927083333333332 0.03515625 0.033854166666666664
4 0.884765625 0.010416666666666666 0.015625 0.020833333333333332
0 0.884765625 0.016927083333333332 0.03515625 0.033854166666666664
4 0.923828125 0.010416666666666666 0.015625 0.020833333333333332
0 0.923828125 0.016927083333333332 0.03515625 0.033854166666666664
4 0.99072265625 0.013020833333333334 0.0185546875 0.026041666666666668
2 0.22998046875 0.66796875 0.4599609375 0.078125
2 0.22998046875 0.767578125 0.4599609375 0.08463541666666667
0 0.1787109375 0.966796875 0.166015625 0.06640625
6 0.96630859375 0.4759114583333333 0.0673828125 0.022135416666666668
7 0.72998046875 0.5891927083333334 0.5400390625 0.03515625
3 0.6806640625 0.80859375 0.44140625 0.3828125