3 0.18994140625 0.03125 0.3798828125 0.0625
0 0.3212890625 0.09635416666666667 0.078125 0.052083333333333336
2 0.18994140625 0.21223958333333334 0.3798828125 0.052083333333333336
7 0.11572265625 0.169921875 0.0576171875 0.024739583333333332
7 0.20556640625 0.169921875 0.0458984375 0.024739583333333332
0 0.20556640625 0.2701822916666667 0.0810546875 0.14713541666666666
0 0.20556640625 0.3567708333333333 0.0810546875 0.026041666666666668
7 0.294921875 0.17252604166666666 0.091796875 0.055989583333333336
4 0.18994140625 0.3170572916666667 0.3798828125 0.10546875
6 0.39892578125 0.0234375 0.0380859375 0.018229166666666668
6 0.46923828125 0.0234375 0.0634765625 0.018229166666666668
6 0.52880859375 0.024088541666666668 0.0166015625 0.02734375
6 0.482421875 0.07486979166666667 0.025390625 0.02734375
6 0.552734375 0.07486979166666667 0.076171875 0.02734375
6 0.6357421875 0.07486979166666667 0.05078125 0.02734375
6 0.69970703125 0.07486979166666667 0.0380859375 0.02734375
6 0.763671875 0.07486979166666667 0.05078125 0.02734375
6 0.8466796875 0.07486979166666667 0.076171875 0.02734375
6 0.9423828125 0.07486979166666667 0.076171875 0.02734375
4 0.5732421875 0.1640625 0.15234375 0.049479166666666664
7 0.5732421875 0.1640625 0.15234375 0.049479166666666664
7 0.7255859375 0.1640625 0.15234375 0.049479166666666664
7 0.8779296875 0.1640625 0.15234375 0.049479166666666664
7 0.97705078125 0.1640625 0.0458984375 0.049479166666666664
0 0.44384765625 0.2897135416666667 0.1279296875 0.16015625
4 0.44384765625 0.2884114583333333 0.1279296875 0.15755208333333334
7 0.5263671875 0.22526041666666666 0.0234375 0.03125
0 0.60302734375 0.2897135416666667 0.1767578125 0.16015625
4 0.60302734375 0.2884114583333333 0.1767578125 0.15755208333333334
7 0.7099609375 0.22526041666666666 0.0234375 0.03125
0 0.78662109375 0.2897135416666667 0.1767578125 0.16015625
4 0.78662109375 0.2884114583333333 0.1767578125 0.15755208333333334
7 0.8935546875 0.22526041666666666 0.0234375 0.03125
0 0.94091796875 0.2897135416666667 0.1181640625 0.16015625
4 0.94091796875 0.2884114583333333 0.1181640625 0.15755208333333334
3 0.18994140625 0.525390625 0.3798828125 0.3111979166666667
7 0.09423828125 0.7415364583333334 0.0966796875 0.053385416666666664
7 0.2119140625 0.7415364583333334 0.107421875 0.053385416666666664
7 0.33056640625 0.7415364583333334 0.0986328125 0.053385416666666664
4 0.1162109375 0.8802083333333334 0.177734375 0.171875
0 0.1162109375 0.8971354166666666 0.177734375 0.20572916666666666
2 0.1162109375 0.98828125 0.154296875 0.0234375
4 0.30029296875 0.8802083333333334 0.1591796875 0.171875
0 0.30029296875 0.8971354166666666 0.1591796875 0.20572916666666666
2 0.30615234375 0.98828125 0.1474609375 0.0234375
4 0.03125 0.396484375 0.03125 0.04296875
0 0.1240234375 0.3977864583333333 0.248046875 0.053385416666666664
7 0.12353515625 0.3971354166666667 0.1474609375 0.028645833333333332
7 0.111328125 0.4654947916666667 0.212890625 0.022135416666666668
5 0.1240234375 0.5201822916666666 0.248046875 0.02734375
1 0.1240234375 0.5611979166666666 0.248046875 0.046875
5 0.1240234375 0.6126302083333334 0.248046875 0.02734375
1 0.1240234375 0.6536458333333334 0.248046875 0.046875
0 0.1240234375 0.693359375 0.248046875 0.01953125
5 0.1240234375 0.7565104166666666 0.248046875 0.046875
7 0.111328125 0.8131510416666666 0.060546875 0.032552083333333336
0 0.1240234375 0.8131510416666666 0.248046875 0.053385416666666664
7 0.06689453125 0.8684895833333334 0.1201171875 0.026041666666666668
6 0.1708984375 0.8684895833333334 0.08984375 0.026041666666666668
4 0.18994140625 0.6848958333333334 0.3798828125 0.6302083333333334
7 0.16943359375 0.8606770833333334 0.3388671875 0.11458333333333333
6 0.1728515625 0.91796875 0.345703125 0.057291666666666664
7 0.15185546875 0.958984375 0.3037109375 0.08203125
6 0.052734375 0.9876302083333334 0.0703125 0.024739583333333332
7 0.19140625 0.9876302083333334 0.20703125 0.024739583333333332
2 0.44970703125 0.431640625 0.1396484375 0.06640625
1 0.7236328125 0.4361979166666667 0.3203125 0.044270833333333336
6 0.9873046875 0.4505208333333333 0.025390625 0.020833333333333332
7 0.42236328125 0.5149739583333334 0.0849609375 0.024739583333333332
6 0.55126953125 0.5149739583333334 0.1650390625 0.01953125
6 0.7333984375 0.5149739583333334 0.18359375 0.01953125
6 0.87646484375 0.5149739583333334 0.0830078125 0.01953125
6 0.96337890625 0.5149739583333334 0.0732421875 0.01953125
4 0.51806640625 0.884765625 0.0087890625 0.01171875
4 0.54443359375 0.884765625 0.0087890625 0.01171875
4 0.57177734375 0.884765625 0.0087890625 0.01171875
4 0.59814453125 0.884765625 0.0087890625 0.01171875
4 0.62451171875 0.884765625 0.0087890625 0.01171875
4 0.65087890625 0.884765625 0.0087890625 0.01171875
4 0.67822265625 0.884765625 0.0087890625 0.01171875
4 0.70458984375 0.884765625 0.0087890625 0.01171875
7 0.6298828125 0.6998697916666666 0.5 0.4049479166666667
0 0.6298828125 0.6998697916666666 0.5 0.4049479166666667
2 0.4248046875 0.771484375 0.08984375 0.02734375
2 0.55859375 0.771484375 0.1796875 0.02734375
6 0.6171875 0.8170572916666666 0.474609375 0.048177083333333336
7 0.9404296875 0.6998697916666666 0.119140625 0.4049479166666667
0 0.9404296875 0.6998697916666666 0.119140625 0.4049479166666667
2 0.9560546875 0.787109375 0.087890625 0.06380208333333333
6 0.9560546875 0.8483072916666666 0.087890625 0.048177083333333336
2 0.68994140625 0.9680989583333334 0.6201171875 0.032552083333333336