2 0.3095703125 0.013671875 0.619140625 0.02734375
0 0.34619140625 0.06640625 0.0810546875 0.1328125
0 0.34619140625 0.16536458333333334 0.0810546875 0.06510416666666667
0 0.34619140625 0.23046875 0.0810546875 0.06510416666666667
0 0.34619140625 0.2955729166666667 0.0810546875 0.06510416666666667
0 0.34619140625 0.3606770833333333 0.0810546875 0.06510416666666667
0 0.34619140625 0.42578125 0.0810546875 0.06510416666666667
0 0.34619140625 0.4837239583333333 0.0810546875 0.05078125
0 0.560546875 0.013671875 0.1171875 0.02734375
4 0.3095703125 0.28125 0.619140625 0.4557291666666667
0 0.3095703125 0.2890625 0.619140625 0.0234375
7 0.09619140625 0.4166666666666667 0.1923828125 0.026041666666666668
7 0.09619140625 0.4895833333333333 0.1923828125 0.026041666666666668
7 0.8095703125 0.08138020833333333 0.380859375 0.15755208333333334
0 0.8095703125 0.23502604166666666 0.380859375 0.4700520833333333
6 0.8095703125 0.17317708333333334 0.380859375 0.028645833333333332
6 0.77001953125 0.3971354166666667 0.2060546875 0.0625
6 0.95263671875 0.3971354166666667 0.0947265625 0.0625
7 0.15087890625 0.6393229166666666 0.3017578125 0.19010416666666666
0 0.07861328125 0.7975260416666666 0.1572265625 0.07421875
7 0.0830078125 0.8509114583333334 0.166015625 0.032552083333333336
4 0.46484375 0.6399739583333334 0.30859375 0.26171875
1 0.806640625 0.517578125 0.375 0.016927083333333332
1 0.646484375 0.572265625 0.0546875 0.048177083333333336
1 0.72705078125 0.572265625 0.0849609375 0.048177083333333336
1 0.82080078125 0.572265625 0.0830078125 0.048177083333333336
7 0.7294921875 0.6263020833333334 0.1796875 0.033854166666666664