6 0.30712890625 0.080078125 0.0927734375 0.022135416666666668
7 0.3076171875 0.13997395833333334 0.3515625 0.022135416666666668
4 0.3076171875 0.17447916666666666 0.224609375 0.0234375
2 0.8017578125 0.06901041666666667 0.384765625 0.07552083333333333
0 0.67822265625 0.19466145833333334 0.1376953125 0.029947916666666668
0 0.8671875 0.19466145833333334 0.169921875 0.029947916666666668
7 0.216796875 0.4088541666666667 0.43359375 0.028645833333333332
7 0.216796875 0.56640625 0.43359375 0.2604166666666667
7 0.5576171875 0.5182291666666666 0.103515625 0.028645833333333332
7 0.56689453125 0.599609375 0.0849609375 0.10026041666666667
7 0.5576171875 0.6822916666666666 0.103515625 0.028645833333333332
4 0.3046875 0.49609375 0.609375 0.5729166666666666
2 0.3046875 0.8736979166666666 0.609375 0.052083333333333336
7 0.3046875 0.982421875 0.609375 0.03515625
2 0.24169921875 0.6067708333333334 0.4833984375 0.03125
7 0.2255859375 0.6588541666666666 0.451171875 0.052083333333333336
7 0.22314453125 0.689453125 0.4462890625 0.053385416666666664
7 0.1591796875 0.703125 0.318359375 0.0234375
7 0.38818359375 0.7044270833333334 0.1396484375 0.0234375
7 0.2373046875 0.732421875 0.474609375 0.08203125
7 0.09814453125 0.7630208333333334 0.1962890625 0.0234375
7 0.23095703125 0.791015625 0.4619140625 0.08203125
7 0.09228515625 0.8216145833333334 0.1416015625 0.0234375
7 0.22509765625 0.8352864583333334 0.4501953125 0.053385416666666664
7 0.24169921875 0.9361979166666666 0.4833984375 0.0859375
0 0.5625 0.6953125 0.09375 0.10416666666666667
0 0.5625 0.8046875 0.09375 0.07291666666666667
4 0.8046875 0.6048177083333334 0.390625 0.7903645833333334