1 0.3828125 0.010416666666666666 0.193359375 0.020833333333333332
0 0.4697265625 0.04296875 0.01953125 0.020833333333333332
6 0.41943359375 0.150390625 0.0927734375 0.022135416666666668
7 0.36181640625 0.21028645833333334 0.2353515625 0.022135416666666668
4 0.3935546875 0.24479166666666666 0.171875 0.0234375
0 0.54541015625 0.018880208333333332 0.1318359375 0.037760416666666664
0 0.54541015625 0.06315104166666667 0.1318359375 0.053385416666666664
0 0.54541015625 0.115234375 0.1318359375 0.053385416666666664
0 0.54541015625 0.16731770833333334 0.1318359375 0.053385416666666664
7 0.59619140625 0.16731770833333334 0.0302734375 0.053385416666666664
6 0.5146484375 0.3411458333333333 0.0703125 0.03125
2 0.73681640625 0.006510416666666667 0.1435546875 0.013020833333333334
2 0.93603515625 0.011067708333333334 0.1279296875 0.022135416666666668
7 0.83837890625 0.057291666666666664 0.1259765625 0.028645833333333332
6 0.94384765625 0.057291666666666664 0.0869140625 0.028645833333333332
7 0.9931640625 0.057291666666666664 0.013671875 0.028645833333333332
2 0.7568359375 0.15169270833333334 0.203125 0.037760416666666664
7 0.7314453125 0.20377604166666666 0.15234375 0.024739583333333332
7 0.82763671875 0.30078125 0.3447265625 0.15885416666666666
0 0.115234375 0.3990885416666667 0.23046875 0.01953125
0 0.115234375 0.4453125 0.23046875 0.0703125
0 0.115234375 0.5169270833333334 0.23046875 0.0703125
0 0.115234375 0.5774739583333334 0.23046875 0.048177083333333336
0 0.115234375 0.6490885416666666 0.23046875 0.09244791666666667
0 0.115234375 0.7317708333333334 0.23046875 0.0703125
0 0.115234375 0.8033854166666666 0.23046875 0.0703125
4 0.3583984375 0.6139322916666666 0.2421875 0.44921875
0 0.3583984375 0.6139322916666666 0.2421875 0.44921875
2 0.36572265625 0.73046875 0.2275390625 0.1640625
4 0.07470703125 0.9244791666666666 0.1494140625 0.15104166666666666
0 0.07470703125 0.9244791666666666 0.1494140625 0.15104166666666666
4 0.27392578125 0.9244791666666666 0.2353515625 0.15104166666666666
0 0.27392578125 0.9244791666666666 0.2353515625 0.15104166666666666
4 0.43896484375 0.9244791666666666 0.0810546875 0.15104166666666666
0 0.43896484375 0.9244791666666666 0.0810546875 0.15104166666666666
4 0.6962890625 0.4303385416666667 0.09765625 0.08203125
7 0.73974609375 0.5201822916666666 0.5205078125 0.032552083333333336
7 0.73974609375 0.56640625 0.5205078125 0.026041666666666668
7 0.6962890625 0.6432291666666666 0.078125 0.049479166666666664
0 0.6962890625 0.6432291666666666 0.078125 0.049479166666666664