4 0.06787109375 0.017578125 0.1005859375 0.03515625
0 0.06201171875 0.020182291666666668 0.1240234375 0.040364583333333336
7 0.1591796875 0.013020833333333334 0.052734375 0.0234375
0 0.1640625 0.015625 0.0703125 0.03125
0 0.23828125 0.015625 0.05859375 0.03125
0 0.30078125 0.015625 0.046875 0.03125
0 0.35693359375 0.015625 0.0458984375 0.03125
2 0.22216796875 0.24674479166666666 0.3154296875 0.14192708333333334
2 0.26513671875 0.3639322916666667 0.2294921875 0.14192708333333334
7 0.25341796875 0.4641927083333333 0.2529296875 0.029947916666666668
1 0.62890625 0.018229166666666668 0.498046875 0.036458333333333336
0 0.91845703125 0.018229166666666668 0.0830078125 0.036458333333333336
7 0.83740234375 0.07486979166666667 0.0869140625 0.02734375
0 0.8896484375 0.09244791666666667 0.220703125 0.07291666666666667
7 0.873046875 0.091796875 0.158203125 0.061197916666666664
7 0.83740234375 0.07486979166666667 0.0869140625 0.02734375
0 0.8896484375 0.09244791666666667 0.220703125 0.07291666666666667
7 0.873046875 0.091796875 0.158203125 0.061197916666666664
7 0.49853515625 0.26171875 0.2373046875 0.028645833333333332
7 0.49853515625 0.3841145833333333 0.2373046875 0.19010416666666666
7 0.82958984375 0.37109375 0.2802734375 0.028645833333333332
7 0.8388671875 0.4407552083333333 0.26171875 0.07682291666666667
4 0.68994140625 0.2578125 0.6201171875 0.4427083333333333
2 0.5234375 0.4596354166666667 0.287109375 0.03125
7 0.02197265625 0.5325520833333334 0.0439453125 0.018229166666666668
0 0.02197265625 0.5325520833333334 0.0439453125 0.049479166666666664
7 0.1240234375 0.5325520833333334 0.09765625 0.018229166666666668
0 0.1240234375 0.5325520833333334 0.09765625 0.049479166666666664
7 0.23583984375 0.5325520833333334 0.0634765625 0.018229166666666668
0 0.23583984375 0.5325520833333334 0.0634765625 0.049479166666666664
7 0.3330078125 0.5325520833333334 0.068359375 0.018229166666666668
0 0.3330078125 0.5325520833333334 0.068359375 0.049479166666666664
2 0.33447265625 0.7526041666666666 0.0908203125 0.12239583333333333
7 0.33447265625 0.9036458333333334 0.0908203125 0.06770833333333333
4 0.14453125 0.8170572916666666 0.2890625 0.3658854166666667
4 0.47216796875 0.7395833333333334 0.1845703125 0.5208333333333334
7 0.5107421875 0.5319010416666666 0.01171875 0.014322916666666666
4 0.525390625 0.53125 0.01171875 0.015625
7 0.38916015625 0.6393229166666666 0.0166015625 0.015625
7 0.4140625 0.6393229166666666 0.029296875 0.015625
7 0.5107421875 0.6204427083333334 0.01171875 0.014322916666666666
4 0.525390625 0.6197916666666666 0.01171875 0.015625
7 0.3984375 0.7278645833333334 0.017578125 0.015625
7 0.4150390625 0.7278645833333334 0.01171875 0.015625
7 0.5107421875 0.708984375 0.01171875 0.014322916666666666
4 0.525390625 0.7083333333333334 0.01171875 0.015625
7 0.5107421875 0.7975260416666666 0.01171875 0.014322916666666666
4 0.525390625 0.796875 0.01171875 0.015625
7 0.388671875 0.88671875 0.017578125 0.015625
7 0.5107421875 0.8860677083333334 0.01171875 0.014322916666666666
4 0.525390625 0.8854166666666666 0.01171875 0.015625
7 0.39208984375 0.9752604166666666 0.0244140625 0.015625
7 0.5107421875 0.974609375 0.01171875 0.014322916666666666
4 0.525390625 0.9739583333333334 0.01171875 0.015625
2 0.81005859375 0.4993489583333333 0.3798828125 0.040364583333333336
2 0.8017578125 0.5481770833333334 0.396484375 0.07291666666666667
7 0.8203125 0.7109375 0.12109375 0.028645833333333332
0 0.81640625 0.7109375 0.3671875 0.07291666666666667