7 0.376953125 0.033854166666666664 0.60546875 0.03125
4 0.12890625 0.13802083333333334 0.109375 0.14583333333333334
0 0.12890625 0.1796875 0.109375 0.22916666666666666
7 0.12109375 0.23958333333333334 0.09375 0.057291666666666664
7 0.12109375 0.2838541666666667 0.09375 0.020833333333333332
4 0.2529296875 0.13802083333333334 0.109375 0.14583333333333334
0 0.2529296875 0.1796875 0.109375 0.22916666666666666
7 0.2451171875 0.23958333333333334 0.09375 0.057291666666666664
7 0.2451171875 0.2838541666666667 0.09375 0.020833333333333332
4 0.376953125 0.13802083333333334 0.109375 0.14583333333333334
0 0.376953125 0.16666666666666666 0.109375 0.203125
7 0.369140625 0.2265625 0.09375 0.03125
7 0.369140625 0.2578125 0.09375 0.020833333333333332
4 0.5009765625 0.13802083333333334 0.109375 0.14583333333333334
0 0.5009765625 0.16666666666666666 0.109375 0.203125
7 0.4931640625 0.2265625 0.09375 0.03125
7 0.4931640625 0.2578125 0.09375 0.020833333333333332
4 0.625 0.13802083333333334 0.109375 0.14583333333333334
0 0.625 0.1796875 0.109375 0.22916666666666666
7 0.6171875 0.23958333333333334 0.09375 0.057291666666666664
7 0.6171875 0.2838541666666667 0.09375 0.020833333333333332
4 0.70703125 0.13802083333333334 0.025390625 0.14583333333333334
0 0.70703125 0.16666666666666666 0.025390625 0.203125
7 0.70703125 0.2265625 0.025390625 0.03125
7 0.70703125 0.2578125 0.025390625 0.020833333333333332
4 0.85986328125 0.16471354166666666 0.2802734375 0.3294270833333333
4 0.85986328125 0.16471354166666666 0.2802734375 0.3294270833333333
7 0.83935546875 0.15494791666666666 0.2392578125 0.13541666666666666
7 0.83935546875 0.26953125 0.2392578125 0.07291666666666667
4 0.35986328125 0.6647135416666666 0.7197265625 0.6705729166666666
2 0.39453125 0.5533854166666666 0.650390625 0.08333333333333333
7 0.39453125 0.6549479166666666 0.650390625 0.078125
7 0.39453125 0.7369791666666666 0.650390625 0.033854166666666664
0 0.396484375 0.8235677083333334 0.255859375 0.07421875
7 0.396484375 0.8912760416666666 0.5234375 0.022135416666666668
0 0.75146484375 0.3671875 0.0634765625 0.046875
0 0.8251953125 0.3671875 0.08203125 0.046875
0 0.90478515625 0.3671875 0.0751953125 0.046875
4 0.958984375 0.3665364583333333 0.03125 0.045572916666666664
7 0.85986328125 0.4036458333333333 0.2802734375 0.026041666666666668
4 0.84765625 0.6276041666666666 0.255859375 0.421875
2 0.8388671875 0.4713541666666667 0.23828125 0.08072916666666667
0 0.8388671875 0.4713541666666667 0.23828125 0.08072916666666667
4 0.85107421875 0.9322916666666666 0.2626953125 0.13541666666666666
0 0.85595703125 0.9192708333333334 0.2724609375 0.16145833333333334
0 0.99609375 0.9192708333333334 0.0078125 0.16145833333333334