2 0.240234375 0.16145833333333334 0.41796875 0.041666666666666664
4 0.060546875 0.25390625 0.05859375 0.078125
7 0.279296875 0.2688802083333333 0.33984375 0.12109375
0 0.84765625 0.025390625 0.072265625 0.024739583333333332
7 0.93896484375 0.024739583333333332 0.0498046875 0.0234375
0 0.95361328125 0.025390625 0.0791015625 0.029947916666666668
4 0.98193359375 0.025390625 0.0224609375 0.029947916666666668
4 0.75927734375 0.20377604166666666 0.4814453125 0.2513020833333333
2 0.724609375 0.16471354166666666 0.55078125 0.3294270833333333
3 0.21142578125 0.4029947916666667 0.4228515625 0.14713541666666666
2 0.09619140625 0.5266927083333334 0.1923828125 0.029947916666666668
4 0.09619140625 0.640625 0.1923828125 0.5234375
4 0.00390625 0.595703125 0.0078125 0.040364583333333336
0 0.09619140625 0.640625 0.1923828125 0.1484375
4 0.00390625 0.595703125 0.0078125 0.040364583333333336
7 0.13818359375 0.5950520833333334 0.0927734375 0.03125
2 0.12646484375 0.744140625 0.2529296875 0.022135416666666668
7 0.0625 0.7858072916666666 0.125 0.01953125
7 0.08154296875 0.8522135416666666 0.1630859375 0.10807291666666667
0 0.041015625 0.8723958333333334 0.08203125 0.0234375
6 0.13330078125 0.8704427083333334 0.1025390625 0.016927083333333332
2 0.337890625 0.5266927083333334 0.212890625 0.029947916666666668
4 0.283203125 0.6282552083333334 0.103515625 0.11588541666666667
0 0.283203125 0.6282552083333334 0.103515625 0.11588541666666667
0 0.283203125 0.6608072916666666 0.103515625 0.05078125
4 0.392578125 0.6282552083333334 0.103515625 0.11588541666666667
0 0.392578125 0.6282552083333334 0.103515625 0.11588541666666667
0 0.392578125 0.6608072916666666 0.103515625 0.05078125
4 0.283203125 0.7513020833333334 0.103515625 0.1171875
0 0.283203125 0.7513020833333334 0.103515625 0.1171875
0 0.283203125 0.7838541666666666 0.103515625 0.052083333333333336
4 0.392578125 0.7513020833333334 0.103515625 0.1171875
0 0.392578125 0.7513020833333334 0.103515625 0.1171875
0 0.392578125 0.7838541666666666 0.103515625 0.052083333333333336
6 0.2841796875 0.8444010416666666 0.10546875 0.01953125
0 0.01220703125 0.9694010416666666 0.0244140625 0.05859375
0 0.0693359375 0.9694010416666666 0.083984375 0.05859375
0 0.16455078125 0.9694010416666666 0.1005859375 0.05859375
4 0.46044921875 0.3450520833333333 0.0224609375 0.03125
0 0.46044921875 0.3450520833333333 0.0224609375 0.03125
4 0.4970703125 0.3444010416666667 0.021484375 0.029947916666666668
4 0.92333984375 0.3450520833333333 0.1533203125 0.028645833333333332
0 0.92333984375 0.3450520833333333 0.1533203125 0.028645833333333332
0 0.5673828125 0.4049479166666667 0.041015625 0.020833333333333332
0 0.6533203125 0.4049479166666667 0.099609375 0.020833333333333332
0 0.74951171875 0.4049479166666667 0.0615234375 0.020833333333333332
0 0.85009765625 0.4049479166666667 0.1083984375 0.020833333333333332
0 0.9599609375 0.4049479166666667 0.080078125 0.020833333333333332
2 0.5341796875 0.4713541666666667 0.01171875 0.015625
2 0.57568359375 0.47265625 0.0693359375 0.020833333333333332
6 0.76025390625 0.474609375 0.2373046875 0.016927083333333332
6 0.94677734375 0.474609375 0.1064453125 0.016927083333333332
6 0.9287109375 0.501953125 0.115234375 0.016927083333333332
4 0.72998046875 0.828125 0.5400390625 0.34375
0 0.72998046875 0.828125 0.5400390625 0.34375
6 0.76611328125 0.5716145833333334 0.3857421875 0.10416666666666667