3 0.466796875 0.047526041666666664 0.64453125 0.09505208333333333
2 0.068359375 0.1640625 0.04296875 0.020833333333333332
2 0.1083984375 0.1640625 0.0390625 0.020833333333333332
7 0.048828125 0.2552083333333333 0.0390625 0.044270833333333336
6 0.18017578125 0.2552083333333333 0.2236328125 0.049479166666666664
6 0.1943359375 0.33203125 0.251953125 0.033854166666666664
2 0.412109375 0.1640625 0.025390625 0.020833333333333332
2 0.44482421875 0.1640625 0.0419921875 0.020833333333333332
6 0.42578125 0.24544270833333334 0.087890625 0.02734375
2 0.58544921875 0.3040364583333333 0.4072265625 0.08984375
1 0.685546875 0.369140625 0.20703125 0.040364583333333336
1 0.685546875 0.4186197916666667 0.20703125 0.045572916666666664
1 0.685546875 0.470703125 0.20703125 0.045572916666666664
7 0.734375 0.515625 0.109375 0.028645833333333332
6 0.759765625 0.5234375 0.05859375 0.013020833333333334
7 0.734375 0.53125 0.109375 0.028645833333333332
1 0.62353515625 0.5247395833333334 0.0830078125 0.049479166666666664
7 0.654296875 0.64453125 0.09375 0.018229166666666668
4 0.71875 0.6432291666666666 0.025390625 0.033854166666666664
4 0.751953125 0.6432291666666666 0.025390625 0.033854166666666664
4 0.78076171875 0.6432291666666666 0.0166015625 0.033854166666666664
7 0.267578125 0.7864583333333334 0.53515625 0.0390625
0 0.24560546875 0.875 0.2197265625 0.0546875
6 0.07080078125 0.9453125 0.1416015625 0.018229166666666668
6 0.0888671875 0.9876302083333334 0.177734375 0.024739583333333332
6 0.34814453125 0.95703125 0.1923828125 0.041666666666666664
2 0.68310546875 0.7265625 0.2119140625 0.0234375
0 0.68310546875 0.7825520833333334 0.2119140625 0.046875
4 0.68310546875 0.9134114583333334 0.2119140625 0.17317708333333334
4 0.84716796875 0.3684895833333333 0.1162109375 0.0390625