2 0.0556640625 0.02734375 0.072265625 0.03125
2 0.1669921875 0.0234375 0.140625 0.026041666666666668
2 0.14453125 0.16276041666666666 0.2890625 0.041666666666666664
7 0.14453125 0.22786458333333334 0.2890625 0.08854166666666667
6 0.06494140625 0.30078125 0.1298828125 0.020833333333333332
7 0.29736328125 0.06510416666666667 0.0166015625 0.026041666666666668
0 0.29736328125 0.06510416666666667 0.0166015625 0.026041666666666668
4 0.412109375 0.057942708333333336 0.1796875 0.08463541666666667
0 0.412109375 0.09375 0.1796875 0.020833333333333332
7 0.5771484375 0.02734375 0.1171875 0.020833333333333332
7 0.6650390625 0.02734375 0.0625 0.020833333333333332
6 0.732421875 0.02734375 0.06640625 0.020833333333333332
7 0.81640625 0.02734375 0.1015625 0.020833333333333332
1 0.7578125 0.07291666666666667 0.478515625 0.044270833333333336
4 0.33837890625 0.234375 0.0966796875 0.10677083333333333
4 0.45556640625 0.234375 0.0966796875 0.10677083333333333
4 0.57275390625 0.234375 0.0966796875 0.10677083333333333
4 0.68994140625 0.234375 0.0966796875 0.10677083333333333
4 0.80712890625 0.234375 0.0966796875 0.10677083333333333
4 0.92431640625 0.234375 0.0966796875 0.10677083333333333
4 0.47998046875 0.3990885416666667 0.0478515625 0.01953125
4 0.78955078125 0.3990885416666667 0.0478515625 0.01953125
0 0.06201171875 0.4173177083333333 0.0888671875 0.016927083333333332
0 0.14111328125 0.4173177083333333 0.0693359375 0.016927083333333332
0 0.21826171875 0.4173177083333333 0.0849609375 0.016927083333333332
0 0.1220703125 0.6888020833333334 0.244140625 0.5598958333333334
4 0.1220703125 0.6888020833333334 0.244140625 0.5598958333333334
2 0.0830078125 0.6555989583333334 0.166015625 0.30078125
7 0.0927734375 0.8548177083333334 0.185546875 0.055989583333333336
7 0.28125 0.9147135416666666 0.015625 0.01953125
4 0.64453125 0.6569010416666666 0.7109375 0.49609375
0 0.64453125 0.6569010416666666 0.7109375 0.49609375
4 0.64453125 0.6569010416666666 0.7109375 0.49609375
2 0.63623046875 0.783203125 0.6943359375 0.12369791666666667
1 0.55615234375 0.9837239583333334 0.5341796875 0.032552083333333336