3 0.197265625 0.125 0.384765625 0.1171875
6 0.076171875 0.34375 0.15234375 0.049479166666666664
6 0.09033203125 0.4283854166666667 0.1806640625 0.049479166666666664
2 0.2724609375 0.2526041666666667 0.025390625 0.020833333333333332
2 0.30517578125 0.2526041666666667 0.0419921875 0.020833333333333332
6 0.2861328125 0.333984375 0.087890625 0.02734375
4 0.4326171875 0.15234375 0.0859375 0.16927083333333334
2 0.5400390625 0.11197916666666667 0.109375 0.0859375
4 0.70947265625 0.15234375 0.1279296875 0.16927083333333334
2 0.8525390625 0.11197916666666667 0.140625 0.0859375
4 0.97119140625 0.15234375 0.0576171875 0.16927083333333334
4 0.4326171875 0.365234375 0.0859375 0.17057291666666666
2 0.5556640625 0.3548177083333333 0.140625 0.14713541666666666
4 0.70947265625 0.3645833333333333 0.1279296875 0.16927083333333334
2 0.84375 0.3248697916666667 0.123046875 0.08723958333333333
4 0.97119140625 0.365234375 0.0576171875 0.17057291666666666
0 0.01513671875 0.5755208333333334 0.0302734375 0.015625
0 0.06591796875 0.5755208333333334 0.0556640625 0.015625
0 0.1220703125 0.5755208333333334 0.041015625 0.015625
0 0.1953125 0.5755208333333334 0.08984375 0.015625
0 0.263671875 0.5755208333333334 0.03125 0.015625
0 0.3056640625 0.5755208333333334 0.037109375 0.015625
0 0.35302734375 0.5755208333333334 0.0419921875 0.015625
2 0.0498046875 0.6399739583333334 0.099609375 0.024739583333333332
0 0.0595703125 0.640625 0.119140625 0.0234375
2 0.17236328125 0.6399739583333334 0.1064453125 0.024739583333333332
0 0.18212890625 0.640625 0.1259765625 0.0234375
2 0.271484375 0.6399739583333334 0.052734375 0.024739583333333332
0 0.28125 0.640625 0.072265625 0.0234375
2 0.35205078125 0.6399739583333334 0.0693359375 0.024739583333333332
0 0.353515625 0.640625 0.072265625 0.0234375
2 0.09375 0.76953125 0.1875 0.203125
0 0.09375 0.8548177083333334 0.1875 0.024739583333333332
4 0.09375 0.9420572916666666 0.1875 0.11588541666666667
0 0.09375 0.9420572916666666 0.1875 0.11588541666666667
7 0.2978515625 0.783203125 0.18359375 0.23046875
4 0.2978515625 0.7805989583333334 0.18359375 0.22526041666666666
0 0.2978515625 0.88671875 0.18359375 0.026041666666666668
2 0.2978515625 0.9381510416666666 0.18359375 0.06901041666666667
0 0.2978515625 0.9381510416666666 0.18359375 0.06380208333333333
7 0.21142578125 0.9876302083333334 0.0107421875 0.024739583333333332
0 0.2978515625 0.9876302083333334 0.18359375 0.024739583333333332
6 0.26953125 0.9876302083333334 0.107421875 0.024739583333333332
7 0.2978515625 0.9876302083333334 0.18359375 0.024739583333333332
3 0.19482421875 0.7447916666666666 0.3896484375 0.5104166666666666
3 0.19482421875 0.7447916666666666 0.3896484375 0.5104166666666666
1 0.59912109375 0.5279947916666666 0.4189453125 0.07682291666666667
1 0.8369140625 0.52734375 0.05078125 0.07552083333333333
6 0.5556640625 0.58984375 0.09375 0.0234375
7 0.69482421875 0.6673177083333334 0.6103515625 0.032552083333333336
4 0.69482421875 0.6380208333333334 0.6103515625 0.296875
2 0.69482421875 0.849609375 0.6103515625 0.037760416666666664
6 0.447265625 0.9348958333333334 0.115234375 0.026041666666666668
6 0.447265625 0.984375 0.115234375 0.026041666666666668
6 0.779296875 0.9348958333333334 0.44140625 0.026041666666666668
6 0.779296875 0.984375 0.44140625 0.026041666666666668