4 0.021484375 0.055989583333333336 0.04296875 0.08072916666666667
0 0.1298828125 0.015625 0.259765625 0.020833333333333332
6 0.150390625 0.046875 0.21484375 0.08333333333333333
4 0.32373046875 0.055989583333333336 0.0908203125 0.08072916666666667
0 0.35986328125 0.015625 0.2001953125 0.020833333333333332
6 0.41455078125 0.046875 0.0908203125 0.08333333333333333
4 0.21533203125 0.28515625 0.1845703125 0.1640625
0 0.21533203125 0.37109375 0.1845703125 0.3359375
0 0.3369140625 0.22135416666666666 0.029296875 0.036458333333333336
6 0.39111328125 0.3072916666666667 0.1376953125 0.12760416666666666
6 0.39111328125 0.4348958333333333 0.1376953125 0.07291666666666667
7 0.33251953125 0.5065104166666666 0.0205078125 0.018229166666666668
6 0.38525390625 0.5065104166666666 0.0869140625 0.018229166666666668
4 0.21533203125 0.6731770833333334 0.1845703125 0.1640625
0 0.21533203125 0.6901041666666666 0.1845703125 0.19791666666666666
7 0.37353515625 0.6106770833333334 0.1025390625 0.0390625
6 0.39111328125 0.6809895833333334 0.1376953125 0.09375
6 0.39111328125 0.7721354166666666 0.1376953125 0.033854166666666664
2 0.72998046875 0.06901041666666667 0.5400390625 0.078125
2 0.72998046875 0.12760416666666666 0.5400390625 0.0390625
7 0.56396484375 0.22526041666666666 0.2080078125 0.036458333333333336
0 0.564453125 0.22526041666666666 0.208984375 0.0390625
7 0.8349609375 0.22526041666666666 0.29296875 0.036458333333333336
0 0.8349609375 0.22526041666666666 0.294921875 0.0390625
7 0.712890625 0.3352864583333333 0.505859375 0.024739583333333332
0 0.72998046875 0.3658854166666667 0.5400390625 0.125
2 0.712890625 0.3639322916666667 0.505859375 0.032552083333333336
7 0.712890625 0.39453125 0.505859375 0.028645833333333332
7 0.71435546875 0.6490885416666666 0.5087890625 0.2799479166666667
5 0.130859375 0.923828125 0.017578125 0.06380208333333333
1 0.29150390625 0.9251302083333334 0.3369140625 0.06380208333333333
7 0.7255859375 0.841796875 0.53125 0.10546875
7 0.7255859375 0.9583333333333334 0.53125 0.08333333333333333