7 0.18994140625 0.185546875 0.3798828125 0.37109375
0 0.18994140625 0.185546875 0.3798828125 0.37109375
7 0.091796875 0.16080729166666666 0.18359375 0.040364583333333336
2 0.18994140625 0.2532552083333333 0.3798828125 0.10546875
6 0.40185546875 0.0078125 0.0439453125 0.015625
7 0.5546875 0.0078125 0.26171875 0.015625
6 0.5712890625 0.021484375 0.3828125 0.04296875
6 0.39306640625 0.029296875 0.0263671875 0.02734375
7 0.5576171875 0.04296875 0.35546875 0.0546875
7 0.4423828125 0.095703125 0.125 0.02734375
6 0.58251953125 0.095703125 0.1552734375 0.02734375
7 0.67626953125 0.095703125 0.0341796875 0.02734375
7 0.56396484375 0.13671875 0.3681640625 0.0546875
6 0.57275390625 0.1640625 0.3857421875 0.0546875
6 0.42236328125 0.177734375 0.0849609375 0.02734375
7 0.57421875 0.177734375 0.22265625 0.02734375
7 0.4072265625 0.205078125 0.015625 0.02734375
6 0.466796875 0.205078125 0.103515625 0.02734375
7 0.63671875 0.205078125 0.23828125 0.02734375
7 0.46044921875 0.232421875 0.1416015625 0.02734375
6 0.8662109375 0.005208333333333333 0.068359375 0.010416666666666666
7 0.83544921875 0.024088541666666668 0.0068359375 0.02734375
6 0.890625 0.024088541666666668 0.10546875 0.02734375
7 0.94580078125 0.024088541666666668 0.0068359375 0.02734375
6 0.87109375 0.06315104166666667 0.078125 0.02734375
6 0.87841796875 0.10221354166666667 0.0927734375 0.02734375
7 0.83544921875 0.12955729166666666 0.0068359375 0.02734375
6 0.8740234375 0.12955729166666666 0.072265625 0.02734375
7 0.91259765625 0.12955729166666666 0.0068359375 0.02734375
6 0.85791015625 0.16861979166666666 0.0517578125 0.02734375
7 0.56787109375 0.3619791666666667 0.0048828125 0.018229166666666668
6 0.6064453125 0.3619791666666667 0.076171875 0.018229166666666668
7 0.64697265625 0.3619791666666667 0.0048828125 0.018229166666666668
7 0.3955078125 0.4147135416666667 0.03125 0.022135416666666668
6 0.45849609375 0.4147135416666667 0.0966796875 0.022135416666666668
7 0.5146484375 0.431640625 0.26953125 0.055989583333333336
4 0.72119140625 0.3170572916666667 0.0205078125 0.02734375
7 0.7763671875 0.3157552083333333 0.0625 0.022135416666666668
6 0.95947265625 0.3658854166666667 0.0146484375 0.018229166666666668
7 0.8388671875 0.365234375 0.25390625 0.029947916666666668
7 0.7431640625 0.396484375 0.01953125 0.022135416666666668
6 0.7841796875 0.396484375 0.0625 0.022135416666666668
7 0.7431640625 0.4264322916666667 0.01953125 0.022135416666666668
6 0.78759765625 0.4264322916666667 0.0693359375 0.022135416666666668
7 0.7431640625 0.453125 0.01953125 0.013020833333333334
6 0.791015625 0.453125 0.076171875 0.013020833333333334
4 0.18994140625 0.65234375 0.3798828125 0.3854166666666667
0 0.18994140625 0.65234375 0.3798828125 0.3854166666666667
2 0.18994140625 0.5201822916666666 0.3798828125 0.12109375
6 0.18994140625 0.6276041666666666 0.3798828125 0.07291666666666667
7 0.18994140625 0.9283854166666666 0.3798828125 0.14322916666666666
1 0.6357421875 0.482421875 0.29296875 0.045572916666666664
4 0.509765625 0.5397135416666666 0.0234375 0.032552083333333336
0 0.513671875 0.5475260416666666 0.03125 0.02734375
6 0.5673828125 0.5384114583333334 0.076171875 0.024739583333333332
7 0.6181640625 0.5384114583333334 0.021484375 0.024739583333333332
7 0.64794921875 0.5390625 0.0341796875 0.020833333333333332
7 0.673828125 0.5384114583333334 0.01171875 0.024739583333333332
6 0.72216796875 0.5384114583333334 0.0810546875 0.024739583333333332
7 0.76708984375 0.5384114583333334 0.0107421875 0.024739583333333332
7 0.8095703125 0.5384114583333334 0.076171875 0.024739583333333332
2 0.68505859375 0.5716145833333334 0.3740234375 0.0234375
6 0.7490234375 0.5970052083333334 0.501953125 0.024739583333333332
4 0.5107421875 0.6412760416666666 0.017578125 0.024739583333333332
4 0.53466796875 0.6412760416666666 0.0185546875 0.024739583333333332
7 0.5556640625 0.6380208333333334 0.009765625 0.026041666666666668
7 0.5693359375 0.6380208333333334 0.021484375 0.026041666666666668
7 0.58837890625 0.6380208333333334 0.0185546875 0.026041666666666668
4 0.60595703125 0.6438802083333334 0.0185546875 0.024739583333333332
4 0.638671875 0.6412760416666666 0.017578125 0.024739583333333332
7 0.66064453125 0.6380208333333334 0.0205078125 0.026041666666666668
4 0.7119140625 0.6412760416666666 0.017578125 0.024739583333333332
7 0.7265625 0.6380208333333334 0.0078125 0.026041666666666668
4 0.77099609375 0.6412760416666666 0.0185546875 0.024739583333333332
4 0.509765625 0.6998697916666666 0.0234375 0.032552083333333336
0 0.513671875 0.7076822916666666 0.03125 0.02734375
6 0.5673828125 0.6985677083333334 0.076171875 0.024739583333333332
7 0.6181640625 0.6985677083333334 0.021484375 0.024739583333333332
7 0.64794921875 0.69921875 0.0341796875 0.020833333333333332
7 0.673828125 0.6985677083333334 0.01171875 0.024739583333333332
6 0.72216796875 0.6985677083333334 0.0810546875 0.024739583333333332
7 0.76708984375 0.6985677083333334 0.0107421875 0.024739583333333332
7 0.80078125 0.6985677083333334 0.05859375 0.024739583333333332
2 0.6865234375 0.7317708333333334 0.376953125 0.0234375
6 0.7490234375 0.7571614583333334 0.501953125 0.024739583333333332
4 0.5107421875 0.8014322916666666 0.017578125 0.024739583333333332
4 0.53466796875 0.8014322916666666 0.0185546875 0.024739583333333332
7 0.5556640625 0.7981770833333334 0.009765625 0.026041666666666668
7 0.5693359375 0.7981770833333334 0.021484375 0.026041666666666668
7 0.58837890625 0.7981770833333334 0.0185546875 0.026041666666666668
4 0.60595703125 0.8040364583333334 0.0185546875 0.024739583333333332
4 0.638671875 0.8014322916666666 0.017578125 0.024739583333333332
7 0.66064453125 0.7981770833333334 0.0205078125 0.026041666666666668
4 0.7119140625 0.8014322916666666 0.017578125 0.024739583333333332
7 0.7265625 0.7981770833333334 0.0078125 0.026041666666666668
4 0.77099609375 0.8014322916666666 0.0185546875 0.024739583333333332
4 0.509765625 0.8600260416666666 0.0234375 0.032552083333333336
0 0.513671875 0.8678385416666666 0.03125 0.02734375
6 0.5810546875 0.8587239583333334 0.103515625 0.024739583333333332
7 0.6455078125 0.8587239583333334 0.021484375 0.024739583333333332
7 0.66357421875 0.8587239583333334 0.0107421875 0.024739583333333332
6 0.7197265625 0.8587239583333334 0.095703125 0.024739583333333332
7 0.7724609375 0.8587239583333334 0.009765625 0.024739583333333332
7 0.80615234375 0.8587239583333334 0.0576171875 0.024739583333333332
4 0.5615234375 0.9309895833333334 0.126953125 0.09635416666666667
0 0.5615234375 0.9733072916666666 0.126953125 0.02734375
2 0.8193359375 0.8919270833333334 0.361328125 0.0234375
6 0.8193359375 0.9173177083333334 0.361328125 0.024739583333333332
4 0.6513671875 0.9602864583333334 0.017578125 0.024739583333333332
4 0.67529296875 0.9602864583333334 0.0185546875 0.024739583333333332
7 0.6962890625 0.9583333333333334 0.009765625 0.026041666666666668
7 0.70654296875 0.9583333333333334 0.0146484375 0.026041666666666668
7 0.72216796875 0.9583333333333334 0.0185546875 0.026041666666666668
4 0.73974609375 0.962890625 0.0185546875 0.024739583333333332
4 0.7724609375 0.9602864583333334 0.017578125 0.024739583333333332
7 0.79443359375 0.9583333333333334 0.0205078125 0.026041666666666668
4 0.845703125 0.9602864583333334 0.017578125 0.024739583333333332
7 0.86376953125 0.9583333333333334 0.0146484375 0.026041666666666668
4 0.91162109375 0.9602864583333334 0.0185546875 0.024739583333333332
7 0.41064453125 0.5592447916666666 0.0615234375 0.032552083333333336
6 0.40283203125 0.5911458333333334 0.0458984375 0.026041666666666668
6 0.39501953125 0.65625 0.0302734375 0.026041666666666668
6 0.3955078125 0.8841145833333334 0.03125 0.026041666666666668