7 0.259765625 0.2740885416666667 0.51953125 0.5481770833333334
0 0.259765625 0.2740885416666667 0.51953125 0.5481770833333334
7 0.07958984375 0.337890625 0.1591796875 0.040364583333333336
2 0.24365234375 0.4303385416666667 0.4873046875 0.10546875
0 0.400390625 0.5826822916666666 0.099609375 0.040364583333333336
7 0.48388671875 0.5833333333333334 0.0458984375 0.018229166666666668
0 0.48388671875 0.5833333333333334 0.0458984375 0.018229166666666668
0 0.8125 0.006510416666666667 0.13671875 0.013020833333333334
4 0.759765625 0.12565104166666666 0.48046875 0.16276041666666666
0 0.5615234375 0.15885416666666666 0.083984375 0.0546875
0 0.673828125 0.15885416666666666 0.080078125 0.10677083333333333
0 0.77783203125 0.15885416666666666 0.0673828125 0.10677083333333333
0 0.87890625 0.15885416666666666 0.07421875 0.0546875
0 0.95751953125 0.138671875 0.0849609375 0.05859375
0 0.75927734375 0.08072916666666667 0.1416015625 0.059895833333333336
0 0.8642578125 0.08072916666666667 0.0703125 0.059895833333333336
0 0.939453125 0.08072916666666667 0.08203125 0.059895833333333336
2 0.70166015625 0.443359375 0.3642578125 0.25390625
0 0.0888671875 0.6744791666666666 0.177734375 0.028645833333333332
0 0.3642578125 0.6744791666666666 0.310546875 0.028645833333333332
0 0.27197265625 0.720703125 0.1259765625 0.05078125
0 0.2490234375 0.7708333333333334 0.080078125 0.052083333333333336
0 0.24560546875 0.8209635416666666 0.0732421875 0.05078125
0 0.234375 0.8704427083333334 0.05078125 0.05078125
0 0.248046875 0.919921875 0.078125 0.05078125
0 0.24853515625 0.9694010416666666 0.0791015625 0.05078125
4 0.076171875 0.6549479166666666 0.107421875 0.09114583333333333
0 0.0966796875 0.6809895833333334 0.193359375 0.14322916666666666
7 0.0966796875 0.7200520833333334 0.193359375 0.026041666666666668
4 0.310546875 0.6549479166666666 0.146484375 0.09114583333333333
0 0.310546875 0.6809895833333334 0.234375 0.14322916666666666
7 0.310546875 0.7200520833333334 0.234375 0.026041666666666668
4 0.49560546875 0.6549479166666666 0.0478515625 0.09114583333333333
0 0.4736328125 0.6809895833333334 0.091796875 0.14322916666666666
7 0.4736328125 0.7200520833333334 0.091796875 0.026041666666666668
2 0.02099609375 0.7884114583333334 0.0419921875 0.022135416666666668
2 0.4326171875 0.7884114583333334 0.109375 0.022135416666666668
4 0.369140625 0.912109375 0.30078125 0.17578125
0 0.369140625 0.912109375 0.30078125 0.17578125
6 0.5732421875 0.6197916666666666 0.1015625 0.020833333333333332
6 0.701171875 0.6197916666666666 0.099609375 0.020833333333333332
6 0.80029296875 0.6197916666666666 0.0439453125 0.020833333333333332
7 0.80517578125 0.9127604166666666 0.3896484375 0.17447916666666666