2 0.3447265625 0.006510416666666667 0.689453125 0.013020833333333334
7 0.3447265625 0.0703125 0.689453125 0.03125
3 0.08056640625 0.17838541666666666 0.1611328125 0.1015625
7 0.3447265625 0.3020833333333333 0.689453125 0.0625
7 0.3447265625 0.390625 0.689453125 0.03125
7 0.3447265625 0.4635416666666667 0.689453125 0.03125
7 0.3447265625 0.4947916666666667 0.689453125 0.03125
6 0.71044921875 0.08854166666666667 0.0419921875 0.020833333333333332
4 0.841796875 0.02734375 0.154296875 0.0546875
6 0.8359375 0.1015625 0.123046875 0.046875
0 0.87158203125 0.1171875 0.0400390625 0.020833333333333332
7 0.841796875 0.14322916666666666 0.154296875 0.018229166666666668
7 0.841796875 0.16145833333333334 0.154296875 0.018229166666666668
3 0.80615234375 0.3984375 0.2333984375 0.28125
1 0.97412109375 0.10416666666666667 0.0126953125 0.018229166666666668
7 0.0478515625 0.5670572916666666 0.095703125 0.022135416666666668
7 0.1103515625 0.5677083333333334 0.033203125 0.0234375
7 0.10791015625 0.5983072916666666 0.2158203125 0.08463541666666667
7 0.1015625 0.6920572916666666 0.203125 0.08463541666666667
0 0.109375 0.80078125 0.21875 0.059895833333333336
2 0.5888671875 0.9921875 0.201171875 0.015625
2 0.23486328125 0.9921875 0.4697265625 0.015625
7 0.8349609375 0.5944010416666666 0.291015625 0.029947916666666668
0 0.8203125 0.7141927083333334 0.26171875 0.07161458333333333
7 0.78759765625 0.9296875 0.1259765625 0.026041666666666668
0 0.78759765625 0.9296875 0.1572265625 0.06770833333333333
7 0.97802734375 0.9296875 0.0439453125 0.026041666666666668
0 0.97021484375 0.9296875 0.0595703125 0.06770833333333333