2 0.18994140625 0.09505208333333333 0.3798828125 0.046875
7 0.18994140625 0.17578125 0.3798828125 0.03125
7 0.18994140625 0.4075520833333333 0.3798828125 0.0625
7 0.18994140625 0.490234375 0.3798828125 0.01953125
2 0.70654296875 0.17838541666666666 0.5869140625 0.2604166666666667
2 0.92041015625 0.2630208333333333 0.1591796875 0.09114583333333333
7 0.72265625 0.4329427083333333 0.5546875 0.13411458333333334
7 0.79345703125 0.4915364583333333 0.0908203125 0.016927083333333332
4 0.05224609375 0.6868489583333334 0.1044921875 0.24869791666666666
7 0.24658203125 0.5852864583333334 0.2666015625 0.045572916666666664
6 0.14697265625 0.6204427083333334 0.0673828125 0.022135416666666668
7 0.24658203125 0.6321614583333334 0.2666015625 0.045572916666666664
6 0.216796875 0.6438802083333334 0.078125 0.022135416666666668
7 0.27685546875 0.6438802083333334 0.0439453125 0.022135416666666668
7 0.24658203125 0.7115885416666666 0.2666015625 0.06901041666666667
6 0.29833984375 0.7350260416666666 0.0576171875 0.022135416666666668
7 0.330078125 0.7350260416666666 0.005859375 0.022135416666666668
7 0.24658203125 0.779296875 0.2666015625 0.022135416666666668
7 0.24658203125 0.791015625 0.2666015625 0.045572916666666664
6 0.22021484375 0.802734375 0.1884765625 0.022135416666666668
7 0.31494140625 0.802734375 0.0048828125 0.022135416666666668
7 0.18994140625 0.84765625 0.3798828125 0.0234375
7 0.18994140625 0.8919270833333334 0.3798828125 0.0234375
7 0.18994140625 0.9153645833333334 0.3798828125 0.0234375
7 0.18994140625 0.9388020833333334 0.3798828125 0.0234375
7 0.08349609375 0.9615885416666666 0.1669921875 0.022135416666666668
6 0.25634765625 0.9615885416666666 0.1787109375 0.022135416666666668
7 0.34619140625 0.9615885416666666 0.0048828125 0.022135416666666668
7 0.18994140625 0.9856770833333334 0.3798828125 0.0234375
0 0.4208984375 0.5130208333333334 0.08203125 0.026041666666666668
0 0.5224609375 0.5130208333333334 0.12109375 0.026041666666666668
0 0.68212890625 0.5130208333333334 0.1982421875 0.026041666666666668
0 0.8349609375 0.5130208333333334 0.107421875 0.026041666666666668
0 0.9443359375 0.5130208333333334 0.111328125 0.026041666666666668
7 0.68994140625 0.5768229166666666 0.6201171875 0.049479166666666664
6 0.45703125 0.6458333333333334 0.154296875 0.020833333333333332