2 0.2197265625 0.09114583333333333 0.439453125 0.0625
7 0.2197265625 0.28125 0.439453125 0.265625
0 0.3740234375 0.4817708333333333 0.130859375 0.057291666666666664
2 0.6513671875 0.099609375 0.423828125 0.029947916666666668
4 0.52734375 0.21354166666666666 0.17578125 0.2864583333333333
0 0.52734375 0.21354166666666666 0.17578125 0.1484375
7 0.56103515625 0.16796875 0.0927734375 0.03125
2 0.5283203125 0.3170572916666667 0.177734375 0.022135416666666668
6 0.5146484375 0.4029947916666667 0.150390625 0.10807291666666667
0 0.47216796875 0.4453125 0.0654296875 0.0234375
6 0.55615234375 0.443359375 0.1025390625 0.016927083333333332
4 0.7529296875 0.23763020833333334 0.220703125 0.4752604166666667
4 0.6640625 0.16861979166666666 0.029296875 0.040364583333333336
0 0.7529296875 0.21354166666666666 0.220703125 0.1484375
4 0.66357421875 0.16861979166666666 0.0302734375 0.040364583333333336
7 0.80908203125 0.16796875 0.0927734375 0.03125
2 0.7900390625 0.3170572916666667 0.267578125 0.022135416666666668
7 0.72607421875 0.3587239583333333 0.1396484375 0.01953125
7 0.7451171875 0.4251302083333333 0.177734375 0.10807291666666667
0 0.70458984375 0.4453125 0.0966796875 0.0234375
6 0.80419921875 0.443359375 0.1025390625 0.016927083333333332
2 0.951171875 0.099609375 0.09765625 0.029947916666666668
4 0.951171875 0.201171875 0.09765625 0.11588541666666667
0 0.951171875 0.201171875 0.09765625 0.11588541666666667
0 0.951171875 0.23372395833333334 0.09765625 0.05078125
4 0.951171875 0.32421875 0.09765625 0.1171875
0 0.951171875 0.32421875 0.09765625 0.1171875
0 0.951171875 0.3567708333333333 0.09765625 0.052083333333333336
6 0.951171875 0.4173177083333333 0.09765625 0.01953125
0 0.4716796875 0.5423177083333334 0.064453125 0.05859375
0 0.55078125 0.5423177083333334 0.08984375 0.05859375
0 0.64697265625 0.5423177083333334 0.0966796875 0.05859375
0 0.740234375 0.5423177083333334 0.083984375 0.05859375
0 0.83544921875 0.5423177083333334 0.1005859375 0.05859375
4 0.2197265625 0.7884114583333334 0.439453125 0.3971354166666667
0 0.2197265625 0.794921875 0.439453125 0.41015625
7 0.4697265625 0.6412760416666666 0.060546875 0.024739583333333332
1 0.6923828125 0.6432291666666666 0.505859375 0.0625
4 0.921875 0.6432291666666666 0.0234375 0.03125
0 0.68359375 0.7213541666666666 0.171875 0.052083333333333336
7 0.623046875 0.7838541666666666 0.1015625 0.0234375
0 0.734375 0.7845052083333334 0.12109375 0.024739583333333332
6 0.45458984375 0.9088541666666666 0.0302734375 0.028645833333333332
0 0.7197265625 0.9095052083333334 0.560546875 0.061197916666666664
7 0.6611328125 0.908203125 0.369140625 0.022135416666666668
6 0.92236328125 0.908203125 0.1552734375 0.022135416666666668