4 0.048828125 0.08723958333333333 0.0390625 0.06770833333333333
2 0.19140625 0.2942708333333333 0.3828125 0.2604166666666667
2 0.2265625 0.37890625 0.16796875 0.09114583333333333
7 0.17529296875 0.5455729166666666 0.3505859375 0.12760416666666666
7 0.09521484375 0.6041666666666666 0.0908203125 0.010416666666666666
7 0.5732421875 0.020833333333333332 0.087890625 0.028645833333333332
7 0.5390625 0.08268229166666667 0.01953125 0.01953125
0 0.57275390625 0.08984375 0.0869140625 0.046875
7 0.55224609375 0.08268229166666667 0.0087890625 0.01953125
7 0.5849609375 0.08268229166666667 0.060546875 0.01953125
0 0.65625 0.08984375 0.0625 0.046875
7 0.7373046875 0.08268229166666667 0.08203125 0.01953125
0 0.7646484375 0.08984375 0.13671875 0.046875
7 0.78173828125 0.08268229166666667 0.0087890625 0.01953125
7 0.80859375 0.08268229166666667 0.046875 0.01953125
7 0.86279296875 0.08268229166666667 0.0419921875 0.01953125
0 0.8935546875 0.08984375 0.103515625 0.046875
7 0.88818359375 0.08268229166666667 0.0087890625 0.01953125
7 0.91796875 0.08268229166666667 0.0546875 0.01953125
0 0.974609375 0.08984375 0.0390625 0.046875
4 0.7646484375 0.384765625 0.470703125 0.44921875
0 0.7646484375 0.384765625 0.470703125 0.44921875
6 0.0322265625 0.6399739583333334 0.064453125 0.022135416666666668
0 0.04296875 0.7109375 0.0859375 0.049479166666666664
3 0.27490234375 0.7096354166666666 0.2939453125 0.20052083333333334
2 0.48486328125 0.6959635416666666 0.0888671875 0.024739583333333332
0 0.48486328125 0.6959635416666666 0.0888671875 0.024739583333333332
7 0.48486328125 0.7682291666666666 0.0888671875 0.09895833333333333
2 0.48486328125 0.8430989583333334 0.0888671875 0.024739583333333332
0 0.48486328125 0.8430989583333334 0.0888671875 0.024739583333333332
0 0.16162109375 0.890625 0.1884765625 0.049479166666666664
0 0.38916015625 0.890625 0.1884765625 0.049479166666666664
0 0.16162109375 0.9505208333333334 0.1884765625 0.049479166666666664
0 0.38916015625 0.9505208333333334 0.1884765625 0.049479166666666664
0 0.16162109375 0.9928385416666666 0.1884765625 0.014322916666666666
0 0.38916015625 0.9928385416666666 0.1884765625 0.014322916666666666
3 0.92236328125 0.8046875 0.1552734375 0.390625
4 0.68017578125 0.8046875 0.3017578125 0.390625
0 0.68017578125 0.8046875 0.3017578125 0.390625
2 0.67041015625 0.9485677083333334 0.2822265625 0.10286458333333333
0 0.68017578125 0.9453125 0.3017578125 0.109375