4 0.224609375 0.10286458333333333 0.44921875 0.20572916666666666
4 0.224609375 0.0703125 0.44921875 0.140625
7 0.138671875 0.09114583333333333 0.27734375 0.026041666666666668
0 0.3271484375 0.09309895833333333 0.1015625 0.029947916666666668
2 0.224609375 0.19270833333333334 0.44921875 0.052083333333333336
4 0.13916015625 0.34765625 0.0908203125 0.09114583333333333
0 0.1396484375 0.392578125 0.12890625 0.024739583333333332
2 0.3408203125 0.3098958333333333 0.216796875 0.026041666666666668
2 0.3408203125 0.349609375 0.216796875 0.055989583333333336
7 0.3408203125 0.431640625 0.216796875 0.08203125
7 0.724609375 0.016276041666666668 0.55078125 0.032552083333333336
4 0.724609375 0.06770833333333333 0.55078125 0.13541666666666666
2 0.724609375 0.19856770833333334 0.55078125 0.037760416666666664
6 0.63037109375 0.2838541666666667 0.3623046875 0.026041666666666668
6 0.63037109375 0.3333333333333333 0.3623046875 0.026041666666666668
6 0.63037109375 0.3828125 0.3623046875 0.026041666666666668
6 0.63037109375 0.4322916666666667 0.3623046875 0.026041666666666668
6 0.63037109375 0.4791666666666667 0.3623046875 0.020833333333333332
6 0.9326171875 0.2838541666666667 0.134765625 0.026041666666666668
6 0.9326171875 0.3333333333333333 0.134765625 0.026041666666666668
6 0.9326171875 0.3828125 0.134765625 0.026041666666666668
6 0.9326171875 0.4322916666666667 0.134765625 0.026041666666666668
6 0.9326171875 0.4791666666666667 0.134765625 0.020833333333333332
7 0.724609375 0.4713541666666667 0.55078125 0.036458333333333336
6 0.7666015625 0.482421875 0.10546875 0.014322916666666666
7 0.724609375 0.482421875 0.55078125 0.014322916666666666
2 0.224609375 0.7447916666666666 0.44921875 0.5104166666666666
2 0.224609375 0.7447916666666666 0.44921875 0.5104166666666666
2 0.224609375 0.6803385416666666 0.44921875 0.09244791666666667
2 0.224609375 0.7727864583333334 0.44921875 0.09244791666666667
7 0.20263671875 0.8919270833333334 0.4052734375 0.06770833333333333
4 0.724609375 0.7447916666666666 0.55078125 0.5104166666666666
2 0.7197265625 0.6204427083333334 0.541015625 0.11328125
2 0.99462890625 0.6204427083333334 0.0107421875 0.11328125
2 0.724609375 0.7252604166666666 0.55078125 0.041666666666666664
0 0.6484375 0.8372395833333334 0.265625 0.06770833333333333