7 0.19921875 0.052734375 0.18359375 0.053385416666666664
7 0.42919921875 0.052083333333333336 0.2119140625 0.026041666666666668
3 0.28955078125 0.2708333333333333 0.5791015625 0.1171875
0 0.609375 0.043619791666666664 0.060546875 0.061197916666666664
0 0.70654296875 0.043619791666666664 0.1162109375 0.061197916666666664
0 0.83203125 0.043619791666666664 0.1171875 0.061197916666666664
0 0.92919921875 0.043619791666666664 0.0595703125 0.061197916666666664
0 0.98388671875 0.043619791666666664 0.0322265625 0.061197916666666664
7 0.61865234375 0.14127604166666666 0.0791015625 0.022135416666666668
6 0.724609375 0.14127604166666666 0.1328125 0.022135416666666668
7 0.79296875 0.14127604166666666 0.00390625 0.022135416666666668
4 0.78955078125 0.2890625 0.4208984375 0.08072916666666667
0 0.78955078125 0.2890625 0.4208984375 0.08072916666666667
3 0.30029296875 0.37890625 0.5576171875 0.09895833333333333
0 0.11572265625 0.4934895833333333 0.2001953125 0.052083333333333336
0 0.29833984375 0.4934895833333333 0.1611328125 0.052083333333333336
0 0.45068359375 0.4934895833333333 0.1396484375 0.052083333333333336
0 0.55078125 0.4934895833333333 0.056640625 0.052083333333333336
7 0.28955078125 0.5572916666666666 0.5791015625 0.0234375
4 0.26123046875 0.7975260416666666 0.5224609375 0.4049479166666667
0 0.26123046875 0.7975260416666666 0.5224609375 0.4049479166666667
2 0.85888671875 0.4596354166666667 0.2822265625 0.06510416666666667
0 0.83837890625 0.533203125 0.0849609375 0.032552083333333336
7 0.93994140625 0.5319010416666666 0.1201171875 0.029947916666666668
4 0.853515625 0.8268229166666666 0.29296875 0.3463541666666667
4 0.85888671875 0.8313802083333334 0.2822265625 0.3372395833333333