3 0.23974609375 0.07552083333333333 0.4794921875 0.1171875
7 0.12158203125 0.21875 0.2431640625 0.026041666666666668
7 0.080078125 0.2552083333333333 0.130859375 0.026041666666666668
7 0.12158203125 0.2877604166666667 0.2431640625 0.026041666666666668
3 0.03759765625 0.3333333333333333 0.0595703125 0.026041666666666668
3 0.111328125 0.3333333333333333 0.083984375 0.026041666666666668
4 0.3603515625 0.2916666666666667 0.046875 0.0625
7 0.4111328125 0.2799479166666667 0.021484375 0.020833333333333332
6 0.45068359375 0.2799479166666667 0.0576171875 0.020833333333333332
7 0.43701171875 0.3333333333333333 0.0732421875 0.018229166666666668
4 0.3603515625 0.37890625 0.046875 0.020833333333333332
7 0.4111328125 0.3834635416666667 0.021484375 0.01171875
6 0.45068359375 0.3834635416666667 0.0576171875 0.01171875
2 0.73974609375 0.059244791666666664 0.5205078125 0.029947916666666668
4 0.599609375 0.21419270833333334 0.234375 0.21484375
4 0.84375 0.21419270833333334 0.234375 0.21484375
7 0.54931640625 0.3736979166666667 0.1396484375 0.03125
4 0.73974609375 0.19466145833333334 0.5205078125 0.3893229166666667
2 0.73974609375 0.0078125 0.5205078125 0.015625
2 0.73974609375 0.048177083333333336 0.5205078125 0.0390625
1 0.6259765625 0.12630208333333334 0.29296875 0.06510416666666667
0 0.8935546875 0.12630208333333334 0.212890625 0.06510416666666667
7 0.73974609375 0.208984375 0.5205078125 0.03515625
7 0.59130859375 0.3424479166666667 0.2236328125 0.09375
7 0.84814453125 0.3157552083333333 0.1240234375 0.040364583333333336
7 0.8486328125 0.35546875 0.123046875 0.041666666666666664
6 0.80419921875 0.3854166666666667 0.0810546875 0.0078125
6 0.88427734375 0.3854166666666667 0.0712890625 0.0078125
6 0.9619140625 0.3854166666666667 0.076171875 0.0078125
2 0.34033203125 0.4485677083333333 0.2783203125 0.029947916666666668
6 0.2724609375 0.4921875 0.11328125 0.026041666666666668
6 0.2998046875 0.5247395833333334 0.16796875 0.026041666666666668
6 0.267578125 0.5559895833333334 0.103515625 0.026041666666666668
6 0.3310546875 0.5872395833333334 0.23046875 0.026041666666666668
2 0.2783203125 0.6809895833333334 0.169921875 0.028645833333333332
4 0.31494140625 0.751953125 0.2431640625 0.08463541666666667
2 0.306640625 0.8209635416666666 0.2265625 0.029947916666666668
4 0.31103515625 0.888671875 0.2353515625 0.07942708333333333
2 0.310546875 0.9954427083333334 0.21875 0.009114583333333334
2 0.08154296875 0.6946614583333334 0.1630859375 0.6106770833333334
6 0.046875 0.396484375 0.076171875 0.014322916666666666
6 0.02197265625 0.4173177083333333 0.0263671875 0.022135416666666668
2 0.07080078125 0.455078125 0.1337890625 0.022135416666666668
6 0.0703125 0.482421875 0.099609375 0.022135416666666668
6 0.0634765625 0.5071614583333334 0.0859375 0.022135416666666668
6 0.07763671875 0.5319010416666666 0.1142578125 0.022135416666666668
6 0.05517578125 0.556640625 0.0693359375 0.022135416666666668
6 0.05859375 0.58984375 0.076171875 0.0390625
2 0.07080078125 0.6360677083333334 0.1337890625 0.022135416666666668
6 0.037109375 0.6634114583333334 0.033203125 0.022135416666666668
6 0.03662109375 0.6881510416666666 0.0322265625 0.022135416666666668
6 0.04150390625 0.712890625 0.0419921875 0.022135416666666668
6 0.0673828125 0.7376302083333334 0.09375 0.022135416666666668
2 0.07080078125 0.775390625 0.1337890625 0.022135416666666668
6 0.0634765625 0.802734375 0.0859375 0.022135416666666668
6 0.0703125 0.8359375 0.099609375 0.0390625
6 0.05908203125 0.869140625 0.0771484375 0.022135416666666668
6 0.05419921875 0.8938802083333334 0.0673828125 0.022135416666666668
6 0.04638671875 0.9186197916666666 0.0517578125 0.022135416666666668
2 0.07080078125 0.9563802083333334 0.1337890625 0.022135416666666668
6 0.06298828125 0.9837239583333334 0.0849609375 0.022135416666666668
4 0.58984375 0.4088541666666667 0.1796875 0.0390625
0 0.58984375 0.421875 0.1796875 0.020833333333333332
1 0.84814453125 0.40625 0.3037109375 0.033854166666666664
4 0.52197265625 0.5625 0.0849609375 0.10677083333333333
4 0.63330078125 0.5625 0.0966796875 0.10677083333333333
4 0.75048828125 0.5625 0.0966796875 0.10677083333333333
4 0.86767578125 0.5625 0.0966796875 0.10677083333333333
4 0.96826171875 0.5625 0.0634765625 0.10677083333333333
6 0.505859375 0.8125 0.052734375 0.020833333333333332
4 0.65771484375 0.7486979166666666 0.0478515625 0.0625
7 0.7783203125 0.7467447916666666 0.17578125 0.02734375
7 0.78173828125 0.8385416666666666 0.2861328125 0.07291666666666667
6 0.7763671875 0.8776041666666666 0.275390625 0.046875
4 0.96728515625 0.7486979166666666 0.0478515625 0.0625
1 0.97509765625 0.8216145833333334 0.0498046875 0.0390625
0 0.97509765625 0.8658854166666666 0.0498046875 0.0390625