3 0.27978515625 0.17838541666666666 0.5595703125 0.1171875
7 0.34326171875 0.2955729166666667 0.4326171875 0.026041666666666668
7 0.34326171875 0.3216145833333333 0.4326171875 0.026041666666666668
4 0.0869140625 0.39453125 0.046875 0.0625
7 0.1376953125 0.3828125 0.021484375 0.020833333333333332
6 0.1875 0.3828125 0.078125 0.020833333333333332
7 0.29833984375 0.3828125 0.1474609375 0.020833333333333332
6 0.40234375 0.3828125 0.060546875 0.020833333333333332
7 0.34326171875 0.3958333333333333 0.4326171875 0.046875
7 0.16357421875 0.4361979166666667 0.0732421875 0.018229166666666668
7 0.22314453125 0.4361979166666667 0.0458984375 0.018229166666666668
4 0.0869140625 0.5026041666666666 0.046875 0.0625
7 0.1376953125 0.4908854166666667 0.021484375 0.020833333333333332
6 0.18798828125 0.4908854166666667 0.0791015625 0.020833333333333332
7 0.30029296875 0.4908854166666667 0.1474609375 0.020833333333333332
6 0.41259765625 0.4908854166666667 0.0810546875 0.020833333333333332
7 0.484375 0.4908854166666667 0.0625 0.020833333333333332
6 0.17236328125 0.5169270833333334 0.0908203125 0.020833333333333332
7 0.224609375 0.5169270833333334 0.015625 0.020833333333333332
6 0.29931640625 0.5169270833333334 0.1337890625 0.020833333333333332
6 0.44482421875 0.5169270833333334 0.1533203125 0.020833333333333332
7 0.1669921875 0.5442708333333334 0.080078125 0.018229166666666668
7 0.24951171875 0.5442708333333334 0.0849609375 0.018229166666666668
7 0.599609375 0.033203125 0.080078125 0.06640625
6 0.58056640625 0.0546875 0.0419921875 0.0234375
4 0.6728515625 0.11328125 0.2265625 0.2265625
4 0.6728515625 0.11328125 0.2265625 0.2265625
0 0.6728515625 0.11328125 0.2265625 0.2265625
4 0.7568359375 0.19270833333333334 0.01953125 0.026041666666666668
7 0.92333984375 0.026041666666666668 0.1533203125 0.052083333333333336
6 0.8759765625 0.041015625 0.052734375 0.022135416666666668
6 0.96484375 0.068359375 0.0703125 0.022135416666666668
7 0.92822265625 0.068359375 0.0029296875 0.022135416666666668
4 0.8349609375 0.19270833333333334 0.01953125 0.026041666666666668
6 0.8544921875 0.030598958333333332 0.05859375 0.01953125
7 0.89013671875 0.030598958333333332 0.0126953125 0.01953125
7 0.91259765625 0.030598958333333332 0.0322265625 0.01953125
7 0.90283203125 0.11263020833333333 0.1943359375 0.09765625
4 0.91162109375 0.193359375 0.0048828125 0.006510416666666667
4 0.92333984375 0.193359375 0.0048828125 0.006510416666666667
4 0.94677734375 0.193359375 0.0048828125 0.006510416666666667
4 0.95849609375 0.193359375 0.0048828125 0.006510416666666667
4 0.97021484375 0.193359375 0.0048828125 0.006510416666666667
4 0.98193359375 0.193359375 0.0048828125 0.006510416666666667
4 0.99365234375 0.193359375 0.0048828125 0.006510416666666667
7 0.6630859375 0.3196614583333333 0.20703125 0.07682291666666667
6 0.57470703125 0.3470052083333333 0.0302734375 0.022135416666666668
7 0.7529296875 0.3743489583333333 0.02734375 0.022135416666666668
6 0.67822265625 0.3743489583333333 0.1220703125 0.022135416666666668
7 0.61572265625 0.3743489583333333 0.0029296875 0.022135416666666668
2 0.65576171875 0.3040364583333333 0.1923828125 0.048177083333333336
4 0.732421875 0.39453125 0.01953125 0.026041666666666668
0 0.6728515625 0.3404947916666667 0.2265625 0.17578125
4 0.7568359375 0.39453125 0.01953125 0.026041666666666668
3 0.90283203125 0.416015625 0.1943359375 0.3268229166666667
7 0.6630859375 0.521484375 0.20703125 0.07682291666666667
6 0.57470703125 0.548828125 0.0302734375 0.022135416666666668
7 0.7529296875 0.572265625 0.02734375 0.014322916666666666
6 0.67822265625 0.572265625 0.1220703125 0.014322916666666666
7 0.61572265625 0.572265625 0.0029296875 0.014322916666666666
2 0.6630859375 0.4934895833333333 0.20703125 0.026041666666666668
0 0.6728515625 0.5169270833333334 0.2265625 0.125
2 0.6416015625 0.5188802083333334 0.1640625 0.022135416666666668
0 0.119140625 0.7421875 0.23828125 0.3255208333333333
4 0.119140625 0.7421875 0.23828125 0.3255208333333333
2 0.080078125 0.6608072916666666 0.16015625 0.16276041666666666
7 0.08984375 0.791015625 0.1796875 0.055989583333333336
0 0.36328125 0.7421875 0.25 0.3255208333333333
4 0.36328125 0.7421875 0.25 0.3255208333333333
2 0.35546875 0.740234375 0.17578125 0.14713541666666666
7 0.27734375 0.8509114583333334 0.01953125 0.01953125
6 0.33056640625 0.8509114583333334 0.0771484375 0.01953125
2 0.53857421875 0.7584635416666666 0.0419921875 0.11067708333333333
7 0.52734375 0.8509114583333334 0.01953125 0.01953125
2 0.341796875 0.9615885416666666 0.173828125 0.037760416666666664
0 0.46533203125 0.9615885416666666 0.0458984375 0.024739583333333332
6 0.75927734375 0.59375 0.0634765625 0.020833333333333332
7 0.80859375 0.59375 0.03515625 0.020833333333333332
6 0.84619140625 0.59375 0.0419921875 0.020833333333333332
6 0.8857421875 0.59375 0.03125 0.020833333333333332
7 0.9501953125 0.59375 0.099609375 0.020833333333333332
6 0.7490234375 0.6223958333333334 0.04296875 0.020833333333333332
6 0.8017578125 0.6223958333333334 0.056640625 0.020833333333333332
7 0.83203125 0.6223958333333334 0.0078125 0.020833333333333332
6 0.86865234375 0.6223958333333334 0.0654296875 0.020833333333333332
7 0.916015625 0.6223958333333334 0.03125 0.020833333333333332
6 0.96484375 0.6223958333333334 0.0703125 0.020833333333333332
7 0.72998046875 0.6510416666666666 0.0048828125 0.020833333333333332
6 0.75244140625 0.6510416666666666 0.0419921875 0.020833333333333332
7 0.8505859375 0.6510416666666666 0.154296875 0.020833333333333332
6 0.95263671875 0.6510416666666666 0.0537109375 0.020833333333333332
7 0.86376953125 0.6796875 0.2724609375 0.078125
6 0.822265625 0.7083333333333334 0.064453125 0.020833333333333332
7 0.86376953125 0.765625 0.2724609375 0.13541666666666666
6 0.841796875 0.8229166666666666 0.05078125 0.020833333333333332
7 0.87060546875 0.8229166666666666 0.0087890625 0.020833333333333332
6 0.8984375 0.8229166666666666 0.048828125 0.020833333333333332
7 0.9375 0.8229166666666666 0.03125 0.020833333333333332
6 0.97314453125 0.8229166666666666 0.0439453125 0.020833333333333332
6 0.77490234375 0.8515625 0.0947265625 0.020833333333333332
7 0.82470703125 0.8515625 0.0048828125 0.020833333333333332
7 0.86376953125 0.9036458333333334 0.2724609375 0.049479166666666664
6 0.89111328125 0.91796875 0.0400390625 0.020833333333333332
7 0.86376953125 0.9322916666666666 0.2724609375 0.049479166666666664
6 0.97802734375 0.9466145833333334 0.0439453125 0.020833333333333332
7 0.8251953125 0.9921875 0.1953125 0.015625
6 0.9609375 0.9921875 0.078125 0.015625
2 0.62744140625 0.7897135416666666 0.1357421875 0.4205729166666667
6 0.58935546875 0.5983072916666666 0.0595703125 0.01953125
6 0.6005859375 0.623046875 0.08203125 0.01953125
6 0.56396484375 0.6477864583333334 0.0087890625 0.01953125
2 0.6142578125 0.6920572916666666 0.109375 0.01953125
6 0.5859375 0.7233072916666666 0.052734375 0.01953125
6 0.58642578125 0.748046875 0.0537109375 0.01953125
6 0.583984375 0.7727864583333334 0.048828125 0.01953125
6 0.59033203125 0.7975260416666666 0.0615234375 0.01953125
6 0.5859375 0.822265625 0.052734375 0.01953125
6 0.58154296875 0.8470052083333334 0.0439453125 0.01953125
6 0.58642578125 0.8717447916666666 0.0537109375 0.01953125
6 0.583984375 0.896484375 0.048828125 0.01953125
6 0.5849609375 0.9212239583333334 0.05078125 0.01953125
6 0.587890625 0.9459635416666666 0.056640625 0.01953125
6 0.58740234375 0.970703125 0.0556640625 0.01953125
6 0.58935546875 0.9928385416666666 0.0595703125 0.014322916666666666