4 0.0693359375 0.21614583333333334 0.11328125 0.15104166666666666
7 0.2314453125 0.16796875 0.181640625 0.0546875
7 0.2314453125 0.2994791666666667 0.181640625 0.1796875
4 0.3818359375 0.21614583333333334 0.11328125 0.15104166666666666
7 0.4912109375 0.208984375 0.076171875 0.13671875
7 0.4912109375 0.3404947916666667 0.076171875 0.09765625
7 0.17138671875 0.10026041666666667 0.2529296875 0.057291666666666664
7 0.17138671875 0.1640625 0.2236328125 0.0546875
4 0.10009765625 0.24934895833333334 0.0810546875 0.10807291666666667
7 0.21728515625 0.2994791666666667 0.1298828125 0.1796875
7 0.42236328125 0.10026041666666667 0.2138671875 0.057291666666666664
3 0.4296875 0.2630208333333333 0.19921875 0.2526041666666667
7 0.6806640625 0.19466145833333334 0.302734375 0.3893229166666667
4 0.064453125 0.5833333333333334 0.12890625 0.3880208333333333
0 0.2646484375 0.6080729166666666 0.529296875 0.4375
2 0.3447265625 0.4537760416666667 0.369140625 0.12890625
6 0.3447265625 0.6067708333333334 0.369140625 0.15625
7 0.24169921875 0.755859375 0.1630859375 0.05859375
0 0.0341796875 0.8815104166666666 0.068359375 0.11197916666666667
0 0.14990234375 0.8815104166666666 0.0927734375 0.11197916666666667
0 0.2626953125 0.8815104166666666 0.064453125 0.11197916666666667
0 0.5048828125 0.8815104166666666 0.048828125 0.11197916666666667
1 0.39599609375 0.978515625 0.0498046875 0.04296875
7 0.46533203125 0.978515625 0.0908203125 0.04296875
0 0.46533203125 0.978515625 0.0908203125 0.04296875
2 0.2646484375 0.8424479166666666 0.529296875 0.033854166666666664
2 0.62939453125 0.4029947916666667 0.2001953125 0.02734375
2 0.74658203125 0.46484375 0.4345703125 0.049479166666666664
0 0.650390625 0.6490885416666666 0.2421875 0.053385416666666664
7 0.55810546875 0.7005208333333334 0.0576171875 0.036458333333333336
0 0.650390625 0.701171875 0.2421875 0.053385416666666664
7 0.75634765625 0.701171875 0.0302734375 0.053385416666666664
0 0.650390625 0.7532552083333334 0.2421875 0.053385416666666664
7 0.75634765625 0.7532552083333334 0.0302734375 0.053385416666666664
0 0.650390625 0.8053385416666666 0.2421875 0.053385416666666664
0 0.650390625 0.857421875 0.2421875 0.053385416666666664
0 0.650390625 0.9095052083333334 0.2421875 0.053385416666666664
7 0.5537109375 0.9609375 0.048828125 0.036458333333333336
0 0.650390625 0.9615885416666666 0.2421875 0.053385416666666664
7 0.75634765625 0.9615885416666666 0.0302734375 0.053385416666666664
4 0.896484375 0.6614583333333334 0.193359375 0.15625
2 0.89697265625 0.77734375 0.1435546875 0.059895833333333336
7 0.9677734375 0.8515625 0.064453125 0.028645833333333332
2 0.90771484375 0.9459635416666666 0.1845703125 0.037760416666666664
7 0.8916015625 0.9928385416666666 0.15234375 0.014322916666666666