2 0.15966796875 0.18619791666666666 0.3193359375 0.3723958333333333
7 0.5478515625 0.11653645833333333 0.283203125 0.13671875
0 0.5478515625 0.2565104166666667 0.283203125 0.057291666666666664
7 0.12939453125 0.4075520833333333 0.2587890625 0.057291666666666664
7 0.1494140625 0.4739583333333333 0.181640625 0.052083333333333336
4 0.2998046875 0.4739583333333333 0.11328125 0.052083333333333336
7 0.4619140625 0.4739583333333333 0.181640625 0.052083333333333336
4 0.6123046875 0.4739583333333333 0.11328125 0.052083333333333336
7 0.40185546875 0.4075520833333333 0.2529296875 0.057291666666666664
7 0.40185546875 0.4713541666666667 0.2236328125 0.0546875
7 0.61767578125 0.4075520833333333 0.1435546875 0.057291666666666664
2 0.76318359375 0.044270833333333336 0.1474609375 0.08854166666666667
2 0.84619140625 0.044270833333333336 0.0185546875 0.08854166666666667
2 0.7763671875 0.14192708333333334 0.173828125 0.1015625
7 0.712890625 0.431640625 0.046875 0.053385416666666664
4 0.75244140625 0.4329427083333333 0.0146484375 0.01953125
0 0.91796875 0.431640625 0.1640625 0.10546875
4 0.3447265625 0.75 0.689453125 0.5
0 0.3447265625 0.75 0.689453125 0.5
4 0.8447265625 0.6712239583333334 0.310546875 0.3424479166666667
7 0.736328125 0.6341145833333334 0.083984375 0.041666666666666664
0 0.73974609375 0.6119791666666666 0.1005859375 0.16927083333333334
7 0.736328125 0.6705729166666666 0.083984375 0.020833333333333332
7 0.85546875 0.6341145833333334 0.083984375 0.041666666666666664
0 0.85546875 0.6119791666666666 0.107421875 0.16927083333333334
7 0.85546875 0.6705729166666666 0.083984375 0.020833333333333332
7 0.96630859375 0.6341145833333334 0.0673828125 0.041666666666666664
0 0.96044921875 0.6119791666666666 0.0791015625 0.16927083333333334
7 0.96630859375 0.6705729166666666 0.0673828125 0.020833333333333332
7 0.92578125 0.7578125 0.0703125 0.020833333333333332
4 0.771484375 0.8951822916666666 0.1640625 0.20963541666666666
0 0.771484375 0.8951822916666666 0.1640625 0.20963541666666666
4 0.9345703125 0.8951822916666666 0.130859375 0.20963541666666666
0 0.9345703125 0.8951822916666666 0.130859375 0.20963541666666666