4 0.2919921875 0.232421875 0.583984375 0.46484375
2 0.12841796875 0.3404947916666667 0.1025390625 0.029947916666666668
2 0.3720703125 0.3404947916666667 0.10546875 0.05859375
2 0.166015625 0.4108072916666667 0.177734375 0.029947916666666668
2 0.37255859375 0.4108072916666667 0.1064453125 0.05859375
4 0.0537109375 0.5227864583333334 0.017578125 0.024739583333333332
7 0.09423828125 0.5227864583333334 0.0634765625 0.022135416666666668
7 0.177734375 0.5227864583333334 0.103515625 0.022135416666666668
1 0.11474609375 0.5748697916666666 0.2294921875 0.06640625
2 0.380859375 0.5188802083333334 0.150390625 0.037760416666666664
0 0.39404296875 0.5748697916666666 0.1767578125 0.06640625
7 0.5029296875 0.5735677083333334 0.017578125 0.024739583333333332
6 0.53076171875 0.5735677083333334 0.0380859375 0.024739583333333332
4 0.8046875 0.16666666666666666 0.390625 0.3333333333333333
4 0.8046875 0.13411458333333334 0.390625 0.2682291666666667
7 0.79736328125 0.008463541666666666 0.3759765625 0.016927083333333332
0 0.65478515625 0.0703125 0.0908203125 0.0625
7 0.72412109375 0.21875 0.2294921875 0.026041666666666668
0 0.888671875 0.220703125 0.1015625 0.029947916666666668
2 0.8046875 0.3203125 0.390625 0.052083333333333336
4 0.70068359375 0.4752604166666667 0.0908203125 0.09114583333333333
0 0.701171875 0.5201822916666666 0.12890625 0.024739583333333332
2 0.89697265625 0.4375 0.2060546875 0.026041666666666668
2 0.89697265625 0.4772135416666667 0.2060546875 0.055989583333333336
7 0.89697265625 0.5592447916666666 0.2060546875 0.08203125
0 0.5947265625 0.7265625 0.029296875 0.028645833333333332
2 0.3447265625 0.7220052083333334 0.03125 0.032552083333333336
4 0.4951171875 0.8541666666666666 0.119140625 0.15885416666666666
7 0.46923828125 0.9596354166666666 0.2802734375 0.028645833333333332
7 0.46923828125 0.9869791666666666 0.2802734375 0.026041666666666668
7 0.8046875 0.79296875 0.390625 0.10416666666666667
7 0.72216796875 0.90625 0.2255859375 0.10416666666666667