7 0.05224609375 0.08333333333333333 0.1044921875 0.049479166666666664
7 0.1201171875 0.08333333333333333 0.03515625 0.049479166666666664
7 0.2021484375 0.08333333333333333 0.130859375 0.049479166666666664
7 0.0263671875 0.12825520833333334 0.052734375 0.02734375
6 0.06884765625 0.12825520833333334 0.0341796875 0.02734375
7 0.10400390625 0.12825520833333334 0.0400390625 0.02734375
6 0.2001953125 0.12825520833333334 0.15234375 0.02734375
7 0.27734375 0.12825520833333334 0.005859375 0.02734375
7 0.42041015625 0.064453125 0.0615234375 0.022135416666666668
7 0.47998046875 0.064453125 0.0595703125 0.022135416666666668
7 0.4384765625 0.09309895833333333 0.03515625 0.022135416666666668
7 0.482421875 0.09309895833333333 0.0546875 0.022135416666666668
6 0.3896484375 0.130859375 0.03515625 0.022135416666666668
6 0.4375 0.130859375 0.037109375 0.022135416666666668
6 0.48828125 0.130859375 0.04296875 0.022135416666666668
6 0.48681640625 0.15950520833333334 0.0439453125 0.022135416666666668
7 0.01513671875 0.24934895833333334 0.0302734375 0.01953125
7 0.08740234375 0.24934895833333334 0.0419921875 0.01953125
7 0.173828125 0.24934895833333334 0.046875 0.01953125
7 0.2587890625 0.24934895833333334 0.0546875 0.01953125
7 0.345703125 0.24934895833333334 0.04296875 0.01953125
7 0.4306640625 0.24934895833333334 0.064453125 0.01953125
7 0.49853515625 0.24934895833333334 0.0224609375 0.01953125
7 0.05078125 0.3248697916666667 0.1015625 0.037760416666666664
7 0.39404296875 0.3248697916666667 0.1572265625 0.037760416666666664
4 0.2041015625 0.4459635416666667 0.146484375 0.11328125
7 0.056640625 0.4186197916666667 0.11328125 0.05078125
6 0.02734375 0.447265625 0.0546875 0.05078125
6 0.00439453125 0.4615885416666667 0.0087890625 0.022135416666666668
7 0.0498046875 0.4615885416666667 0.083984375 0.022135416666666668
7 0.0537109375 0.5045572916666666 0.107421875 0.05078125
6 0.02392578125 0.5188802083333334 0.0478515625 0.022135416666666668
7 0.05126953125 0.533203125 0.1025390625 0.05078125
6 0.0234375 0.5475260416666666 0.046875 0.022135416666666668
7 0.09765625 0.5475260416666666 0.1015625 0.022135416666666668
6 0.18017578125 0.5475260416666666 0.0673828125 0.022135416666666668
7 0.21826171875 0.5475260416666666 0.0087890625 0.022135416666666668
6 0.24072265625 0.5475260416666666 0.0380859375 0.022135416666666668
7 0.26513671875 0.5475260416666666 0.0126953125 0.022135416666666668
7 0.02392578125 0.576171875 0.0478515625 0.022135416666666668
6 0.0966796875 0.576171875 0.099609375 0.022135416666666668
7 0.1298828125 0.5904947916666666 0.259765625 0.05078125
6 0.15185546875 0.6048177083333334 0.1396484375 0.022135416666666668
7 0.11865234375 0.611328125 0.2373046875 0.03515625
6 0.11181640625 0.6256510416666666 0.0576171875 0.006510416666666667
7 0.19580078125 0.6256510416666666 0.1123046875 0.006510416666666667
6 0.451171875 0.4069010416666667 0.1171875 0.022135416666666668
6 0.33740234375 0.4322916666666667 0.0400390625 0.018229166666666668
6 0.3798828125 0.4322916666666667 0.02734375 0.018229166666666668
6 0.431640625 0.4322916666666667 0.060546875 0.018229166666666668
6 0.490234375 0.4322916666666667 0.0390625 0.018229166666666668
6 0.40478515625 0.4557291666666667 0.0478515625 0.018229166666666668
6 0.47314453125 0.4557291666666667 0.0732421875 0.018229166666666668
7 0.35205078125 0.4954427083333333 0.0595703125 0.022135416666666668
6 0.408203125 0.4954427083333333 0.0546875 0.022135416666666668
7 0.443359375 0.4954427083333333 0.01953125 0.022135416666666668
6 0.3671875 0.5240885416666666 0.08984375 0.022135416666666668
7 0.39306640625 0.552734375 0.1416015625 0.07942708333333333
6 0.39697265625 0.5813802083333334 0.0556640625 0.022135416666666668
7 0.3251953125 0.6100260416666666 0.005859375 0.022135416666666668
7 0.35205078125 0.6100260416666666 0.0498046875 0.022135416666666668
7 0.416015625 0.6139322916666666 0.1875 0.029947916666666668
4 0.7021484375 0.06640625 0.328125 0.1328125
4 0.7021484375 0.13932291666666666 0.328125 0.2786458333333333
4 0.7021484375 0.13932291666666666 0.328125 0.2786458333333333
2 0.7021484375 0.11197916666666667 0.283203125 0.057291666666666664
7 0.68994140625 0.17708333333333334 0.2587890625 0.046875
7 0.6630859375 0.2421875 0.205078125 0.0234375
4 0.79638671875 0.2421875 0.0185546875 0.036458333333333336
4 0.83447265625 0.2421875 0.0185546875 0.036458333333333336
4 0.93701171875 0.06640625 0.1259765625 0.1328125
4 0.93701171875 0.13932291666666666 0.1259765625 0.2786458333333333
4 0.93701171875 0.13932291666666666 0.1259765625 0.2786458333333333
2 0.9482421875 0.12630208333333334 0.103515625 0.0859375
7 0.9482421875 0.19270833333333334 0.103515625 0.020833333333333332
7 0.9482421875 0.2421875 0.103515625 0.0234375
7 0.7021484375 0.3619791666666667 0.375 0.041666666666666664
0 0.7021484375 0.416015625 0.169921875 0.01953125
4 0.6884765625 0.556640625 0.357421875 0.14453125
4 0.6884765625 0.556640625 0.357421875 0.14453125
4 0.6884765625 0.556640625 0.357421875 0.14453125
4 0.68798828125 0.556640625 0.3564453125 0.14453125
4 0.93701171875 0.556640625 0.1259765625 0.14453125
4 0.93701171875 0.556640625 0.1259765625 0.14453125
4 0.93701171875 0.556640625 0.1259765625 0.14453125
7 0.9228515625 0.46484375 0.154296875 0.033854166666666664
7 0.9228515625 0.5403645833333334 0.154296875 0.11458333333333333
0 0.0810546875 0.640625 0.08984375 0.0234375
0 0.17919921875 0.640625 0.1083984375 0.0234375
0 0.28466796875 0.640625 0.1044921875 0.0234375
0 0.38525390625 0.640625 0.0986328125 0.0234375
0 0.4716796875 0.640625 0.076171875 0.0234375
2 0.11376953125 0.7916666666666666 0.2275390625 0.0703125
2 0.1953125 0.859375 0.390625 0.0703125
2 0.166015625 0.9270833333333334 0.33203125 0.0703125
4 0.7548828125 0.814453125 0.490234375 0.37109375
0 0.60009765625 0.6438802083333334 0.1806640625 0.029947916666666668
0 0.81396484375 0.6438802083333334 0.2158203125 0.029947916666666668
7 0.70703125 0.732421875 0.39453125 0.03515625
7 0.72021484375 0.833984375 0.4208984375 0.03515625