7 0.05322265625 0.08463541666666667 0.1064453125 0.049479166666666664
7 0.1220703125 0.08463541666666667 0.03515625 0.049479166666666664
7 0.2041015625 0.08463541666666667 0.130859375 0.049479166666666664
7 0.02734375 0.12955729166666666 0.0546875 0.02734375
6 0.07080078125 0.12955729166666666 0.0341796875 0.02734375
7 0.10595703125 0.12955729166666666 0.0400390625 0.02734375
6 0.2021484375 0.12955729166666666 0.15234375 0.02734375
7 0.279296875 0.12955729166666666 0.005859375 0.02734375
7 0.41064453125 0.06575520833333333 0.0380859375 0.022135416666666668
6 0.3916015625 0.13216145833333334 0.03515625 0.022135416666666668
6 0.42529296875 0.13216145833333334 0.0087890625 0.022135416666666668
7 0.01611328125 0.2506510416666667 0.0322265625 0.01953125
7 0.08935546875 0.2506510416666667 0.0419921875 0.01953125
7 0.17578125 0.2506510416666667 0.046875 0.01953125
7 0.2607421875 0.2506510416666667 0.0546875 0.01953125
7 0.34765625 0.2506510416666667 0.04296875 0.01953125
7 0.4150390625 0.2506510416666667 0.029296875 0.01953125
7 0.0517578125 0.326171875 0.103515625 0.037760416666666664
7 0.37353515625 0.326171875 0.1123046875 0.037760416666666664
4 0.71484375 0.19466145833333334 0.5703125 0.3893229166666667
7 0.04638671875 0.4759114583333333 0.0927734375 0.02734375
4 0.26904296875 0.44921875 0.2978515625 0.11979166666666667
0 0.26904296875 0.44921875 0.2978515625 0.11979166666666667
2 0.17041015625 0.4440104166666667 0.0712890625 0.03125
7 0.26904296875 0.4759114583333333 0.2685546875 0.02734375
2 0.04931640625 0.595703125 0.0986328125 0.040364583333333336
6 0.0361328125 0.642578125 0.072265625 0.022135416666666668
7 0.0498046875 0.6927083333333334 0.099609375 0.07291666666666667
7 0.0498046875 0.7994791666666666 0.099609375 0.020833333333333332
7 0.0498046875 0.85546875 0.099609375 0.020833333333333332
7 0.0498046875 0.9212239583333334 0.099609375 0.040364583333333336
6 0.029296875 0.962890625 0.05859375 0.022135416666666668
7 0.0498046875 0.9869791666666666 0.099609375 0.020833333333333332
2 0.26904296875 0.595703125 0.2802734375 0.040364583333333336
4 0.1650390625 0.6770833333333334 0.07421875 0.09895833333333333
6 0.25634765625 0.642578125 0.0947265625 0.022135416666666668
7 0.26904296875 0.7024739583333334 0.2822265625 0.09244791666666667
6 0.220703125 0.775390625 0.185546875 0.022135416666666668
7 0.26904296875 0.7994791666666666 0.2822265625 0.020833333333333332
6 0.201171875 0.8313802083333334 0.146484375 0.022135416666666668
7 0.26904296875 0.865234375 0.2822265625 0.040364583333333336
6 0.18505859375 0.9069010416666666 0.1142578125 0.022135416666666668
7 0.26904296875 0.9309895833333334 0.2822265625 0.020833333333333332
6 0.224609375 0.962890625 0.193359375 0.022135416666666668
7 0.26904296875 0.98828125 0.2822265625 0.0234375
7 0.71484375 0.4459635416666667 0.5703125 0.11328125
6 0.95166015625 0.4895833333333333 0.0966796875 0.026041666666666668
7 0.62109375 0.5338541666666666 0.3828125 0.026041666666666668
6 0.8525390625 0.5338541666666666 0.080078125 0.026041666666666668
7 0.71484375 0.5494791666666666 0.5703125 0.057291666666666664
7 0.71484375 0.609375 0.5703125 0.026041666666666668
6 0.71484375 0.625 0.5703125 0.057291666666666664
7 0.49169921875 0.640625 0.1240234375 0.026041666666666668
6 0.72998046875 0.7591145833333334 0.5400390625 0.046875
7 0.5810546875 0.849609375 0.302734375 0.08984375
6 0.51904296875 0.91015625 0.1650390625 0.026041666666666668
7 0.603515625 0.91015625 0.00390625 0.026041666666666668
6 0.55810546875 0.92578125 0.2568359375 0.057291666666666664
6 0.4580078125 0.94140625 0.056640625 0.026041666666666668
7 0.48974609375 0.94140625 0.0068359375 0.026041666666666668
6 0.5712890625 0.94140625 0.15625 0.026041666666666668
7 0.65283203125 0.94140625 0.0068359375 0.026041666666666668
6 0.56884765625 0.95703125 0.2783203125 0.057291666666666664
7 0.60205078125 0.97265625 0.0244140625 0.026041666666666668
6 0.65576171875 0.97265625 0.0830078125 0.026041666666666668
6 0.9775390625 0.9029947916666666 0.044921875 0.029947916666666668
6 0.9775390625 0.9537760416666666 0.044921875 0.029947916666666668