2 0.17236328125 0.2805989583333333 0.3447265625 0.14713541666666666
0 0.15966796875 0.4186197916666667 0.1376953125 0.08203125
0 0.3017578125 0.4186197916666667 0.13671875 0.08203125
7 0.5712890625 0.014322916666666666 0.0390625 0.018229166666666668
2 0.49853515625 0.08333333333333333 0.1962890625 0.07552083333333333
0 0.49853515625 0.08333333333333333 0.1962890625 0.07552083333333333
7 0.57373046875 0.12760416666666666 0.0341796875 0.018229166666666668
2 0.49853515625 0.19661458333333334 0.1962890625 0.07552083333333333
0 0.49853515625 0.19661458333333334 0.1962890625 0.07552083333333333
7 0.57177734375 0.24088541666666666 0.0380859375 0.018229166666666668
2 0.49853515625 0.2975260416666667 0.1962890625 0.05078125
0 0.49853515625 0.2975260416666667 0.1962890625 0.05078125
7 0.57421875 0.328125 0.033203125 0.018229166666666668
2 0.49853515625 0.3984375 0.1962890625 0.07552083333333333
0 0.49853515625 0.3984375 0.1962890625 0.07552083333333333
7 0.57421875 0.44140625 0.033203125 0.018229166666666668
0 0.49755859375 0.326171875 0.1962890625 0.040364583333333336
7 0.4345703125 0.37890625 0.05078125 0.026041666666666668
2 0.49853515625 0.4453125 0.1962890625 0.028645833333333332
0 0.49853515625 0.4453125 0.1962890625 0.028645833333333332
4 0.8046875 0.22981770833333334 0.390625 0.4596354166666667
2 0.8046875 0.3815104166666667 0.390625 0.15625
0 0.4453125 0.48828125 0.14453125 0.052083333333333336
0 0.56689453125 0.4895833333333333 0.0849609375 0.059895833333333336
4 0.37109375 0.7298177083333334 0.4765625 0.5403645833333334
1 0.0419921875 0.52734375 0.083984375 0.0625
5 0.0419921875 0.52734375 0.083984375 0.0625
1 0.0419921875 0.60546875 0.083984375 0.0625
5 0.0419921875 0.60546875 0.083984375 0.0625
7 0.01025390625 0.6888020833333334 0.0205078125 0.028645833333333332
0 0.0419921875 0.7786458333333334 0.083984375 0.07291666666666667
4 0.68359375 0.5891927083333334 0.1484375 0.2591145833333333
0 0.68359375 0.5891927083333334 0.1484375 0.2591145833333333
2 0.72314453125 0.791015625 0.2275390625 0.055989583333333336
0 0.72314453125 0.8717447916666666 0.2275390625 0.21744791666666666
6 0.72314453125 0.912109375 0.2275390625 0.13671875
4 0.9677734375 0.607421875 0.064453125 0.19140625
0 0.9677734375 0.6471354166666666 0.064453125 0.2708333333333333
2 0.9677734375 0.7337239583333334 0.064453125 0.04296875
7 0.95458984375 0.7708333333333334 0.0380859375 0.0234375
4 0.9677734375 0.9166666666666666 0.064453125 0.16666666666666666