0 0.04931640625 0.111328125 0.0693359375 0.07161458333333333
0 0.1298828125 0.111328125 0.0859375 0.07161458333333333
0 0.212890625 0.111328125 0.07421875 0.07161458333333333
0 0.2890625 0.111328125 0.072265625 0.07161458333333333
0 0.2724609375 0.18294270833333334 0.06640625 0.07161458333333333
0 0.349609375 0.008463541666666666 0.048828125 0.016927083333333332
4 0.103515625 0.07877604166666667 0.20703125 0.040364583333333336
2 0.0966796875 0.15559895833333334 0.193359375 0.05078125
0 0.0966796875 0.15559895833333334 0.193359375 0.05078125
7 0.16796875 0.18619791666666666 0.0390625 0.018229166666666668
2 0.0966796875 0.2552083333333333 0.193359375 0.07552083333333333
0 0.0966796875 0.2552083333333333 0.193359375 0.07552083333333333
7 0.17041015625 0.2994791666666667 0.0341796875 0.018229166666666668
2 0.0966796875 0.3684895833333333 0.193359375 0.07552083333333333
0 0.0966796875 0.3684895833333333 0.193359375 0.07552083333333333
7 0.16845703125 0.4127604166666667 0.0380859375 0.018229166666666668
2 0.0966796875 0.4694010416666667 0.193359375 0.05078125
0 0.0966796875 0.4694010416666667 0.193359375 0.05078125
7 0.1708984375 0.5 0.033203125 0.018229166666666668
2 0.0966796875 0.55078125 0.193359375 0.036458333333333336
0 0.0966796875 0.55078125 0.193359375 0.036458333333333336
0 0.09619140625 0.498046875 0.1923828125 0.040364583333333336
7 0.03125 0.55078125 0.05078125 0.026041666666666668
7 0.3076171875 0.07682291666666667 0.18359375 0.036458333333333336
3 0.3076171875 0.3385416666666667 0.18359375 0.4609375
4 0.54833984375 0.035807291666666664 0.2978515625 0.07161458333333333
2 0.69091796875 0.1953125 0.5830078125 0.057291666666666664
2 0.69091796875 0.2545572916666667 0.5830078125 0.037760416666666664
7 0.431640625 0.517578125 0.064453125 0.029947916666666668
0 0.4384765625 0.517578125 0.078125 0.037760416666666664
7 0.58056640625 0.517578125 0.1669921875 0.029947916666666668
0 0.58740234375 0.517578125 0.1806640625 0.037760416666666664
7 0.74267578125 0.517578125 0.0908203125 0.029947916666666668
0 0.74951171875 0.517578125 0.1044921875 0.037760416666666664
1 0.8701171875 0.5221354166666666 0.08203125 0.028645833333333332
7 0.921875 0.5208333333333334 0.00390625 0.041666666666666664
4 0.96044921875 0.5208333333333334 0.0126953125 0.018229166666666668
0 0.96044921875 0.5208333333333334 0.0439453125 0.036458333333333336
7 0.19970703125 0.705078125 0.3994140625 0.13151041666666666
2 0.08154296875 0.8600260416666666 0.1630859375 0.03515625
7 0.08154296875 0.9244791666666666 0.1630859375 0.0703125
7 0.2998046875 0.8990885416666666 0.19921875 0.11067708333333333
0 0.2998046875 0.8990885416666666 0.19921875 0.11067708333333333
2 0.69970703125 0.583984375 0.6005859375 0.029947916666666668
7 0.66455078125 0.6380208333333334 0.5302734375 0.052083333333333336
7 0.61865234375 0.6842447916666666 0.0751953125 0.02734375
0 0.626953125 0.6842447916666666 0.146484375 0.02734375
4 0.6669921875 0.68359375 0.01171875 0.015625
0 0.626953125 0.734375 0.12890625 0.0390625
7 0.578125 0.8736979166666666 0.068359375 0.026041666666666668
6 0.64306640625 0.8736979166666666 0.0615234375 0.026041666666666668
7 0.77197265625 0.8860677083333334 0.4560546875 0.05078125
5 0.74951171875 0.99609375 0.5009765625 0.0078125