2 0.16064453125 0.08138020833333333 0.3212890625 0.16276041666666666
7 0.16259765625 0.2669270833333333 0.3251953125 0.14583333333333334
0 0.07861328125 0.41015625 0.1572265625 0.057291666666666664
0 0.07861328125 0.4095052083333333 0.1572265625 0.02734375
0 0.23876953125 0.41015625 0.1337890625 0.057291666666666664
0 0.23876953125 0.4095052083333333 0.1337890625 0.02734375
0 0.48388671875 0.0078125 0.2587890625 0.015625
2 0.52490234375 0.06770833333333333 0.3095703125 0.036458333333333336
0 0.4052734375 0.125 0.0703125 0.057291666666666664
0 0.474609375 0.125 0.0703125 0.057291666666666664
0 0.5439453125 0.125 0.0703125 0.057291666666666664
0 0.61328125 0.125 0.0703125 0.057291666666666664
0 0.66357421875 0.125 0.0322265625 0.057291666666666664
7 0.484375 0.20052083333333334 0.130859375 0.020833333333333332
7 0.599609375 0.20052083333333334 0.099609375 0.020833333333333332
7 0.6572265625 0.20052083333333334 0.017578125 0.020833333333333332
7 0.4716796875 0.23046875 0.07421875 0.020833333333333332
7 0.52587890625 0.23046875 0.0341796875 0.020833333333333332
7 0.595703125 0.23046875 0.107421875 0.020833333333333332
7 0.54931640625 0.2610677083333333 0.2607421875 0.029947916666666668
2 0.52490234375 0.359375 0.3095703125 0.036458333333333336
0 0.43115234375 0.4166666666666667 0.1220703125 0.057291666666666664
0 0.55224609375 0.4166666666666667 0.1220703125 0.057291666666666664
0 0.646484375 0.4166666666666667 0.06640625 0.057291666666666664
7 0.43115234375 0.4908854166666667 0.0244140625 0.018229166666666668
7 0.55859375 0.4908854166666667 0.23046875 0.018229166666666668
2 0.7294921875 0.024088541666666668 0.099609375 0.016927083333333332
2 0.77392578125 0.16471354166666666 0.1884765625 0.024739583333333332
6 0.76806640625 0.21484375 0.1494140625 0.020833333333333332
6 0.71337890625 0.23958333333333334 0.0400390625 0.020833333333333332
6 0.74267578125 0.2643229166666667 0.0986328125 0.020833333333333332
6 0.78759765625 0.2890625 0.1884765625 0.020833333333333332
6 0.7265625 0.3138020833333333 0.06640625 0.020833333333333332
6 0.751953125 0.3385416666666667 0.1171875 0.020833333333333332
3 0.826171875 0.4251302083333333 0.29296875 0.14973958333333334
2 0.7724609375 0.419921875 0.185546875 0.024739583333333332
4 0.052734375 0.53515625 0.0234375 0.03125
1 0.275390625 0.53515625 0.421875 0.059895833333333336
7 0.6318359375 0.53515625 0.05078125 0.026041666666666668
0 0.63330078125 0.541015625 0.0927734375 0.08203125
4 0.669921875 0.5377604166666666 0.01953125 0.03125
7 0.05517578125 0.6158854166666666 0.1103515625 0.03125
7 0.21337890625 0.65234375 0.4267578125 0.020833333333333332
6 0.45703125 0.65234375 0.060546875 0.020833333333333332
7 0.501953125 0.65234375 0.029296875 0.020833333333333332
6 0.5419921875 0.65234375 0.05078125 0.020833333333333332
7 0.5693359375 0.65234375 0.00390625 0.020833333333333332
4 0.25390625 0.8795572916666666 0.5078125 0.24088541666666666
4 0.5283203125 0.8561197916666666 0.302734375 0.2877604166666667
2 0.33984375 0.82421875 0.6796875 0.036458333333333336
2 0.33984375 0.86328125 0.6796875 0.041666666666666664
2 0.01220703125 0.9518229166666666 0.0244140625 0.026041666666666668
0 0.03564453125 0.9518229166666666 0.0712890625 0.0625
2 0.0439453125 0.9518229166666666 0.015625 0.020833333333333332
4 0.83984375 0.55859375 0.3203125 0.1171875
7 0.93701171875 0.5143229166666666 0.1259765625 0.028645833333333332
7 0.9501953125 0.5631510416666666 0.099609375 0.04296875
7 0.75927734375 0.5143229166666666 0.1591796875 0.028645833333333332
7 0.74462890625 0.5631510416666666 0.1298828125 0.04296875
7 0.83984375 0.7421875 0.3203125 0.052083333333333336
7 0.77197265625 0.8059895833333334 0.1845703125 0.044270833333333336
7 0.77197265625 0.841796875 0.1845703125 0.02734375
7 0.93212890625 0.8059895833333334 0.1357421875 0.044270833333333336
7 0.93212890625 0.841796875 0.1357421875 0.02734375