2 0.0625 0.12760416666666666 0.125 0.203125
7 0.064453125 0.3333333333333333 0.12890625 0.14583333333333334
0 0.28759765625 0.054036458333333336 0.2587890625 0.055989583333333336
0 0.533203125 0.054036458333333336 0.232421875 0.055989583333333336
2 0.41162109375 0.13411458333333334 0.4755859375 0.036458333333333336
0 0.208984375 0.19140625 0.0703125 0.057291666666666664
0 0.2783203125 0.19140625 0.0703125 0.057291666666666664
0 0.34765625 0.19140625 0.0703125 0.057291666666666664
0 0.4169921875 0.19140625 0.0703125 0.057291666666666664
0 0.486328125 0.19140625 0.0703125 0.057291666666666664
0 0.5556640625 0.19140625 0.0703125 0.057291666666666664
0 0.61962890625 0.19140625 0.0595703125 0.057291666666666664
7 0.2880859375 0.2669270833333333 0.130859375 0.020833333333333332
7 0.4033203125 0.2669270833333333 0.099609375 0.020833333333333332
7 0.4609375 0.2669270833333333 0.017578125 0.020833333333333332
7 0.51025390625 0.2669270833333333 0.0830078125 0.020833333333333332
7 0.5634765625 0.2669270833333333 0.025390625 0.020833333333333332
7 0.275390625 0.296875 0.07421875 0.020833333333333332
7 0.32958984375 0.296875 0.0341796875 0.020833333333333332
7 0.3994140625 0.296875 0.107421875 0.020833333333333332
7 0.43603515625 0.3274739583333333 0.4267578125 0.029947916666666668
2 0.41162109375 0.4186197916666667 0.4755859375 0.022135416666666668
0 0.72802734375 0.3580729166666667 0.1572265625 0.052083333333333336
0 0.90087890625 0.3580729166666667 0.1904296875 0.052083333333333336
2 0.3505859375 0.6432291666666666 0.59765625 0.09895833333333333
7 0.3505859375 0.7102864583333334 0.59765625 0.037760416666666664
1 0.2958984375 0.8170572916666666 0.48828125 0.07421875
0 0.60400390625 0.8170572916666666 0.0908203125 0.07421875
7 0.2470703125 0.8795572916666666 0.12109375 0.02734375
7 0.3564453125 0.8795572916666666 0.09765625 0.02734375
7 0.70068359375 0.4928385416666667 0.1025390625 0.029947916666666668
7 0.73291015625 0.5319010416666666 0.1669921875 0.029947916666666668
7 0.73486328125 0.5709635416666666 0.1708984375 0.029947916666666668
2 0.82470703125 0.91796875 0.3505859375 0.06770833333333333
7 0.78662109375 0.986328125 0.2744140625 0.02734375