2 0.1455078125 0.009114583333333334 0.291015625 0.018229166666666668
7 0.1435546875 0.08138020833333333 0.287109375 0.09244791666666667
0 0.091796875 0.14973958333333334 0.18359375 0.026041666666666668
0 0.021484375 0.279296875 0.033203125 0.040364583333333336
0 0.0625 0.279296875 0.033203125 0.040364583333333336
0 0.103515625 0.279296875 0.033203125 0.040364583333333336
0 0.14453125 0.279296875 0.033203125 0.040364583333333336
0 0.185546875 0.279296875 0.033203125 0.040364583333333336
7 0.08740234375 0.3776041666666667 0.1748046875 0.036458333333333336
6 0.06982421875 0.4231770833333333 0.1396484375 0.036458333333333336
2 0.6748046875 0.12760416666666666 0.650390625 0.06510416666666667
2 0.6748046875 0.19270833333333334 0.650390625 0.06510416666666667
2 0.6748046875 0.2578125 0.650390625 0.06510416666666667
7 0.4140625 0.326171875 0.12890625 0.032552083333333336
7 0.3701171875 0.423828125 0.041015625 0.029947916666666668
0 0.38525390625 0.423828125 0.0712890625 0.05859375
7 0.38525390625 0.4694010416666667 0.0712890625 0.032552083333333336
4 0.78271484375 0.322265625 0.4345703125 0.43359375
2 0.04541015625 0.6002604166666666 0.0908203125 0.036458333333333336
7 0.04541015625 0.64453125 0.0908203125 0.026041666666666668
7 0.205078125 0.5638020833333334 0.056640625 0.0390625
1 0.291015625 0.5638020833333334 0.1171875 0.03125
7 0.205078125 0.6028645833333334 0.056640625 0.0390625
1 0.291015625 0.6028645833333334 0.1171875 0.03125
1 0.27197265625 0.640625 0.0791015625 0.028645833333333332
7 0.23876953125 0.7037760416666666 0.0791015625 0.016927083333333332
4 0.28857421875 0.7044270833333334 0.0205078125 0.026041666666666668
4 0.31396484375 0.7044270833333334 0.0205078125 0.026041666666666668
6 0.21875 0.7395833333333334 0.0234375 0.013020833333333334
7 0.2333984375 0.7395833333333334 0.0078125 0.013020833333333334
6 0.26416015625 0.7395833333333334 0.0537109375 0.013020833333333334
7 0.29443359375 0.7395833333333334 0.0087890625 0.013020833333333334
6 0.30810546875 0.7395833333333334 0.0224609375 0.013020833333333334
2 0.1748046875 0.828125 0.349609375 0.026041666666666668
6 0.048828125 0.8671875 0.0703125 0.018229166666666668
7 0.111328125 0.8671875 0.0546875 0.018229166666666668
6 0.0791015625 0.8932291666666666 0.130859375 0.018229166666666668
7 0.021484375 0.9192708333333334 0.015625 0.018229166666666668
6 0.08154296875 0.9192708333333334 0.1044921875 0.018229166666666668
4 0.048828125 0.9420572916666666 0.0703125 0.016927083333333332
7 0.08740234375 0.9453125 0.0068359375 0.018229166666666668
6 0.12158203125 0.9453125 0.0615234375 0.018229166666666668
7 0.15380859375 0.9453125 0.0048828125 0.018229166666666668
6 0.03759765625 0.9947916666666666 0.0478515625 0.010416666666666666
7 0.10400390625 0.9947916666666666 0.0869140625 0.010416666666666666
4 0.19677734375 0.8932291666666666 0.0380859375 0.078125
6 0.27001953125 0.8671875 0.0673828125 0.018229166666666668
7 0.32666015625 0.8671875 0.0458984375 0.018229166666666668
6 0.29296875 0.8932291666666666 0.11328125 0.018229166666666668
6 0.27294921875 0.9192708333333334 0.0732421875 0.018229166666666668
4 0.26416015625 0.9407552083333334 0.0556640625 0.016927083333333332
4 0.197265625 0.98828125 0.0390625 0.0234375
6 0.2578125 0.9895833333333334 0.04296875 0.018229166666666668
7 0.314453125 0.9895833333333334 0.0703125 0.018229166666666668
4 0.69677734375 0.78515625 0.0205078125 0.026041666666666668
4 0.7255859375 0.78515625 0.01953125 0.026041666666666668
4 0.75439453125 0.78515625 0.0205078125 0.026041666666666668
2 0.62548828125 0.857421875 0.5517578125 0.06640625
2 0.94970703125 0.857421875 0.1005859375 0.06640625
7 0.6748046875 0.9225260416666666 0.650390625 0.03515625
7 0.6748046875 0.9680989583333334 0.650390625 0.03515625