2 0.349609375 0.026692708333333332 0.69921875 0.053385416666666664
4 0.28076171875 0.3580729166666667 0.5615234375 0.4635416666666667
2 0.64990234375 0.19661458333333334 0.0986328125 0.036458333333333336
6 0.64990234375 0.2799479166666667 0.0986328125 0.059895833333333336
7 0.67578125 0.296875 0.046875 0.026041666666666668
6 0.64990234375 0.36328125 0.0986328125 0.026041666666666668
7 0.6474609375 0.3971354166666667 0.09375 0.026041666666666668
6 0.64990234375 0.48046875 0.0986328125 0.059895833333333336
7 0.67578125 0.4973958333333333 0.046875 0.026041666666666668
6 0.64990234375 0.5703125 0.0986328125 0.0390625
7 0.7568359375 0.041666666666666664 0.0234375 0.03125
7 0.80322265625 0.041666666666666664 0.0458984375 0.026041666666666668
7 0.9677734375 0.041666666666666664 0.044921875 0.0234375
0 0.9677734375 0.041666666666666664 0.0625 0.046875
2 0.84033203125 0.20703125 0.2822265625 0.057291666666666664
7 0.84033203125 0.2877604166666667 0.2822265625 0.0625
4 0.8193359375 0.216796875 0.201171875 0.2669270833333333
4 0.95947265625 0.216796875 0.0810546875 0.2669270833333333
4 0.8193359375 0.4720052083333333 0.201171875 0.23567708333333334
4 0.95947265625 0.4720052083333333 0.0810546875 0.23567708333333334
4 0.87109375 0.541015625 0.2578125 0.09765625
0 0.87109375 0.541015625 0.2578125 0.09765625
7 0.888671875 0.5846354166666666 0.056640625 0.010416666666666666
0 0.888671875 0.5787760416666666 0.087890625 0.022135416666666668
4 0.0927734375 0.7239583333333334 0.185546875 0.2682291666666667
2 0.30517578125 0.607421875 0.1806640625 0.03515625
2 0.421875 0.6067708333333334 0.0234375 0.020833333333333332
2 0.43212890625 0.640625 0.4345703125 0.028645833333333332
2 0.23828125 0.6712239583333334 0.046875 0.02734375
7 0.22900390625 0.7135416666666666 0.0283203125 0.0234375
2 0.0498046875 0.94140625 0.099609375 0.03125
0 0.1376953125 0.9459635416666666 0.04296875 0.029947916666666668
0 0.189453125 0.9459635416666666 0.029296875 0.029947916666666668
0 0.259765625 0.9459635416666666 0.080078125 0.029947916666666668
4 0.849609375 0.728515625 0.30078125 0.27734375
0 0.849609375 0.728515625 0.30078125 0.27734375
4 0.849609375 0.93359375 0.30078125 0.1328125
2 0.849609375 0.7760416666666666 0.30078125 0.3723958333333333