4 0.1796875 0.2545572916666667 0.359375 0.5091145833333334
7 0.17431640625 0.018229166666666668 0.1689453125 0.0234375
0 0.158203125 0.0234375 0.263671875 0.046875
6 0.0810546875 0.078125 0.109375 0.020833333333333332
7 0.138671875 0.078125 0.0078125 0.020833333333333332
7 0.14013671875 0.1015625 0.2275390625 0.06770833333333333
6 0.12060546875 0.125 0.0947265625 0.020833333333333332
7 0.1826171875 0.125 0.029296875 0.020833333333333332
6 0.23583984375 0.125 0.0791015625 0.020833333333333332
7 0.27685546875 0.125 0.0048828125 0.020833333333333332
7 0.12451171875 0.20442708333333334 0.0322265625 0.020833333333333332
6 0.1591796875 0.20442708333333334 0.037109375 0.020833333333333332
7 0.18115234375 0.20442708333333334 0.0087890625 0.020833333333333332
6 0.20556640625 0.20442708333333334 0.0439453125 0.020833333333333332
7 0.23046875 0.20442708333333334 0.0078125 0.020833333333333332
6 0.2509765625 0.20442708333333334 0.03515625 0.020833333333333332
7 0.27294921875 0.20442708333333334 0.0087890625 0.020833333333333332
6 0.2978515625 0.20442708333333334 0.044921875 0.020833333333333332
7 0.32421875 0.20442708333333334 0.0078125 0.020833333333333332
6 0.34326171875 0.20442708333333334 0.0322265625 0.020833333333333332
6 0.07177734375 0.2604166666666667 0.0341796875 0.020833333333333332
6 0.13525390625 0.2604166666666667 0.0634765625 0.020833333333333332
6 0.20556640625 0.2604166666666667 0.0458984375 0.020833333333333332
6 0.2763671875 0.2604166666666667 0.06640625 0.020833333333333332
6 0.34130859375 0.2604166666666667 0.0361328125 0.020833333333333332
7 0.3095703125 0.2845052083333333 0.099609375 0.024739583333333332
7 0.5263671875 0.010416666666666666 0.333984375 0.020833333333333332
0 0.61865234375 0.018229166666666668 0.5185546875 0.036458333333333336
7 0.75537109375 0.010416666666666666 0.1240234375 0.020833333333333332
4 0.8251953125 0.009765625 0.015625 0.01953125
6 0.88330078125 0.08854166666666667 0.0771484375 0.0234375
0 0.9697265625 0.08854166666666667 0.060546875 0.052083333333333336
4 0.6796875 0.2727864583333333 0.640625 0.47265625
2 0.6328125 0.400390625 0.546875 0.11328125
2 0.9140625 0.400390625 0.017578125 0.11328125
2 0.6748046875 0.4967447916666667 0.630859375 0.024739583333333332
0 0.05322265625 0.5390625 0.1064453125 0.059895833333333336
0 0.13623046875 0.5390625 0.0595703125 0.059895833333333336
2 0.197265625 0.6399739583333334 0.32421875 0.045572916666666664
7 0.068359375 0.8014322916666666 0.13671875 0.17578125
4 0.20263671875 0.7649739583333334 0.0654296875 0.08723958333333333
0 0.21875 0.7994791666666666 0.068359375 0.11458333333333333
4 0.32763671875 0.8059895833333334 0.0634765625 0.13020833333333334