4 0.31689453125 0.036458333333333336 0.3916015625 0.07291666666666667
0 0.31689453125 0.036458333333333336 0.3916015625 0.07291666666666667
2 0.31689453125 0.14518229166666666 0.5498046875 0.055989583333333336
0 0.31689453125 0.22591145833333334 0.5498046875 0.21744791666666666
6 0.31689453125 0.2662760416666667 0.5498046875 0.13671875
7 0.21875 0.3880208333333333 0.013671875 0.028645833333333332
0 0.31689453125 0.388671875 0.5498046875 0.05859375
7 0.31689453125 0.3880208333333333 0.1845703125 0.028645833333333332
7 0.4150390625 0.3880208333333333 0.013671875 0.028645833333333332
0 0.1748046875 0.4654947916666667 0.265625 0.05859375
7 0.45947265625 0.46484375 0.0771484375 0.028645833333333332
0 0.458984375 0.4654947916666667 0.265625 0.05859375
7 0.71142578125 0.06705729166666667 0.1630859375 0.045572916666666664
7 0.7177734375 0.11393229166666667 0.17578125 0.045572916666666664
7 0.72412109375 0.193359375 0.1884765625 0.06901041666666667
6 0.673828125 0.2610677083333333 0.05078125 0.022135416666666668
7 0.72265625 0.2727864583333333 0.185546875 0.045572916666666664
7 0.724609375 0.3294270833333333 0.189453125 0.0234375
7 0.724609375 0.3736979166666667 0.189453125 0.0234375
7 0.724609375 0.3971354166666667 0.189453125 0.0234375
7 0.724609375 0.4205729166666667 0.189453125 0.0234375
7 0.724609375 0.4674479166666667 0.189453125 0.0234375
7 0.724609375 0.4908854166666667 0.189453125 0.0234375
7 0.724609375 0.5143229166666666 0.189453125 0.0234375
7 0.916015625 0.034505208333333336 0.16796875 0.02734375
4 0.8408203125 0.061197916666666664 0.01171875 0.015625
6 0.87890625 0.061848958333333336 0.052734375 0.01953125
4 0.8408203125 0.08854166666666667 0.01171875 0.015625
6 0.87744140625 0.08919270833333333 0.0498046875 0.01953125
4 0.8408203125 0.11588541666666667 0.01171875 0.015625
6 0.888671875 0.11653645833333333 0.072265625 0.01953125
4 0.8408203125 0.14322916666666666 0.01171875 0.015625
6 0.8876953125 0.14388020833333334 0.0703125 0.01953125
4 0.8408203125 0.17057291666666666 0.01171875 0.015625
6 0.90283203125 0.17122395833333334 0.1005859375 0.01953125
4 0.8408203125 0.19791666666666666 0.01171875 0.015625
6 0.87646484375 0.19856770833333334 0.0478515625 0.01953125
4 0.8408203125 0.22526041666666666 0.01171875 0.015625
6 0.880859375 0.22591145833333334 0.056640625 0.01953125
4 0.8408203125 0.2526041666666667 0.01171875 0.015625
6 0.87353515625 0.2532552083333333 0.0419921875 0.01953125
7 0.8701171875 0.2805989583333333 0.0703125 0.01953125
4 0.8408203125 0.3072916666666667 0.01171875 0.015625
6 0.89892578125 0.3079427083333333 0.0927734375 0.01953125
4 0.8408203125 0.3346354166666667 0.01171875 0.015625
6 0.87841796875 0.3352864583333333 0.0517578125 0.01953125
7 0.8486328125 0.3626302083333333 0.02734375 0.01953125
4 0.8408203125 0.3893229166666667 0.01171875 0.015625
6 0.90283203125 0.3899739583333333 0.1005859375 0.01953125
4 0.8408203125 0.4166666666666667 0.01171875 0.015625
6 0.91552734375 0.4173177083333333 0.1259765625 0.01953125
4 0.8408203125 0.4440104166666667 0.01171875 0.015625
6 0.9169921875 0.4446614583333333 0.12890625 0.01953125
7 0.89306640625 0.4720052083333333 0.1162109375 0.01953125
4 0.8408203125 0.4986979166666667 0.01171875 0.015625
6 0.89013671875 0.4993489583333333 0.0751953125 0.01953125
4 0.8408203125 0.5260416666666666 0.01171875 0.015625
6 0.91064453125 0.5266927083333334 0.1162109375 0.01953125
0 0.04833984375 0.568359375 0.0966796875 0.05859375
4 0.0810546875 0.5631510416666666 0.01171875 0.016927083333333332
0 0.04833984375 0.6321614583333334 0.0966796875 0.06901041666666667
4 0.0810546875 0.6321614583333334 0.01171875 0.016927083333333332
7 0.02978515625 0.701171875 0.0595703125 0.01953125
0 0.04833984375 0.701171875 0.0966796875 0.06901041666666667
4 0.0810546875 0.701171875 0.01171875 0.016927083333333332
0 0.04833984375 0.7701822916666666 0.0966796875 0.06901041666666667
4 0.0810546875 0.7701822916666666 0.01171875 0.016927083333333332
0 0.04833984375 0.8391927083333334 0.0966796875 0.06901041666666667
4 0.0810546875 0.8391927083333334 0.01171875 0.016927083333333332
2 0.37939453125 0.583984375 0.5009765625 0.02734375
6 0.2587890625 0.63671875 0.19921875 0.020833333333333332
6 0.255859375 0.6731770833333334 0.193359375 0.020833333333333332
6 0.2587890625 0.7096354166666666 0.19921875 0.020833333333333332
6 0.26611328125 0.7473958333333334 0.2138671875 0.020833333333333332
6 0.26123046875 0.7838541666666666 0.2041015625 0.020833333333333332
2 0.17333984375 0.8561197916666666 0.0888671875 0.022135416666666668
7 0.27587890625 0.9036458333333334 0.2939453125 0.020833333333333332
6 0.455078125 0.9036458333333334 0.064453125 0.020833333333333332
7 0.37939453125 0.916015625 0.5009765625 0.045572916666666664
2 0.17724609375 0.9921875 0.0966796875 0.015625
7 0.96044921875 0.556640625 0.0791015625 0.029947916666666668
0 0.9287109375 0.5638020833333334 0.142578125 0.049479166666666664
4 0.90234375 0.8203125 0.1953125 0.359375