2 0.19970703125 0.031901041666666664 0.3994140625 0.03515625
2 0.0400390625 0.150390625 0.080078125 0.14713541666666666
0 0.14599609375 0.09244791666666667 0.1025390625 0.020833333333333332
2 0.14599609375 0.09244791666666667 0.1025390625 0.020833333333333332
7 0.24462890625 0.12369791666666667 0.3095703125 0.015625
7 0.09521484375 0.13802083333333334 0.0107421875 0.015625
6 0.111328125 0.13802083333333334 0.021484375 0.015625
7 0.13818359375 0.13802083333333334 0.0322265625 0.015625
2 0.11328125 0.17252604166666666 0.046875 0.014322916666666666
2 0.1474609375 0.171875 0.021484375 0.015625
0 0.19921875 0.171875 0.03125 0.015625
0 0.39111328125 0.171875 0.0166015625 0.015625
0 0.19921875 0.18619791666666666 0.03125 0.015625
0 0.39111328125 0.18619791666666666 0.0166015625 0.015625
0 0.19921875 0.20052083333333334 0.03125 0.015625
0 0.39111328125 0.20052083333333334 0.0166015625 0.015625
0 0.19921875 0.21484375 0.03125 0.015625
0 0.39111328125 0.21484375 0.0166015625 0.015625
0 0.20458984375 0.22916666666666666 0.0419921875 0.015625
0 0.39111328125 0.22916666666666666 0.0166015625 0.015625
0 0.19921875 0.24348958333333334 0.03125 0.015625
0 0.39111328125 0.24348958333333334 0.0166015625 0.015625
0 0.2314453125 0.2578125 0.095703125 0.015625
2 0.15283203125 0.28515625 0.0322265625 0.015625
0 0.19921875 0.28515625 0.03125 0.015625
0 0.39111328125 0.28515625 0.0166015625 0.015625
0 0.220703125 0.2994791666666667 0.07421875 0.015625
0 0.39111328125 0.2994791666666667 0.0166015625 0.015625
0 0.21533203125 0.3138020833333333 0.0634765625 0.015625
0 0.20458984375 0.328125 0.0419921875 0.015625
0 0.39111328125 0.328125 0.0166015625 0.015625
0 0.19921875 0.3424479166666667 0.03125 0.015625
2 0.1474609375 0.3697916666666667 0.021484375 0.015625
0 0.19921875 0.3697916666666667 0.03125 0.015625
0 0.19921875 0.3841145833333333 0.03125 0.015625
0 0.39111328125 0.3841145833333333 0.0166015625 0.015625
0 0.19921875 0.3984375 0.03125 0.015625
0 0.39111328125 0.3984375 0.0166015625 0.015625
0 0.19921875 0.4127604166666667 0.03125 0.015625
2 0.1474609375 0.4401041666666667 0.021484375 0.015625
0 0.20458984375 0.4401041666666667 0.0419921875 0.015625
0 0.39111328125 0.4401041666666667 0.0166015625 0.015625
0 0.19921875 0.4544270833333333 0.03125 0.015625
0 0.39111328125 0.4544270833333333 0.0166015625 0.015625
0 0.220703125 0.46875 0.07421875 0.015625
0 0.39111328125 0.46875 0.0166015625 0.015625
0 0.19921875 0.4830729166666667 0.03125 0.015625
2 0.1474609375 0.5104166666666666 0.021484375 0.015625
0 0.19921875 0.5104166666666666 0.03125 0.015625
0 0.39111328125 0.5104166666666666 0.0166015625 0.015625
0 0.20458984375 0.5247395833333334 0.0419921875 0.015625
0 0.39111328125 0.5247395833333334 0.0166015625 0.015625
0 0.19921875 0.5390625 0.03125 0.015625
0 0.39111328125 0.5390625 0.0166015625 0.015625
0 0.19921875 0.5533854166666666 0.03125 0.015625
0 0.39111328125 0.5533854166666666 0.0166015625 0.015625
2 0.1474609375 0.5807291666666666 0.021484375 0.015625
0 0.19921875 0.5807291666666666 0.03125 0.015625
0 0.39111328125 0.5807291666666666 0.0166015625 0.015625
0 0.19921875 0.5930989583333334 0.03125 0.01171875
0 0.39111328125 0.5930989583333334 0.0166015625 0.01171875
2 0.69970703125 0.06510416666666667 0.6005859375 0.057291666666666664
7 0.67431640625 0.15625 0.5498046875 0.09375
7 0.4912109375 0.2688802083333333 0.18359375 0.05859375
7 0.744140625 0.2701822916666667 0.244140625 0.05859375
0 0.744140625 0.2701822916666667 0.244140625 0.05859375
4 0.6513671875 0.390625 0.037109375 0.049479166666666664
4 0.7978515625 0.4557291666666667 0.037109375 0.049479166666666664
4 0.9443359375 0.3255208333333333 0.037109375 0.049479166666666664
4 0.7197265625 0.5338541666666666 0.037109375 0.049479166666666664
4 0.69970703125 0.4427083333333333 0.6005859375 0.049479166666666664
4 0.7197265625 0.3873697916666667 0.078125 0.10546875
4 0.8916015625 0.546875 0.08984375 0.10416666666666667
4 0.42822265625 0.4713541666666667 0.0576171875 0.1171875
4 0.642578125 0.552734375 0.486328125 0.09244791666666667
7 0.25390625 0.6145833333333334 0.291015625 0.03125
6 0.18896484375 0.6588541666666666 0.1611328125 0.020833333333333332
2 0.25390625 0.8489583333333334 0.291015625 0.041666666666666664
4 0.1376953125 0.94140625 0.05859375 0.078125
7 0.29296875 0.9479166666666666 0.212890625 0.10416666666666667
0 0.4619140625 0.6087239583333334 0.0546875 0.01953125
0 0.5302734375 0.6087239583333334 0.08203125 0.01953125
0 0.60498046875 0.6087239583333334 0.0673828125 0.01953125
0 0.65869140625 0.6087239583333334 0.0400390625 0.01953125
0 0.708984375 0.6087239583333334 0.060546875 0.01953125
2 0.69970703125 0.8177083333333334 0.6005859375 0.3645833333333333
2 0.5693359375 0.798828125 0.33984375 0.08723958333333333
4 0.61669921875 0.9348958333333334 0.4345703125 0.13020833333333334
4 0.9267578125 0.8346354166666666 0.146484375 0.171875
2 0.87646484375 0.9368489583333334 0.0361328125 0.032552083333333336
2 0.92919921875 0.9602864583333334 0.1416015625 0.07942708333333333
2 0.61669921875 0.8151041666666666 0.4345703125 0.0546875
7 0.59619140625 0.8919270833333334 0.3935546875 0.09375
0 0.4443359375 0.96875 0.08984375 0.028645833333333332
7 0.50830078125 0.9680989583333334 0.0302734375 0.02734375
0 0.578125 0.96875 0.1015625 0.028645833333333332
7 0.5869140625 0.9772135416666666 0.375 0.045572916666666664