2 0.3095703125 0.020182291666666668 0.619140625 0.03515625
2 0.04443359375 0.138671875 0.0888671875 0.14713541666666666
0 0.15478515625 0.08072916666666667 0.1025390625 0.020833333333333332
2 0.15478515625 0.08072916666666667 0.1025390625 0.020833333333333332
7 0.513671875 0.08138020833333333 0.2109375 0.01953125
7 0.32421875 0.11197916666666667 0.451171875 0.015625
6 0.560546875 0.11197916666666667 0.021484375 0.015625
7 0.57666015625 0.11197916666666667 0.0107421875 0.015625
6 0.5927734375 0.11197916666666667 0.021484375 0.015625
7 0.60888671875 0.11197916666666667 0.0107421875 0.015625
6 0.61669921875 0.11197916666666667 0.0048828125 0.015625
7 0.10400390625 0.12630208333333334 0.0107421875 0.015625
6 0.1201171875 0.12630208333333334 0.021484375 0.015625
7 0.14697265625 0.12630208333333334 0.0322265625 0.015625
2 0.1220703125 0.16080729166666666 0.046875 0.014322916666666666
2 0.15625 0.16015625 0.021484375 0.015625
0 0.2080078125 0.16015625 0.03125 0.015625
0 0.4130859375 0.16015625 0.04296875 0.015625
0 0.2080078125 0.17447916666666666 0.03125 0.015625
0 0.4130859375 0.17447916666666666 0.04296875 0.015625
0 0.2080078125 0.18880208333333334 0.03125 0.015625
0 0.40771484375 0.18880208333333334 0.0322265625 0.015625
0 0.2080078125 0.203125 0.03125 0.015625
0 0.4130859375 0.203125 0.04296875 0.015625
0 0.21337890625 0.21744791666666666 0.0419921875 0.015625
0 0.40771484375 0.21744791666666666 0.0322265625 0.015625
0 0.2080078125 0.23177083333333334 0.03125 0.015625
0 0.4130859375 0.23177083333333334 0.04296875 0.015625
0 0.240234375 0.24609375 0.095703125 0.015625
2 0.16162109375 0.2734375 0.0322265625 0.015625
0 0.2080078125 0.2734375 0.03125 0.015625
0 0.4130859375 0.2734375 0.04296875 0.015625
0 0.2294921875 0.2877604166666667 0.07421875 0.015625
0 0.40771484375 0.2877604166666667 0.0322265625 0.015625
0 0.22412109375 0.3020833333333333 0.0634765625 0.015625
0 0.4453125 0.3020833333333333 0.107421875 0.015625
0 0.21337890625 0.31640625 0.0419921875 0.015625
0 0.4130859375 0.31640625 0.04296875 0.015625
0 0.2080078125 0.3307291666666667 0.03125 0.015625
2 0.15625 0.3580729166666667 0.021484375 0.015625
0 0.2080078125 0.3580729166666667 0.03125 0.015625
0 0.4345703125 0.3580729166666667 0.0859375 0.015625
0 0.2080078125 0.3723958333333333 0.03125 0.015625
0 0.40771484375 0.3723958333333333 0.0322265625 0.015625
0 0.2080078125 0.38671875 0.03125 0.015625
0 0.40771484375 0.38671875 0.0322265625 0.015625
0 0.2080078125 0.4010416666666667 0.03125 0.015625
2 0.15625 0.4283854166666667 0.021484375 0.015625
0 0.21337890625 0.4283854166666667 0.0419921875 0.015625
0 0.40771484375 0.4283854166666667 0.0322265625 0.015625
0 0.2080078125 0.4427083333333333 0.03125 0.015625
0 0.40771484375 0.4427083333333333 0.0322265625 0.015625
0 0.2294921875 0.45703125 0.07421875 0.015625
0 0.40771484375 0.45703125 0.0322265625 0.015625
0 0.2080078125 0.4713541666666667 0.03125 0.015625
7 0.8095703125 0.049479166666666664 0.380859375 0.028645833333333332
7 0.8095703125 0.08333333333333333 0.380859375 0.028645833333333332
7 0.63134765625 0.240234375 0.0068359375 0.022135416666666668
1 0.80126953125 0.24088541666666666 0.1416015625 0.036458333333333336
1 0.9423828125 0.24088541666666666 0.115234375 0.036458333333333336
4 0.8984375 0.392578125 0.203125 0.17317708333333334
0 0.8984375 0.392578125 0.203125 0.17317708333333334
6 0.84228515625 0.4453125 0.0615234375 0.0234375
7 0.90576171875 0.4694010416666667 0.1884765625 0.01953125
2 0.68798828125 0.37109375 0.1376953125 0.078125
7 0.669921875 0.4427083333333333 0.1015625 0.0234375
0 0.68798828125 0.44140625 0.1376953125 0.036458333333333336
4 0.7470703125 0.44140625 0.017578125 0.033854166666666664
1 0.685546875 0.4713541666666667 0.1328125 0.015625
0 0.34228515625 0.5006510416666666 0.4111328125 0.04296875
7 0.02197265625 0.576171875 0.0322265625 0.01953125
0 0.02294921875 0.5755208333333334 0.0458984375 0.049479166666666664
7 0.07666015625 0.576171875 0.0419921875 0.01953125
0 0.07666015625 0.5755208333333334 0.0576171875 0.049479166666666664
7 0.14306640625 0.576171875 0.0556640625 0.01953125
0 0.14306640625 0.5755208333333334 0.0712890625 0.049479166666666664
7 0.21240234375 0.576171875 0.0478515625 0.01953125
0 0.21240234375 0.5755208333333334 0.0634765625 0.049479166666666664
7 0.27490234375 0.576171875 0.0419921875 0.01953125
0 0.27490234375 0.5755208333333334 0.0576171875 0.049479166666666664
4 0.34228515625 0.5755208333333334 0.0732421875 0.049479166666666664
7 0.419921875 0.576171875 0.0625 0.01953125
0 0.419921875 0.5755208333333334 0.078125 0.049479166666666664
7 0.50146484375 0.576171875 0.0654296875 0.01953125
0 0.50146484375 0.5755208333333334 0.0810546875 0.049479166666666664
7 0.5703125 0.576171875 0.037109375 0.01953125
0 0.5703125 0.5755208333333334 0.052734375 0.049479166666666664
7 0.61279296875 0.576171875 0.0126953125 0.01953125
0 0.60888671875 0.5755208333333334 0.0205078125 0.049479166666666664
7 0.3095703125 0.6158854166666666 0.619140625 0.026041666666666668
3 0.3095703125 0.6783854166666666 0.619140625 0.033854166666666664
2 0.04443359375 0.849609375 0.0888671875 0.17317708333333334
7 0.04443359375 0.9459635416666666 0.0888671875 0.014322916666666666
4 0.31298828125 0.8815104166666666 0.3837890625 0.23697916666666666
0 0.31298828125 0.8815104166666666 0.3837890625 0.23697916666666666
7 0.57666015625 0.7975260416666666 0.0791015625 0.01953125
7 0.56640625 0.8567708333333334 0.05859375 0.020833333333333332
7 0.56640625 0.94921875 0.05859375 0.020833333333333332
2 0.8095703125 0.6412760416666666 0.380859375 0.07421875
2 0.8095703125 0.71484375 0.380859375 0.044270833333333336
0 0.93798828125 0.8229166666666666 0.1240234375 0.06770833333333333