4 0.07080078125 0.032552083333333336 0.1416015625 0.06510416666666667
1 0.62548828125 0.018880208333333332 0.3076171875 0.037760416666666664
7 0.68603515625 0.271484375 0.1455078125 0.024739583333333332
2 0.0146484375 0.4641927083333333 0.029296875 0.04296875
0 0.0771484375 0.5872395833333334 0.154296875 0.2890625
2 0.0771484375 0.5091145833333334 0.154296875 0.049479166666666664
7 0.0771484375 0.56640625 0.154296875 0.026041666666666668
7 0.0771484375 0.6484375 0.154296875 0.125
2 0.2626953125 0.4641927083333333 0.0625 0.04296875
0 0.359375 0.5748697916666666 0.255859375 0.2643229166666667
2 0.359375 0.5091145833333334 0.255859375 0.049479166666666664
7 0.359375 0.56640625 0.255859375 0.026041666666666668
7 0.359375 0.6360677083333334 0.255859375 0.10026041666666667
2 0.67236328125 0.5266927083333334 0.2138671875 0.16796875
7 0.67236328125 0.6803385416666666 0.2138671875 0.10026041666666667
6 0.64306640625 0.771484375 0.1123046875 0.022135416666666668
6 0.63916015625 0.8333333333333334 0.1044921875 0.020833333333333332
6 0.57470703125 0.990234375 0.0283203125 0.014322916666666666
0 0.57470703125 0.9869791666666666 0.0283203125 0.026041666666666668
6 0.61376953125 0.990234375 0.0283203125 0.014322916666666666
0 0.61376953125 0.9869791666666666 0.0283203125 0.026041666666666668
6 0.65283203125 0.990234375 0.0283203125 0.014322916666666666
0 0.65283203125 0.9869791666666666 0.0283203125 0.026041666666666668
6 0.69189453125 0.990234375 0.0283203125 0.014322916666666666
0 0.69189453125 0.9869791666666666 0.0283203125 0.026041666666666668
6 0.73095703125 0.990234375 0.0283203125 0.014322916666666666
0 0.73095703125 0.9869791666666666 0.0283203125 0.026041666666666668
6 0.802734375 0.37109375 0.046875 0.0234375
0 0.81494140625 0.3697916666666667 0.0712890625 0.09114583333333333
4 0.88427734375 0.3697916666666667 0.0576171875 0.08854166666666667
7 0.94482421875 0.615234375 0.0419921875 0.014322916666666666
0 0.9619140625 0.623046875 0.076171875 0.037760416666666664
6 0.94482421875 0.6315104166666666 0.0419921875 0.015625
4 0.98779296875 0.623046875 0.0244140625 0.037760416666666664
2 0.8896484375 0.6985677083333334 0.220703125 0.032552083333333336
0 0.88232421875 0.8515625 0.2060546875 0.0390625
4 0.88330078125 0.9576822916666666 0.2080078125 0.08463541666666667
0 0.88330078125 0.9576822916666666 0.2080078125 0.08463541666666667