1 0.359375 0.05859375 0.259765625 0.049479166666666664
7 0.43017578125 0.3170572916666667 0.1181640625 0.024739583333333332
7 0.4208984375 0.412109375 0.1015625 0.024739583333333332
4 0.75146484375 0.02734375 0.4541015625 0.0546875
0 0.5771484375 0.10807291666666667 0.11328125 0.03125
0 0.73095703125 0.10807291666666667 0.1162109375 0.03125
0 0.8818359375 0.10807291666666667 0.107421875 0.03125
0 0.9873046875 0.10807291666666667 0.025390625 0.03125
4 0.765625 0.37890625 0.46875 0.3802083333333333
0 0.765625 0.37890625 0.46875 0.3802083333333333
2 0.77294921875 0.5006510416666666 0.4248046875 0.03515625
0 0.77294921875 0.49609375 0.4248046875 0.049479166666666664
2 0.77294921875 0.5345052083333334 0.4248046875 0.029947916666666668
0 0.56689453125 0.5618489583333334 0.0126953125 0.014322916666666666
0 0.58447265625 0.5618489583333334 0.0126953125 0.014322916666666666
0 0.60205078125 0.5618489583333334 0.0126953125 0.014322916666666666
0 0.61962890625 0.5618489583333334 0.0126953125 0.014322916666666666
6 0.38623046875 0.5755208333333334 0.1005859375 0.013020833333333334
6 0.48193359375 0.5755208333333334 0.0146484375 0.013020833333333334
6 0.0947265625 0.6360677083333334 0.18359375 0.01953125
6 0.23779296875 0.6360677083333334 0.0830078125 0.01953125
6 0.3505859375 0.6360677083333334 0.125 0.01953125
7 0.12060546875 0.8092447916666666 0.2412109375 0.3815104166666667
0 0.12060546875 0.8092447916666666 0.2412109375 0.3815104166666667
6 0.10791015625 0.9381510416666666 0.2158203125 0.048177083333333336
7 0.36572265625 0.8092447916666666 0.2470703125 0.3815104166666667
0 0.36572265625 0.8092447916666666 0.2470703125 0.3815104166666667
2 0.376953125 0.908203125 0.20703125 0.06380208333333333
6 0.376953125 0.9694010416666666 0.20703125 0.048177083333333336
7 0.7744140625 0.609375 0.451171875 0.0625
4 0.849609375 0.7766927083333334 0.21484375 0.14713541666666666
0 0.7744140625 0.78125 0.451171875 0.15625