4 0.32958984375 0.189453125 0.6591796875 0.37890625
6 0.45849609375 0.0234375 0.0341796875 0.015625
0 0.65087890625 0.0234375 0.0166015625 0.0390625
1 0.53173828125 0.020182291666666668 0.0126953125 0.016927083333333332
5 0.5830078125 0.022135416666666668 0.083984375 0.020833333333333332
4 0.4814453125 0.11002604166666667 0.09375 0.05078125
6 0.48095703125 0.14583333333333334 0.0595703125 0.020833333333333332
7 0.60400390625 0.10546875 0.1103515625 0.041666666666666664
6 0.6708984375 0.057942708333333336 0.0234375 0.016927083333333332
6 0.736328125 0.057942708333333336 0.078125 0.016927083333333332
2 0.412109375 0.3971354166666667 0.259765625 0.036458333333333336
7 0.412109375 0.5045572916666666 0.17578125 0.024739583333333332
0 0.412109375 0.5045572916666666 0.2109375 0.06901041666666667
4 0.32958984375 0.7552083333333334 0.6591796875 0.3697916666666667
6 0.77197265625 0.3821614583333333 0.0166015625 0.006510416666666667
6 0.7255859375 0.4225260416666667 0.025390625 0.02734375
6 0.7958984375 0.4225260416666667 0.076171875 0.02734375
6 0.87890625 0.4225260416666667 0.05078125 0.02734375
6 0.94287109375 0.4225260416666667 0.0380859375 0.02734375
6 0.99072265625 0.4225260416666667 0.0185546875 0.02734375
4 0.81640625 0.51171875 0.15234375 0.049479166666666664
7 0.81640625 0.51171875 0.15234375 0.049479166666666664
7 0.9462890625 0.51171875 0.107421875 0.049479166666666664
0 0.705078125 0.7096354166666666 0.091796875 0.3046875
4 0.705078125 0.6360677083333334 0.091796875 0.15755208333333334
6 0.7001953125 0.7467447916666666 0.08203125 0.08463541666666667
6 0.7001953125 0.8014322916666666 0.08203125 0.01953125
6 0.7001953125 0.8229166666666666 0.08203125 0.018229166666666668
6 0.7001953125 0.8450520833333334 0.08203125 0.015625
7 0.7001953125 0.8001302083333334 0.08203125 0.01953125
6 0.7041015625 0.822265625 0.08984375 0.02734375
7 0.7001953125 0.8450520833333334 0.08203125 0.015625
7 0.76953125 0.5729166666666666 0.0234375 0.03125
0 0.84619140625 0.7096354166666666 0.1767578125 0.3046875
4 0.84619140625 0.6360677083333334 0.1767578125 0.15755208333333334
6 0.84619140625 0.7467447916666666 0.1572265625 0.08463541666666667
6 0.84619140625 0.8014322916666666 0.1572265625 0.01953125
6 0.84619140625 0.8229166666666666 0.1572265625 0.018229166666666668
6 0.84619140625 0.8450520833333334 0.1572265625 0.015625
7 0.84619140625 0.8001302083333334 0.1572265625 0.01953125
6 0.8125 0.822265625 0.08984375 0.02734375
7 0.84619140625 0.8450520833333334 0.1572265625 0.015625
7 0.953125 0.5729166666666666 0.0234375 0.03125
0 0.970703125 0.7096354166666666 0.05859375 0.3046875
4 0.970703125 0.6360677083333334 0.05859375 0.15755208333333334
6 0.9755859375 0.7467447916666666 0.048828125 0.08463541666666667
6 0.9755859375 0.8014322916666666 0.048828125 0.01953125
6 0.9755859375 0.8229166666666666 0.048828125 0.018229166666666668
6 0.9755859375 0.8450520833333334 0.048828125 0.015625
7 0.9755859375 0.8001302083333334 0.048828125 0.01953125
6 0.9755859375 0.822265625 0.048828125 0.02734375
7 0.9755859375 0.8450520833333334 0.048828125 0.015625
2 0.82958984375 0.9576822916666666 0.3408203125 0.03515625