0 0.17626953125 0.06770833333333333 0.1298828125 0.049479166666666664
7 0.29052734375 0.06705729166666667 0.0576171875 0.022135416666666668
0 0.29052734375 0.06770833333333333 0.0576171875 0.0234375
2 0.04150390625 0.3072916666666667 0.0830078125 0.09114583333333333
7 0.04150390625 0.5065104166666666 0.0830078125 0.2552083333333333
2 0.22021484375 0.3072916666666667 0.1982421875 0.09114583333333333
7 0.22021484375 0.4518229166666667 0.1982421875 0.14583333333333334
7 0.22021484375 0.6217447916666666 0.1982421875 0.11588541666666667
2 0.65966796875 0.06640625 0.6806640625 0.1328125
0 0.5703125 0.016927083333333332 0.501953125 0.033854166666666664
7 0.912109375 0.018229166666666668 0.0625 0.020833333333333332
0 0.92138671875 0.018229166666666668 0.0810546875 0.026041666666666668
7 0.9931640625 0.018229166666666668 0.013671875 0.020833333333333332
6 0.37646484375 0.083984375 0.1142578125 0.022135416666666668
6 0.517578125 0.083984375 0.12109375 0.022135416666666668
6 0.65478515625 0.083984375 0.1064453125 0.022135416666666668
6 0.830078125 0.083984375 0.197265625 0.022135416666666668
6 0.4033203125 0.115234375 0.16796875 0.022135416666666668
6 0.5419921875 0.115234375 0.0625 0.022135416666666668
6 0.6435546875 0.115234375 0.09375 0.022135416666666668
6 0.73486328125 0.115234375 0.0419921875 0.022135416666666668
6 0.830078125 0.115234375 0.1015625 0.022135416666666668
6 0.9521484375 0.115234375 0.095703125 0.022135416666666668
6 0.3447265625 0.146484375 0.05078125 0.022135416666666668
4 0.5302734375 0.439453125 0.421875 0.4778645833333333
0 0.5302734375 0.4401041666666667 0.421875 0.4791666666666667
4 0.859375 0.3567708333333333 0.09375 0.125
0 0.8671875 0.3580729166666667 0.109375 0.12760416666666666
7 0.9609375 0.357421875 0.078125 0.11848958333333333
4 0.859375 0.515625 0.09375 0.125
0 0.8671875 0.515625 0.109375 0.125
7 0.9609375 0.5006510416666666 0.078125 0.08723958333333333
4 0.859375 0.64453125 0.09375 0.0703125
0 0.8671875 0.64453125 0.109375 0.0703125
0 0.37646484375 0.6829427083333334 0.0439453125 0.006510416666666667
0 0.4384765625 0.6829427083333334 0.068359375 0.006510416666666667
0 0.5048828125 0.6829427083333334 0.052734375 0.006510416666666667
0 0.5595703125 0.6829427083333334 0.046875 0.006510416666666667
0 0.62451171875 0.6829427083333334 0.0712890625 0.006510416666666667
6 0.64111328125 0.76171875 0.1279296875 0.020833333333333332
0 0.33935546875 0.7955729166666666 0.0400390625 0.026041666666666668
0 0.38818359375 0.7955729166666666 0.0478515625 0.026041666666666668
0 0.4580078125 0.7955729166666666 0.080078125 0.026041666666666668
0 0.53857421875 0.7955729166666666 0.0693359375 0.026041666666666668
0 0.619140625 0.7955729166666666 0.080078125 0.026041666666666668
0 0.35107421875 0.8294270833333334 0.0634765625 0.026041666666666668
0 0.41552734375 0.8294270833333334 0.0556640625 0.026041666666666668
0 0.46875 0.8294270833333334 0.0390625 0.026041666666666668
0 0.51611328125 0.8294270833333334 0.0439453125 0.026041666666666668
0 0.56689453125 0.8294270833333334 0.0478515625 0.026041666666666668
0 0.63232421875 0.8294270833333334 0.0712890625 0.026041666666666668
0 0.33447265625 0.86328125 0.0302734375 0.026041666666666668
0 0.373046875 0.86328125 0.037109375 0.026041666666666668
0 0.4228515625 0.86328125 0.05078125 0.026041666666666668
0 0.4755859375 0.86328125 0.04296875 0.026041666666666668
0 0.525390625 0.86328125 0.044921875 0.026041666666666668
0 0.58642578125 0.86328125 0.0673828125 0.026041666666666668
0 0.65673828125 0.86328125 0.0615234375 0.026041666666666668
0 0.34375 0.8971354166666666 0.048828125 0.026041666666666668
0 0.39599609375 0.8971354166666666 0.0458984375 0.026041666666666668
0 0.45947265625 0.8971354166666666 0.0693359375 0.026041666666666668
0 0.548828125 0.8971354166666666 0.09765625 0.026041666666666668
4 0.740234375 0.6875 0.03125 0.015625
4 0.791015625 0.6875 0.03125 0.015625
4 0.841796875 0.6875 0.03125 0.015625
4 0.892578125 0.6875 0.03125 0.015625
4 0.943359375 0.6875 0.03125 0.015625
2 0.8583984375 0.740234375 0.283203125 0.024739583333333332
0 0.7890625 0.7845052083333334 0.14453125 0.04296875
0 0.7890625 0.826171875 0.14453125 0.04296875
0 0.7890625 0.8678385416666666 0.14453125 0.04296875
0 0.7890625 0.9095052083333334 0.14453125 0.04296875
0 0.7890625 0.951171875 0.14453125 0.04296875
0 0.7890625 0.9856770833333334 0.14453125 0.028645833333333332
0 0.9306640625 0.7845052083333334 0.138671875 0.04296875
0 0.9306640625 0.826171875 0.138671875 0.04296875
0 0.9306640625 0.8678385416666666 0.138671875 0.04296875
0 0.9306640625 0.9095052083333334 0.138671875 0.04296875
0 0.9306640625 0.951171875 0.138671875 0.04296875
0 0.9306640625 0.9856770833333334 0.138671875 0.028645833333333332
2 0.8583984375 0.888671875 0.283203125 0.22265625