4 0.2548828125 0.14518229166666666 0.509765625 0.2903645833333333
1 0.2158203125 0.051432291666666664 0.431640625 0.07161458333333333
7 0.470703125 0.051432291666666664 0.078125 0.07161458333333333
0 0.470703125 0.051432291666666664 0.078125 0.07161458333333333
3 0.2548828125 0.22526041666666666 0.509765625 0.13020833333333334
7 0.7568359375 0.035807291666666664 0.4453125 0.07161458333333333
7 0.7568359375 0.10286458333333333 0.4453125 0.0625
7 0.66357421875 0.189453125 0.2236328125 0.02734375
0 0.6728515625 0.18619791666666666 0.27734375 0.0625
4 0.78857421875 0.189453125 0.0107421875 0.032552083333333336
7 0.12890625 0.4342447916666667 0.18359375 0.053385416666666664
7 0.35888671875 0.43359375 0.2119140625 0.026041666666666668
3 0.2548828125 0.65234375 0.509765625 0.1171875
7 0.04443359375 0.7955729166666666 0.0888671875 0.026041666666666668
7 0.04443359375 0.8645833333333334 0.0888671875 0.026041666666666668
7 0.3779296875 0.76953125 0.263671875 0.026041666666666668
7 0.3779296875 0.7955729166666666 0.263671875 0.026041666666666668
4 0.2060546875 0.8684895833333334 0.046875 0.0625
7 0.2568359375 0.8567708333333334 0.021484375 0.020833333333333332
6 0.306640625 0.8567708333333334 0.078125 0.020833333333333332
7 0.41748046875 0.8567708333333334 0.1474609375 0.020833333333333332
6 0.50048828125 0.8567708333333334 0.0185546875 0.020833333333333332
7 0.3779296875 0.8697916666666666 0.263671875 0.046875
7 0.28271484375 0.91015625 0.0732421875 0.018229166666666668
7 0.34228515625 0.91015625 0.0458984375 0.018229166666666668
4 0.2060546875 0.97265625 0.046875 0.0546875
7 0.2568359375 0.96484375 0.021484375 0.020833333333333332
6 0.30712890625 0.96484375 0.0791015625 0.020833333333333332
7 0.41943359375 0.96484375 0.1474609375 0.020833333333333332
6 0.50048828125 0.96484375 0.0185546875 0.020833333333333332
6 0.29150390625 0.990234375 0.0908203125 0.01953125
7 0.34375 0.990234375 0.015625 0.01953125
6 0.41845703125 0.990234375 0.1337890625 0.01953125
4 0.6435546875 0.56640625 0.267578125 0.3541666666666667
2 0.9033203125 0.42578125 0.193359375 0.07291666666666667
0 0.8583984375 0.484375 0.103515625 0.0234375
0 0.95947265625 0.484375 0.0810546875 0.0234375
7 0.9033203125 0.53125 0.193359375 0.052083333333333336
4 0.81884765625 0.5859375 0.0244140625 0.03125
4 0.85205078125 0.5859375 0.0244140625 0.03125
4 0.88525390625 0.5859375 0.0244140625 0.03125
4 0.91845703125 0.5859375 0.0244140625 0.03125
4 0.64404296875 0.91015625 0.2685546875 0.1796875
0 0.64404296875 0.91015625 0.2685546875 0.1796875
4 0.9033203125 0.91015625 0.193359375 0.1796875