0 0.041015625 0.017578125 0.0625 0.03515625
0 0.138671875 0.017578125 0.1015625 0.03515625
0 0.2353515625 0.017578125 0.060546875 0.03515625
0 0.3251953125 0.017578125 0.087890625 0.03515625
4 0.1845703125 0.32421875 0.369140625 0.53125
4 0.1845703125 0.2799479166666667 0.369140625 0.234375
7 0.2646484375 0.4596354166666667 0.208984375 0.08333333333333333
7 0.345703125 0.52734375 0.046875 0.0234375
3 0.68603515625 0.030598958333333332 0.6279296875 0.061197916666666664
4 0.728515625 0.19921875 0.1953125 0.06510416666666667
7 0.6865234375 0.283203125 0.626953125 0.037760416666666664
0 0.4130859375 0.3626302083333333 0.087890625 0.016927083333333332
0 0.5810546875 0.3626302083333333 0.1875 0.016927083333333332
0 0.82568359375 0.3626302083333333 0.2392578125 0.016927083333333332
4 0.6845703125 0.50390625 0.630859375 0.171875
0 0.6845703125 0.50390625 0.630859375 0.171875
7 0.208984375 0.66015625 0.3203125 0.140625
0 0.1298828125 0.798828125 0.181640625 0.032552083333333336
0 0.31005859375 0.798828125 0.1181640625 0.032552083333333336
0 0.6845703125 0.740234375 0.630859375 0.30078125