2 0.06201171875 0.076171875 0.1240234375 0.029947916666666668
0 0.0849609375 0.08203125 0.169921875 0.1640625
7 0.06201171875 0.103515625 0.1240234375 0.02734375
2 0.36474609375 0.050130208333333336 0.3427734375 0.029947916666666668
0 0.36474609375 0.08203125 0.3662109375 0.1640625
7 0.36474609375 0.09049479166666667 0.3427734375 0.053385416666666664
4 0.2001953125 0.13671875 0.013671875 0.018229166666666668
7 0.2666015625 0.13671875 0.099609375 0.020833333333333332
7 0.05419921875 0.0390625 0.1083984375 0.028645833333333332
4 0.376953125 0.0390625 0.015625 0.020833333333333332
7 0.1923828125 0.09505208333333333 0.384765625 0.07291666666666667
7 0.03173828125 0.24739583333333334 0.0634765625 0.0234375
0 0.03857421875 0.24739583333333334 0.0771484375 0.0234375
4 0.10986328125 0.24739583333333334 0.0205078125 0.026041666666666668
0 0.1279296875 0.24739583333333334 0.072265625 0.041666666666666664
7 0.1376953125 0.24739583333333334 0.029296875 0.0234375
4 0.18896484375 0.24739583333333334 0.0205078125 0.026041666666666668
0 0.2041015625 0.24739583333333334 0.06640625 0.041666666666666664
7 0.2138671875 0.24739583333333334 0.0234375 0.0234375
7 0.26025390625 0.24739583333333334 0.0322265625 0.044270833333333336
4 0.359375 0.24739583333333334 0.01953125 0.026041666666666668
0 0.365234375 0.24739583333333334 0.03125 0.026041666666666668
6 0.048828125 0.3287760416666667 0.09765625 0.01953125
0 0.13134765625 0.3294270833333333 0.0615234375 0.020833333333333332
4 0.34375 0.33203125 0.013671875 0.018229166666666668
0 0.36181640625 0.33203125 0.0615234375 0.03125
7 0.3662109375 0.33203125 0.03125 0.028645833333333332
2 0.0810546875 0.3723958333333333 0.162109375 0.026041666666666668
7 0.04443359375 0.41796875 0.0263671875 0.020833333333333332
0 0.03564453125 0.41796875 0.0517578125 0.033854166666666664
6 0.0380859375 0.4772135416666667 0.07421875 0.01953125
0 0.10888671875 0.4778645833333333 0.0615234375 0.020833333333333332
4 0.154296875 0.478515625 0.015625 0.022135416666666668
4 0.17578125 0.478515625 0.015625 0.022135416666666668
4 0.197265625 0.478515625 0.015625 0.022135416666666668
4 0.21875 0.478515625 0.015625 0.022135416666666668
4 0.34375 0.48046875 0.013671875 0.018229166666666668
0 0.36181640625 0.48046875 0.0615234375 0.03125
7 0.3662109375 0.48046875 0.03125 0.028645833333333332
2 0.525390625 0.07942708333333333 0.16796875 0.026041666666666668
7 0.447265625 0.13411458333333334 0.01953125 0.0234375
0 0.517578125 0.13411458333333334 0.18359375 0.0625
4 0.4697265625 0.13411458333333334 0.009765625 0.013020833333333334
4 0.498046875 0.13411458333333334 0.03125 0.041666666666666664
7 0.55078125 0.13411458333333334 0.05859375 0.0234375
7 0.447265625 0.19791666666666666 0.01953125 0.0234375
0 0.517578125 0.19791666666666666 0.18359375 0.0625
4 0.4697265625 0.19791666666666666 0.009765625 0.013020833333333334
4 0.498046875 0.19791666666666666 0.03125 0.041666666666666664
7 0.5654296875 0.19791666666666666 0.087890625 0.0234375
7 0.447265625 0.26171875 0.01953125 0.0234375
0 0.517578125 0.26171875 0.18359375 0.0625
4 0.4697265625 0.26171875 0.009765625 0.013020833333333334
4 0.4970703125 0.2604166666666667 0.0234375 0.03125
7 0.5654296875 0.26171875 0.087890625 0.0234375
7 0.447265625 0.3255208333333333 0.01953125 0.0234375
0 0.517578125 0.3255208333333333 0.18359375 0.0625
4 0.4697265625 0.3255208333333333 0.009765625 0.013020833333333334
4 0.498046875 0.3255208333333333 0.03125 0.041666666666666664
7 0.5654296875 0.3255208333333333 0.087890625 0.0234375
7 0.447265625 0.3893229166666667 0.01953125 0.0234375
0 0.517578125 0.3893229166666667 0.18359375 0.0625
4 0.4697265625 0.3893229166666667 0.009765625 0.013020833333333334
4 0.498046875 0.3893229166666667 0.03125 0.041666666666666664
7 0.55029296875 0.3893229166666667 0.0576171875 0.0234375
0 0.5234375 0.45703125 0.171875 0.041666666666666664
4 0.67919921875 0.22005208333333334 0.1396484375 0.3776041666666667
2 0.90625 0.04296875 0.1875 0.0234375
2 0.95263671875 0.10807291666666667 0.0947265625 0.078125
4 0.85400390625 0.109375 0.0830078125 0.08333333333333333
2 0.95263671875 0.22265625 0.0947265625 0.10677083333333333
4 0.85400390625 0.21028645833333334 0.0830078125 0.08463541666666667
2 0.95263671875 0.3190104166666667 0.0947265625 0.052083333333333336
4 0.85400390625 0.333984375 0.0830078125 0.08463541666666667
4 0.75 0.24479166666666666 0.02734375 0.036458333333333336
4 0.90625 0.4739583333333333 0.1875 0.052083333333333336
0 0.08642578125 0.53125 0.1728515625 0.049479166666666664
0 0.08642578125 0.5859375 0.1728515625 0.049479166666666664
4 0.01611328125 0.5846354166666666 0.0166015625 0.020833333333333332
2 0.41064453125 0.537109375 0.3974609375 0.02734375
0 0.28369140625 0.640625 0.1435546875 0.1171875
0 0.45849609375 0.640625 0.1435546875 0.1171875
0 0.58544921875 0.640625 0.0478515625 0.1171875
0 0.28369140625 0.7890625 0.1435546875 0.1171875
0 0.45849609375 0.7890625 0.1435546875 0.1171875
7 0.6015625 0.7727864583333334 0.015625 0.022135416666666668
0 0.58544921875 0.7890625 0.0478515625 0.1171875
7 0.76953125 0.541015625 0.3203125 0.024739583333333332
0 0.8046875 0.5716145833333334 0.390625 0.125
2 0.76953125 0.5696614583333334 0.3203125 0.032552083333333336
7 0.76953125 0.6002604166666666 0.3203125 0.028645833333333332
7 0.77099609375 0.857421875 0.3232421875 0.28515625