2 0.1337890625 0.07096354166666667 0.267578125 0.029947916666666668
0 0.15673828125 0.07942708333333333 0.3134765625 0.15885416666666666
7 0.1337890625 0.09830729166666667 0.267578125 0.02734375
7 0.0556640625 0.13151041666666666 0.111328125 0.020833333333333332
7 0.1259765625 0.033854166666666664 0.251953125 0.028645833333333332
7 0.15966796875 0.08984375 0.3193359375 0.07291666666666667
0 0.0556640625 0.14713541666666666 0.111328125 0.041666666666666664
7 0.0595703125 0.2421875 0.091796875 0.0234375
0 0.06640625 0.2421875 0.10546875 0.0234375
7 0.17431640625 0.2421875 0.0654296875 0.0234375
0 0.18115234375 0.2421875 0.0791015625 0.0234375
4 0.25341796875 0.2421875 0.0205078125 0.026041666666666668
0 0.271484375 0.2421875 0.072265625 0.041666666666666664
7 0.28125 0.2421875 0.029296875 0.0234375
6 0.02880859375 0.3235677083333333 0.0576171875 0.01953125
7 0.09375 0.3235677083333333 0.052734375 0.01953125
6 0.18212890625 0.3235677083333333 0.1181640625 0.01953125
0 0.27490234375 0.32421875 0.0615234375 0.020833333333333332
2 0.15283203125 0.3671875 0.3056640625 0.026041666666666668
7 0.041015625 0.4134114583333333 0.08203125 0.016927083333333332
0 0.04296875 0.4127604166666667 0.0859375 0.033854166666666664
7 0.12939453125 0.4127604166666667 0.0322265625 0.015625
0 0.11962890625 0.4127604166666667 0.0595703125 0.03125
7 0.18798828125 0.4127604166666667 0.0263671875 0.020833333333333332
0 0.17919921875 0.4127604166666667 0.0517578125 0.033854166666666664
6 0.03955078125 0.4720052083333333 0.0791015625 0.01953125
7 0.115234375 0.4720052083333333 0.052734375 0.01953125
6 0.181640625 0.4720052083333333 0.07421875 0.01953125
0 0.25244140625 0.47265625 0.0615234375 0.020833333333333332
4 0.2978515625 0.4733072916666667 0.015625 0.022135416666666668
4 0.3154296875 0.4733072916666667 0.0078125 0.022135416666666668
6 0.37890625 0.083984375 0.056640625 0.032552083333333336
6 0.39111328125 0.115234375 0.0810546875 0.032552083333333336
6 0.41162109375 0.146484375 0.1220703125 0.032552083333333336
1 0.42626953125 0.19921875 0.1513671875 0.028645833333333332
7 0.4580078125 0.24739583333333334 0.21484375 0.028645833333333332
6 0.3720703125 0.275390625 0.04296875 0.024739583333333332
6 0.39111328125 0.298828125 0.0810546875 0.024739583333333332
7 0.4580078125 0.33984375 0.21484375 0.026041666666666668
7 0.36328125 0.3639322916666667 0.025390625 0.024739583333333332
6 0.4013671875 0.3639322916666667 0.05078125 0.024739583333333332
7 0.36328125 0.38671875 0.025390625 0.0234375
6 0.40576171875 0.38671875 0.0595703125 0.0234375
6 0.39306640625 0.4329427083333333 0.0849609375 0.024739583333333332
6 0.38330078125 0.4563802083333333 0.0654296875 0.024739583333333332
6 0.38427734375 0.478515625 0.0673828125 0.024739583333333332
6 0.39453125 0.4993489583333333 0.087890625 0.01953125
2 0.791015625 0.08528645833333333 0.41796875 0.045572916666666664
7 0.712890625 0.14778645833333334 0.255859375 0.02734375
7 0.90087890625 0.14778645833333334 0.1201171875 0.02734375
7 0.79248046875 0.19986979166666666 0.4150390625 0.029947916666666668
7 0.79248046875 0.263671875 0.4150390625 0.10026041666666667
7 0.66748046875 0.30078125 0.1064453125 0.026041666666666668
7 0.79248046875 0.3502604166666667 0.4150390625 0.125
6 0.71728515625 0.3997395833333333 0.0341796875 0.026041666666666668
7 0.736328125 0.3997395833333333 0.00390625 0.026041666666666668
7 0.61181640625 0.4427083333333333 0.0537109375 0.026041666666666668
5 0.80322265625 0.4427083333333333 0.3212890625 0.026041666666666668
1 0.75048828125 0.4876302083333333 0.3310546875 0.029947916666666668
1 0.93505859375 0.48828125 0.0302734375 0.028645833333333332
2 0.12451171875 0.7096354166666666 0.2490234375 0.06770833333333333
2 0.12451171875 0.796875 0.2490234375 0.07291666666666667
4 0.15966796875 0.779296875 0.3193359375 0.44140625
4 0.15966796875 0.779296875 0.3193359375 0.44140625
0 0.35595703125 0.5950520833333334 0.0498046875 0.03125
0 0.46533203125 0.5950520833333334 0.1181640625 0.03125
0 0.59521484375 0.5950520833333334 0.0908203125 0.03125
7 0.3291015625 0.6471354166666666 0.01953125 0.020833333333333332
0 0.3291015625 0.6497395833333334 0.01953125 0.026041666666666668
7 0.32763671875 0.6783854166666666 0.0166015625 0.020833333333333332
0 0.65966796875 0.6783854166666666 0.6806640625 0.03125
7 0.32373046875 0.7096354166666666 0.0087890625 0.020833333333333332
0 0.65966796875 0.7096354166666666 0.6806640625 0.03125
7 0.322265625 0.7408854166666666 0.005859375 0.020833333333333332
0 0.65966796875 0.7408854166666666 0.6806640625 0.03125
7 0.33203125 0.7721354166666666 0.025390625 0.020833333333333332
0 0.65966796875 0.7721354166666666 0.6806640625 0.03125
7 0.65966796875 0.87109375 0.6806640625 0.0625
7 0.65966796875 0.9388020833333334 0.6806640625 0.03125