4 0.01513671875 0.11653645833333333 0.0302734375 0.06901041666666667
2 0.22802734375 0.244140625 0.4560546875 0.13671875
7 0.22802734375 0.3873697916666667 0.4560546875 0.07421875
0 0.56396484375 0.016927083333333332 0.0517578125 0.033854166666666664
0 0.6171875 0.016927083333333332 0.0546875 0.033854166666666664
0 0.7216796875 0.016927083333333332 0.154296875 0.033854166666666664
0 0.8515625 0.016927083333333332 0.10546875 0.033854166666666664
0 0.9521484375 0.016927083333333332 0.095703125 0.033854166666666664
4 0.57568359375 0.21484375 0.1318359375 0.3333333333333333
0 0.57568359375 0.21484375 0.1318359375 0.3333333333333333
4 0.806640625 0.220703125 0.30078125 0.30078125
0 0.806640625 0.220703125 0.30078125 0.30078125
7 0.98583984375 0.08138020833333333 0.0283203125 0.022135416666666668
7 0.98193359375 0.3450520833333333 0.0205078125 0.0234375
7 0.68896484375 0.4244791666666667 0.0654296875 0.0234375
2 0.787109375 0.4505208333333333 0.26171875 0.018229166666666668
7 0.98583984375 0.4244791666666667 0.0283203125 0.0234375
5 0.013671875 0.4889322916666667 0.02734375 0.02734375
4 0.0068359375 0.4993489583333333 0.013671875 0.02734375
1 0.11962890625 0.4993489583333333 0.2392578125 0.048177083333333336
1 0.02490234375 0.5390625 0.0498046875 0.03125
4 0.2548828125 0.6373697916666666 0.509765625 0.08984375
2 0.23681640625 0.806640625 0.4736328125 0.24869791666666666
7 0.23681640625 0.8118489583333334 0.4736328125 0.12630208333333334
4 0.2548828125 0.9654947916666666 0.509765625 0.06901041666666667
7 0.54638671875 0.4713541666666667 0.0712890625 0.015625
7 0.59619140625 0.4713541666666667 0.0263671875 0.015625
7 0.6201171875 0.4713541666666667 0.01953125 0.015625
0 0.82763671875 0.4720052083333333 0.0302734375 0.016927083333333332
0 0.859375 0.4720052083333333 0.03515625 0.016927083333333332
0 0.89306640625 0.4720052083333333 0.0341796875 0.016927083333333332
0 0.92578125 0.4720052083333333 0.033203125 0.016927083333333332
0 0.9580078125 0.4720052083333333 0.033203125 0.016927083333333332
4 0.89404296875 0.5696614583333334 0.1806640625 0.07421875
0 0.8486328125 0.572265625 0.08984375 0.06901041666666667
7 0.94677734375 0.572265625 0.1064453125 0.06901041666666667
0 0.59912109375 0.6842447916666666 0.1123046875 0.040364583333333336
0 0.6884765625 0.6842447916666666 0.06640625 0.040364583333333336
0 0.76025390625 0.6842447916666666 0.0771484375 0.040364583333333336
0 0.8388671875 0.6842447916666666 0.080078125 0.040364583333333336
0 0.9111328125 0.6842447916666666 0.064453125 0.040364583333333336
0 0.9716796875 0.6842447916666666 0.056640625 0.040364583333333336
7 0.67822265625 0.7565104166666666 0.1083984375 0.018229166666666668
0 0.775390625 0.7565104166666666 0.087890625 0.018229166666666668
0 0.8916015625 0.7565104166666666 0.146484375 0.018229166666666668
0 0.98193359375 0.7565104166666666 0.0361328125 0.018229166666666668
3 0.7548828125 0.8938802083333334 0.490234375 0.17317708333333334