2 0.35791015625 0.095703125 0.1162109375 0.03515625
2 0.37109375 0.14192708333333334 0.142578125 0.046875
2 0.435546875 0.1640625 0.271484375 0.08072916666666667
2 0.4453125 0.275390625 0.291015625 0.11067708333333333
2 0.42919921875 0.369140625 0.2587890625 0.016927083333333332
7 0.330078125 0.4186197916666667 0.060546875 0.01953125
0 0.3359375 0.4173177083333333 0.072265625 0.045572916666666664
7 0.41845703125 0.4186197916666667 0.0537109375 0.01953125
0 0.41845703125 0.4173177083333333 0.0771484375 0.045572916666666664
7 0.5078125 0.4186197916666667 0.0625 0.01953125
0 0.5078125 0.4173177083333333 0.0859375 0.045572916666666664
4 0.8095703125 0.28515625 0.380859375 0.3854166666666667
7 0.876953125 0.5279947916666666 0.107421875 0.01953125
6 0.96484375 0.5279947916666666 0.0703125 0.01953125
2 0.318359375 0.662109375 0.037109375 0.03515625
2 0.1611328125 0.775390625 0.27734375 0.09244791666666667
0 0.0419921875 0.8977864583333334 0.0390625 0.06901041666666667
0 0.14990234375 0.8984375 0.1767578125 0.0703125
0 0.26904296875 0.8984375 0.0615234375 0.0703125
7 0.1611328125 0.9798177083333334 0.27734375 0.040364583333333336
4 0.64990234375 0.83984375 0.7001953125 0.3203125
4 0.505859375 0.984375 0.0078125 0.0234375