2 0.11962890625 0.23763020833333334 0.2392578125 0.08203125
7 0.11962890625 0.3567708333333333 0.2392578125 0.046875
7 0.11962890625 0.4348958333333333 0.2392578125 0.049479166666666664
6 0.18212890625 0.4479166666666667 0.1142578125 0.0234375
7 0.11962890625 0.4609375 0.2392578125 0.049479166666666664
7 0.11962890625 0.5 0.2392578125 0.07552083333333333
4 0.61962890625 0.13216145833333334 0.7607421875 0.2643229166666667
2 0.61962890625 0.026692708333333332 0.7607421875 0.053385416666666664
2 0.61962890625 0.072265625 0.7607421875 0.040364583333333336
1 0.634765625 0.162109375 0.458984375 0.07942708333333333
4 0.9033203125 0.162109375 0.025390625 0.03515625
0 0.9033203125 0.162109375 0.078125 0.07942708333333333
2 0.61962890625 0.3743489583333333 0.7607421875 0.055989583333333336
7 0.61962890625 0.4537760416666667 0.7607421875 0.06380208333333333
4 0.2607421875 0.5475260416666666 0.04296875 0.08463541666666667
4 0.3388671875 0.5475260416666666 0.078125 0.08463541666666667
4 0.4345703125 0.5475260416666666 0.078125 0.08463541666666667
4 0.5302734375 0.5475260416666666 0.078125 0.08463541666666667
4 0.6259765625 0.5475260416666666 0.078125 0.08463541666666667
4 0.7216796875 0.5475260416666666 0.078125 0.08463541666666667
4 0.8173828125 0.5475260416666666 0.078125 0.08463541666666667
4 0.9130859375 0.5475260416666666 0.078125 0.08463541666666667
4 0.98486328125 0.5475260416666666 0.0302734375 0.08463541666666667
4 0.11962890625 0.6608072916666666 0.2392578125 0.14192708333333334
4 0.05029296875 0.6881510416666666 0.0478515625 0.06380208333333333
2 0.13232421875 0.6881510416666666 0.0986328125 0.02734375
2 0.11962890625 0.77734375 0.2392578125 0.0390625
7 0.12744140625 0.8990885416666666 0.2138671875 0.04296875
6 0.11767578125 0.953125 0.1943359375 0.026041666666666668
6 0.091796875 0.9928385416666666 0.142578125 0.014322916666666666
2 0.7001953125 0.646484375 0.41015625 0.11328125
1 0.7001953125 0.798828125 0.478515625 0.07421875
4 0.48974609375 0.7975260416666666 0.0185546875 0.024739583333333332