4 0.18994140625 0.044270833333333336 0.3798828125 0.08854166666666667
0 0.0888671875 0.042317708333333336 0.177734375 0.08463541666666667
2 0.201171875 0.024739583333333332 0.0703125 0.049479166666666664
0 0.21240234375 0.078125 0.0478515625 0.020833333333333332
7 0.18994140625 0.07552083333333333 0.3798828125 0.026041666666666668
2 0.18994140625 0.318359375 0.3798828125 0.08203125
7 0.072265625 0.3802083333333333 0.14453125 0.026041666666666668
7 0.18994140625 0.4375 0.3798828125 0.046875
7 0.18994140625 0.5104166666666666 0.3798828125 0.0390625
7 0.48876953125 0.005859375 0.2041015625 0.01171875
6 0.64990234375 0.005859375 0.1201171875 0.01171875
7 0.71923828125 0.005859375 0.0205078125 0.01171875
6 0.7822265625 0.005859375 0.107421875 0.01171875
7 0.876953125 0.005859375 0.083984375 0.01171875
2 0.42138671875 0.09505208333333333 0.0693359375 0.028645833333333332
7 0.541015625 0.13541666666666666 0.30859375 0.020833333333333332
6 0.74169921875 0.13541666666666666 0.0947265625 0.020833333333333332
7 0.69140625 0.16276041666666666 0.609375 0.07552083333333333
7 0.693359375 0.2701822916666667 0.61328125 0.11067708333333333
6 0.5263671875 0.35546875 0.236328125 0.020833333333333332
7 0.5126953125 0.4114583333333333 0.251953125 0.020833333333333332
6 0.68310546875 0.4114583333333333 0.0908203125 0.020833333333333332
7 0.7607421875 0.4114583333333333 0.064453125 0.020833333333333332
7 0.82421875 0.4114583333333333 0.064453125 0.020833333333333332
7 0.927734375 0.4114583333333333 0.14453125 0.020833333333333332
2 0.5400390625 0.5052083333333334 0.306640625 0.028645833333333332
0 0.0966796875 0.546875 0.041015625 0.033854166666666664
0 0.19091796875 0.546875 0.0791015625 0.033854166666666664
0 0.29736328125 0.546875 0.0654296875 0.033854166666666664
4 0.14794921875 0.7819010416666666 0.2958984375 0.4361979166666667
4 0.337890625 0.7819010416666666 0.083984375 0.4361979166666667
7 0.18994140625 0.7819010416666666 0.3798828125 0.4361979166666667
7 0.68994140625 0.548828125 0.6201171875 0.037760416666666664
7 0.46875 0.6223958333333334 0.130859375 0.0234375
0 0.46875 0.6223958333333334 0.146484375 0.046875
4 0.744140625 0.564453125 0.201171875 0.06901041666666667
4 0.921875 0.564453125 0.15625 0.06901041666666667
4 0.921875 0.7350260416666666 0.15625 0.2643229166666667
2 0.49560546875 0.7981770833333334 0.2314453125 0.11458333333333333
7 0.49560546875 0.9381510416666666 0.2314453125 0.12369791666666667
4 0.93359375 0.8385416666666666 0.1328125 0.1953125
0 0.93359375 0.8411458333333334 0.1328125 0.20052083333333334
7 0.99267578125 0.83984375 0.0146484375 0.0234375
0 0.98486328125 0.83984375 0.0302734375 0.046875