0 0.16748046875 0.040364583333333336 0.0986328125 0.0625
7 0.03857421875 0.4752604166666667 0.0771484375 0.015625
4 0.51611328125 0.15364583333333334 0.5322265625 0.3072916666666667
0 0.86328125 0.048177083333333336 0.103515625 0.0234375
0 0.9619140625 0.048177083333333336 0.076171875 0.0234375
7 0.90576171875 0.09505208333333333 0.1884765625 0.052083333333333336
4 0.82373046875 0.14973958333333334 0.0244140625 0.03125
4 0.85693359375 0.14973958333333334 0.0244140625 0.03125
4 0.89013671875 0.14973958333333334 0.0244140625 0.03125
4 0.92333984375 0.14973958333333334 0.0244140625 0.03125
4 0.35107421875 0.4518229166666667 0.2021484375 0.13541666666666666
4 0.63232421875 0.4518229166666667 0.3017578125 0.13541666666666666
0 0.63232421875 0.4518229166666667 0.3017578125 0.13541666666666666
4 0.90576171875 0.4518229166666667 0.1884765625 0.13541666666666666
7 0.08447265625 0.5475260416666666 0.1611328125 0.01953125
0 0.12109375 0.55078125 0.2421875 0.0625
4 0.2265625 0.5475260416666666 0.01171875 0.016927083333333332
7 0.08203125 0.6165364583333334 0.15625 0.01953125
0 0.12109375 0.6165364583333334 0.2421875 0.06901041666666667
4 0.2265625 0.6165364583333334 0.01171875 0.016927083333333332
2 0.4794921875 0.572265625 0.458984375 0.10546875
7 0.494140625 0.6080729166666666 0.48828125 0.17708333333333334
4 0.25390625 0.6529947916666666 0.0078125 0.014322916666666666
4 0.2666015625 0.6529947916666666 0.009765625 0.014322916666666666
4 0.2802734375 0.6529947916666666 0.009765625 0.014322916666666666
4 0.8701171875 0.6080729166666666 0.259765625 0.17708333333333334
7 0.92529296875 0.7376302083333334 0.0419921875 0.024739583333333332
0 0.9365234375 0.7376302083333334 0.103515625 0.045572916666666664
7 0.96240234375 0.7350260416666666 0.0126953125 0.014322916666666666
0 0.27392578125 0.7369791666666666 0.0478515625 0.044270833333333336
0 0.396484375 0.7369791666666666 0.158203125 0.044270833333333336
0 0.5283203125 0.7369791666666666 0.06640625 0.044270833333333336
0 0.68212890625 0.7369791666666666 0.2021484375 0.044270833333333336
0 0.83984375 0.7369791666666666 0.07421875 0.044270833333333336
4 0.419921875 0.9095052083333334 0.33984375 0.18098958333333334
0 0.419921875 0.9095052083333334 0.33984375 0.18098958333333334
4 0.80322265625 0.9095052083333334 0.3681640625 0.18098958333333334
0 0.80322265625 0.9095052083333334 0.3681640625 0.18098958333333334