2 0.23486328125 0.024739583333333332 0.4697265625 0.049479166666666664
1 0.23486328125 0.09114583333333333 0.4697265625 0.0625
7 0.34033203125 0.16276041666666666 0.0634765625 0.028645833333333332
1 0.34033203125 0.20442708333333334 0.2099609375 0.044270833333333336
1 0.34033203125 0.2552083333333333 0.2099609375 0.044270833333333336
1 0.34033203125 0.3059895833333333 0.2099609375 0.044270833333333336
1 0.34033203125 0.3567708333333333 0.2099609375 0.044270833333333336
1 0.34033203125 0.4075520833333333 0.2099609375 0.044270833333333336
7 0.34033203125 0.44921875 0.0771484375 0.020833333333333332
4 0.77490234375 0.2903645833333333 0.4501953125 0.3567708333333333
0 0.0234375 0.8235677083333334 0.0390625 0.08723958333333333
4 0.23486328125 0.7545572916666666 0.4697265625 0.4908854166666667
0 0.23486328125 0.7545572916666666 0.4697265625 0.4908854166666667
4 0.59619140625 0.634765625 0.2529296875 0.33203125
4 0.861328125 0.634765625 0.27734375 0.33203125
7 0.73486328125 0.634765625 0.5302734375 0.33203125
4 0.48291015625 0.8658854166666666 0.0263671875 0.09114583333333333
0 0.48291015625 0.8951822916666666 0.0263671875 0.17578125
7 0.48291015625 0.927734375 0.0263671875 0.032552083333333336
7 0.576171875 0.94140625 0.080078125 0.033854166666666664
0 0.576171875 0.8951822916666666 0.109375 0.17578125
7 0.576171875 0.9856770833333334 0.080078125 0.028645833333333332
7 0.576171875 0.927734375 0.109375 0.032552083333333336
4 0.7109375 0.8658854166666666 0.109375 0.09114583333333333
0 0.7109375 0.8951822916666666 0.109375 0.17578125
7 0.7109375 0.927734375 0.109375 0.032552083333333336
4 0.845703125 0.8658854166666666 0.109375 0.09114583333333333
0 0.845703125 0.8951822916666666 0.109375 0.17578125
7 0.845703125 0.927734375 0.109375 0.032552083333333336
7 0.97021484375 0.94140625 0.0595703125 0.033854166666666664
0 0.962890625 0.8951822916666666 0.07421875 0.17578125
7 0.97021484375 0.9856770833333334 0.0595703125 0.028645833333333332
7 0.962890625 0.927734375 0.07421875 0.032552083333333336