2 0.224609375 0.20963541666666666 0.44921875 0.4192708333333333
4 0.091796875 0.07552083333333333 0.18359375 0.15104166666666666
2 0.083984375 0.18359375 0.16796875 0.06770833333333333
7 0.091796875 0.2942708333333333 0.18359375 0.1171875
6 0.07275390625 0.3912760416666667 0.1455078125 0.045572916666666664
2 0.5927734375 0.18294270833333334 0.287109375 0.3658854166666667
2 0.62158203125 0.0625 0.3447265625 0.059895833333333336
7 0.6943359375 0.1796875 0.490234375 0.0625
0 0.48583984375 0.26953125 0.0732421875 0.06510416666666667
0 0.494140625 0.3404947916666667 0.08984375 0.05078125
4 0.64111328125 0.26953125 0.0498046875 0.06510416666666667
0 0.64111328125 0.26953125 0.1806640625 0.06510416666666667
0 0.64892578125 0.3404947916666667 0.1962890625 0.05078125
4 0.84912109375 0.26953125 0.0498046875 0.06510416666666667
0 0.849609375 0.26953125 0.1796875 0.06510416666666667
0 0.85791015625 0.3404947916666667 0.1962890625 0.05078125
2 0.1572265625 0.5026041666666666 0.314453125 0.03125
0 0.3935546875 0.5026041666666666 0.111328125 0.0625
4 0.12158203125 0.7975260416666666 0.2431640625 0.4049479166666667
7 0.36083984375 0.646484375 0.1767578125 0.032552083333333336
2 0.314453125 0.724609375 0.083984375 0.08463541666666667
2 0.40234375 0.724609375 0.09375 0.08463541666666667
2 0.34423828125 0.7975260416666666 0.1435546875 0.08463541666666667
7 0.36083984375 0.87890625 0.1767578125 0.0234375
6 0.32763671875 0.91015625 0.1103515625 0.0234375
0 0.32763671875 0.982421875 0.1103515625 0.03515625
2 0.755859375 0.42578125 0.42578125 0.013020833333333334
6 0.59716796875 0.4537760416666667 0.1083984375 0.016927083333333332
7 0.77392578125 0.4537760416666667 0.2470703125 0.016927083333333332
7 0.64013671875 0.4772135416666667 0.1943359375 0.016927083333333332
6 0.76513671875 0.4772135416666667 0.0576171875 0.016927083333333332
7 0.86572265625 0.4772135416666667 0.1455078125 0.016927083333333332
6 0.6015625 0.5006510416666666 0.1171875 0.016927083333333332
7 0.6611328125 0.5006510416666666 0.00390625 0.016927083333333332
2 0.755859375 0.55078125 0.42578125 0.033854166666666664
2 0.57470703125 0.6302083333333334 0.0634765625 0.08333333333333333
2 0.6376953125 0.6282552083333334 0.056640625 0.024739583333333332
7 0.755859375 0.6985677083333334 0.42578125 0.032552083333333336
0 0.580078125 0.7415364583333334 0.07421875 0.032552083333333336
0 0.7783203125 0.7454427083333334 0.056640625 0.024739583333333332
0 0.61572265625 0.76953125 0.1455078125 0.033854166666666664
0 0.7822265625 0.76953125 0.064453125 0.033854166666666664
0 0.59912109375 0.7981770833333334 0.1123046875 0.033854166666666664
0 0.80322265625 0.7981770833333334 0.1064453125 0.033854166666666664
0 0.6142578125 0.8255208333333334 0.142578125 0.033854166666666664
0 0.7880859375 0.8255208333333334 0.076171875 0.033854166666666664
0 0.5771484375 0.8541666666666666 0.068359375 0.033854166666666664
0 0.7880859375 0.8541666666666666 0.076171875 0.033854166666666664
0 0.572265625 0.8815104166666666 0.05859375 0.033854166666666664
0 0.79638671875 0.8815104166666666 0.0927734375 0.033854166666666664
0 0.5654296875 0.91015625 0.044921875 0.033854166666666664
6 0.615234375 0.9544270833333334 0.14453125 0.018229166666666668
7 0.6884765625 0.9544270833333334 0.00390625 0.018229166666666668