2 0.236328125 0.017578125 0.19921875 0.03515625
0 0.04443359375 0.06315104166666667 0.0478515625 0.032552083333333336
0 0.10693359375 0.06315104166666667 0.0361328125 0.032552083333333336
0 0.16650390625 0.06315104166666667 0.0419921875 0.032552083333333336
0 0.2216796875 0.06315104166666667 0.02734375 0.032552083333333336
0 0.2978515625 0.06315104166666667 0.083984375 0.032552083333333336
0 0.3818359375 0.06315104166666667 0.04296875 0.032552083333333336
0 0.4345703125 0.06315104166666667 0.021484375 0.032552083333333336
4 0.47412109375 0.061197916666666664 0.0166015625 0.015625
0 0.47412109375 0.06315104166666667 0.0166015625 0.032552083333333336
4 0.50634765625 0.061197916666666664 0.0068359375 0.015625
0 0.50634765625 0.06315104166666667 0.0068359375 0.032552083333333336
2 0.2548828125 0.2825520833333333 0.509765625 0.3333333333333333
7 0.009765625 0.171875 0.01953125 0.018229166666666668
0 0.009765625 0.171875 0.01953125 0.018229166666666668
7 0.08642578125 0.171875 0.0810546875 0.018229166666666668
0 0.08642578125 0.171875 0.0810546875 0.018229166666666668
6 0.05029296875 0.21744791666666666 0.0673828125 0.0234375
7 0.12646484375 0.21744791666666666 0.0634765625 0.0234375
7 0.19140625 0.21744791666666666 0.044921875 0.0234375
6 0.30126953125 0.21744791666666666 0.0576171875 0.0234375
7 0.3662109375 0.21744791666666666 0.05078125 0.0234375
7 0.42431640625 0.21744791666666666 0.0439453125 0.0234375
4 0.197265625 0.365234375 0.37109375 0.16796875
7 0.4560546875 0.3014322916666667 0.107421875 0.040364583333333336
4 0.7060546875 0.030598958333333332 0.392578125 0.061197916666666664
2 0.6123046875 0.008463541666666666 0.205078125 0.016927083333333332
7 0.6904296875 0.028645833333333332 0.361328125 0.026041666666666668
7 0.56201171875 0.06966145833333333 0.0556640625 0.032552083333333336
0 0.56884765625 0.06966145833333333 0.0830078125 0.032552083333333336
7 0.650390625 0.06966145833333333 0.068359375 0.032552083333333336
0 0.6572265625 0.06966145833333333 0.095703125 0.032552083333333336
7 0.73779296875 0.06966145833333333 0.0537109375 0.032552083333333336
0 0.74462890625 0.06966145833333333 0.0810546875 0.032552083333333336
7 0.81689453125 0.06966145833333333 0.0517578125 0.032552083333333336
0 0.82373046875 0.06966145833333333 0.0791015625 0.032552083333333336
2 0.6357421875 0.3795572916666667 0.251953125 0.048177083333333336
0 0.7548828125 0.28515625 0.490234375 0.328125
2 0.6357421875 0.4388020833333333 0.251953125 0.020833333333333332
4 0.0234375 0.4811197916666667 0.046875 0.06380208333333333
0 0.048828125 0.4811197916666667 0.09765625 0.06380208333333333
6 0.28466796875 0.4791666666666667 0.0634765625 0.026041666666666668
6 0.3828125 0.4791666666666667 0.03515625 0.026041666666666668
6 0.4794921875 0.4791666666666667 0.060546875 0.026041666666666668
2 0.17236328125 0.736328125 0.3447265625 0.3138020833333333
2 0.802734375 0.5286458333333334 0.39453125 0.07552083333333333
0 0.7412109375 0.6764322916666666 0.1875 0.07421875
0 0.93505859375 0.6764322916666666 0.1298828125 0.07421875
6 0.84375 0.765625 0.12890625 0.020833333333333332
7 0.54345703125 0.9615885416666666 0.0673828125 0.07682291666666667
7 0.7900390625 0.9615885416666666 0.419921875 0.07682291666666667
4 0.7548828125 0.9615885416666666 0.490234375 0.07682291666666667
7 0.82177734375 0.9947916666666666 0.3564453125 0.010416666666666666