2 0.189453125 0.061848958333333336 0.072265625 0.07942708333333333
2 0.3818359375 0.061848958333333336 0.314453125 0.07942708333333333
2 0.35986328125 0.14908854166666666 0.3232421875 0.07942708333333333
2 0.33056640625 0.2825520833333333 0.4169921875 0.07552083333333333
4 0.609375 0.13346354166666666 0.140625 0.2669270833333333
0 0.609375 0.13346354166666666 0.140625 0.2669270833333333
4 0.73779296875 0.09895833333333333 0.2392578125 0.19791666666666666
2 0.79833984375 0.052083333333333336 0.1982421875 0.078125
6 0.79833984375 0.14127604166666666 0.1982421875 0.06640625
7 0.76806640625 0.201171875 0.1376953125 0.040364583333333336
4 0.7099609375 0.23893229166666666 0.021484375 0.02734375
7 0.78076171875 0.23763020833333334 0.1103515625 0.016927083333333332
4 0.61279296875 0.3151041666666667 0.1142578125 0.07291666666666667
0 0.61279296875 0.3391927083333333 0.1142578125 0.12109375
2 0.61279296875 0.3782552083333333 0.1142578125 0.04296875
4 0.73583984375 0.3151041666666667 0.1142578125 0.07291666666666667
0 0.73583984375 0.3391927083333333 0.1142578125 0.12109375
2 0.73583984375 0.3782552083333333 0.1142578125 0.04296875
4 0.85888671875 0.3151041666666667 0.1142578125 0.07291666666666667
0 0.85888671875 0.3391927083333333 0.1142578125 0.12109375
2 0.85888671875 0.3782552083333333 0.1142578125 0.04296875
7 0.96630859375 0.018229166666666668 0.0166015625 0.020833333333333332
0 0.97900390625 0.018229166666666668 0.0419921875 0.020833333333333332
7 0.98779296875 0.017578125 0.0244140625 0.01953125
7 0.96630859375 0.053385416666666664 0.0166015625 0.020833333333333332
0 0.97900390625 0.053385416666666664 0.0419921875 0.020833333333333332
7 0.98779296875 0.052734375 0.0244140625 0.01953125
7 0.96630859375 0.08854166666666667 0.0166015625 0.020833333333333332
0 0.97900390625 0.08854166666666667 0.0419921875 0.020833333333333332
7 0.98779296875 0.087890625 0.0244140625 0.01953125
7 0.96630859375 0.12369791666666667 0.0166015625 0.020833333333333332
0 0.97900390625 0.12369791666666667 0.0419921875 0.020833333333333332
7 0.98779296875 0.123046875 0.0244140625 0.01953125
7 0.96630859375 0.15885416666666666 0.0166015625 0.020833333333333332
0 0.97900390625 0.15885416666666666 0.0419921875 0.020833333333333332
2 0.26953125 0.4361979166666667 0.5390625 0.0625
7 0.26953125 0.513671875 0.5390625 0.05078125
7 0.19580078125 0.638671875 0.2470703125 0.032552083333333336
0 0.20703125 0.6393229166666666 0.36328125 0.08854166666666667
4 0.26953125 0.8795572916666666 0.5390625 0.24088541666666666
2 0.572265625 0.4453125 0.06640625 0.09114583333333333
0 0.67626953125 0.4609375 0.1064453125 0.0546875
0 0.783203125 0.4609375 0.109375 0.0546875
0 0.89453125 0.4609375 0.115234375 0.0546875
0 0.9755859375 0.4609375 0.048828125 0.0546875
4 0.572265625 0.5091145833333334 0.06640625 0.041666666666666664
2 0.76953125 0.5774739583333334 0.4609375 0.04296875
2 0.56103515625 0.580078125 0.0439453125 0.022135416666666668
2 0.58984375 0.5787760416666666 0.013671875 0.016927083333333332
0 0.5625 0.6438802083333334 0.046875 0.040364583333333336
0 0.5625 0.69921875 0.046875 0.06770833333333333
0 0.5625 0.7545572916666666 0.046875 0.040364583333333336
0 0.5625 0.7962239583333334 0.046875 0.040364583333333336
0 0.5625 0.837890625 0.046875 0.040364583333333336
0 0.5625 0.8932291666666666 0.046875 0.06770833333333333
0 0.5625 0.9485677083333334 0.046875 0.040364583333333336
2 0.82666015625 0.5911458333333334 0.3466796875 0.044270833333333336
2 0.6572265625 0.57421875 0.009765625 0.013020833333333334
0 0.826171875 0.5904947916666666 0.34765625 0.06380208333333333
2 0.826171875 0.5891927083333334 0.34765625 0.061197916666666664
7 0.6904296875 0.6360677083333334 0.07421875 0.01953125
7 0.73095703125 0.6360677083333334 0.0068359375 0.01953125
0 0.75439453125 0.63671875 0.0419921875 0.020833333333333332
7 0.7705078125 0.7024739583333334 0.234375 0.022135416666666668
0 0.943359375 0.703125 0.11328125 0.0234375
7 0.82666015625 0.7161458333333334 0.3466796875 0.049479166666666664
0 0.82666015625 0.744140625 0.3466796875 0.05078125
7 0.82666015625 0.7845052083333334 0.3466796875 0.07682291666666667
7 0.92138671875 0.8118489583333334 0.0869140625 0.022135416666666668
7 0.96630859375 0.8118489583333334 0.0048828125 0.022135416666666668
2 0.6572265625 0.8828125 0.009765625 0.013020833333333334
0 0.826171875 0.8990885416666666 0.34765625 0.06380208333333333
2 0.826171875 0.8977864583333334 0.34765625 0.061197916666666664
7 0.6875 0.9446614583333334 0.068359375 0.01953125
7 0.72412109375 0.9446614583333334 0.0068359375 0.01953125
0 0.7470703125 0.9453125 0.041015625 0.020833333333333332
2 0.6572265625 0.9973958333333334 0.009765625 0.005208333333333333
0 0.826171875 0.9928385416666666 0.34765625 0.014322916666666666
2 0.83447265625 0.9928385416666666 0.3310546875 0.014322916666666666