2 0.21923828125 0.037760416666666664 0.3232421875 0.07552083333333333
2 0.2197265625 0.16927083333333334 0.439453125 0.07552083333333333
0 0.1171875 0.3170572916666667 0.1875 0.07421875
0 0.3310546875 0.3170572916666667 0.169921875 0.07421875
6 0.2197265625 0.40625 0.12890625 0.020833333333333332
3 0.68896484375 0.02734375 0.4990234375 0.0546875
2 0.58544921875 0.2708333333333333 0.2919921875 0.018229166666666668
0 0.5947265625 0.20768229166666666 0.310546875 0.2669270833333333
2 0.57470703125 0.3040364583333333 0.2705078125 0.02734375
0 0.5947265625 0.380859375 0.310546875 0.07682291666666667
2 0.8818359375 0.23567708333333334 0.236328125 0.018229166666666668
0 0.87451171875 0.20768229166666666 0.2509765625 0.2669270833333333
2 0.8818359375 0.2864583333333333 0.236328125 0.0625
1 0.1123046875 0.4303385416666667 0.224609375 0.022135416666666668
1 0.1123046875 0.4303385416666667 0.224609375 0.022135416666666668
4 0.251953125 0.4212239583333333 0.0078125 0.00390625
0 0.2734375 0.423828125 0.05078125 0.009114583333333334
7 0.27734375 0.4264322916666667 0.04296875 0.014322916666666666
0 0.3310546875 0.4381510416666667 0.044921875 0.037760416666666664
7 0.41259765625 0.4264322916666667 0.0478515625 0.014322916666666666
0 0.396484375 0.4381510416666667 0.0859375 0.037760416666666664
7 0.03515625 0.482421875 0.0703125 0.02734375
0 0.05517578125 0.482421875 0.1103515625 0.05078125
7 0.25634765625 0.482421875 0.1708984375 0.02734375
0 0.24560546875 0.482421875 0.2724609375 0.05078125
0 0.41015625 0.482421875 0.05859375 0.05078125
1 0.35302734375 0.7076822916666666 0.1728515625 0.053385416666666664
1 0.35302734375 0.7701822916666666 0.1728515625 0.053385416666666664
7 0.390625 0.833984375 0.09765625 0.02734375
0 0.35302734375 0.8326822916666666 0.1728515625 0.053385416666666664
7 0.35302734375 0.8834635416666666 0.1728515625 0.029947916666666668
4 0.29052734375 0.9342447916666666 0.0244140625 0.032552083333333336
0 0.35302734375 0.9342447916666666 0.1728515625 0.053385416666666664
7 0.38232421875 0.9329427083333334 0.1142578125 0.024739583333333332
3 0.35302734375 0.9342447916666666 0.1728515625 0.053385416666666664
4 0.29248046875 0.9921875 0.0205078125 0.015625
0 0.35302734375 0.9850260416666666 0.1728515625 0.029947916666666668
7 0.3955078125 0.9921875 0.087890625 0.015625
4 0.2197265625 0.7096354166666666 0.439453125 0.5807291666666666
4 0.2197265625 0.7096354166666666 0.439453125 0.5807291666666666
4 0.2197265625 0.7096354166666666 0.439453125 0.5807291666666666
0 0.4716796875 0.4446614583333333 0.046875 0.05078125
0 0.544921875 0.4446614583333333 0.052734375 0.05078125
0 0.62744140625 0.4446614583333333 0.0654296875 0.05078125
0 0.70263671875 0.4446614583333333 0.0380859375 0.05078125
0 0.85400390625 0.4446614583333333 0.0537109375 0.05078125
0 0.92333984375 0.4446614583333333 0.0380859375 0.05078125
2 0.7197265625 0.6940104166666666 0.560546875 0.15885416666666666
7 0.7197265625 0.880859375 0.560546875 0.13671875