3 0.2548828125 0.08854166666666667 0.509765625 0.17708333333333334
2 0.13916015625 0.2545572916666667 0.2783203125 0.11067708333333333
0 0.33447265625 0.2513020833333333 0.1201171875 0.03125
4 0.44970703125 0.28125 0.1083984375 0.17447916666666666
0 0.4521484375 0.2513020833333333 0.115234375 0.11979166666666667
6 0.01953125 0.34765625 0.0390625 0.03125
6 0.1240234375 0.34765625 0.0546875 0.03125
6 0.23046875 0.34765625 0.04296875 0.03125
6 0.33447265625 0.34765625 0.0498046875 0.03125
4 0.427734375 0.34765625 0.021484375 0.028645833333333332
0 0.4423828125 0.34765625 0.099609375 0.044270833333333336
7 0.455078125 0.34765625 0.025390625 0.03125
0 0.11279296875 0.392578125 0.2255859375 0.05859375
7 0.056640625 0.3938802083333333 0.11328125 0.032552083333333336
6 0.294921875 0.392578125 0.099609375 0.05859375
6 0.42333984375 0.392578125 0.0771484375 0.05859375
2 0.3720703125 0.4407552083333333 0.275390625 0.045572916666666664
2 0.39599609375 0.5162760416666666 0.2275390625 0.02734375
0 0.3720703125 0.505859375 0.275390625 0.048177083333333336
3 0.2548828125 0.2649739583333333 0.509765625 0.5299479166666666
7 0.7548828125 0.4993489583333333 0.490234375 0.040364583333333336
0 0.08740234375 0.6529947916666666 0.1748046875 0.048177083333333336
7 0.08447265625 0.6529947916666666 0.1318359375 0.05859375
4 0.16259765625 0.654296875 0.0244140625 0.032552083333333336
4 0.2548828125 0.8424479166666666 0.509765625 0.3151041666666667
4 0.7548828125 0.701171875 0.490234375 0.3424479166666667