2 0.3896484375 0.049479166666666664 0.462890625 0.09895833333333333
0 0.0546875 0.040364583333333336 0.109375 0.03125
0 0.6435546875 0.040364583333333336 0.052734375 0.03125
0 0.0087890625 0.13671875 0.017578125 0.0390625
7 0.00390625 0.13671875 0.0078125 0.03125
6 0.06201171875 0.13671875 0.0419921875 0.03125
6 0.15087890625 0.13671875 0.0205078125 0.03125
6 0.244140625 0.13671875 0.05078125 0.03125
6 0.3544921875 0.13671875 0.0546875 0.03125
6 0.466796875 0.13671875 0.0546875 0.03125
6 0.5732421875 0.13671875 0.04296875 0.03125
6 0.6611328125 0.13671875 0.017578125 0.03125
4 0.021484375 0.18359375 0.04296875 0.033854166666666664
0 0.0302734375 0.181640625 0.060546875 0.061197916666666664
4 0.080078125 0.181640625 0.01953125 0.022135416666666668
0 0.10400390625 0.181640625 0.0869140625 0.040364583333333336
7 0.1162109375 0.181640625 0.04296875 0.032552083333333336
7 0.197265625 0.18294270833333334 0.048828125 0.032552083333333336
0 0.3583984375 0.181640625 0.419921875 0.05859375
7 0.33837890625 0.18294270833333334 0.2353515625 0.032552083333333336
6 0.62890625 0.181640625 0.08203125 0.05859375
4 0.31494140625 0.4010416666666667 0.4873046875 0.4166666666666667
0 0.31494140625 0.4016927083333333 0.4853515625 0.4153645833333333
2 0.02685546875 0.3893229166666667 0.0537109375 0.049479166666666664
0 0.02685546875 0.3802083333333333 0.0537109375 0.0859375
2 0.02685546875 0.564453125 0.0537109375 0.08984375
0 0.02685546875 0.55078125 0.0537109375 0.1171875
2 0.62353515625 0.22981770833333334 0.0927734375 0.045572916666666664
0 0.62353515625 0.3092447916666667 0.0927734375 0.07682291666666667
0 0.62353515625 0.3873697916666667 0.0927734375 0.07682291666666667
0 0.62353515625 0.4654947916666667 0.0927734375 0.07682291666666667
2 0.6474609375 0.5436197916666666 0.044921875 0.016927083333333332
0 0.62353515625 0.5436197916666666 0.0927734375 0.07682291666666667
3 0.3349609375 0.3046875 0.669921875 0.609375
4 0.8349609375 0.19205729166666666 0.330078125 0.3841145833333333
2 0.8466796875 0.061848958333333336 0.306640625 0.12369791666666667
7 0.8466796875 0.193359375 0.306640625 0.10286458333333333
2 0.8466796875 0.4518229166666667 0.306640625 0.057291666666666664
7 0.8466796875 0.55078125 0.306640625 0.1015625
0 0.03955078125 0.6263020833333334 0.0791015625 0.033854166666666664
2 0.03955078125 0.6302083333333334 0.0791015625 0.026041666666666668
7 0.14013671875 0.619140625 0.0322265625 0.01953125
6 0.2802734375 0.6158854166666666 0.03125 0.013020833333333334
4 0.62255859375 0.619140625 0.0185546875 0.01953125
0 0.62255859375 0.619140625 0.0185546875 0.01953125
4 0.646484375 0.619140625 0.009765625 0.01953125
0 0.646484375 0.619140625 0.009765625 0.01953125
7 0.318359375 0.8430989583333334 0.18359375 0.053385416666666664
7 0.54833984375 0.8424479166666666 0.2119140625 0.026041666666666668
2 0.8349609375 0.7434895833333334 0.330078125 0.2682291666666667
7 0.69140625 0.9791666666666666 0.04296875 0.036458333333333336
0 0.81201171875 0.9700520833333334 0.2841796875 0.059895833333333336
4 0.9267578125 0.9791666666666666 0.0234375 0.03125