6 0.30810546875 0.09895833333333333 0.1826171875 0.018229166666666668
6 0.4404296875 0.09895833333333333 0.0390625 0.018229166666666668
1 0.0625 0.14192708333333334 0.125 0.044270833333333336
6 0.26611328125 0.15625 0.1005859375 0.020833333333333332
6 0.36328125 0.15625 0.017578125 0.020833333333333332
6 0.4306640625 0.15625 0.0390625 0.020833333333333332
6 0.033203125 0.220703125 0.06640625 0.01953125
6 0.11767578125 0.220703125 0.0830078125 0.01953125
6 0.23046875 0.220703125 0.125 0.01953125
7 0.255859375 0.3561197916666667 0.267578125 0.3059895833333333
0 0.255859375 0.3561197916666667 0.267578125 0.3059895833333333
2 0.2568359375 0.4850260416666667 0.20703125 0.048177083333333336
7 0.42529296875 0.3561197916666667 0.0693359375 0.3059895833333333
0 0.42529296875 0.3561197916666667 0.0693359375 0.3059895833333333
2 0.859375 0.22981770833333334 0.28125 0.09765625
2 0.78759765625 0.330078125 0.4248046875 0.09765625
2 0.7880859375 0.4192708333333333 0.423828125 0.08333333333333333
7 0.021484375 0.5143229166666666 0.04296875 0.010416666666666666
0 0.0244140625 0.583984375 0.048828125 0.07421875
7 0.021484375 0.6002604166666666 0.04296875 0.013020833333333334
0 0.0244140625 0.6712239583333334 0.048828125 0.07421875
7 0.021484375 0.6875 0.04296875 0.013020833333333334
0 0.0244140625 0.7584635416666666 0.048828125 0.07421875
7 0.021484375 0.7747395833333334 0.04296875 0.013020833333333334
0 0.025390625 0.556640625 0.05078125 0.037760416666666664
7 0.02587890625 0.5572916666666666 0.0341796875 0.0234375
7 0.09765625 0.5559895833333334 0.060546875 0.028645833333333332
0 0.11328125 0.556640625 0.11328125 0.037760416666666664
7 0.14501953125 0.5572916666666666 0.0341796875 0.0234375
7 0.212890625 0.5559895833333334 0.052734375 0.028645833333333332
0 0.228515625 0.556640625 0.10546875 0.037760416666666664
7 0.25634765625 0.5572916666666666 0.0341796875 0.0234375
7 0.326171875 0.5559895833333334 0.056640625 0.028645833333333332
0 0.341796875 0.556640625 0.109375 0.037760416666666664
7 0.37158203125 0.5572916666666666 0.0341796875 0.0234375
7 0.02392578125 0.6041666666666666 0.0361328125 0.028645833333333332
0 0.0419921875 0.6048177083333334 0.083984375 0.037760416666666664
7 0.05908203125 0.60546875 0.0341796875 0.0234375
7 0.1298828125 0.6041666666666666 0.05859375 0.028645833333333332
0 0.1455078125 0.6048177083333334 0.111328125 0.037760416666666664
7 0.17626953125 0.60546875 0.0341796875 0.0234375
7 0.25244140625 0.6041666666666666 0.0693359375 0.028645833333333332
0 0.26806640625 0.6048177083333334 0.1220703125 0.037760416666666664
7 0.30419921875 0.60546875 0.0341796875 0.0234375
7 0.369140625 0.6041666666666666 0.046875 0.028645833333333332
0 0.384765625 0.6048177083333334 0.099609375 0.037760416666666664
7 0.40966796875 0.60546875 0.0341796875 0.0234375
7 0.0078125 0.6536458333333334 0.015625 0.0234375
7 0.06201171875 0.65234375 0.0439453125 0.028645833333333332
0 0.072265625 0.6529947916666666 0.0859375 0.037760416666666664
7 0.095703125 0.6536458333333334 0.0234375 0.0234375
7 0.15576171875 0.65234375 0.0478515625 0.028645833333333332
0 0.166015625 0.6529947916666666 0.08984375 0.037760416666666664
7 0.19140625 0.6536458333333334 0.0234375 0.0234375
7 0.25927734375 0.65234375 0.0634765625 0.028645833333333332
0 0.26953125 0.6529947916666666 0.10546875 0.037760416666666664
7 0.302734375 0.6536458333333334 0.0234375 0.0234375
7 0.38623046875 0.65234375 0.0947265625 0.028645833333333332
0 0.39404296875 0.6529947916666666 0.1318359375 0.037760416666666664
7 0.4453125 0.6536458333333334 0.0234375 0.0234375
7 0.013671875 0.7005208333333334 0.02734375 0.028645833333333332
0 0.029296875 0.701171875 0.05859375 0.037760416666666664
7 0.0390625 0.7018229166666666 0.0234375 0.0234375
7 0.1123046875 0.7005208333333334 0.07421875 0.028645833333333332
0 0.12255859375 0.701171875 0.1162109375 0.037760416666666664
7 0.1611328125 0.7018229166666666 0.0234375 0.0234375
7 0.2373046875 0.7005208333333334 0.080078125 0.028645833333333332
0 0.24755859375 0.701171875 0.1220703125 0.037760416666666664
7 0.2890625 0.7018229166666666 0.0234375 0.0234375
7 0.33740234375 0.7005208333333334 0.0244140625 0.028645833333333332
0 0.34765625 0.701171875 0.06640625 0.037760416666666664
7 0.361328125 0.7018229166666666 0.0234375 0.0234375
7 0.0146484375 0.7486979166666666 0.029296875 0.028645833333333332
0 0.0302734375 0.7493489583333334 0.060546875 0.037760416666666664
7 0.041015625 0.75 0.0234375 0.0234375
7 0.12939453125 0.7486979166666666 0.1044921875 0.028645833333333332
0 0.1396484375 0.7493489583333334 0.146484375 0.037760416666666664
7 0.193359375 0.75 0.0234375 0.0234375
7 0.26025390625 0.7486979166666666 0.0615234375 0.028645833333333332
0 0.2705078125 0.7493489583333334 0.103515625 0.037760416666666664
7 0.302734375 0.75 0.0234375 0.0234375
7 0.38134765625 0.7486979166666666 0.0849609375 0.028645833333333332
0 0.3916015625 0.7493489583333334 0.126953125 0.037760416666666664
7 0.435546875 0.75 0.0234375 0.0234375
7 0.00439453125 0.7981770833333334 0.0087890625 0.0234375
7 0.087890625 0.796875 0.109375 0.028645833333333332
0 0.09814453125 0.7975260416666666 0.1513671875 0.037760416666666664
7 0.154296875 0.7981770833333334 0.0234375 0.0234375
7 0.20703125 0.796875 0.033203125 0.028645833333333332
0 0.21728515625 0.7975260416666666 0.0751953125 0.037760416666666664
7 0.2353515625 0.7981770833333334 0.0234375 0.0234375
7 0.294921875 0.796875 0.046875 0.028645833333333332
0 0.30517578125 0.7975260416666666 0.0888671875 0.037760416666666664
7 0.330078125 0.7981770833333334 0.0234375 0.0234375
7 0.02392578125 0.8450520833333334 0.0478515625 0.028645833333333332
0 0.03955078125 0.845703125 0.0791015625 0.037760416666666664
7 0.0595703125 0.8463541666666666 0.0234375 0.0234375
7 0.11279296875 0.8450520833333334 0.0341796875 0.028645833333333332
0 0.123046875 0.845703125 0.076171875 0.037760416666666664
7 0.1416015625 0.8463541666666666 0.0234375 0.0234375
7 0.2119140625 0.8450520833333334 0.068359375 0.028645833333333332
0 0.22216796875 0.845703125 0.1103515625 0.037760416666666664
7 0.2578125 0.8463541666666666 0.0234375 0.0234375
7 0.353515625 0.8450520833333334 0.119140625 0.028645833333333332
0 0.36376953125 0.845703125 0.1611328125 0.037760416666666664
7 0.4248046875 0.8463541666666666 0.0234375 0.0234375
7 0.04833984375 0.8932291666666666 0.0654296875 0.028645833333333332
0 0.05859375 0.8938802083333334 0.107421875 0.037760416666666664
7 0.0927734375 0.89453125 0.0234375 0.0234375
7 0.15478515625 0.8932291666666666 0.0517578125 0.028645833333333332
0 0.1611328125 0.8938802083333334 0.0859375 0.037760416666666664
7 0.1884765625 0.89453125 0.015625 0.0234375
7 0.2578125 0.8932291666666666 0.07421875 0.028645833333333332
0 0.26416015625 0.8938802083333334 0.1083984375 0.037760416666666664
7 0.302734375 0.89453125 0.015625 0.0234375
7 0.38818359375 0.8932291666666666 0.1064453125 0.028645833333333332
0 0.39208984375 0.8938802083333334 0.1357421875 0.037760416666666664
7 0.44921875 0.89453125 0.015625 0.0234375
7 0.03173828125 0.6028645833333334 0.0634765625 0.028645833333333332
0 0.01953125 0.6588541666666666 0.0390625 0.057291666666666664
0 0.3095703125 0.6614583333333334 0.0234375 0.028645833333333332
0 0.337890625 0.6614583333333334 0.02734375 0.036458333333333336
0 0.3681640625 0.6614583333333334 0.02734375 0.036458333333333336
0 0.3984375 0.6614583333333334 0.02734375 0.036458333333333336
0 0.43017578125 0.6614583333333334 0.0302734375 0.036458333333333336
7 0.29345703125 0.7298177083333334 0.0419921875 0.01953125
0 0.27783203125 0.7298177083333334 0.0732421875 0.022135416666666668
3 0.40380859375 0.8502604166666666 0.1123046875 0.2994791666666667
6 0.5654296875 0.5559895833333334 0.2109375 0.020833333333333332