6 0.13232421875 0.026041666666666668 0.2646484375 0.052083333333333336
6 0.1220703125 0.11848958333333333 0.244140625 0.08072916666666667
6 0.12890625 0.23893229166666666 0.2578125 0.10807291666666667
7 0.017578125 0.279296875 0.03515625 0.022135416666666668
6 0.1318359375 0.345703125 0.263671875 0.053385416666666664
7 0.224609375 0.3587239583333333 0.04296875 0.022135416666666668
6 0.3251953125 0.14127604166666666 0.068359375 0.11588541666666667
6 0.07470703125 0.4225260416666667 0.1494140625 0.022135416666666668
6 0.0751953125 0.4537760416666667 0.150390625 0.022135416666666668
6 0.064453125 0.4850260416666667 0.12890625 0.022135416666666668
6 0.06787109375 0.5319010416666666 0.1357421875 0.053385416666666664
6 0.09326171875 0.5631510416666666 0.1865234375 0.053385416666666664
6 0.0849609375 0.5787760416666666 0.169921875 0.022135416666666668
0 0.3212890625 0.4231770833333333 0.076171875 0.036458333333333336
0 0.3212890625 0.4231770833333333 0.076171875 0.036458333333333336
4 0.09130859375 0.54296875 0.1826171875 0.11197916666666667
4 0.2802734375 0.54296875 0.158203125 0.11197916666666667
2 0.58251953125 0.060546875 0.4052734375 0.07682291666666667
2 0.6240234375 0.11848958333333333 0.48828125 0.0390625
6 0.42333984375 0.18880208333333334 0.0830078125 0.033854166666666664
6 0.5341796875 0.18880208333333334 0.06640625 0.033854166666666664
6 0.66650390625 0.18880208333333334 0.1259765625 0.033854166666666664
6 0.830078125 0.18880208333333334 0.12890625 0.033854166666666664
6 0.462890625 0.42578125 0.126953125 0.0234375
2 0.478515625 0.4661458333333333 0.158203125 0.036458333333333336
6 0.4658203125 0.5013020833333334 0.1328125 0.03125
4 0.61279296875 0.419921875 0.4658203125 0.3580729166666667
2 0.95458984375 0.2526041666666667 0.0908203125 0.0234375
4 0.95068359375 0.3190104166666667 0.0830078125 0.08333333333333333
4 0.95068359375 0.419921875 0.0830078125 0.08463541666666667
4 0.95068359375 0.5436197916666666 0.0830078125 0.08463541666666667
4 0.3759765625 0.4544270833333333 0.02734375 0.036458333333333336
4 0.8466796875 0.4544270833333333 0.02734375 0.036458333333333336
4 0.26171875 0.68359375 0.1953125 0.16927083333333334
2 0.51123046875 0.6321614583333334 0.3037109375 0.06640625
0 0.51123046875 0.6490885416666666 0.3037109375 0.024739583333333332
4 0.51123046875 0.8072916666666666 0.3037109375 0.2578125
0 0.51123046875 0.8072916666666666 0.3037109375 0.2578125
2 0.49853515625 0.970703125 0.2783203125 0.05859375
0 0.51123046875 0.9720052083333334 0.3037109375 0.055989583333333336
4 0.83203125 0.6432291666666666 0.30078125 0.08854166666666667
0 0.83203125 0.6432291666666666 0.30078125 0.08854166666666667
7 0.72119140625 0.6614583333333334 0.0791015625 0.052083333333333336
2 0.8271484375 0.7115885416666666 0.291015625 0.037760416666666664
0 0.83203125 0.7115885416666666 0.30078125 0.032552083333333336
2 0.8251953125 0.7584635416666666 0.287109375 0.02734375
0 0.83203125 0.7591145833333334 0.30078125 0.026041666666666668
2 0.8203125 0.802734375 0.27734375 0.02734375
0 0.83203125 0.8033854166666666 0.30078125 0.026041666666666668
2 0.81640625 0.859375 0.26953125 0.052083333333333336
0 0.83203125 0.8600260416666666 0.30078125 0.05078125
2 0.8125 0.916015625 0.26171875 0.02734375
0 0.83203125 0.9166666666666666 0.30078125 0.026041666666666668
2 0.82861328125 0.97265625 0.2939453125 0.052083333333333336
0 0.83203125 0.9733072916666666 0.30078125 0.05078125
3 0.6796875 0.7994791666666666 0.640625 0.4010416666666667
3 0.6796875 0.7994791666666666 0.640625 0.4010416666666667