4 0.12158203125 0.07486979166666667 0.2431640625 0.14973958333333334
6 0.416015625 0.02734375 0.333984375 0.0546875
4 0.12158203125 0.07486979166666667 0.2431640625 0.14973958333333334
6 0.40576171875 0.12109375 0.3134765625 0.08072916666666667
4 0.12158203125 0.07486979166666667 0.2431640625 0.14973958333333334
6 0.41259765625 0.24153645833333334 0.3271484375 0.10807291666666667
7 0.33203125 0.2819010416666667 0.04296875 0.022135416666666668
4 0.12158203125 0.07486979166666667 0.2431640625 0.14973958333333334
6 0.41552734375 0.3483072916666667 0.3330078125 0.053385416666666664
7 0.54296875 0.361328125 0.04296875 0.022135416666666668
4 0.12158203125 0.07486979166666667 0.2431640625 0.14973958333333334
4 0.712890625 0.033854166666666664 0.20703125 0.06770833333333333
0 0.712890625 0.033854166666666664 0.20703125 0.06770833333333333
6 0.70947265625 0.14388020833333334 0.2001953125 0.11588541666666667
6 0.23388671875 0.4251302083333333 0.4677734375 0.022135416666666668
6 0.234375 0.4563802083333333 0.46875 0.022135416666666668
6 0.2236328125 0.4876302083333333 0.447265625 0.022135416666666668
6 0.22705078125 0.5188802083333334 0.4541015625 0.022135416666666668
0 0.6572265625 0.42578125 0.111328125 0.036458333333333336
0 0.65625 0.42578125 0.109375 0.036458333333333336
0 0.767578125 0.42578125 0.103515625 0.036458333333333336
0 0.767578125 0.42578125 0.103515625 0.036458333333333336
4 0.3466796875 0.509765625 0.30859375 0.040364583333333336
4 0.66943359375 0.509765625 0.2998046875 0.040364583333333336
0 0.91015625 0.01171875 0.1796875 0.0234375
6 0.85009765625 0.049479166666666664 0.0439453125 0.018229166666666668
0 0.91015625 0.050130208333333336 0.1796875 0.053385416666666664
6 0.90087890625 0.041666666666666664 0.0576171875 0.015625
7 0.93603515625 0.048828125 0.1279296875 0.040364583333333336
6 0.85009765625 0.11002604166666667 0.0439453125 0.016927083333333332
0 0.91015625 0.11067708333333333 0.1796875 0.0703125
6 0.8974609375 0.09375 0.05078125 0.015625
7 0.93603515625 0.11002604166666667 0.1279296875 0.05859375
6 0.85009765625 0.17903645833333334 0.0439453125 0.016927083333333332
0 0.91015625 0.1796875 0.1796875 0.0703125
6 0.8974609375 0.16276041666666666 0.05078125 0.015625
7 0.93603515625 0.17903645833333334 0.1279296875 0.05859375
6 0.85009765625 0.23958333333333334 0.0439453125 0.018229166666666668
0 0.91015625 0.240234375 0.1796875 0.053385416666666664
6 0.8974609375 0.23307291666666666 0.05078125 0.015625
7 0.93603515625 0.240234375 0.1279296875 0.040364583333333336
6 0.85009765625 0.30078125 0.0439453125 0.018229166666666668
0 0.91015625 0.3014322916666667 0.1796875 0.06901041666666667
6 0.8974609375 0.2845052083333333 0.05078125 0.014322916666666666
7 0.93603515625 0.30078125 0.1279296875 0.057291666666666664
6 0.85009765625 0.3619791666666667 0.0439453125 0.018229166666666668
0 0.91015625 0.3626302083333333 0.1796875 0.053385416666666664
7 0.93603515625 0.361328125 0.1279296875 0.037760416666666664
6 0.85009765625 0.4225260416666667 0.0439453125 0.016927083333333332
0 0.91015625 0.4231770833333333 0.1796875 0.0703125
7 0.93603515625 0.4225260416666667 0.1279296875 0.055989583333333336
6 0.85009765625 0.4830729166666667 0.0439453125 0.018229166666666668
0 0.91015625 0.4837239583333333 0.1796875 0.053385416666666664
6 0.8974609375 0.4765625 0.05078125 0.015625
7 0.93603515625 0.4837239583333333 0.1279296875 0.040364583333333336
3 0.90966796875 0.25 0.1806640625 0.1171875
6 0.8486328125 0.3834635416666667 0.037109375 0.01953125
6 0.89404296875 0.3834635416666667 0.0263671875 0.01953125
6 0.947265625 0.3834635416666667 0.052734375 0.01953125
6 0.99365234375 0.3834635416666667 0.0126953125 0.01953125
4 0.9560546875 0.025390625 0.03125 0.04296875
4 0.10400390625 0.6217447916666666 0.2080078125 0.029947916666666668
0 0.17724609375 0.6282552083333334 0.3544921875 0.04296875
7 0.125 0.70703125 0.25 0.059895833333333336
0 0.17724609375 0.7083333333333334 0.3544921875 0.09375
7 0.16015625 0.8138020833333334 0.3203125 0.08854166666666667
0 0.17724609375 0.81640625 0.3544921875 0.125
7 0.1416015625 0.921875 0.283203125 0.057291666666666664
0 0.17724609375 0.9244791666666666 0.3544921875 0.09375
0 0.17724609375 0.9850260416666666 0.3544921875 0.029947916666666668
2 0.72119140625 0.5963541666666666 0.1962890625 0.03125