2 0.2998046875 0.23958333333333334 0.599609375 0.4791666666666667
2 0.2998046875 0.23958333333333334 0.599609375 0.4791666666666667
2 0.2998046875 0.034505208333333336 0.599609375 0.06901041666666667
2 0.2998046875 0.12109375 0.599609375 0.10416666666666667
7 0.2998046875 0.22916666666666666 0.599609375 0.033854166666666664
0 0.2236328125 0.337890625 0.208984375 0.06640625
7 0.68994140625 0.045572916666666664 0.1806640625 0.020833333333333332
6 0.814453125 0.045572916666666664 0.068359375 0.020833333333333332
7 0.8984375 0.045572916666666664 0.099609375 0.020833333333333332
7 0.7998046875 0.24348958333333334 0.400390625 0.4713541666666667
4 0.7998046875 0.24348958333333334 0.400390625 0.4713541666666667
2 0.67626953125 0.19010416666666666 0.1533203125 0.078125
2 0.2421875 0.8938802083333334 0.484375 0.08984375
4 0.74267578125 0.5188802083333334 0.2861328125 0.07942708333333333
7 0.73095703125 0.5826822916666666 0.2626953125 0.02734375
0 0.61474609375 0.6328125 0.0302734375 0.044270833333333336
0 0.69091796875 0.6328125 0.1220703125 0.044270833333333336
0 0.810546875 0.6328125 0.1171875 0.044270833333333336
0 0.90185546875 0.6328125 0.0654296875 0.044270833333333336
0 0.61669921875 0.6770833333333334 0.0341796875 0.044270833333333336
0 0.66748046875 0.6770833333333334 0.0673828125 0.044270833333333336
0 0.73291015625 0.6770833333333334 0.0634765625 0.044270833333333336
0 0.79052734375 0.6770833333333334 0.0517578125 0.044270833333333336
0 0.845703125 0.6770833333333334 0.05859375 0.044270833333333336
0 0.921875 0.6770833333333334 0.09375 0.044270833333333336
0 0.6181640625 0.6861979166666666 0.037109375 0.049479166666666664
0 0.69873046875 0.6861979166666666 0.1259765625 0.049479166666666664
7 0.85009765625 0.6822916666666666 0.0458984375 0.0234375
7 0.90380859375 0.6822916666666666 0.0634765625 0.0234375
7 0.97509765625 0.6822916666666666 0.0498046875 0.0234375
3 0.7998046875 0.88671875 0.400390625 0.2265625