2 0.27490234375 0.027994791666666668 0.5498046875 0.055989583333333336
2 0.27490234375 0.07552083333333333 0.5498046875 0.0390625
7 0.1630859375 0.17317708333333334 0.29296875 0.036458333333333336
0 0.1630859375 0.17317708333333334 0.294921875 0.0390625
7 0.14697265625 0.283203125 0.2939453125 0.024739583333333332
0 0.27490234375 0.3138020833333333 0.5498046875 0.125
2 0.14697265625 0.3118489583333333 0.2939453125 0.032552083333333336
7 0.14697265625 0.3424479166666667 0.2939453125 0.028645833333333332
7 0.529296875 0.3118489583333333 0.041015625 0.01953125
7 0.57666015625 0.026692708333333332 0.0537109375 0.022135416666666668
7 0.7158203125 0.014322916666666666 0.037109375 0.028645833333333332
0 0.7158203125 0.020182291666666668 0.044921875 0.040364583333333336
4 0.86181640625 0.265625 0.2763671875 0.2682291666666667
7 0.07763671875 0.435546875 0.1552734375 0.02734375
0 0.22119140625 0.4361979166666667 0.1240234375 0.03125
2 0.0791015625 0.7265625 0.158203125 0.2734375
7 0.06494140625 0.9290364583333334 0.1298828125 0.07942708333333333
4 0.458984375 0.7682291666666666 0.076171875 0.1015625
0 0.40087890625 0.7688802083333334 0.2978515625 0.31640625
2 0.744140625 0.4700520833333333 0.388671875 0.07552083333333333
2 0.62060546875 0.5533854166666666 0.1416015625 0.07552083333333333
2 0.7529296875 0.6705729166666666 0.40625 0.09895833333333333
1 0.6650390625 0.7760416666666666 0.23046875 0.0625
1 0.88134765625 0.7760416666666666 0.1826171875 0.0625
7 0.6123046875 0.845703125 0.125 0.01953125
6 0.7333984375 0.845703125 0.119140625 0.01953125