7 0.14892578125 0.054036458333333336 0.2978515625 0.024739583333333332
0 0.23974609375 0.08463541666666667 0.4794921875 0.125
2 0.14892578125 0.08268229166666667 0.2978515625 0.032552083333333336
7 0.14892578125 0.11328125 0.2978515625 0.028645833333333332
7 0.150390625 0.3639322916666667 0.30078125 0.2721354166666667
3 0.40625 0.3359375 0.146484375 0.22135416666666666
4 0.40625 0.3359375 0.146484375 0.22135416666666666
0 0.46533203125 0.3359375 0.0283203125 0.078125
7 0.4111328125 0.4733072916666667 0.13671875 0.029947916666666668
2 0.70361328125 0.24348958333333334 0.4482421875 0.125
2 0.7099609375 0.3365885416666667 0.4609375 0.032552083333333336
4 0.54541015625 0.4114583333333333 0.1318359375 0.052083333333333336
4 0.69189453125 0.4114583333333333 0.1318359375 0.052083333333333336
4 0.73974609375 0.25 0.5205078125 0.5
4 0.73974609375 0.25 0.5205078125 0.5
2 0.1591796875 0.5182291666666666 0.318359375 0.036458333333333336
2 0.03564453125 0.58203125 0.0712890625 0.07552083333333333
2 0.16796875 0.69921875 0.3359375 0.09895833333333333
1 0.080078125 0.8046875 0.16015625 0.0625
1 0.26123046875 0.8046875 0.1826171875 0.0625
7 0.02734375 0.8743489583333334 0.0546875 0.01953125
6 0.11328125 0.8743489583333334 0.119140625 0.01953125
4 0.4072265625 0.75 0.14453125 0.5
7 0.75 0.5279947916666666 0.5 0.055989583333333336
7 0.8232421875 0.626953125 0.353515625 0.11588541666666667
7 0.8232421875 0.9296875 0.353515625 0.13020833333333334