0 0.041015625 0.009114583333333334 0.08203125 0.018229166666666668
0 0.11083984375 0.009114583333333334 0.0576171875 0.018229166666666668
0 0.2060546875 0.009114583333333334 0.1328125 0.018229166666666668
0 0.3310546875 0.009114583333333334 0.1171875 0.018229166666666668
0 0.01123046875 0.03125 0.0224609375 0.049479166666666664
0 0.08251953125 0.03125 0.1201171875 0.049479166666666664
0 0.17822265625 0.03125 0.0712890625 0.049479166666666664
0 0.27392578125 0.03125 0.1201171875 0.049479166666666664
7 0.369140625 0.031901041666666664 0.041015625 0.022135416666666668
0 0.36181640625 0.03125 0.0556640625 0.049479166666666664
2 0.19482421875 0.14322916666666666 0.3896484375 0.078125
2 0.19482421875 0.20182291666666666 0.3896484375 0.0390625
7 0.2001953125 0.2994791666666667 0.29296875 0.036458333333333336
0 0.2001953125 0.2994791666666667 0.294921875 0.0390625
7 0.16552734375 0.408203125 0.3310546875 0.022135416666666668
7 0.66357421875 0.083984375 0.5478515625 0.024739583333333332
0 0.69482421875 0.11458333333333333 0.6103515625 0.125
2 0.66357421875 0.11263020833333333 0.5478515625 0.032552083333333336
7 0.66357421875 0.14322916666666666 0.5478515625 0.028645833333333332
7 0.6650390625 0.3385416666666667 0.55078125 0.16145833333333334
2 0.04638671875 0.46875 0.0927734375 0.08333333333333333
7 0.04638671875 0.6321614583333334 0.0927734375 0.17317708333333334
7 0.04541015625 0.9713541666666666 0.0029296875 0.033854166666666664
4 0.69482421875 0.5911458333333334 0.6103515625 0.34375
2 0.47802734375 0.447265625 0.1767578125 0.055989583333333336
2 0.43017578125 0.5143229166666666 0.0810546875 0.0703125
7 0.49853515625 0.6048177083333334 0.2177734375 0.055989583333333336
7 0.45361328125 0.62109375 0.1279296875 0.0234375
7 0.49853515625 0.6536458333333334 0.2177734375 0.08854166666666667
4 0.8271484375 0.5950520833333334 0.345703125 0.3515625
2 0.69482421875 0.8717447916666666 0.6103515625 0.05078125
7 0.69482421875 0.9654947916666666 0.6103515625 0.06901041666666667