4 0.1845703125 0.0859375 0.369140625 0.125
7 0.18701171875 0.08333333333333333 0.3642578125 0.028645833333333332
4 0.1845703125 0.333984375 0.369140625 0.37109375
2 0.12548828125 0.3723958333333333 0.2509765625 0.2942708333333333
6 0.49609375 0.02734375 0.078125 0.0234375
7 0.54052734375 0.02734375 0.0126953125 0.0234375
6 0.5966796875 0.02734375 0.1015625 0.0234375
7 0.65380859375 0.02734375 0.0126953125 0.0234375
6 0.7080078125 0.02734375 0.09765625 0.0234375
7 0.76220703125 0.02734375 0.0126953125 0.0234375
6 0.8037109375 0.02734375 0.072265625 0.0234375
7 0.84423828125 0.02734375 0.0126953125 0.0234375
6 0.89111328125 0.02734375 0.0830078125 0.0234375
7 0.93896484375 0.02734375 0.0126953125 0.0234375
6 0.97216796875 0.02734375 0.0556640625 0.0234375
2 0.56689453125 0.12044270833333333 0.2529296875 0.03515625
3 0.72021484375 0.24544270833333334 0.5595703125 0.15755208333333334
2 0.484375 0.3782552083333333 0.087890625 0.03515625
7 0.50244140625 0.4388020833333333 0.1240234375 0.0234375
7 0.72021484375 0.4733072916666667 0.5595703125 0.09244791666666667
2 0.107421875 0.91796875 0.177734375 0.07291666666666667
2 0.28271484375 0.91796875 0.1728515625 0.07291666666666667
2 0.1845703125 0.982421875 0.369140625 0.032552083333333336
7 0.03076171875 0.5703125 0.0615234375 0.0234375
0 0.04052734375 0.5703125 0.0810546875 0.057291666666666664
7 0.1494140625 0.5703125 0.09765625 0.0234375
0 0.1494140625 0.5703125 0.13671875 0.057291666666666664
7 0.25537109375 0.5703125 0.0361328125 0.0234375
0 0.25537109375 0.5703125 0.0751953125 0.057291666666666664
7 0.3408203125 0.5703125 0.056640625 0.0234375
0 0.3310546875 0.5703125 0.076171875 0.057291666666666664
7 0.16162109375 0.6217447916666666 0.0732421875 0.022135416666666668
6 0.28271484375 0.6217447916666666 0.1689453125 0.022135416666666668
4 0.7861328125 0.5670572916666666 0.427734375 0.09505208333333333
2 0.646484375 0.7154947916666666 0.5546875 0.05078125
7 0.646484375 0.82421875 0.5546875 0.09895833333333333
2 0.6845703125 0.9225260416666666 0.630859375 0.032552083333333336
0 0.39111328125 0.986328125 0.0439453125 0.02734375
0 0.47119140625 0.986328125 0.0947265625 0.02734375
0 0.58349609375 0.986328125 0.1083984375 0.02734375
0 0.70263671875 0.986328125 0.1083984375 0.02734375
0 0.80615234375 0.986328125 0.0771484375 0.02734375
0 0.90283203125 0.986328125 0.0947265625 0.02734375
4 0.83056640625 0.9654947916666666 0.3388671875 0.06901041666666667