4 0.31982421875 0.035807291666666664 0.6396484375 0.07161458333333333
7 0.2333984375 0.010416666666666666 0.455078125 0.020833333333333332
7 0.5009765625 0.010416666666666666 0.08203125 0.020833333333333332
7 0.59423828125 0.009765625 0.0908203125 0.01953125
4 0.31982421875 0.2506510416666667 0.6396484375 0.3580729166666667
2 0.1259765625 0.2890625 0.251953125 0.28125
4 0.81982421875 0.21484375 0.3603515625 0.4296875
7 0.78564453125 0.11783854166666667 0.2919921875 0.05859375
0 0.02392578125 0.482421875 0.0478515625 0.032552083333333336
0 0.09521484375 0.482421875 0.0888671875 0.032552083333333336
0 0.19580078125 0.482421875 0.1064453125 0.032552083333333336
0 0.296875 0.470703125 0.0703125 0.08203125
1 0.466796875 0.4837239583333333 0.244140625 0.05859375
4 0.56884765625 0.4837239583333333 0.0146484375 0.01953125
0 0.56884765625 0.4837239583333333 0.0400390625 0.05859375
0 0.55419921875 0.55078125 0.0693359375 0.0390625
0 0.517578125 0.4622395833333333 0.0390625 0.052083333333333336
4 0.0087890625 0.4856770833333333 0.017578125 0.026041666666666668
1 0.08935546875 0.4837239583333333 0.1787109375 0.05859375
4 0.19580078125 0.4837239583333333 0.0205078125 0.032552083333333336
1 0.31689453125 0.4837239583333333 0.2001953125 0.037760416666666664
4 0.4375 0.4850260416666667 0.015625 0.032552083333333336
0 0.4375 0.4850260416666667 0.037109375 0.061197916666666664
4 0.31298828125 0.783203125 0.6259765625 0.43359375
4 0.6328125 0.783203125 0.013671875 0.43359375
7 0.5615234375 0.9680989583333334 0.01953125 0.03515625
2 0.81982421875 0.458984375 0.3603515625 0.05859375
7 0.81982421875 0.5182291666666666 0.3603515625 0.036458333333333336
0 0.94384765625 0.5885416666666666 0.1123046875 0.052083333333333336
6 0.9228515625 0.654296875 0.154296875 0.024739583333333332
4 0.80419921875 0.880859375 0.3291015625 0.23828125
2 0.76708984375 0.9186197916666666 0.2548828125 0.032552083333333336
7 0.76708984375 0.955078125 0.2548828125 0.02734375
4 0.95654296875 0.8528645833333334 0.0869140625 0.18229166666666666
2 0.95654296875 0.830078125 0.0869140625 0.032552083333333336
7 0.95654296875 0.8665364583333334 0.0869140625 0.02734375