0 0.28662109375 0.008463541666666666 0.1064453125 0.016927083333333332
0 0.400390625 0.008463541666666666 0.12109375 0.016927083333333332
2 0.24462890625 0.10546875 0.4892578125 0.028645833333333332
4 0.18359375 0.3072916666666667 0.341796875 0.2604166666666667
2 0.43505859375 0.21744791666666666 0.1083984375 0.07291666666666667
2 0.43505859375 0.3059895833333333 0.1083984375 0.026041666666666668
2 0.43505859375 0.3736979166666667 0.1083984375 0.026041666666666668
2 0.025390625 0.5657552083333334 0.05078125 0.029947916666666668
2 0.03125 0.6009114583333334 0.0625 0.029947916666666668
4 0.15625 0.6276041666666666 0.068359375 0.018229166666666668
2 0.25390625 0.5657552083333334 0.03515625 0.029947916666666668
2 0.27685546875 0.6009114583333334 0.0810546875 0.029947916666666668
4 0.39404296875 0.6145833333333334 0.0615234375 0.018229166666666668
2 0.24462890625 0.712890625 0.4892578125 0.032552083333333336
5 0.837890625 0.014973958333333334 0.1875 0.01953125
5 0.970703125 0.014973958333333334 0.048828125 0.01953125
1 0.8173828125 0.046223958333333336 0.146484375 0.029947916666666668
1 0.97314453125 0.046223958333333336 0.0537109375 0.029947916666666668
6 0.97314453125 0.078125 0.0537109375 0.018229166666666668
7 0.57470703125 0.20377604166666666 0.1708984375 0.11328125
4 0.6171875 0.3873697916666667 0.255859375 0.25390625
7 0.8935546875 0.15234375 0.212890625 0.0625
7 0.8935546875 0.20638020833333334 0.212890625 0.032552083333333336
1 0.8818359375 0.2740885416666667 0.189453125 0.05078125
1 0.8935546875 0.337890625 0.212890625 0.05078125
1 0.8935546875 0.4016927083333333 0.212890625 0.05078125
7 0.8935546875 0.466796875 0.212890625 0.02734375
1 0.81298828125 0.5065104166666666 0.0517578125 0.0390625
1 0.87255859375 0.5065104166666666 0.0673828125 0.0390625
1 0.93603515625 0.5065104166666666 0.0595703125 0.0390625
4 0.9833984375 0.505859375 0.015625 0.022135416666666668
0 0.9833984375 0.5078125 0.015625 0.026041666666666668
7 0.8935546875 0.552734375 0.212890625 0.02734375
1 0.80224609375 0.591796875 0.0126953125 0.016927083333333332
5 0.85107421875 0.595703125 0.0791015625 0.02734375
1 0.9091796875 0.591796875 0.013671875 0.016927083333333332
5 0.958984375 0.595703125 0.08203125 0.02734375
7 0.8935546875 0.6373697916666666 0.212890625 0.016927083333333332
6 0.8408203125 0.6555989583333334 0.107421875 0.016927083333333332
7 0.91796875 0.6555989583333334 0.046875 0.016927083333333332
6 0.9697265625 0.6555989583333334 0.060546875 0.016927083333333332
6 0.8935546875 0.6647135416666666 0.212890625 0.03515625
7 0.8935546875 0.6829427083333334 0.212890625 0.03515625
0 0.0302734375 0.765625 0.060546875 0.0625
0 0.0966796875 0.765625 0.072265625 0.0625
0 0.17822265625 0.765625 0.0908203125 0.0625
0 0.25341796875 0.765625 0.0595703125 0.0625
0 0.310546875 0.765625 0.0546875 0.0625
0 0.4580078125 0.765625 0.046875 0.0625
4 0.365234375 0.9381510416666666 0.248046875 0.12369791666666667
7 0.6943359375 0.7415364583333334 0.05078125 0.024739583333333332
0 0.6982421875 0.7415364583333334 0.05859375 0.024739583333333332
2 0.6982421875 0.859375 0.392578125 0.16145833333333334
0 0.6982421875 0.859375 0.392578125 0.16145833333333334
7 0.6982421875 0.9759114583333334 0.0703125 0.022135416666666668
0 0.6982421875 0.9759114583333334 0.0703125 0.032552083333333336
2 0.98486328125 0.884765625 0.0302734375 0.02734375
7 0.98486328125 0.9856770833333334 0.0302734375 0.020833333333333332
0 0.98486328125 0.9850260416666666 0.0302734375 0.029947916666666668