0 0.28857421875 0.005859375 0.1025390625 0.01171875
2 0.169921875 0.10026041666666667 0.33984375 0.028645833333333332
4 0.17822265625 0.3020833333333333 0.3232421875 0.2604166666666667
4 0.4033203125 0.016276041666666668 0.126953125 0.032552083333333336
0 0.4287109375 0.016276041666666668 0.177734375 0.032552083333333336
6 0.70458984375 0.005859375 0.0634765625 0.01171875
6 0.802734375 0.005859375 0.03515625 0.01171875
6 0.9140625 0.005859375 0.08984375 0.01171875
2 0.5859375 0.255859375 0.357421875 0.3138020833333333
3 0.169921875 0.5123697916666666 0.33984375 0.06640625
0 0.033203125 0.5520833333333334 0.06640625 0.013020833333333334
0 0.169921875 0.5123697916666666 0.33984375 0.06640625
7 0.21630859375 0.4915364583333333 0.1513671875 0.024739583333333332
6 0.30810546875 0.4915364583333333 0.0322265625 0.024739583333333332
7 0.240234375 0.5071614583333334 0.19921875 0.055989583333333336
0 0.30419921875 0.5970052083333334 0.0615234375 0.024739583333333332
0 0.04833984375 0.63671875 0.0966796875 0.0234375
0 0.04833984375 0.66015625 0.0966796875 0.0234375
0 0.04833984375 0.68359375 0.0966796875 0.0234375
0 0.04833984375 0.70703125 0.0966796875 0.0234375
0 0.04833984375 0.73046875 0.0966796875 0.0234375
7 0.1181640625 0.63671875 0.0234375 0.0234375
0 0.23193359375 0.63671875 0.2001953125 0.0234375
7 0.1181640625 0.66015625 0.0234375 0.0234375
0 0.23193359375 0.66015625 0.2001953125 0.0234375
7 0.1181640625 0.68359375 0.0234375 0.0234375
0 0.23193359375 0.68359375 0.2001953125 0.0234375
7 0.1181640625 0.70703125 0.0234375 0.0234375
0 0.23193359375 0.70703125 0.2001953125 0.0234375
7 0.1181640625 0.73046875 0.0234375 0.0234375
0 0.23193359375 0.73046875 0.2001953125 0.0234375
4 0.2275390625 0.8841145833333334 0.224609375 0.23177083333333334
4 0.2275390625 0.8567708333333334 0.224609375 0.17708333333333334
7 0.23583984375 0.8053385416666666 0.2080078125 0.02734375
7 0.33251953125 0.9440104166666666 0.0146484375 0.06510416666666667
3 0.7412109375 0.5169270833333334 0.517578125 0.07552083333333333
0 0.5185546875 0.5611979166666666 0.072265625 0.013020833333333334
0 0.7412109375 0.5169270833333334 0.517578125 0.07552083333333333
7 0.70458984375 0.49609375 0.1513671875 0.033854166666666664
6 0.79638671875 0.49609375 0.0322265625 0.033854166666666664
7 0.8076171875 0.51171875 0.357421875 0.06510416666666667
6 0.423828125 0.6080729166666666 0.12890625 0.036458333333333336
0 0.79248046875 0.6061197916666666 0.0615234375 0.024739583333333332
7 0.37109375 0.6458333333333334 0.0234375 0.0234375
0 0.48486328125 0.6458333333333334 0.2001953125 0.0234375
7 0.37109375 0.6692708333333334 0.0234375 0.0234375
0 0.48486328125 0.6692708333333334 0.2001953125 0.0234375
7 0.37109375 0.6927083333333334 0.0234375 0.0234375
0 0.48486328125 0.6927083333333334 0.2001953125 0.0234375
7 0.37109375 0.7161458333333334 0.0234375 0.0234375
0 0.48486328125 0.7161458333333334 0.2001953125 0.0234375
7 0.37109375 0.7395833333333334 0.0234375 0.0234375
0 0.48486328125 0.7395833333333334 0.2001953125 0.0234375
7 0.6064453125 0.6458333333333334 0.0234375 0.0234375
0 0.72021484375 0.6458333333333334 0.2001953125 0.0234375
7 0.6064453125 0.6692708333333334 0.0234375 0.0234375
0 0.72021484375 0.6692708333333334 0.2001953125 0.0234375
7 0.6064453125 0.6927083333333334 0.0234375 0.0234375
0 0.72021484375 0.6927083333333334 0.2001953125 0.0234375
7 0.6064453125 0.7161458333333334 0.0234375 0.0234375
0 0.72021484375 0.7161458333333334 0.2001953125 0.0234375
7 0.6064453125 0.7395833333333334 0.0234375 0.0234375
0 0.72021484375 0.7395833333333334 0.2001953125 0.0234375
6 0.919921875 0.6080729166666666 0.130859375 0.036458333333333336
7 0.8662109375 0.6458333333333334 0.0234375 0.0234375
0 0.94384765625 0.6458333333333334 0.1123046875 0.0234375
7 0.8662109375 0.6692708333333334 0.0234375 0.0234375
0 0.94384765625 0.6692708333333334 0.1123046875 0.0234375
7 0.8662109375 0.6927083333333334 0.0234375 0.0234375
0 0.94384765625 0.6927083333333334 0.1123046875 0.0234375
7 0.8662109375 0.7161458333333334 0.0234375 0.0234375
0 0.94384765625 0.7161458333333334 0.1123046875 0.0234375
7 0.8662109375 0.7395833333333334 0.0234375 0.0234375
0 0.94384765625 0.7395833333333334 0.1123046875 0.0234375
4 0.8017578125 0.888671875 0.396484375 0.22265625
4 0.8017578125 0.8658854166666666 0.396484375 0.17708333333333334
7 0.7490234375 0.814453125 0.2578125 0.02734375
7 0.837890625 0.953125 0.048828125 0.06510416666666667