2 0.12890625 0.035807291666666664 0.2578125 0.07161458333333333
7 0.12890625 0.193359375 0.2578125 0.17317708333333334
0 0.02392578125 0.341796875 0.0478515625 0.053385416666666664
4 0.02392578125 0.341796875 0.0478515625 0.053385416666666664
4 0.7490234375 0.197265625 0.33984375 0.39453125
0 0.97705078125 0.279296875 0.0458984375 0.06640625
4 0.95947265625 0.345703125 0.0107421875 0.014322916666666666
4 0.97900390625 0.345703125 0.0107421875 0.014322916666666666
4 0.99658203125 0.345703125 0.0068359375 0.014322916666666666
2 0.677734375 0.4752604166666667 0.197265625 0.06770833333333333
2 0.90576171875 0.4752604166666667 0.1884765625 0.06770833333333333
0 0.23583984375 0.5611979166666666 0.2646484375 0.0546875
0 0.4814453125 0.5611979166666666 0.1953125 0.0546875
7 0.0830078125 0.703125 0.103515625 0.052083333333333336
7 0.189453125 0.703125 0.103515625 0.052083333333333336
7 0.2958984375 0.703125 0.103515625 0.052083333333333336
7 0.40234375 0.703125 0.103515625 0.052083333333333336
7 0.51806640625 0.703125 0.1220703125 0.052083333333333336
6 0.1796875 0.8287760416666666 0.359375 0.05078125
4 0.171875 0.9381510416666666 0.34375 0.12369791666666667
4 0.49267578125 0.8424479166666666 0.1728515625 0.08333333333333333
3 0.49267578125 0.955078125 0.1728515625 0.08984375
0 0.59521484375 0.5475260416666666 0.0322265625 0.07682291666666667
2 0.78955078125 0.8365885416666666 0.4208984375 0.3268229166666667
3 0.78955078125 0.7727864583333334 0.4208984375 0.4544270833333333