2 0.12548828125 0.16015625 0.2509765625 0.08333333333333333
7 0.12548828125 0.3235677083333333 0.2509765625 0.17317708333333334
4 0.0205078125 0.4720052083333333 0.041015625 0.053385416666666664
4 0.6337890625 0.23177083333333334 0.328125 0.4635416666666667
0 0.6337890625 0.23177083333333334 0.328125 0.4635416666666667
2 0.5078125 0.4954427083333333 0.076171875 0.03515625
2 0.55810546875 0.4973958333333333 0.0146484375 0.018229166666666668
4 0.8857421875 0.051432291666666664 0.13671875 0.10286458333333333
2 0.8779296875 0.13216145833333334 0.12109375 0.045572916666666664
2 0.98583984375 0.13216145833333334 0.0283203125 0.045572916666666664
4 0.8857421875 0.22981770833333334 0.13671875 0.12109375
2 0.8798828125 0.3196614583333333 0.125 0.045572916666666664
4 0.98583984375 0.22981770833333334 0.0283203125 0.12109375
2 0.98583984375 0.3196614583333333 0.0283203125 0.045572916666666664
0 0.90869140625 0.3639322916666667 0.1826171875 0.014322916666666666
3 0.90869140625 0.447265625 0.1826171875 0.14453125
2 0.73486328125 0.4811197916666667 0.5302734375 0.07682291666666667
3 0.2490234375 0.568359375 0.44140625 0.09765625
4 0.23486328125 0.8209635416666666 0.4697265625 0.3580729166666667
0 0.23486328125 0.8209635416666666 0.4697265625 0.3580729166666667
7 0.0556640625 0.9069010416666666 0.111328125 0.016927083333333332
2 0.1650390625 0.9641927083333334 0.330078125 0.07161458333333333
0 0.21533203125 0.9641927083333334 0.4306640625 0.07161458333333333
4 0.23486328125 0.759765625 0.4697265625 0.48046875
2 0.3837890625 0.6223958333333334 0.056640625 0.0390625
7 0.31689453125 0.7486979166666666 0.3056640625 0.0390625
7 0.36083984375 0.8014322916666666 0.2177734375 0.02734375
1 0.37060546875 0.88671875 0.1982421875 0.052083333333333336
0 0.37060546875 0.9518229166666666 0.1982421875 0.052083333333333336
0 0.6884765625 0.560546875 0.26953125 0.055989583333333336
4 0.56005859375 0.6783854166666666 0.1806640625 0.0390625
4 0.75732421875 0.6783854166666666 0.0888671875 0.0390625
4 0.92626953125 0.6783854166666666 0.1240234375 0.0390625
1 0.73486328125 0.875 0.5302734375 0.0703125