7 0.3447265625 0.306640625 0.689453125 0.60546875
2 0.44873046875 0.169921875 0.4814453125 0.09765625
2 0.4169921875 0.3033854166666667 0.544921875 0.15625
7 0.48828125 0.4850260416666667 0.1953125 0.07421875
0 0.48828125 0.4876302083333333 0.1953125 0.022135416666666668
4 0.0107421875 0.353515625 0.021484375 0.17578125
0 0.013671875 0.3541666666666667 0.02734375 0.1953125
0 0.30224609375 0.615234375 0.0498046875 0.01171875
0 0.392578125 0.615234375 0.078125 0.01171875
0 0.4970703125 0.615234375 0.078125 0.01171875
0 0.5869140625 0.615234375 0.048828125 0.01171875
0 0.65673828125 0.6178385416666666 0.0654296875 0.016927083333333332
2 0.5673828125 0.8736979166666666 0.244140625 0.10416666666666667
4 0.4775390625 0.9798177083333334 0.0234375 0.032552083333333336
0 0.5673828125 0.9739583333333334 0.244140625 0.052083333333333336
7 0.59228515625 0.9791666666666666 0.1416015625 0.03125
7 0.8447265625 0.7708333333333334 0.310546875 0.13020833333333334
4 0.8447265625 0.9524739583333334 0.310546875 0.09505208333333333