7 0.3896484375 0.2845052083333333 0.779296875 0.5690104166666666
2 0.314453125 0.111328125 0.560546875 0.09765625
2 0.3291015625 0.24479166666666666 0.658203125 0.15625
7 0.314453125 0.4264322916666667 0.1953125 0.07421875
0 0.314453125 0.4290364583333333 0.1953125 0.022135416666666668
0 0.79443359375 0.011067708333333334 0.0302734375 0.022135416666666668
0 0.833984375 0.011067708333333334 0.048828125 0.022135416666666668
0 0.89208984375 0.011067708333333334 0.0673828125 0.022135416666666668
0 0.95751953125 0.011067708333333334 0.0634765625 0.022135416666666668
0 0.8203125 0.016927083333333332 0.08203125 0.033854166666666664
0 0.92333984375 0.016927083333333332 0.1259765625 0.033854166666666664
3 0.8896484375 0.2591145833333333 0.220703125 0.3255208333333333
7 0.79150390625 0.5364583333333334 0.0244140625 0.015625
4 0.95068359375 0.544921875 0.0615234375 0.048177083333333336
0 0.95068359375 0.544921875 0.0615234375 0.048177083333333336
2 0.3896484375 0.5963541666666666 0.779296875 0.044270833333333336
3 0.14794921875 0.693359375 0.2958984375 0.10286458333333333
7 0.3896484375 0.779296875 0.779296875 0.029947916666666668
7 0.3896484375 0.849609375 0.779296875 0.029947916666666668
7 0.408203125 0.919921875 0.7421875 0.029947916666666668
7 0.408203125 0.9485677083333334 0.7421875 0.029947916666666668
0 0.94580078125 0.5924479166666666 0.1083984375 0.046875
6 0.95458984375 0.591796875 0.0908203125 0.032552083333333336
6 0.939453125 0.6412760416666666 0.103515625 0.024739583333333332
7 0.95703125 0.703125 0.0859375 0.033854166666666664
7 0.8896484375 0.8880208333333334 0.220703125 0.028645833333333332
7 0.8896484375 0.9329427083333334 0.220703125 0.024739583333333332
6 0.83984375 0.9641927083333334 0.12109375 0.024739583333333332
7 0.90185546875 0.9641927083333334 0.0029296875 0.024739583333333332