7 0.2705078125 0.016276041666666668 0.541015625 0.022135416666666668
7 0.0888671875 0.048828125 0.169921875 0.022135416666666668
0 0.19775390625 0.049479166666666664 0.0498046875 0.0234375
7 0.22412109375 0.048828125 0.0048828125 0.022135416666666668
7 0.27490234375 0.134765625 0.5498046875 0.09765625
7 0.00927734375 0.220703125 0.0048828125 0.022135416666666668
0 0.02490234375 0.2747395833333333 0.0498046875 0.0234375
7 0.07666015625 0.2740885416666667 0.0537109375 0.022135416666666668
0 0.15283203125 0.2747395833333333 0.1025390625 0.0234375
7 0.25732421875 0.2740885416666667 0.1083984375 0.022135416666666668
0 0.77490234375 0.15885416666666666 0.4501953125 0.3177083333333333
7 0.63427734375 0.06705729166666667 0.1689453125 0.053385416666666664
7 0.56298828125 0.154296875 0.0263671875 0.022135416666666668
4 0.27490234375 0.6848958333333334 0.5498046875 0.6302083333333334
7 0.927734375 0.3997395833333333 0.037109375 0.036458333333333336
4 0.96337890625 0.3997395833333333 0.0341796875 0.046875
4 0.98876953125 0.400390625 0.0068359375 0.006510416666666667
7 0.8876953125 0.3984375 0.03125 0.057291666666666664
7 0.77490234375 0.3990885416666667 0.0400390625 0.022135416666666668
7 0.82470703125 0.3990885416666667 0.0595703125 0.022135416666666668
4 0.86279296875 0.400390625 0.0068359375 0.006510416666666667
7 0.7333984375 0.3984375 0.03125 0.057291666666666664
7 0.61572265625 0.3990885416666667 0.0400390625 0.022135416666666668
7 0.66796875 0.3990885416666667 0.064453125 0.022135416666666668
4 0.70849609375 0.400390625 0.0068359375 0.006510416666666667
7 0.57421875 0.3984375 0.03125 0.057291666666666664
4 0.55126953125 0.400390625 0.0029296875 0.006510416666666667
1 0.90966796875 0.50390625 0.1806640625 0.049479166666666664
7 0.98046875 0.7623697916666666 0.0390625 0.024739583333333332
7 0.97998046875 0.857421875 0.0400390625 0.024739583333333332