4 0.0673828125 0.0234375 0.134765625 0.046875
7 0.0947265625 0.06380208333333333 0.189453125 0.026041666666666668
0 0.51806640625 0.022786458333333332 0.0615234375 0.040364583333333336
0 0.67529296875 0.022786458333333332 0.0283203125 0.040364583333333336
6 0.5009765625 0.06380208333333333 0.029296875 0.020833333333333332
7 0.517578125 0.06380208333333333 0.005859375 0.020833333333333332
6 0.609375 0.06380208333333333 0.16015625 0.020833333333333332
6 0.609375 0.08984375 0.16015625 0.020833333333333332
6 0.609375 0.11588541666666667 0.16015625 0.020833333333333332
6 0.609375 0.14192708333333334 0.16015625 0.020833333333333332
6 0.609375 0.16796875 0.16015625 0.020833333333333332
6 0.609375 0.19401041666666666 0.16015625 0.020833333333333332
6 0.609375 0.22005208333333334 0.16015625 0.020833333333333332
6 0.609375 0.24609375 0.16015625 0.020833333333333332
6 0.609375 0.2721354166666667 0.16015625 0.020833333333333332
6 0.609375 0.2981770833333333 0.16015625 0.020833333333333332
7 0.236328125 0.095703125 0.111328125 0.01171875
7 0.2958984375 0.17317708333333334 0.591796875 0.1171875
7 0.65771484375 0.13671875 0.0634765625 0.020833333333333332
6 0.65771484375 0.16276041666666666 0.0634765625 0.020833333333333332
6 0.65771484375 0.18880208333333334 0.0634765625 0.020833333333333332
7 0.02587890625 0.3489583333333333 0.0517578125 0.036458333333333336
7 0.4609375 0.3528645833333333 0.083984375 0.026041666666666668
4 0.1103515625 0.41796875 0.134765625 0.041666666666666664
0 0.1103515625 0.41796875 0.134765625 0.041666666666666664
4 0.27294921875 0.41796875 0.1337890625 0.041666666666666664
0 0.27294921875 0.41796875 0.1337890625 0.041666666666666664
4 0.435546875 0.41796875 0.134765625 0.041666666666666664
0 0.435546875 0.41796875 0.134765625 0.041666666666666664
7 0.6533203125 0.3580729166666667 0.025390625 0.018229166666666668
0 0.642578125 0.3580729166666667 0.06640625 0.0390625
0 0.681640625 0.3580729166666667 0.015625 0.0390625
7 0.65185546875 0.3977864583333333 0.0751953125 0.01171875
7 0.033203125 0.2864583333333333 0.033203125 0.020833333333333332
0 0.0380859375 0.2864583333333333 0.072265625 0.06510416666666667
7 0.10986328125 0.2864583333333333 0.0439453125 0.020833333333333332
0 0.11474609375 0.2864583333333333 0.0830078125 0.06510416666666667
7 0.19482421875 0.2864583333333333 0.0498046875 0.020833333333333332
0 0.19970703125 0.2864583333333333 0.0888671875 0.06510416666666667
7 0.27978515625 0.2864583333333333 0.0439453125 0.020833333333333332
0 0.28466796875 0.2864583333333333 0.0830078125 0.06510416666666667
1 0.6044921875 0.2864583333333333 0.169921875 0.044270833333333336
4 0.873046875 0.13020833333333334 0.224609375 0.2604166666666667
2 0.75927734375 0.41796875 0.1396484375 0.041666666666666664
4 0.3447265625 0.6321614583333334 0.689453125 0.22786458333333334
5 0.42529296875 0.5546875 0.0322265625 0.028645833333333332
5 0.56298828125 0.5546875 0.0498046875 0.028645833333333332
5 0.6533203125 0.5546875 0.03515625 0.028645833333333332
2 0.0107421875 0.63671875 0.021484375 0.03125
2 0.05322265625 0.63671875 0.0322265625 0.03125
2 0.44775390625 0.6360677083333334 0.0771484375 0.029947916666666668
2 0.5859375 0.6360677083333334 0.095703125 0.029947916666666668
4 0.6650390625 0.6373697916666666 0.048828125 0.029947916666666668
2 0.021484375 0.7291666666666666 0.04296875 0.03125
2 0.07470703125 0.7291666666666666 0.0322265625 0.03125
2 0.44384765625 0.728515625 0.0693359375 0.029947916666666668
2 0.5859375 0.728515625 0.095703125 0.029947916666666668
4 0.6650390625 0.7298177083333334 0.048828125 0.029947916666666668
2 0.0341796875 0.8216145833333334 0.068359375 0.03125
2 0.10205078125 0.8216145833333334 0.0361328125 0.03125
2 0.439453125 0.8209635416666666 0.060546875 0.029947916666666668
2 0.5859375 0.8209635416666666 0.095703125 0.029947916666666668
4 0.6650390625 0.822265625 0.048828125 0.029947916666666668
2 0.01513671875 0.9140625 0.0302734375 0.03125
2 0.06103515625 0.9140625 0.0302734375 0.03125
2 0.43798828125 0.9134114583333334 0.0576171875 0.029947916666666668
2 0.5859375 0.9134114583333334 0.095703125 0.029947916666666668
4 0.6650390625 0.9147135416666666 0.048828125 0.029947916666666668
0 0.51220703125 0.99609375 0.3544921875 0.0078125
4 0.8447265625 0.4889322916666667 0.310546875 0.06640625
0 0.7216796875 0.486328125 0.064453125 0.061197916666666664
2 0.8818359375 0.482421875 0.236328125 0.06380208333333333
0 0.8818359375 0.509765625 0.236328125 0.022135416666666668
7 0.8447265625 0.5462239583333334 0.310546875 0.02734375
2 0.8447265625 0.7740885416666666 0.310546875 0.08203125
7 0.73974609375 0.8359375 0.1005859375 0.026041666666666668
7 0.8369140625 0.9270833333333334 0.294921875 0.026041666666666668
6 0.8447265625 0.9479166666666666 0.310546875 0.06770833333333333
7 0.8447265625 0.9778645833333334 0.310546875 0.044270833333333336