4 0.16162109375 0.13411458333333334 0.3232421875 0.2682291666666667
7 0.16162109375 0.2708333333333333 0.3232421875 0.0078125
6 0.15625 0.3391927083333333 0.3125 0.08203125
7 0.16064453125 0.404296875 0.3212890625 0.02734375
7 0.4111328125 0.11979166666666667 0.1171875 0.23958333333333334
7 0.4189453125 0.3014322916666667 0.1015625 0.032552083333333336
4 0.4189453125 0.408203125 0.1015625 0.14192708333333334
7 0.3828125 0.4661458333333333 0.029296875 0.026041666666666668
2 0.701171875 0.08723958333333333 0.462890625 0.17447916666666666
4 0.92333984375 0.23958333333333334 0.1533203125 0.4791666666666667
7 0.55419921875 0.2760416666666667 0.1689453125 0.036458333333333336
0 0.6337890625 0.2760416666666667 0.328125 0.078125
4 0.7705078125 0.2760416666666667 0.0234375 0.03125
7 0.5810546875 0.375 0.22265625 0.036458333333333336
0 0.6337890625 0.375 0.328125 0.078125
4 0.7705078125 0.375 0.0234375 0.03125
7 0.591796875 0.4674479166666667 0.244140625 0.0234375
0 0.6337890625 0.45703125 0.328125 0.044270833333333336
4 0.7705078125 0.46875 0.0234375 0.020833333333333332
3 0.35107421875 0.634765625 0.2373046875 0.3111979166666667
2 0.23486328125 0.4856770833333333 0.4697265625 0.013020833333333334
7 0.10107421875 0.5416666666666666 0.2021484375 0.059895833333333336
7 0.10888671875 0.5709635416666666 0.2177734375 0.040364583333333336
1 0.05224609375 0.6484375 0.1044921875 0.028645833333333332
1 0.0146484375 0.71484375 0.029296875 0.028645833333333332
2 0.23486328125 0.791015625 0.4697265625 0.029947916666666668
7 0.23486328125 0.8359375 0.4697265625 0.020833333333333332
7 0.09130859375 0.9114583333333334 0.1826171875 0.09895833333333333
2 0.65625 0.494140625 0.271484375 0.029947916666666668
2 0.62548828125 0.52734375 0.2099609375 0.036458333333333336
5 0.55810546875 0.5859375 0.0751953125 0.020833333333333332
1 0.71240234375 0.5859375 0.2255859375 0.028645833333333332
5 0.55810546875 0.61328125 0.0751953125 0.020833333333333332
1 0.71240234375 0.61328125 0.2255859375 0.028645833333333332
1 0.6259765625 0.640625 0.052734375 0.028645833333333332
7 0.568359375 0.6770833333333334 0.095703125 0.015625
6 0.65966796875 0.6770833333333334 0.0888671875 0.015625
7 0.7060546875 0.6770833333333334 0.00390625 0.015625
2 0.97509765625 0.4921875 0.0498046875 0.026041666666666668
2 0.97509765625 0.5266927083333334 0.0498046875 0.040364583333333336
7 0.97509765625 0.5865885416666666 0.0498046875 0.040364583333333336
7 0.97509765625 0.6158854166666666 0.0498046875 0.020833333333333332