3 0.20458984375 0.048828125 0.4091796875 0.09765625
4 0.2646484375 0.3411458333333333 0.529296875 0.4453125
0 0.2646484375 0.3411458333333333 0.529296875 0.4453125
7 0.458984375 0.49609375 0.140625 0.044270833333333336
7 0.52587890625 0.298828125 0.0068359375 0.08463541666666667
7 0.5263671875 0.5338541666666666 0.005859375 0.0234375
2 0.134765625 0.638671875 0.162109375 0.032552083333333336
4 0.08251953125 0.685546875 0.0576171875 0.022135416666666668
7 0.3876953125 0.6302083333333334 0.283203125 0.018229166666666668
3 0.3876953125 0.673828125 0.283203125 0.07161458333333333
6 0.5771484375 0.033203125 0.095703125 0.022135416666666668
7 0.626953125 0.033203125 0.00390625 0.022135416666666668
4 0.7646484375 0.3782552083333333 0.470703125 0.4752604166666667
0 0.7646484375 0.3776041666666667 0.470703125 0.4739583333333333
2 0.6572265625 0.3020833333333333 0.255859375 0.21875
0 0.662109375 0.3020833333333333 0.265625 0.24479166666666666
4 0.58447265625 0.62109375 0.0595703125 0.078125
7 0.716796875 0.62109375 0.1875 0.057291666666666664
4 0.82958984375 0.62109375 0.0205078125 0.026041666666666668
4 0.90771484375 0.62109375 0.0595703125 0.078125
7 0.97314453125 0.62109375 0.0537109375 0.057291666666666664
4 0.0517578125 0.7272135416666666 0.103515625 0.03515625
0 0.1484375 0.7259114583333334 0.08984375 0.032552083333333336
0 0.1328125 0.78125 0.0390625 0.052083333333333336
0 0.189453125 0.78125 0.0390625 0.052083333333333336
0 0.24609375 0.78125 0.0390625 0.052083333333333336
0 0.302734375 0.78125 0.0390625 0.052083333333333336
0 0.359375 0.78125 0.0390625 0.052083333333333336
0 0.1328125 0.8567708333333334 0.0390625 0.052083333333333336
0 0.189453125 0.8567708333333334 0.0390625 0.052083333333333336
0 0.24609375 0.8567708333333334 0.0390625 0.052083333333333336
0 0.302734375 0.8567708333333334 0.0390625 0.052083333333333336
0 0.359375 0.8567708333333334 0.0390625 0.052083333333333336
0 0.1328125 0.9322916666666666 0.0390625 0.052083333333333336
0 0.189453125 0.9322916666666666 0.0390625 0.052083333333333336
0 0.24609375 0.9322916666666666 0.0390625 0.052083333333333336
0 0.302734375 0.9322916666666666 0.0390625 0.052083333333333336
0 0.359375 0.9322916666666666 0.0390625 0.052083333333333336
0 0.1328125 0.9908854166666666 0.0390625 0.018229166666666668
0 0.189453125 0.9908854166666666 0.0390625 0.018229166666666668
0 0.24609375 0.9908854166666666 0.0390625 0.018229166666666668
0 0.302734375 0.9908854166666666 0.0390625 0.018229166666666668
0 0.359375 0.9908854166666666 0.0390625 0.018229166666666668
0 0.2470703125 0.7259114583333334 0.109375 0.032552083333333336
0 0.330078125 0.7259114583333334 0.05859375 0.032552083333333336
0 0.390625 0.7259114583333334 0.064453125 0.032552083333333336
1 0.2646484375 0.78515625 0.529296875 0.06510416666666667
4 0.2646484375 0.9147135416666666 0.529296875 0.11848958333333333
1 0.8681640625 0.81640625 0.07421875 0.078125
4 0.92236328125 0.8170572916666666 0.0205078125 0.02734375
0 0.92431640625 0.81640625 0.0400390625 0.078125
4 0.9677734375 0.814453125 0.025390625 0.016927083333333332
0 0.9677734375 0.81640625 0.025390625 0.03125
7 0.54443359375 0.9075520833333334 0.0302734375 0.03125
0 0.55419921875 0.9075520833333334 0.0498046875 0.052083333333333336
7 0.669921875 0.9075520833333334 0.0859375 0.03125
0 0.6796875 0.9075520833333334 0.10546875 0.052083333333333336
7 0.814453125 0.9075520833333334 0.0703125 0.03125
0 0.82421875 0.9075520833333334 0.08984375 0.052083333333333336
7 0.951171875 0.9075520833333334 0.0703125 0.03125
0 0.9580078125 0.9075520833333334 0.083984375 0.052083333333333336
7 0.55322265625 0.71484375 0.0478515625 0.010416666666666666
0 0.6640625 0.736328125 0.26953125 0.053385416666666664
7 0.55322265625 0.7330729166666666 0.0478515625 0.026041666666666668
4 0.6875 0.7356770833333334 0.19140625 0.03125
7 0.85107421875 0.71484375 0.0732421875 0.010416666666666666
0 0.8994140625 0.736328125 0.201171875 0.053385416666666664
7 0.85107421875 0.7330729166666666 0.0732421875 0.026041666666666668
4 0.951171875 0.7356770833333334 0.09765625 0.03125
0 0.7646484375 0.9694010416666666 0.470703125 0.061197916666666664
7 0.5361328125 0.96875 0.013671875 0.020833333333333332
4 0.552734375 0.970703125 0.01953125 0.02734375
7 0.69140625 0.96875 0.259765625 0.020833333333333332
7 0.7646484375 0.9049479166666666 0.470703125 0.026041666666666668