7 0.15283203125 0.0234375 0.3056640625 0.026041666666666668
7 0.3525390625 0.055338541666666664 0.111328125 0.01171875
7 0.22998046875 0.1328125 0.4599609375 0.1171875
7 0.083984375 0.294921875 0.16796875 0.009114583333333334
7 0.00439453125 0.2421875 0.0087890625 0.026041666666666668
0 0.0185546875 0.24609375 0.037109375 0.06510416666666667
7 0.015625 0.2513020833333333 0.013671875 0.026041666666666668
7 0.07275390625 0.24609375 0.0439453125 0.020833333333333332
0 0.07763671875 0.24609375 0.0830078125 0.06510416666666667
7 0.1494140625 0.24609375 0.033203125 0.020833333333333332
0 0.154296875 0.24609375 0.072265625 0.06510416666666667
7 0.22607421875 0.24609375 0.0439453125 0.020833333333333332
0 0.23095703125 0.24609375 0.0830078125 0.06510416666666667
7 0.31103515625 0.24609375 0.0498046875 0.020833333333333332
0 0.31591796875 0.24609375 0.0888671875 0.06510416666666667
7 0.39599609375 0.24609375 0.0439453125 0.020833333333333332
0 0.40087890625 0.24609375 0.0830078125 0.06510416666666667
4 0.72998046875 0.18880208333333334 0.5400390625 0.22135416666666666
2 0.24609375 0.349609375 0.224609375 0.029947916666666668
0 0.2314453125 0.349609375 0.224609375 0.01953125
4 0.22998046875 0.72265625 0.4599609375 0.5546875
4 0.22998046875 0.72265625 0.4599609375 0.5546875
7 0.873046875 0.3053385416666667 0.25390625 0.01171875
4 0.72998046875 0.5859375 0.5400390625 0.5729166666666666
4 0.72998046875 0.5533854166666666 0.5400390625 0.5078125
2 0.74462890625 0.4329427083333333 0.5107421875 0.14973958333333334
7 0.79248046875 0.5390625 0.4150390625 0.033854166666666664
0 0.93505859375 0.609375 0.1298828125 0.0625
7 0.8154296875 0.7578125 0.369140625 0.026041666666666668
2 0.74462890625 0.859375 0.5107421875 0.052083333333333336
7 0.72265625 0.9205729166666666 0.466796875 0.028645833333333332