1 0.1708984375 0.016276041666666668 0.33203125 0.032552083333333336
1 0.447265625 0.016276041666666668 0.205078125 0.032552083333333336
1 0.0859375 0.06380208333333333 0.162109375 0.041666666666666664
1 0.255859375 0.06380208333333333 0.162109375 0.041666666666666664
1 0.42578125 0.06380208333333333 0.162109375 0.041666666666666664
1 0.5322265625 0.06380208333333333 0.03515625 0.041666666666666664
4 0.68603515625 0.057291666666666664 0.2724609375 0.11458333333333333
0 0.68603515625 0.057291666666666664 0.2724609375 0.11458333333333333
2 0.67822265625 0.15494791666666666 0.2568359375 0.041666666666666664
0 0.67822265625 0.15494791666666666 0.2568359375 0.041666666666666664
7 0.67431640625 0.20703125 0.2490234375 0.049479166666666664
6 0.6708984375 0.220703125 0.04296875 0.024739583333333332
4 0.67822265625 0.34765625 0.2568359375 0.14322916666666666
0 0.67822265625 0.34765625 0.2568359375 0.14322916666666666
6 0.9287109375 0.00390625 0.142578125 0.0078125
6 0.9287109375 0.033203125 0.142578125 0.01953125
6 0.9287109375 0.068359375 0.142578125 0.01953125
6 0.9287109375 0.103515625 0.142578125 0.01953125
6 0.9287109375 0.138671875 0.142578125 0.01953125
6 0.9287109375 0.173828125 0.142578125 0.01953125
6 0.9287109375 0.208984375 0.142578125 0.01953125
6 0.9287109375 0.244140625 0.142578125 0.01953125
7 0.92626953125 0.287109375 0.1474609375 0.024739583333333332
6 0.9287109375 0.330078125 0.142578125 0.01953125
6 0.9287109375 0.365234375 0.142578125 0.01953125
6 0.9287109375 0.400390625 0.142578125 0.01953125
2 0.2578125 0.5859375 0.400390625 0.0859375
2 0.30126953125 0.693359375 0.4873046875 0.15755208333333334
2 0.3037109375 0.7649739583333334 0.4921875 0.14973958333333334
0 0.14013671875 0.9055989583333334 0.1650390625 0.05859375
7 0.0654296875 0.9615885416666666 0.052734375 0.016927083333333332
0 0.1123046875 0.8307291666666666 0.15625 0.03125
4 0.27490234375 0.7096354166666666 0.5498046875 0.5807291666666666
7 0.65478515625 0.4947916666666667 0.1767578125 0.059895833333333336
7 0.83740234375 0.4947916666666667 0.1884765625 0.059895833333333336
7 0.76171875 0.6145833333333334 0.390625 0.109375
7 0.68212890625 0.7630208333333334 0.1376953125 0.028645833333333332
0 0.67138671875 0.7630208333333334 0.2099609375 0.08333333333333333
7 0.59375 0.8665364583333334 0.0546875 0.024739583333333332
6 0.65283203125 0.8665364583333334 0.0556640625 0.024739583333333332
6 0.72412109375 0.8665364583333334 0.0869140625 0.024739583333333332
6 0.80126953125 0.8665364583333334 0.0673828125 0.024739583333333332
6 0.88671875 0.8665364583333334 0.103515625 0.024739583333333332