7 0.126953125 0.006510416666666667 0.25390625 0.0078125
6 0.12158203125 0.07486979166666667 0.2431640625 0.08203125
7 0.1259765625 0.13997395833333334 0.251953125 0.02734375
6 0.11083984375 0.3157552083333333 0.2216796875 0.09244791666666667
6 0.09814453125 0.4967447916666667 0.1962890625 0.045572916666666664
7 0.34912109375 0.037109375 0.1005859375 0.032552083333333336
4 0.34912109375 0.15104166666666666 0.1005859375 0.15625
7 0.3134765625 0.208984375 0.029296875 0.040364583333333336
7 0.34912109375 0.23177083333333334 0.1005859375 0.0078125
6 0.35009765625 0.2779947916666667 0.0986328125 0.07682291666666667
4 0.34912109375 0.4264322916666667 0.1005859375 0.15755208333333334
7 0.3134765625 0.4850260416666667 0.029296875 0.040364583333333336
7 0.34912109375 0.5078125 0.1005859375 0.0078125
7 0.81396484375 0.00390625 0.0107421875 0.0078125
0 0.82666015625 0.005859375 0.0615234375 0.01171875
2 0.5087890625 0.031901041666666664 0.150390625 0.022135416666666668
6 0.64404296875 0.031901041666666664 0.0361328125 0.022135416666666668
6 0.72705078125 0.031901041666666664 0.0888671875 0.022135416666666668
6 0.84228515625 0.031901041666666664 0.1005859375 0.022135416666666668
6 0.93603515625 0.031901041666666664 0.0458984375 0.022135416666666668
6 0.98974609375 0.031901041666666664 0.0205078125 0.022135416666666668
4 0.53369140625 0.17708333333333334 0.2685546875 0.21614583333333334
0 0.53369140625 0.177734375 0.2685546875 0.21744791666666666
7 0.50390625 0.22786458333333334 0.208984375 0.0703125
7 0.57470703125 0.24934895833333334 0.0380859375 0.01953125
4 0.53369140625 0.39453125 0.2685546875 0.21614583333333334
0 0.53369140625 0.3951822916666667 0.2685546875 0.21744791666666666
7 0.49609375 0.4700520833333333 0.193359375 0.0703125
7 0.6103515625 0.4915364583333333 0.0234375 0.01953125
2 0.7216796875 0.10872395833333333 0.05078125 0.022135416666666668
4 0.81884765625 0.2858072916666667 0.3037109375 0.43359375
0 0.8193359375 0.2858072916666667 0.3046875 0.43359375
7 0.8193359375 0.4303385416666667 0.265625 0.06901041666666667
4 0.69482421875 0.48828125 0.0166015625 0.020833333333333332
7 0.73095703125 0.4876302083333333 0.0458984375 0.01953125
4 0.9853515625 0.17708333333333334 0.029296875 0.21614583333333334
0 0.9853515625 0.177734375 0.029296875 0.21744791666666666
7 0.9951171875 0.22786458333333334 0.009765625 0.0703125
4 0.9853515625 0.39453125 0.029296875 0.21614583333333334
0 0.9853515625 0.3951822916666667 0.029296875 0.21744791666666666
7 0.9951171875 0.4700520833333333 0.009765625 0.0703125
2 0.8359375 0.451171875 0.27734375 0.048177083333333336
0 0.74365234375 0.4947916666666667 0.0927734375 0.020833333333333332
0 0.87451171875 0.4947916666666667 0.1591796875 0.020833333333333332
3 0.83544921875 0.23177083333333334 0.2939453125 0.3255208333333333
7 0.99365234375 0.09635416666666667 0.0107421875 0.013020833333333334
0 0.99267578125 0.087890625 0.0126953125 0.029947916666666668
7 0.19970703125 0.5794270833333334 0.3994140625 0.06510416666666667
7 0.19970703125 0.6458333333333334 0.3994140625 0.06510416666666667
1 0.19970703125 0.578125 0.3994140625 0.06770833333333333
4 0.19970703125 0.6861979166666666 0.3994140625 0.125
4 0.03515625 0.9114583333333334 0.0703125 0.17708333333333334
4 0.14453125 0.9114583333333334 0.13671875 0.17708333333333334
4 0.30908203125 0.9114583333333334 0.1806640625 0.17708333333333334
2 0.4599609375 0.5481770833333334 0.12109375 0.041666666666666664
7 0.4599609375 0.61328125 0.12109375 0.08854166666666667
2 0.78955078125 0.5481770833333334 0.4208984375 0.041666666666666664
7 0.78955078125 0.59765625 0.4208984375 0.057291666666666664
6 0.65966796875 0.6549479166666666 0.1611328125 0.020833333333333332
2 0.4599609375 0.8450520833333334 0.12109375 0.041666666666666664
7 0.4599609375 0.9524739583333334 0.12109375 0.09505208333333333
2 0.78955078125 0.8450520833333334 0.4208984375 0.041666666666666664
4 0.6083984375 0.9375 0.05859375 0.078125
7 0.82861328125 0.9459635416666666 0.3427734375 0.10807291666666667