2 0.08447265625 0.046875 0.1689453125 0.026041666666666668
2 0.220703125 0.048177083333333336 0.09375 0.028645833333333332
2 0.30224609375 0.046875 0.0693359375 0.026041666666666668
1 0.18359375 0.11197916666666667 0.33203125 0.041666666666666664
1 0.0986328125 0.1640625 0.162109375 0.041666666666666664
1 0.2490234375 0.1640625 0.123046875 0.041666666666666664
4 0.33447265625 0.1640625 0.0185546875 0.03125
0 0.333984375 0.1640625 0.03125 0.041666666666666664
7 0.41455078125 0.17578125 0.0908203125 0.020833333333333332
7 0.3359375 0.4244791666666667 0.38671875 0.09375
7 0.3359375 0.4954427083333333 0.38671875 0.048177083333333336
0 0.5498046875 0.044270833333333336 0.041015625 0.028645833333333332
0 0.6357421875 0.044270833333333336 0.078125 0.028645833333333332
0 0.740234375 0.044270833333333336 0.078125 0.028645833333333332
0 0.830078125 0.044270833333333336 0.048828125 0.028645833333333332
0 0.91015625 0.044270833333333336 0.0859375 0.0390625
2 0.810546875 0.3111979166666667 0.244140625 0.10416666666666667
4 0.720703125 0.4173177083333333 0.0234375 0.032552083333333336
0 0.8349609375 0.4166666666666667 0.29296875 0.0625
7 0.83544921875 0.4166666666666667 0.1416015625 0.03125
7 0.8349609375 0.5013020833333334 0.12890625 0.03125
0 0.8349609375 0.4947916666666667 0.29296875 0.049479166666666664
4 0.1669921875 0.5540364583333334 0.244140625 0.06901041666666667
0 0.1669921875 0.5540364583333334 0.244140625 0.06901041666666667
7 0.1669921875 0.5266927083333334 0.212890625 0.014322916666666666
6 0.1669921875 0.5540364583333334 0.212890625 0.022135416666666668
4 0.41064453125 0.5540364583333334 0.2373046875 0.06901041666666667
0 0.41064453125 0.5540364583333334 0.2373046875 0.06901041666666667
7 0.4140625 0.5266927083333334 0.212890625 0.014322916666666666
6 0.4140625 0.5540364583333334 0.212890625 0.022135416666666668
2 0.2646484375 0.6510416666666666 0.529296875 0.041666666666666664
0 0.02685546875 0.72265625 0.0537109375 0.052083333333333336
0 0.119140625 0.72265625 0.115234375 0.052083333333333336
0 0.22802734375 0.72265625 0.0888671875 0.052083333333333336
0 0.32373046875 0.72265625 0.0888671875 0.052083333333333336
0 0.41943359375 0.72265625 0.0888671875 0.052083333333333336
0 0.5 0.72265625 0.05859375 0.052083333333333336
0 0.52099609375 0.7233072916666666 0.0166015625 0.06380208333333333
0 0.07958984375 0.8502604166666666 0.1591796875 0.11458333333333333
6 0.06982421875 0.8177083333333334 0.1396484375 0.044270833333333336
6 0.03662109375 0.8294270833333334 0.0185546875 0.0234375
6 0.07568359375 0.85546875 0.1513671875 0.0234375
7 0.06005859375 0.8938802083333334 0.0576171875 0.01953125
4 0.2138671875 0.8450520833333334 0.078125 0.10416666666666667
0 0.35205078125 0.8450520833333334 0.3544921875 0.10416666666666667
6 0.330078125 0.8125 0.130859375 0.020833333333333332
6 0.4072265625 0.8125 0.015625 0.0234375
6 0.396484375 0.8385416666666666 0.263671875 0.0234375
7 0.30859375 0.8776041666666666 0.087890625 0.026041666666666668
7 0.37109375 0.8776041666666666 0.015625 0.026041666666666668
7 0.431640625 0.876953125 0.046875 0.01953125
0 0.07958984375 0.9733072916666666 0.1591796875 0.053385416666666664
6 0.05322265625 0.9661458333333334 0.1064453125 0.020833333333333332
6 0.11962890625 0.9661458333333334 0.0185546875 0.0234375
6 0.07568359375 0.990234375 0.1513671875 0.01953125
4 0.2138671875 0.9733072916666666 0.078125 0.053385416666666664
0 0.35205078125 0.9733072916666666 0.3544921875 0.053385416666666664
6 0.31640625 0.9661458333333334 0.103515625 0.020833333333333332
6 0.3798828125 0.9661458333333334 0.015625 0.0234375
6 0.3388671875 0.990234375 0.1484375 0.01953125
7 0.6318359375 0.759765625 0.205078125 0.48046875
0 0.6318359375 0.759765625 0.205078125 0.48046875
6 0.77392578125 0.5462239583333334 0.0419921875 0.022135416666666668
2 0.87646484375 0.7369791666666666 0.2470703125 0.3385416666666667
0 0.87646484375 0.7838541666666666 0.2470703125 0.4322916666666667
6 0.87646484375 0.97265625 0.2470703125 0.0546875