3 0.32421875 0.080078125 0.630859375 0.16015625
4 0.13037109375 0.220703125 0.2333984375 0.06640625
0 0.1318359375 0.2532552083333333 0.244140625 0.06640625
7 0.04443359375 0.3346354166666667 0.0732421875 0.028645833333333332
0 0.04443359375 0.3352864583333333 0.0732421875 0.032552083333333336
7 0.13232421875 0.3346354166666667 0.1025390625 0.028645833333333332
0 0.13232421875 0.3352864583333333 0.1025390625 0.032552083333333336
7 0.23046875 0.3346354166666667 0.09375 0.028645833333333332
0 0.23046875 0.3352864583333333 0.09375 0.032552083333333336
7 0.31884765625 0.3346354166666667 0.0830078125 0.028645833333333332
7 0.41943359375 0.3346354166666667 0.1181640625 0.028645833333333332
0 0.41943359375 0.3352864583333333 0.1181640625 0.032552083333333336
7 0.11962890625 0.4309895833333333 0.1806640625 0.015625
0 0.11962890625 0.4244791666666667 0.2001953125 0.028645833333333332
7 0.6630859375 0.349609375 0.046875 0.032552083333333336
6 0.7109375 0.349609375 0.048828125 0.032552083333333336
7 0.72265625 0.3860677083333333 0.166015625 0.10546875
6 0.69677734375 0.423828125 0.1142578125 0.029947916666666668
7 0.7626953125 0.423828125 0.017578125 0.029947916666666668
7 0.68408203125 0.034505208333333336 0.0888671875 0.032552083333333336
0 0.70947265625 0.034505208333333336 0.1396484375 0.040364583333333336
7 0.7412109375 0.034505208333333336 0.02734375 0.032552083333333336
4 0.72900390625 0.267578125 0.1787109375 0.3424479166666667
0 0.8671875 0.1171875 0.046875 0.0234375
2 0.92333984375 0.21223958333333334 0.1533203125 0.09895833333333333
0 0.8671875 0.4166666666666667 0.046875 0.0234375
4 0.42578125 0.7467447916666666 0.427734375 0.5065104166666666
0 0.31982421875 0.9934895833333334 0.6396484375 0.013020833333333334
4 0.31982421875 0.7467447916666666 0.6396484375 0.5065104166666666
2 0.16064453125 0.611328125 0.3212890625 0.21744791666666666
6 0.10595703125 0.6868489583333334 0.2119140625 0.06640625
0 0.16064453125 0.5709635416666666 0.3212890625 0.08203125
7 0.697265625 0.498046875 0.115234375 0.01953125
7 0.7978515625 0.498046875 0.0859375 0.01953125
1 0.9345703125 0.4954427083333333 0.130859375 0.029947916666666668
7 0.65380859375 0.5755208333333334 0.0283203125 0.026041666666666668
7 0.75146484375 0.6458333333333334 0.2236328125 0.015625
7 0.6513671875 0.7083333333333334 0.0234375 0.015625
7 0.65380859375 0.7981770833333334 0.0283203125 0.026041666666666668
7 0.81982421875 0.8776041666666666 0.3603515625 0.12239583333333333
7 0.81982421875 0.9772135416666666 0.3603515625 0.03515625