4 0.14697265625 0.07356770833333333 0.2333984375 0.06640625
0 0.1484375 0.10611979166666667 0.244140625 0.06640625
7 0.06103515625 0.1875 0.0732421875 0.028645833333333332
0 0.06103515625 0.18815104166666666 0.0732421875 0.032552083333333336
7 0.14892578125 0.1875 0.1025390625 0.028645833333333332
0 0.14892578125 0.18815104166666666 0.1025390625 0.032552083333333336
7 0.2470703125 0.1875 0.09375 0.028645833333333332
0 0.2470703125 0.18815104166666666 0.09375 0.032552083333333336
7 0.33154296875 0.1875 0.0751953125 0.028645833333333332
7 0.13623046875 0.2942708333333333 0.1806640625 0.036458333333333336
0 0.13623046875 0.3092447916666667 0.2001953125 0.09244791666666667
7 0.119140625 0.330078125 0.146484375 0.024739583333333332
7 0.05224609375 0.388671875 0.0322265625 0.024739583333333332
4 0.0830078125 0.3899739583333333 0.01953125 0.01171875
7 0.0498046875 0.4557291666666667 0.02734375 0.018229166666666668
0 0.0498046875 0.4544270833333333 0.02734375 0.018229166666666668
0 0.13232421875 0.4817708333333333 0.1923828125 0.015625
0 0.666015625 0.0078125 0.59375 0.015625
4 0.4208984375 0.10416666666666667 0.103515625 0.20572916666666666
2 0.72412109375 0.08463541666666667 0.4775390625 0.03125
4 0.4951171875 0.12630208333333334 0.01953125 0.026041666666666668
7 0.53955078125 0.12630208333333334 0.0595703125 0.026041666666666668
7 0.6181640625 0.12630208333333334 0.076171875 0.026041666666666668
7 0.94384765625 0.126953125 0.0166015625 0.02734375
7 0.9599609375 0.126953125 0.0078125 0.01953125
7 0.89990234375 0.126953125 0.0166015625 0.02734375
7 0.91552734375 0.126953125 0.0068359375 0.01953125
7 0.85595703125 0.126953125 0.0166015625 0.02734375
7 0.8720703125 0.126953125 0.0078125 0.01953125
4 0.4208984375 0.2643229166666667 0.103515625 0.1328125
2 0.72412109375 0.24479166666666666 0.4775390625 0.0625
4 0.4951171875 0.3020833333333333 0.01953125 0.026041666666666668
7 0.5390625 0.3020833333333333 0.05859375 0.026041666666666668
7 0.6181640625 0.3020833333333333 0.076171875 0.026041666666666668
7 0.94384765625 0.302734375 0.0166015625 0.02734375
7 0.9599609375 0.302734375 0.0078125 0.01953125
7 0.89990234375 0.302734375 0.0166015625 0.02734375
7 0.91552734375 0.302734375 0.0068359375 0.01953125
7 0.85595703125 0.302734375 0.0166015625 0.02734375
7 0.8720703125 0.302734375 0.0078125 0.01953125
4 0.4208984375 0.4055989583333333 0.103515625 0.16796875
2 0.72412109375 0.4049479166666667 0.4775390625 0.0625
4 0.4951171875 0.4622395833333333 0.01953125 0.026041666666666668
7 0.53955078125 0.4622395833333333 0.0595703125 0.026041666666666668
7 0.6181640625 0.4622395833333333 0.076171875 0.026041666666666668
7 0.94384765625 0.462890625 0.0166015625 0.02734375
7 0.9599609375 0.462890625 0.0078125 0.01953125
7 0.89990234375 0.462890625 0.0166015625 0.02734375
7 0.91552734375 0.462890625 0.0068359375 0.01953125
7 0.85595703125 0.462890625 0.0166015625 0.02734375
7 0.8720703125 0.462890625 0.0078125 0.01953125
2 0.1845703125 0.5 0.369140625 0.020833333333333332
7 0.138671875 0.5885416666666666 0.27734375 0.036458333333333336
0 0.13916015625 0.5885416666666666 0.2783203125 0.0390625
7 0.33349609375 0.5885416666666666 0.0712890625 0.036458333333333336
0 0.3330078125 0.5885416666666666 0.072265625 0.0390625
7 0.1845703125 0.6985677083333334 0.369140625 0.024739583333333332
0 0.1845703125 0.7291666666666666 0.369140625 0.125
2 0.1845703125 0.7272135416666666 0.369140625 0.032552083333333336
7 0.1845703125 0.7578125 0.369140625 0.028645833333333332
7 0.1845703125 0.9361979166666666 0.369140625 0.12760416666666666
0 0.42431640625 0.6861979166666666 0.1103515625 0.23958333333333334
2 0.41748046875 0.693359375 0.0966796875 0.03515625
6 0.41748046875 0.7447916666666666 0.0966796875 0.057291666666666664
4 0.646484375 0.62109375 0.0625 0.08333333333333333
0 0.646484375 0.6861979166666666 0.28125 0.23958333333333334
2 0.646484375 0.693359375 0.25390625 0.03515625
6 0.646484375 0.7447916666666666 0.25390625 0.057291666666666664
4 0.955078125 0.62109375 0.05078125 0.08333333333333333
0 0.90673828125 0.6861979166666666 0.1865234375 0.23958333333333334
2 0.91357421875 0.693359375 0.1728515625 0.03515625
6 0.91357421875 0.7447916666666666 0.1728515625 0.057291666666666664
0 0.42431640625 0.9212239583333334 0.1103515625 0.15755208333333334
2 0.41748046875 0.9759114583333334 0.0966796875 0.048177083333333336
4 0.646484375 0.8971354166666666 0.0625 0.08333333333333333
0 0.646484375 0.9212239583333334 0.28125 0.15755208333333334
2 0.646484375 0.9694010416666666 0.25390625 0.03515625
4 0.95458984375 0.8971354166666666 0.0634765625 0.08333333333333333
0 0.90673828125 0.9212239583333334 0.1865234375 0.15755208333333334
2 0.91357421875 0.9694010416666666 0.1728515625 0.03515625