7 0.09375 0.033203125 0.1875 0.032552083333333336
7 0.02783203125 0.06575520833333333 0.0556640625 0.032552083333333336
7 0.0498046875 0.130859375 0.099609375 0.029947916666666668
0 0.06494140625 0.130859375 0.1298828125 0.05859375
7 0.06494140625 0.17643229166666666 0.1298828125 0.032552083333333336
7 0.12255859375 0.26953125 0.2451171875 0.0703125
6 0.013671875 0.29296875 0.02734375 0.0234375
7 0.02880859375 0.29296875 0.0029296875 0.0234375
4 0.3271484375 0.22591145833333334 0.10546875 0.4518229166666667
4 0.68994140625 0.057942708333333336 0.6201171875 0.11588541666666667
2 0.6953125 0.15299479166666666 0.609375 0.045572916666666664
7 0.521484375 0.21549479166666666 0.255859375 0.02734375
7 0.70947265625 0.21549479166666666 0.1201171875 0.02734375
7 0.6337890625 0.267578125 0.48046875 0.029947916666666668
7 0.6328125 0.3313802083333333 0.478515625 0.10026041666666667
7 0.47607421875 0.3684895833333333 0.1064453125 0.026041666666666668
7 0.6337890625 0.41796875 0.48046875 0.125
6 0.52587890625 0.4674479166666667 0.0341796875 0.026041666666666668
7 0.544921875 0.4674479166666667 0.00390625 0.026041666666666668
7 0.32421875 0.541015625 0.111328125 0.08203125
7 0.27099609375 0.6328125 0.2177734375 0.09114583333333333
4 0.03857421875 0.916015625 0.0771484375 0.16796875
4 0.2060546875 0.9680989583333334 0.23046875 0.06380208333333333
0 0.37060546875 0.7897135416666666 0.0185546875 0.053385416666666664
2 0.68994140625 0.82421875 0.6201171875 0.06770833333333333
7 0.56201171875 0.9140625 0.3642578125 0.0703125