4 0.21728515625 0.17578125 0.3251953125 0.3515625
4 0.037109375 0.4231770833333333 0.04296875 0.057291666666666664
2 0.0625 0.4869791666666667 0.125 0.03125
7 0.0625 0.5240885416666666 0.125 0.029947916666666668
4 0.232421875 0.4231770833333333 0.04296875 0.057291666666666664
2 0.232421875 0.4869791666666667 0.17578125 0.03125
7 0.232421875 0.5240885416666666 0.17578125 0.029947916666666668
2 0.35986328125 0.4869791666666667 0.0400390625 0.03125
7 0.35986328125 0.5240885416666666 0.0400390625 0.029947916666666668
0 0.46630859375 0.02734375 0.1044921875 0.052083333333333336
0 0.5703125 0.02734375 0.037109375 0.052083333333333336
0 0.62646484375 0.02734375 0.0478515625 0.052083333333333336
0 0.7109375 0.02734375 0.09375 0.052083333333333336
0 0.814453125 0.02734375 0.0859375 0.052083333333333336
0 0.9013671875 0.02734375 0.060546875 0.052083333333333336
0 0.96142578125 0.02734375 0.0322265625 0.052083333333333336
7 0.42333984375 0.07486979166666667 0.0244140625 0.016927083333333332
0 0.47412109375 0.07552083333333333 0.1259765625 0.046875
7 0.46728515625 0.07486979166666667 0.0634765625 0.016927083333333332
7 0.51806640625 0.07486979166666667 0.0380859375 0.016927083333333332
0 0.56396484375 0.07552083333333333 0.0380859375 0.046875
0 0.79345703125 0.07552083333333333 0.0693359375 0.046875
0 0.86865234375 0.07486979166666667 0.0732421875 0.02734375
0 0.92431640625 0.07486979166666667 0.0302734375 0.02734375
0 0.9716796875 0.07486979166666667 0.056640625 0.02734375
2 0.560546875 0.17057291666666666 0.298828125 0.026041666666666668
0 0.70556640625 0.3483072916666667 0.5888671875 0.3815104166666667
2 0.556640625 0.26953125 0.291015625 0.16927083333333334
7 0.55712890625 0.42578125 0.2919921875 0.10677083333333333
7 0.59716796875 0.46875 0.0498046875 0.020833333333333332
7 0.560546875 0.49609375 0.298828125 0.026041666666666668
4 0.86474609375 0.3483072916666667 0.2705078125 0.3815104166666667
2 0.1123046875 0.546875 0.224609375 0.015625
0 0.1123046875 0.5618489583333334 0.224609375 0.045572916666666664
6 0.1123046875 0.572265625 0.224609375 0.024739583333333332
2 0.1123046875 0.65234375 0.224609375 0.08333333333333333
0 0.1123046875 0.6673177083333334 0.224609375 0.11328125
6 0.1123046875 0.7115885416666666 0.224609375 0.024739583333333332
7 0.130859375 0.7643229166666666 0.146484375 0.0234375
0 0.14111328125 0.7662760416666666 0.1669921875 0.055989583333333336
7 0.32177734375 0.548828125 0.1162109375 0.01953125
0 0.31494140625 0.5598958333333334 0.1298828125 0.041666666666666664
7 0.32177734375 0.63671875 0.1162109375 0.028645833333333332
0 0.31494140625 0.638671875 0.1298828125 0.06901041666666667
7 0.318359375 0.7337239583333334 0.109375 0.055989583333333336
0 0.31494140625 0.7356770833333334 0.1298828125 0.1171875
4 0.0234375 0.861328125 0.03125 0.03515625
0 0.18994140625 0.8776041666666666 0.3798828125 0.13020833333333334
2 0.212890625 0.8580729166666666 0.333984375 0.036458333333333336
6 0.212890625 0.9029947916666666 0.333984375 0.048177083333333336
4 0.0283203125 0.9811197916666666 0.03125 0.03515625
0 0.119140625 0.9739583333333334 0.228515625 0.052083333333333336
2 0.142578125 0.9765625 0.181640625 0.03125
4 0.27001953125 0.9811197916666666 0.0322265625 0.03515625
0 0.31298828125 0.9739583333333334 0.1337890625 0.052083333333333336
2 0.33642578125 0.98046875 0.0869140625 0.0390625
0 0.45556640625 0.6868489583333334 0.1513671875 0.053385416666666664
0 0.45556640625 0.7389322916666666 0.1513671875 0.053385416666666664
7 0.51611328125 0.7389322916666666 0.0302734375 0.053385416666666664
0 0.45556640625 0.791015625 0.1513671875 0.053385416666666664
7 0.51611328125 0.791015625 0.0302734375 0.053385416666666664
0 0.45556640625 0.8430989583333334 0.1513671875 0.053385416666666664
0 0.45556640625 0.8951822916666666 0.1513671875 0.053385416666666664
0 0.45556640625 0.947265625 0.1513671875 0.053385416666666664
0 0.45556640625 0.986328125 0.1513671875 0.02734375
7 0.51611328125 0.986328125 0.0302734375 0.02734375
4 0.65625 0.69921875 0.193359375 0.15625
2 0.65673828125 0.8151041666666666 0.1435546875 0.059895833333333336
4 0.87841796875 0.703125 0.1943359375 0.1640625
2 0.87841796875 0.82421875 0.1728515625 0.059895833333333336
7 0.75830078125 0.8893229166666666 0.1259765625 0.028645833333333332
6 0.86376953125 0.8893229166666666 0.0869140625 0.028645833333333332
7 0.9228515625 0.8893229166666666 0.033203125 0.028645833333333332
6 0.96923828125 0.8893229166666666 0.0615234375 0.028645833333333332
2 0.6767578125 0.982421875 0.203125 0.03515625