0 0.1044921875 0.087890625 0.208984375 0.17578125
7 0.1044921875 0.10481770833333333 0.208984375 0.14192708333333334
7 0.1044921875 0.21158854166666666 0.208984375 0.07421875
0 0.1044921875 0.2727864583333333 0.208984375 0.024739583333333332
7 0.27197265625 0.06770833333333333 0.0693359375 0.09114583333333333
7 0.39013671875 0.046875 0.1396484375 0.08072916666666667
0 0.3486328125 0.09895833333333333 0.22265625 0.0234375
7 0.27197265625 0.18489583333333334 0.0693359375 0.09114583333333333
7 0.39013671875 0.18033854166666666 0.1396484375 0.11328125
0 0.3486328125 0.24869791666666666 0.22265625 0.0234375
3 0.24462890625 0.4166666666666667 0.4306640625 0.1171875
0 0.87060546875 0.05859375 0.2587890625 0.028645833333333332
2 0.5244140625 0.12890625 0.12890625 0.046875
1 0.64453125 0.12890625 0.08203125 0.03125
4 0.72216796875 0.12890625 0.0498046875 0.033854166666666664
4 0.77685546875 0.12890625 0.0498046875 0.033854166666666664
4 0.83154296875 0.12890625 0.0498046875 0.033854166666666664
4 0.88623046875 0.12890625 0.0498046875 0.033854166666666664
4 0.94091796875 0.12890625 0.0498046875 0.033854166666666664
4 0.9853515625 0.12890625 0.029296875 0.033854166666666664
4 0.552734375 0.22330729166666666 0.181640625 0.10026041666666667
0 0.67919921875 0.22330729166666666 0.4365234375 0.10286458333333333
4 0.5771484375 0.22330729166666666 0.1328125 0.10026041666666667
7 0.67333984375 0.185546875 0.0380859375 0.02734375
7 0.7705078125 0.19921875 0.232421875 0.049479166666666664
4 0.94921875 0.22330729166666666 0.1015625 0.10026041666666667
0 0.94873046875 0.22330729166666666 0.1025390625 0.10286458333333333
4 0.9736328125 0.22330729166666666 0.052734375 0.10026041666666667
4 0.5458984375 0.43359375 0.171875 0.09114583333333333
0 0.72998046875 0.43359375 0.5400390625 0.09114583333333333
4 0.5458984375 0.43359375 0.171875 0.09114583333333333
2 0.83056640625 0.427734375 0.3388671875 0.07942708333333333
4 0.22998046875 0.7395833333333334 0.4599609375 0.5208333333333334
4 0.095703125 0.6119791666666666 0.0078125 0.010416666666666666
4 0.1064453125 0.6119791666666666 0.0078125 0.010416666666666666
4 0.1171875 0.6119791666666666 0.0078125 0.010416666666666666
4 0.44140625 0.8893229166666666 0.037109375 0.078125
4 0.443359375 0.8216145833333334 0.033203125 0.078125
4 0.43359375 0.7591145833333334 0.052734375 0.078125
4 0.44921875 0.6901041666666666 0.021484375 0.078125
4 0.40966796875 0.6979166666666666 0.0595703125 0.078125
4 0.37646484375 0.7421875 0.0673828125 0.06770833333333333
4 0.27001953125 0.7643229166666666 0.0595703125 0.078125
4 0.35693359375 0.6705729166666666 0.0595703125 0.078125
4 0.29638671875 0.65234375 0.0595703125 0.078125
4 0.25634765625 0.6822916666666666 0.0673828125 0.06770833333333333
4 0.32666015625 0.7434895833333334 0.0595703125 0.078125
4 0.20556640625 0.7643229166666666 0.0595703125 0.078125
4 0.20947265625 0.6848958333333334 0.0595703125 0.078125
4 0.15576171875 0.7252604166666666 0.0673828125 0.06770833333333333
4 0.43017578125 0.9361979166666666 0.0595703125 0.078125
4 0.40576171875 0.9661458333333334 0.0615234375 0.06770833333333333
4 0.44580078125 0.62109375 0.0283203125 0.06770833333333333
4 0.14404296875 0.6432291666666666 0.0595703125 0.078125
4 0.09033203125 0.6653645833333334 0.0673828125 0.06770833333333333
4 0.40185546875 0.6145833333333334 0.0595703125 0.078125
4 0.35693359375 0.966796875 0.1103515625 0.06640625
4 0.36376953125 0.9713541666666666 0.0673828125 0.057291666666666664
4 0.38037109375 0.96875 0.0673828125 0.0625
2 0.36181640625 0.880859375 0.1943359375 0.12109375
2 0.3505859375 0.8932291666666666 0.21875 0.06510416666666667
4 0.33349609375 0.951171875 0.0068359375 0.009114583333333334
4 0.72998046875 0.8893229166666666 0.5400390625 0.1953125
2 0.53955078125 0.84375 0.1591796875 0.046875
7 0.5703125 0.884765625 0.220703125 0.022135416666666668
7 0.72607421875 0.884765625 0.0830078125 0.022135416666666668
6 0.79541015625 0.884765625 0.0595703125 0.022135416666666668
7 0.517578125 0.9544270833333334 0.115234375 0.0234375
0 0.517578125 0.9544270833333334 0.115234375 0.0234375
7 0.70849609375 0.9537760416666666 0.1806640625 0.045572916666666664
6 0.76171875 0.9661458333333334 0.052734375 0.020833333333333332