7 0.10400390625 0.026041666666666668 0.1669921875 0.052083333333333336
0 0.1162109375 0.06380208333333333 0.232421875 0.0234375
7 0.11279296875 0.12890625 0.1845703125 0.08072916666666667
0 0.1162109375 0.18098958333333334 0.232421875 0.0234375
7 0.1171875 0.24609375 0.193359375 0.08072916666666667
0 0.1162109375 0.2981770833333333 0.232421875 0.0234375
7 0.11669921875 0.3795572916666667 0.1923828125 0.11328125
0 0.1162109375 0.4479166666666667 0.232421875 0.0234375
3 0.375 0.15625 0.228515625 0.3125
7 0.38720703125 0.3450520833333333 0.2041015625 0.028645833333333332
1 0.38720703125 0.41015625 0.2041015625 0.044270833333333336
0 0.38720703125 0.4635416666666667 0.2041015625 0.044270833333333336
6 0.40625 0.5 0.046875 0.015625
7 0.431640625 0.5 0.00390625 0.015625
4 0.55126953125 0.029947916666666668 0.1240234375 0.059895833333333336
0 0.55126953125 0.029947916666666668 0.1240234375 0.059895833333333336
2 0.74462890625 0.16341145833333334 0.5107421875 0.11067708333333333
2 0.74462890625 0.2799479166666667 0.5107421875 0.033854166666666664
7 0.6943359375 0.3203125 0.07421875 0.026041666666666668
6 0.7958984375 0.3203125 0.076171875 0.026041666666666668
7 0.88037109375 0.3203125 0.0771484375 0.026041666666666668
7 0.96875 0.3203125 0.046875 0.026041666666666668
1 0.81005859375 0.4147135416666667 0.3798828125 0.061197916666666664
4 0.0380859375 0.6087239583333334 0.076171875 0.040364583333333336
7 0.26123046875 0.6139322916666666 0.0693359375 0.022135416666666668
0 0.27001953125 0.61328125 0.1064453125 0.046875
4 0.30712890625 0.6165364583333334 0.0126953125 0.009114583333333334
7 0.3916015625 0.6139322916666666 0.056640625 0.022135416666666668
0 0.40087890625 0.61328125 0.0947265625 0.046875
4 0.43212890625 0.6165364583333334 0.0126953125 0.009114583333333334
2 0.0771484375 0.7858072916666666 0.154296875 0.040364583333333336
2 0.1796875 0.7858072916666666 0.05078125 0.040364583333333336
2 0.2734375 0.7858072916666666 0.140625 0.040364583333333336
7 0.1943359375 0.8587239583333334 0.388671875 0.048177083333333336
0 0.0576171875 0.9446614583333334 0.115234375 0.06380208333333333
4 0.24462890625 0.76953125 0.4892578125 0.4609375
7 0.28662109375 0.6184895833333334 0.4052734375 0.052083333333333336
7 0.28662109375 0.7252604166666666 0.4052734375 0.052083333333333336
7 0.28662109375 0.8079427083333334 0.4052734375 0.048177083333333336
7 0.30859375 0.9322916666666666 0.361328125 0.13541666666666666
4 0.74462890625 0.7369791666666666 0.5107421875 0.3255208333333333
4 0.6982421875 0.962890625 0.41796875 0.07421875