4 0.1796875 0.107421875 0.359375 0.06640625
7 0.1796875 0.16471354166666666 0.359375 0.02734375
2 0.09228515625 0.392578125 0.1845703125 0.08203125
1 0.29931640625 0.3932291666666667 0.1201171875 0.044270833333333336
4 0.2509765625 0.4733072916666667 0.0234375 0.032552083333333336
2 0.29736328125 0.4713541666666667 0.0400390625 0.03125
7 0.25 0.5384114583333334 0.0234375 0.022135416666666668
2 0.2998046875 0.5377604166666666 0.044921875 0.0234375
7 0.4560546875 0.10807291666666667 0.193359375 0.015625
7 0.63916015625 0.33984375 0.5595703125 0.12239583333333333
7 0.63916015625 0.439453125 0.5595703125 0.03515625
7 0.63916015625 0.4915364583333333 0.5595703125 0.06901041666666667
4 0.0771484375 0.66796875 0.154296875 0.23697916666666666
2 0.2666015625 0.66796875 0.185546875 0.23697916666666666
4 0.26318359375 0.69140625 0.1787109375 0.15885416666666666
0 0.2666015625 0.69140625 0.185546875 0.15885416666666666
4 0.0751953125 0.8854166666666666 0.150390625 0.15885416666666666
0 0.0751953125 0.9029947916666666 0.150390625 0.19401041666666666
2 0.0751953125 0.986328125 0.150390625 0.02734375
7 0.2666015625 0.8196614583333334 0.185546875 0.02734375
0 0.51123046875 0.6171875 0.3037109375 0.0546875
0 0.83154296875 0.6171875 0.3369140625 0.0546875
2 0.6796875 0.7311197916666666 0.640625 0.04296875
4 0.42626953125 0.8333333333333334 0.1298828125 0.13802083333333334
0 0.42626953125 0.8541666666666666 0.1298828125 0.1796875
2 0.42626953125 0.9290364583333334 0.1298828125 0.029947916666666668
4 0.58447265625 0.8333333333333334 0.1298828125 0.13802083333333334
0 0.58447265625 0.8600260416666666 0.1591796875 0.19140625
2 0.58447265625 0.9290364583333334 0.1298828125 0.029947916666666668
4 0.7421875 0.8333333333333334 0.12890625 0.13802083333333334
0 0.7421875 0.8541666666666666 0.12890625 0.1796875
2 0.7421875 0.9290364583333334 0.12890625 0.029947916666666668
4 0.89990234375 0.8333333333333334 0.1298828125 0.13802083333333334
0 0.89990234375 0.8541666666666666 0.1298828125 0.1796875
2 0.89990234375 0.9290364583333334 0.1298828125 0.029947916666666668