2 0.06494140625 0.1328125 0.1298828125 0.036458333333333336
7 0.24462890625 0.23177083333333334 0.4892578125 0.0703125
7 0.24462890625 0.3157552083333333 0.4892578125 0.03515625
7 0.130859375 0.3821614583333333 0.26171875 0.024739583333333332
0 0.3193359375 0.3828125 0.115234375 0.026041666666666668
7 0.24462890625 0.3997395833333333 0.4892578125 0.059895833333333336
0 0.126953125 0.41796875 0.201171875 0.026041666666666668
7 0.3583984375 0.4173177083333333 0.26171875 0.024739583333333332
2 0.06494140625 0.5240885416666666 0.1298828125 0.029947916666666668
4 0.861328125 0.0234375 0.17578125 0.046875
6 0.69921875 0.20052083333333334 0.26171875 0.026041666666666668
6 0.69921875 0.2682291666666667 0.26171875 0.026041666666666668
6 0.69921875 0.3359375 0.26171875 0.026041666666666668
6 0.69921875 0.4036458333333333 0.26171875 0.026041666666666668
6 0.69921875 0.4713541666666667 0.26171875 0.026041666666666668
6 0.69921875 0.5325520833333334 0.26171875 0.013020833333333334
6 0.94580078125 0.20052083333333334 0.1083984375 0.026041666666666668
6 0.94580078125 0.2682291666666667 0.1083984375 0.026041666666666668
6 0.94580078125 0.3359375 0.1083984375 0.026041666666666668
6 0.94580078125 0.4036458333333333 0.1083984375 0.026041666666666668
6 0.94580078125 0.4713541666666667 0.1083984375 0.026041666666666668
6 0.94580078125 0.5325520833333334 0.1083984375 0.013020833333333334
7 0.1376953125 0.599609375 0.275390625 0.045572916666666664
7 0.40380859375 0.599609375 0.0986328125 0.032552083333333336
0 0.4091796875 0.599609375 0.134765625 0.048177083333333336
2 0.23828125 0.8072916666666666 0.4765625 0.07291666666666667
0 0.51904296875 0.5696614583333334 0.0595703125 0.061197916666666664
0 0.6123046875 0.5696614583333334 0.126953125 0.061197916666666664
0 0.736328125 0.5696614583333334 0.12109375 0.061197916666666664
0 0.89599609375 0.5696614583333334 0.1982421875 0.061197916666666664
7 0.74462890625 0.6510416666666666 0.5107421875 0.049479166666666664
6 0.61865234375 0.7200520833333334 0.2587890625 0.020833333333333332