4 0.33203125 0.123046875 0.615234375 0.06640625
0 0.08837890625 0.12044270833333333 0.1357421875 0.061197916666666664
2 0.28076171875 0.119140625 0.2294921875 0.06901041666666667
0 0.28076171875 0.14388020833333334 0.2294921875 0.022135416666666668
7 0.33203125 0.18033854166666666 0.615234375 0.02734375
2 0.32568359375 0.408203125 0.6025390625 0.08203125
7 0.06982421875 0.4700520833333333 0.0908203125 0.026041666666666668
7 0.328125 0.583984375 0.607421875 0.06380208333333333
7 0.31640625 0.689453125 0.583984375 0.06901041666666667
6 0.279296875 0.7317708333333334 0.509765625 0.06770833333333333
7 0.32861328125 0.7747395833333334 0.6083984375 0.0703125
7 0.81982421875 0.0703125 0.3603515625 0.140625
3 0.81982421875 0.3776041666666667 0.3603515625 0.4739583333333333
2 0.40869140625 0.8932291666666666 0.3603515625 0.16666666666666666
2 0.43408203125 0.904296875 0.4111328125 0.061197916666666664
0 0.607421875 0.8313802083333334 0.064453125 0.04296875
4 0.7451171875 0.9264322916666666 0.2109375 0.14713541666666666
0 0.7451171875 0.9264322916666666 0.2109375 0.14713541666666666
7 0.94482421875 0.9029947916666666 0.1103515625 0.16015625
0 0.94482421875 0.9114583333333334 0.1103515625 0.17708333333333334