7 0.09912109375 0.11393229166666667 0.1982421875 0.17578125
4 0.26416015625 0.07747395833333333 0.0654296875 0.08723958333333333
0 0.2802734375 0.11197916666666667 0.068359375 0.11458333333333333
4 0.3984375 0.11848958333333333 0.08203125 0.13020833333333334
6 0.59716796875 0.017578125 0.0888671875 0.022135416666666668
7 0.66015625 0.017578125 0.037109375 0.022135416666666668
7 0.7158203125 0.017578125 0.07421875 0.022135416666666668
7 0.75732421875 0.017578125 0.0087890625 0.022135416666666668
6 0.80859375 0.017578125 0.09375 0.022135416666666668
4 0.556640625 0.19010416666666666 0.234375 0.15885416666666666
4 0.8330078125 0.19010416666666666 0.279296875 0.15885416666666666
4 0.2197265625 0.5338541666666666 0.439453125 0.5286458333333334
2 0.2197265625 0.748046875 0.439453125 0.10807291666666667
2 0.359375 0.9401041666666666 0.16015625 0.052083333333333336
0 0.3544921875 0.9459635416666666 0.169921875 0.03515625
3 0.33740234375 0.5416666666666666 0.2041015625 0.5442708333333334
7 0.7197265625 0.2779947916666667 0.560546875 0.016927083333333332
7 0.53271484375 0.3404947916666667 0.0751953125 0.032552083333333336
0 0.53076171875 0.3430989583333333 0.0908203125 0.07161458333333333
0 0.63330078125 0.3411458333333333 0.1123046875 0.06770833333333333
0 0.732421875 0.3411458333333333 0.10546875 0.06770833333333333
0 0.798828125 0.3391927083333333 0.046875 0.06380208333333333
0 0.8623046875 0.3391927083333333 0.080078125 0.06380208333333333
0 0.939453125 0.3411458333333333 0.07421875 0.06770833333333333
6 0.810546875 0.3990885416666667 0.287109375 0.02734375
4 0.7197265625 0.7057291666666666 0.560546875 0.5885416666666666