4 0.16845703125 0.3229166666666667 0.3369140625 0.4505208333333333
3 0.669921875 0.09895833333333333 0.66015625 0.19791666666666666
4 0.41455078125 0.255859375 0.1494140625 0.07161458333333333
0 0.41455078125 0.255859375 0.1494140625 0.07161458333333333
0 0.5703125 0.2545572916666667 0.1171875 0.032552083333333336
0 0.67626953125 0.2545572916666667 0.0888671875 0.032552083333333336
0 0.77685546875 0.2545572916666667 0.1064453125 0.032552083333333336
0 0.8779296875 0.23697916666666666 0.0703125 0.09375
1 0.962890625 0.255859375 0.07421875 0.05859375
4 0.58837890625 0.2578125 0.0205078125 0.026041666666666668
1 0.662109375 0.255859375 0.1953125 0.05859375
4 0.77685546875 0.255859375 0.0205078125 0.032552083333333336
1 0.89794921875 0.255859375 0.2001953125 0.037760416666666664
4 0.669921875 0.4837239583333333 0.66015625 0.2903645833333333
2 0.169921875 0.7454427083333334 0.33984375 0.23307291666666666
7 0.080078125 0.9635416666666666 0.16015625 0.036458333333333336
0 0.169921875 0.9622395833333334 0.33984375 0.07552083333333333
4 0.33544921875 0.9635416666666666 0.0087890625 0.03125
4 0.4873046875 0.779296875 0.294921875 0.30078125
6 0.77490234375 0.6569010416666666 0.2041015625 0.055989583333333336
7 0.78271484375 0.7578125 0.2197265625 0.06510416666666667
7 0.78271484375 0.884765625 0.2197265625 0.16276041666666666
4 0.9560546875 0.779296875 0.087890625 0.30078125
6 0.97998046875 0.9440104166666666 0.0400390625 0.09114583333333333