7 0.1640625 0.09895833333333333 0.328125 0.19010416666666666
0 0.091796875 0.2571614583333333 0.18359375 0.07421875
7 0.09619140625 0.310546875 0.1923828125 0.032552083333333336
4 0.5234375 0.115234375 0.373046875 0.23046875
1 0.82568359375 0.055989583333333336 0.2314453125 0.0625
0 0.78173828125 0.3020833333333333 0.1435546875 0.041666666666666664
7 0.7734375 0.3014322916666667 0.126953125 0.022135416666666668
4 0.7744140625 0.4296875 0.0625 0.0390625
0 0.78369140625 0.412109375 0.1474609375 0.07421875
4 0.9482421875 0.4296875 0.0625 0.0390625
0 0.9326171875 0.412109375 0.134765625 0.07421875
4 0.35498046875 0.6848958333333334 0.7099609375 0.4713541666666667
7 0.57421875 0.5475260416666666 0.259765625 0.08723958333333333
7 0.57421875 0.6145833333333334 0.259765625 0.046875
7 0.5595703125 0.7161458333333334 0.23046875 0.078125
0 0.5595703125 0.7194010416666666 0.23046875 0.01953125
4 0.85498046875 0.724609375 0.2900390625 0.55078125