2 0.07861328125 0.15299479166666666 0.1572265625 0.11067708333333333
7 0.02685546875 0.22721354166666666 0.0498046875 0.022135416666666668
7 0.05810546875 0.22721354166666666 0.0126953125 0.022135416666666668
4 0.0712890625 0.22916666666666666 0.017578125 0.018229166666666668
7 0.08984375 0.22721354166666666 0.021484375 0.022135416666666668
4 0.0126953125 0.2513020833333333 0.015625 0.0234375
4 0.33349609375 0.10286458333333333 0.1923828125 0.20572916666666666
2 0.33544921875 0.251953125 0.1767578125 0.022135416666666668
7 0.80224609375 0.061197916666666664 0.3955078125 0.06510416666666667
7 0.8154296875 0.13671875 0.369140625 0.06510416666666667
0 0.7744140625 0.234375 0.16015625 0.059895833333333336
0 0.939453125 0.234375 0.12109375 0.059895833333333336
4 0.21484375 0.400390625 0.4296875 0.11848958333333333
4 0.21484375 0.7454427083333334 0.4296875 0.5091145833333334
7 0.33544921875 0.669921875 0.1884765625 0.08723958333333333
7 0.33544921875 0.7369791666666666 0.1884765625 0.046875
7 0.33544921875 0.8385416666666666 0.1884765625 0.078125
0 0.33544921875 0.841796875 0.1884765625 0.01953125
4 0.56689453125 0.46484375 0.2744140625 0.3072916666666667
0 0.56689453125 0.5807291666666666 0.2744140625 0.5390625
2 0.56201171875 0.7376302083333334 0.2646484375 0.17317708333333334
7 0.6103515625 0.916015625 0.1484375 0.01953125
2 0.451171875 0.9563802083333334 0.04296875 0.02734375
2 0.63037109375 0.9563802083333334 0.0693359375 0.02734375
7 0.6298828125 0.98046875 0.068359375 0.0390625
2 0.87109375 0.359375 0.2578125 0.044270833333333336
0 0.861328125 0.4544270833333333 0.27734375 0.09114583333333333
2 0.890625 0.4596354166666667 0.19921875 0.07552083333333333
0 0.861328125 0.55859375 0.27734375 0.09114583333333333
2 0.890625 0.5638020833333334 0.19921875 0.07552083333333333
0 0.861328125 0.685546875 0.27734375 0.13671875
2 0.890625 0.6920572916666666 0.19921875 0.12369791666666667
0 0.861328125 0.8138020833333334 0.27734375 0.09114583333333333
2 0.890625 0.8190104166666666 0.19921875 0.07552083333333333
0 0.861328125 0.9283854166666666 0.27734375 0.11197916666666667
2 0.890625 0.9348958333333334 0.19921875 0.09895833333333333