3 0.21728515625 0.044921875 0.4345703125 0.08984375
0 0.173828125 0.2109375 0.34765625 0.026041666666666668
4 0.27001953125 0.4134114583333333 0.5400390625 0.29296875
0 0.27001953125 0.4134114583333333 0.5400390625 0.29296875
4 0.3525390625 0.008463541666666666 0.01953125 0.016927083333333332
0 0.35546875 0.011067708333333334 0.033203125 0.022135416666666668
4 0.18603515625 0.2799479166666667 0.3720703125 0.5598958333333334
0 0.18603515625 0.2799479166666667 0.3720703125 0.5598958333333334
3 0.77978515625 0.2825520833333333 0.4404296875 0.5546875
0 0.36181640625 0.5657552083333334 0.0869140625 0.01171875
7 0.43798828125 0.564453125 0.0498046875 0.009114583333333334
0 0.44287109375 0.5657552083333334 0.0751953125 0.01171875
7 0.51123046875 0.564453125 0.0458984375 0.009114583333333334
0 0.51611328125 0.5657552083333334 0.0712890625 0.01171875
0 0.04052734375 0.6263020833333334 0.0810546875 0.059895833333333336
0 0.1142578125 0.6263020833333334 0.06640625 0.059895833333333336
0 0.20947265625 0.6263020833333334 0.1240234375 0.059895833333333336
0 0.30029296875 0.6263020833333334 0.0576171875 0.059895833333333336
0 0.3955078125 0.6263020833333334 0.1328125 0.059895833333333336
0 0.5107421875 0.6263020833333334 0.09765625 0.059895833333333336
0 0.0888671875 0.6692708333333334 0.0859375 0.049479166666666664
0 0.171875 0.6692708333333334 0.080078125 0.049479166666666664
0 0.27197265625 0.6692708333333334 0.1201171875 0.049479166666666664
0 0.36767578125 0.6692708333333334 0.0712890625 0.049479166666666664
0 0.46337890625 0.6692708333333334 0.1201171875 0.049479166666666664
7 0.548828125 0.669921875 0.021484375 0.022135416666666668
0 0.54150390625 0.6692708333333334 0.0361328125 0.049479166666666664
2 0.27978515625 0.78125 0.5595703125 0.078125
2 0.27978515625 0.83984375 0.5595703125 0.0390625
7 0.111328125 0.9375 0.22265625 0.036458333333333336
0 0.11181640625 0.9375 0.2236328125 0.0390625
7 0.3896484375 0.9375 0.29296875 0.036458333333333336
0 0.3896484375 0.9375 0.294921875 0.0390625
4 0.77978515625 0.7799479166666666 0.4404296875 0.4401041666666667
4 0.77978515625 0.7799479166666666 0.4404296875 0.4401041666666667