3 0.3310546875 0.11328125 0.662109375 0.1171875
0 0.28759765625 0.29296875 0.5751953125 0.026041666666666668
4 0.580078125 0.0859375 0.01953125 0.026041666666666668
0 0.5830078125 0.08203125 0.033203125 0.044270833333333336
4 0.306640625 0.234375 0.5859375 0.3489583333333333
0 0.306640625 0.234375 0.5859375 0.3489583333333333
4 0.8447265625 0.20442708333333334 0.310546875 0.4088541666666667
7 0.16748046875 0.419921875 0.1845703125 0.022135416666666668
7 0.31201171875 0.419921875 0.1064453125 0.022135416666666668
6 0.41357421875 0.419921875 0.0986328125 0.022135416666666668
7 0.5380859375 0.419921875 0.15234375 0.022135416666666668
4 0.0478515625 0.494140625 0.095703125 0.032552083333333336
7 0.3447265625 0.66796875 0.60546875 0.026041666666666668
7 0.3447265625 0.75 0.60546875 0.10677083333333333
1 0.3447265625 0.8580729166666666 0.60546875 0.0625
4 0.6220703125 0.85546875 0.04296875 0.057291666666666664
6 0.5830078125 0.9140625 0.12890625 0.028645833333333332
0 0.3447265625 0.9837239583333334 0.318359375 0.032552083333333336
2 0.8671875 0.5162760416666666 0.265625 0.06901041666666667
1 0.88525390625 0.609375 0.2294921875 0.0390625
7 0.7001953125 0.880859375 0.021484375 0.02734375
7 0.72900390625 0.9231770833333334 0.0244140625 0.020833333333333332
0 0.720703125 0.85546875 0.0625 0.2604166666666667
7 0.728515625 0.9518229166666666 0.025390625 0.0234375
4 0.74609375 0.953125 0.009765625 0.026041666666666668
4 0.85400390625 0.796875 0.0712890625 0.09375
7 0.85400390625 0.880859375 0.0732421875 0.02734375
7 0.919921875 0.9231770833333334 0.025390625 0.020833333333333332
7 0.80078125 0.9231770833333334 0.05078125 0.020833333333333332
4 0.86376953125 0.9231770833333334 0.0302734375 0.020833333333333332
0 0.85400390625 0.85546875 0.1787109375 0.2604166666666667
4 0.78173828125 0.94921875 0.0126953125 0.015625
4 0.79638671875 0.94921875 0.0126953125 0.015625
4 0.81103515625 0.94921875 0.0126953125 0.015625
4 0.82568359375 0.94921875 0.0126953125 0.015625
4 0.84033203125 0.94921875 0.0126953125 0.015625
7 0.91943359375 0.9518229166666666 0.0263671875 0.0234375
4 0.93701171875 0.953125 0.0107421875 0.026041666666666668
0 0.97802734375 0.85546875 0.0439453125 0.2604166666666667
7 0.9833984375 0.9231770833333334 0.033203125 0.020833333333333332
4 0.97265625 0.94921875 0.01171875 0.015625
4 0.9873046875 0.94921875 0.01171875 0.015625
4 0.998046875 0.94921875 0.00390625 0.015625