7 0.2548828125 0.004557291666666667 0.509765625 0.009114583333333334
4 0.2548828125 0.2897135416666667 0.509765625 0.51953125
2 0.2548828125 0.3385416666666667 0.509765625 0.14583333333333334
0 0.291015625 0.47265625 0.2734375 0.0703125
7 0.54052734375 0.07421875 0.0615234375 0.0234375
6 0.69677734375 0.07421875 0.0419921875 0.013020833333333334
7 0.7216796875 0.07421875 0.0078125 0.013020833333333334
6 0.73046875 0.07421875 0.01171875 0.013020833333333334
7 0.7392578125 0.07421875 0.0078125 0.013020833333333334
6 0.759765625 0.07421875 0.037109375 0.013020833333333334
7 0.7822265625 0.07421875 0.0078125 0.013020833333333334
6 0.79931640625 0.07421875 0.0283203125 0.013020833333333334
4 0.7275390625 0.197265625 0.166015625 0.15755208333333334
7 0.53662109375 0.119140625 0.0537109375 0.01953125
7 0.57177734375 0.119140625 0.0205078125 0.01953125
6 0.53759765625 0.14518229166666666 0.0498046875 0.01953125
7 0.54736328125 0.158203125 0.0751953125 0.045572916666666664
6 0.53125 0.17122395833333334 0.04296875 0.01953125
7 0.560546875 0.18424479166666666 0.1015625 0.045572916666666664
6 0.52880859375 0.197265625 0.0380859375 0.01953125
7 0.5576171875 0.197265625 0.021484375 0.01953125
6 0.560546875 0.22330729166666666 0.1015625 0.01953125
7 0.61572265625 0.22330729166666666 0.0107421875 0.01953125
6 0.54736328125 0.24934895833333334 0.0712890625 0.01953125
7 0.5478515625 0.2884114583333333 0.076171875 0.045572916666666664
6 0.59423828125 0.3014322916666667 0.1689453125 0.01953125
7 0.65380859375 0.3404947916666667 0.2880859375 0.09765625
7 0.5244140625 0.3795572916666667 0.029296875 0.01953125
7 0.5732421875 0.3795572916666667 0.0703125 0.01953125
6 0.63623046875 0.3795572916666667 0.0576171875 0.01953125
6 0.68212890625 0.3795572916666667 0.0283203125 0.01953125
7 0.65185546875 0.392578125 0.2841796875 0.045572916666666664
6 0.55224609375 0.4055989583333333 0.0224609375 0.01953125
7 0.6484375 0.4055989583333333 0.166015625 0.01953125
7 0.66064453125 0.4186197916666667 0.3017578125 0.045572916666666664
7 0.5185546875 0.431640625 0.017578125 0.01953125
6 0.5634765625 0.431640625 0.07421875 0.01953125
7 0.64306640625 0.431640625 0.0849609375 0.01953125
6 0.63916015625 0.4446614583333333 0.2587890625 0.045572916666666664
7 0.5654296875 0.4576822916666667 0.111328125 0.01953125
6 0.77685546875 0.4915364583333333 0.0888671875 0.01953125
7 0.52734375 0.5364583333333334 0.03515625 0.0234375
6 0.69677734375 0.5364583333333334 0.0419921875 0.013020833333333334
7 0.7216796875 0.5364583333333334 0.0078125 0.013020833333333334
6 0.73046875 0.5364583333333334 0.01171875 0.013020833333333334
7 0.7392578125 0.5364583333333334 0.0078125 0.013020833333333334
6 0.759765625 0.5364583333333334 0.037109375 0.013020833333333334
7 0.7822265625 0.5364583333333334 0.0078125 0.013020833333333334
6 0.79931640625 0.5364583333333334 0.0283203125 0.013020833333333334
4 0.859375 0.07486979166666667 0.029296875 0.022135416666666668
7 0.91650390625 0.07291666666666667 0.0771484375 0.0234375
6 0.98193359375 0.07291666666666667 0.0361328125 0.013020833333333334
6 0.92822265625 0.115234375 0.1435546875 0.01953125
6 0.8818359375 0.14127604166666666 0.05078125 0.01953125
7 0.9111328125 0.14127604166666666 0.01171875 0.01953125
6 0.95849609375 0.14127604166666666 0.0830078125 0.01953125
6 0.92822265625 0.154296875 0.1435546875 0.045572916666666664
4 0.97705078125 0.23828125 0.0458984375 0.1015625
7 0.90234375 0.240234375 0.091796875 0.09765625
6 0.90185546875 0.279296875 0.0576171875 0.01953125
7 0.91552734375 0.2923177083333333 0.1181640625 0.045572916666666664
6 0.98681640625 0.3053385416666667 0.0263671875 0.01953125
7 0.92822265625 0.318359375 0.1435546875 0.045572916666666664
6 0.95361328125 0.3313802083333333 0.0693359375 0.01953125
7 0.92822265625 0.3587239583333333 0.1435546875 0.01953125
7 0.92822265625 0.384765625 0.1435546875 0.07161458333333333
6 0.90380859375 0.443359375 0.1083984375 0.016927083333333332
7 0.96240234375 0.443359375 0.0107421875 0.016927083333333332
6 0.98291015625 0.443359375 0.0341796875 0.016927083333333332
4 0.85595703125 0.4947916666666667 0.0224609375 0.03125
6 0.91357421875 0.484375 0.0712890625 0.0234375
7 0.92041015625 0.4954427083333333 0.0849609375 0.045572916666666664
7 0.88427734375 0.5436197916666666 0.0556640625 0.01171875
6 0.95556640625 0.5436197916666666 0.0888671875 0.01171875
2 0.2548828125 0.9283854166666666 0.509765625 0.0234375
7 0.2548828125 0.9765625 0.509765625 0.036458333333333336
7 0.16845703125 0.78515625 0.2294921875 0.07291666666666667
0 0.16845703125 0.6940104166666666 0.2314453125 0.2578125
7 0.40673828125 0.78515625 0.2060546875 0.07291666666666667
0 0.40625 0.6940104166666666 0.20703125 0.2578125
0 0.16845703125 0.9244791666666666 0.2314453125 0.15104166666666666
0 0.40625 0.9244791666666666 0.20703125 0.15104166666666666
7 0.6728515625 0.7584635416666666 0.283203125 0.03515625
7 0.6728515625 0.794921875 0.1484375 0.03515625
7 0.9775390625 0.7747395833333334 0.044921875 0.044270833333333336
7 0.9775390625 0.810546875 0.044921875 0.02734375