7 0.04150390625 0.024739583333333332 0.0830078125 0.028645833333333332
6 0.30078125 0.024739583333333332 0.4375 0.028645833333333332
2 0.16162109375 0.3307291666666667 0.3232421875 0.13802083333333334
4 0.64599609375 0.15690104166666666 0.2529296875 0.3138020833333333
0 0.64599609375 0.15690104166666666 0.2529296875 0.3138020833333333
2 0.64013671875 0.236328125 0.2412109375 0.12109375
4 0.8935546875 0.04296875 0.212890625 0.0859375
0 0.8935546875 0.04296875 0.212890625 0.0859375
2 0.8994140625 0.03515625 0.201171875 0.0703125
4 0.8935546875 0.21223958333333334 0.212890625 0.21614583333333334
0 0.8935546875 0.21223958333333334 0.212890625 0.21614583333333334
0 0.8310546875 0.20768229166666666 0.064453125 0.016927083333333332
2 0.8994140625 0.2623697916666667 0.201171875 0.08203125
4 0.259765625 0.6998697916666666 0.51953125 0.6002604166666666
4 0.259765625 0.6998697916666666 0.51953125 0.6002604166666666
4 0.0517578125 0.53515625 0.103515625 0.1953125
7 0.759765625 0.4537760416666667 0.48046875 0.048177083333333336
7 0.759765625 0.521484375 0.48046875 0.048177083333333336
7 0.759765625 0.5891927083333334 0.48046875 0.048177083333333336
7 0.60595703125 0.64453125 0.1728515625 0.0234375
6 0.75732421875 0.64453125 0.1318359375 0.0234375
7 0.759765625 0.65625 0.48046875 0.046875
6 0.958984375 0.66796875 0.08203125 0.0234375
7 0.7119140625 0.7174479166666666 0.0546875 0.0234375
1 0.86865234375 0.71875 0.2626953125 0.028645833333333332
1 0.69482421875 0.75 0.0126953125 0.018229166666666668
7 0.76708984375 0.7513020833333334 0.1259765625 0.0234375
1 0.69482421875 0.7760416666666666 0.0126953125 0.018229166666666668
7 0.7783203125 0.77734375 0.1484375 0.0234375
1 0.69482421875 0.8020833333333334 0.0126953125 0.018229166666666668
7 0.76953125 0.8033854166666666 0.130859375 0.0234375
1 0.712890625 0.8528645833333334 0.056640625 0.028645833333333332
6 0.58154296875 0.9010416666666666 0.1240234375 0.020833333333333332
6 0.53662109375 0.921875 0.0341796875 0.020833333333333332
7 0.73046875 0.96484375 0.421875 0.0234375
7 0.94287109375 0.96484375 0.0048828125 0.0234375