2 0.35302734375 0.18815104166666666 0.5126953125 0.06901041666666667
2 0.35302734375 0.271484375 0.5126953125 0.07942708333333333
0 0.47509765625 0.373046875 0.2685546875 0.06380208333333333
0 0.35302734375 0.4283854166666667 0.5126953125 0.049479166666666664
4 0.3046875 0.314453125 0.609375 0.62890625
0 0.80322265625 0.0078125 0.2275390625 0.015625
0 0.76611328125 0.17057291666666666 0.1884765625 0.049479166666666664
0 0.94921875 0.17057291666666666 0.1015625 0.049479166666666664
0 0.76611328125 0.23046875 0.1884765625 0.049479166666666664
0 0.94921875 0.23046875 0.1015625 0.049479166666666664
0 0.76611328125 0.2903645833333333 0.1884765625 0.049479166666666664
0 0.94921875 0.2903645833333333 0.1015625 0.049479166666666664
3 0.87548828125 0.3893229166666667 0.2490234375 0.1171875
2 0.84375 0.53125 0.3125 0.049479166666666664
7 0.84375 0.5813802083333334 0.3125 0.022135416666666668
7 0.84375 0.599609375 0.3125 0.05859375
2 0.3046875 0.7643229166666666 0.609375 0.044270833333333336
3 0.07275390625 0.861328125 0.1455078125 0.10286458333333333
7 0.3046875 0.947265625 0.609375 0.029947916666666668
2 0.869140625 0.6647135416666666 0.26171875 0.07161458333333333