7 0.03515625 0.015625 0.0390625 0.0234375
0 0.04296875 0.01953125 0.0703125 0.0390625
0 0.1923828125 0.01953125 0.056640625 0.0390625
7 0.27783203125 0.015625 0.0439453125 0.028645833333333332
0 0.357421875 0.01953125 0.060546875 0.0390625
0 0.43017578125 0.01953125 0.0693359375 0.0390625
1 0.2373046875 0.09114583333333333 0.474609375 0.0625
2 0.2216796875 0.318359375 0.443359375 0.06901041666666667
2 0.2216796875 0.4016927083333333 0.443359375 0.07942708333333333
0 0.099609375 0.5032552083333334 0.19921875 0.06380208333333333
0 0.2216796875 0.55859375 0.443359375 0.049479166666666664
4 0.23974609375 0.3548177083333333 0.4794921875 0.7096354166666666
4 0.48486328125 0.061848958333333336 0.0107421875 0.055989583333333336
4 0.5654296875 0.07552083333333333 0.103515625 0.125
4 0.6923828125 0.057291666666666664 0.103515625 0.046875
4 0.8193359375 0.061848958333333336 0.103515625 0.055989583333333336
4 0.9462890625 0.057942708333333336 0.103515625 0.032552083333333336
4 0.6259765625 0.068359375 0.017578125 0.024739583333333332
0 0.6259765625 0.06966145833333333 0.0234375 0.032552083333333336
1 0.830078125 0.23111979166666666 0.33984375 0.045572916666666664
1 0.85791015625 0.3001302083333333 0.0771484375 0.048177083333333336
1 0.94970703125 0.3001302083333333 0.0849609375 0.048177083333333336
7 0.93115234375 0.3541666666666667 0.1376953125 0.033854166666666664
4 0.7314453125 0.7884114583333334 0.041015625 0.055989583333333336
7 0.85546875 0.892578125 0.2890625 0.11328125
7 0.5234375 0.9817708333333334 0.087890625 0.036458333333333336