4 0.0322265625 0.08723958333333333 0.064453125 0.041666666666666664
0 0.0322265625 0.08723958333333333 0.064453125 0.041666666666666664
0 0.306640625 0.08723958333333333 0.111328125 0.09375
0 0.40087890625 0.08723958333333333 0.0771484375 0.09375
6 0.2197265625 0.18619791666666666 0.439453125 0.0625
0 0.2197265625 0.18619791666666666 0.439453125 0.0625
2 0.1796875 0.5859375 0.359375 0.10416666666666667
7 0.1796875 0.689453125 0.359375 0.040364583333333336
3 0.2197265625 0.4739583333333333 0.439453125 0.4713541666666667
0 0.5087890625 0.22916666666666666 0.123046875 0.052083333333333336
7 0.7197265625 0.53515625 0.560546875 0.3489583333333333
4 0.7197265625 0.556640625 0.560546875 0.3059895833333333
4 0.55908203125 0.6627604166666666 0.2333984375 0.08072916666666667
0 0.55908203125 0.6953125 0.2333984375 0.0234375
4 0.6142578125 0.7005208333333334 0.349609375 0.018229166666666668
7 0.92578125 0.697265625 0.1484375 0.024739583333333332
4 0.24169921875 0.75390625 0.3955078125 0.08854166666666667
2 0.2197265625 0.7819010416666666 0.439453125 0.040364583333333336
2 0.02490234375 0.81640625 0.0498046875 0.018229166666666668
2 0.12939453125 0.81640625 0.1611328125 0.018229166666666668
6 0.025390625 0.8548177083333334 0.05078125 0.029947916666666668
0 0.02587890625 0.8561197916666666 0.0517578125 0.029947916666666668
6 0.08203125 0.8548177083333334 0.0546875 0.02734375
0 0.08203125 0.8561197916666666 0.056640625 0.02734375
6 0.138671875 0.8548177083333334 0.05078125 0.02734375
0 0.138671875 0.8561197916666666 0.052734375 0.02734375
6 0.189453125 0.8548177083333334 0.04296875 0.02734375
0 0.189453125 0.8561197916666666 0.044921875 0.02734375
6 0.24560546875 0.8548177083333334 0.0615234375 0.02734375
0 0.24560546875 0.8561197916666666 0.0634765625 0.02734375
1 0.17529296875 0.9016927083333334 0.3505859375 0.029947916666666668
1 0.3984375 0.8997395833333334 0.08203125 0.026041666666666668
6 0.0322265625 0.9264322916666666 0.064453125 0.016927083333333332
7 0.0712890625 0.9264322916666666 0.015625 0.016927083333333332
6 0.111328125 0.9264322916666666 0.06640625 0.016927083333333332
2 0.2197265625 0.97265625 0.439453125 0.020833333333333332
2 0.0283203125 0.9928385416666666 0.056640625 0.014322916666666666
0 0.9599609375 0.970703125 0.03515625 0.05859375