0 0.2470703125 0.021484375 0.111328125 0.04296875
0 0.37890625 0.021484375 0.15234375 0.04296875
0 0.4873046875 0.021484375 0.064453125 0.04296875
6 0.259765625 0.09505208333333333 0.51953125 0.0625
0 0.259765625 0.09505208333333333 0.51953125 0.0625
3 0.259765625 0.3079427083333333 0.51953125 0.3216145833333333
0 0.599609375 0.041666666666666664 0.16015625 0.08333333333333333
6 0.8515625 0.056640625 0.01171875 0.01953125
0 0.849609375 0.0546875 0.021484375 0.028645833333333332
6 0.875 0.055338541666666664 0.021484375 0.029947916666666668
0 0.875 0.0546875 0.021484375 0.028645833333333332
6 0.90087890625 0.0546875 0.0224609375 0.028645833333333332
0 0.900390625 0.0546875 0.021484375 0.028645833333333332
6 0.9267578125 0.05859375 0.015625 0.015625
0 0.92578125 0.0546875 0.021484375 0.028645833333333332
6 0.9765625 0.0546875 0.021484375 0.015625
0 0.9765625 0.0546875 0.021484375 0.028645833333333332
0 0.5263671875 0.13802083333333334 0.013671875 0.0546875
0 0.6171875 0.13802083333333334 0.111328125 0.0546875
0 0.72314453125 0.13802083333333334 0.0439453125 0.0546875
0 0.78955078125 0.13802083333333334 0.0322265625 0.0546875
0 0.85302734375 0.13802083333333334 0.0380859375 0.0546875
7 0.93115234375 0.13802083333333334 0.0615234375 0.028645833333333332
0 0.93115234375 0.13802083333333334 0.0615234375 0.049479166666666664
0 0.9951171875 0.13802083333333334 0.009765625 0.049479166666666664
0 0.9599609375 0.4342447916666667 0.080078125 0.06901041666666667
4 0.759765625 0.3326822916666667 0.48046875 0.2721354166666667
0 0.759765625 0.3326822916666667 0.48046875 0.2721354166666667
2 0.75927734375 0.259765625 0.4794921875 0.07942708333333333
4 0.8701171875 0.232421875 0.025390625 0.03515625
0 0.8701171875 0.232421875 0.03515625 0.048177083333333336
2 0.23828125 0.650390625 0.470703125 0.061197916666666664
2 0.23828125 0.712890625 0.451171875 0.061197916666666664
2 0.24609375 0.775390625 0.4921875 0.061197916666666664
0 0.23828125 0.8828125 0.267578125 0.046875
7 0.130859375 0.9739583333333334 0.26171875 0.03125
7 0.341796875 0.9739583333333334 0.14453125 0.03125
7 0.42724609375 0.9752604166666666 0.0205078125 0.033854166666666664
0 0.44677734375 0.9752604166666666 0.0595703125 0.033854166666666664
7 0.46142578125 0.9752604166666666 0.0302734375 0.033854166666666664
6 0.65087890625 0.484375 0.0947265625 0.028645833333333332
6 0.76171875 0.484375 0.052734375 0.028645833333333332
7 0.87451171875 0.4837239583333333 0.0439453125 0.022135416666666668
0 0.87451171875 0.4889322916666667 0.0947265625 0.040364583333333336
7 0.98095703125 0.4837239583333333 0.0380859375 0.022135416666666668
0 0.96826171875 0.4889322916666667 0.0634765625 0.040364583333333336
7 0.6806640625 0.8697916666666666 0.322265625 0.06770833333333333
7 0.67626953125 0.9602864583333334 0.3134765625 0.07161458333333333
6 0.5673828125 0.9850260416666666 0.05859375 0.022135416666666668
7 0.67626953125 0.9869791666666666 0.3134765625 0.026041666666666668
2 0.64453125 0.6653645833333334 0.25 0.049479166666666664
2 0.63525390625 0.71484375 0.2314453125 0.049479166666666664
2 0.65234375 0.7682291666666666 0.265625 0.03125
0 0.5439453125 0.8704427083333334 0.048828125 0.06901041666666667
7 0.69970703125 0.8704427083333334 0.0888671875 0.022135416666666668
0 0.69970703125 0.8704427083333334 0.2158203125 0.06901041666666667