2 0.09716796875 0.15364583333333334 0.1943359375 0.2994791666666667
2 0.14501953125 0.14518229166666666 0.2900390625 0.10546875
3 0.357421875 0.189453125 0.263671875 0.37890625
7 0.52490234375 0.3033854166666667 0.0712890625 0.0234375
6 0.60791015625 0.3033854166666667 0.0947265625 0.0234375
7 0.66943359375 0.3033854166666667 0.0283203125 0.0234375
6 0.72314453125 0.3033854166666667 0.0791015625 0.0234375
7 0.64013671875 0.31640625 0.3017578125 0.049479166666666664
4 0.80859375 0.31640625 0.013671875 0.018229166666666668
4 0.603515625 0.14973958333333334 0.228515625 0.2786458333333333
4 0.86328125 0.14973958333333334 0.2734375 0.2786458333333333
4 0.99072265625 0.034505208333333336 0.0185546875 0.032552083333333336
7 0.9091796875 0.33203125 0.177734375 0.0234375
3 0.74462890625 0.328125 0.5107421875 0.1015625
7 0.99365234375 0.2884114583333333 0.0126953125 0.022135416666666668
2 0.3330078125 0.5084635416666666 0.3125 0.09765625
2 0.26123046875 0.6087239583333334 0.4560546875 0.09765625
2 0.26171875 0.6979166666666666 0.455078125 0.08333333333333333
7 0.81005859375 0.6927083333333334 0.3798828125 0.06770833333333333
7 0.81396484375 0.783203125 0.3720703125 0.07161458333333333
6 0.869140625 0.8079427083333334 0.05859375 0.022135416666666668
7 0.85498046875 0.8203125 0.2900390625 0.046875
7 0.88232421875 0.8990885416666666 0.0654296875 0.022135416666666668
0 0.87255859375 0.8990885416666666 0.2548828125 0.06901041666666667
0 0.81005859375 0.9498697916666666 0.3798828125 0.032552083333333336
2 0.845703125 0.48828125 0.30859375 0.049479166666666664
2 0.85498046875 0.5377604166666666 0.2900390625 0.049479166666666664
2 0.83837890625 0.5911458333333334 0.3232421875 0.03125
7 0.76220703125 0.693359375 0.1240234375 0.022135416666666668
0 0.76220703125 0.693359375 0.2158203125 0.06901041666666667
7 0.978515625 0.693359375 0.04296875 0.022135416666666668
0 0.94677734375 0.693359375 0.1064453125 0.06901041666666667