0 0.029296875 0.0234375 0.05859375 0.046875
0 0.12744140625 0.0234375 0.1005859375 0.046875
4 0.306640625 0.010416666666666666 0.017578125 0.020833333333333332
0 0.306640625 0.014322916666666666 0.017578125 0.028645833333333332
4 0.33740234375 0.010416666666666666 0.0048828125 0.020833333333333332
0 0.33740234375 0.014322916666666666 0.0048828125 0.028645833333333332
2 0.08154296875 0.3541666666666667 0.1630859375 0.2994791666666667
2 0.12939453125 0.345703125 0.2587890625 0.10546875
3 0.26708984375 0.26953125 0.1455078125 0.5390625
2 0.669921875 0.037109375 0.66015625 0.037760416666666664
0 0.3671875 0.10481770833333333 0.0546875 0.07421875
7 0.41162109375 0.3001302083333333 0.1435546875 0.029947916666666668
0 0.41845703125 0.3001302083333333 0.1572265625 0.037760416666666664
7 0.55517578125 0.3001302083333333 0.0771484375 0.029947916666666668
0 0.56201171875 0.3001302083333333 0.0908203125 0.037760416666666664
7 0.71044921875 0.3001302083333333 0.1669921875 0.029947916666666668
0 0.71728515625 0.3001302083333333 0.1806640625 0.037760416666666664
7 0.87255859375 0.3001302083333333 0.0908203125 0.029947916666666668
0 0.87939453125 0.3001302083333333 0.1044921875 0.037760416666666664
1 0.9794921875 0.3046875 0.041015625 0.028645833333333332
4 0.41064453125 0.4895833333333333 0.1416015625 0.09895833333333333
4 0.6533203125 0.4895833333333333 0.287109375 0.09895833333333333
4 0.91259765625 0.4895833333333333 0.1748046875 0.09895833333333333
2 0.669921875 0.8151041666666666 0.66015625 0.3697916666666667