4 0.259765625 0.314453125 0.51953125 0.62890625
2 0.2001953125 0.2610677083333333 0.400390625 0.11328125
2 0.408203125 0.2610677083333333 0.017578125 0.11328125
2 0.2421875 0.3658854166666667 0.484375 0.041666666666666664
0 0.095703125 0.4778645833333333 0.19140625 0.06770833333333333
0 0.533203125 0.0546875 0.02734375 0.06510416666666667
7 0.59619140625 0.0546875 0.0712890625 0.026041666666666668
0 0.6005859375 0.0546875 0.109375 0.06510416666666667
0 0.71826171875 0.0546875 0.1279296875 0.06510416666666667
7 0.83154296875 0.0546875 0.0712890625 0.026041666666666668
0 0.83642578125 0.0546875 0.1103515625 0.06510416666666667
0 0.9892578125 0.0546875 0.021484375 0.0546875
4 0.759765625 0.37109375 0.48046875 0.515625
2 0.58349609375 0.349609375 0.1279296875 0.08984375
2 0.693359375 0.4752604166666667 0.34765625 0.0546875
7 0.693359375 0.521484375 0.34765625 0.029947916666666668
4 0.94091796875 0.2975260416666667 0.0205078125 0.10546875
4 0.94091796875 0.427734375 0.0205078125 0.10546875
4 0.94091796875 0.5572916666666666 0.0205078125 0.10416666666666667
2 0.75830078125 0.034505208333333336 0.4775390625 0.037760416666666664
7 0.74755859375 0.1171875 0.4560546875 0.09375
7 0.71923828125 0.15104166666666666 0.3994140625 0.026041666666666668
0 0.7373046875 0.169921875 0.435546875 0.06380208333333333
0 0.80615234375 0.2643229166666667 0.0869140625 0.046875
0 0.9228515625 0.2643229166666667 0.12890625 0.046875
6 0.02490234375 0.65234375 0.0498046875 0.0234375
2 0.1328125 0.7395833333333334 0.265625 0.1328125
7 0.1484375 0.9049479166666666 0.296875 0.19010416666666666
7 0.44287109375 0.6549479166666666 0.1533203125 0.052083333333333336
4 0.43359375 0.8463541666666666 0.171875 0.19791666666666666
6 0.39404296875 0.9830729166666666 0.0556640625 0.0234375
7 0.7109375 0.6393229166666666 0.3828125 0.020833333333333332
6 0.951171875 0.6393229166666666 0.09765625 0.020833333333333332
6 0.87744140625 0.6529947916666666 0.2451171875 0.048177083333333336
0 0.60009765625 0.7278645833333334 0.1005859375 0.078125
0 0.68994140625 0.7278645833333334 0.0810546875 0.078125
0 0.80029296875 0.7278645833333334 0.1416015625 0.078125
0 0.91162109375 0.7278645833333334 0.0830078125 0.078125
7 0.98583984375 0.7278645833333334 0.0283203125 0.028645833333333332
0 0.97607421875 0.7278645833333334 0.0478515625 0.078125
4 0.759765625 0.8444010416666666 0.48046875 0.3111979166666667
4 0.89501953125 0.8444010416666666 0.2099609375 0.3111979166666667
2 0.759765625 0.8177083333333334 0.48046875 0.0390625
1 0.537109375 0.90234375 0.03515625 0.06770833333333333
7 0.67333984375 0.90234375 0.1357421875 0.028645833333333332
4 0.75732421875 0.90234375 0.0166015625 0.020833333333333332
4 0.80908203125 0.90234375 0.0244140625 0.03125
0 0.80908203125 0.90234375 0.0556640625 0.06770833333333333
1 0.91796875 0.90234375 0.1640625 0.06770833333333333
7 0.54150390625 0.984375 0.0439453125 0.03125
0 0.5478515625 0.9837239583333334 0.056640625 0.032552083333333336
7 0.677734375 0.984375 0.15234375 0.03125
0 0.677734375 0.9837239583333334 0.177734375 0.032552083333333336
7 0.8681640625 0.984375 0.15234375 0.03125
0 0.8681640625 0.9837239583333334 0.177734375 0.032552083333333336