4 0.31494140625 0.19986979166666666 0.6298828125 0.3997395833333333
2 0.34033203125 0.020833333333333332 0.5791015625 0.041666666666666664
2 0.31494140625 0.08984375 0.6298828125 0.041666666666666664
0 0.41015625 0.20182291666666666 0.265625 0.06770833333333333
7 0.81494140625 0.130859375 0.3701171875 0.02734375
4 0.81494140625 0.2975260416666667 0.3701171875 0.20442708333333334
4 0.08935546875 0.4212239583333333 0.1787109375 0.04296875
0 0.04541015625 0.4700520833333333 0.0908203125 0.052083333333333336
0 0.142578125 0.4700520833333333 0.037109375 0.052083333333333336
0 0.19873046875 0.4700520833333333 0.0478515625 0.052083333333333336
0 0.283203125 0.4700520833333333 0.09375 0.052083333333333336
0 0.38671875 0.4700520833333333 0.0859375 0.052083333333333336
0 0.4736328125 0.4700520833333333 0.060546875 0.052083333333333336
0 0.53369140625 0.4700520833333333 0.0322265625 0.052083333333333336
0 0.59521484375 0.4700520833333333 0.0634765625 0.052083333333333336
7 0.00390625 0.517578125 0.0078125 0.016927083333333332
0 0.0546875 0.5182291666666666 0.109375 0.046875
7 0.03955078125 0.517578125 0.0634765625 0.016927083333333332
7 0.09033203125 0.517578125 0.0380859375 0.016927083333333332
0 0.13623046875 0.5182291666666666 0.0380859375 0.046875
0 0.36572265625 0.5182291666666666 0.0693359375 0.046875
0 0.44091796875 0.517578125 0.0732421875 0.02734375
0 0.49658203125 0.517578125 0.0302734375 0.02734375
0 0.546875 0.517578125 0.0625 0.02734375
2 0.14111328125 0.61328125 0.2822265625 0.026041666666666668
0 0.31494140625 0.8001302083333334 0.6298828125 0.3997395833333333
2 0.13720703125 0.7122395833333334 0.2744140625 0.16927083333333334
7 0.1376953125 0.8684895833333334 0.275390625 0.10677083333333333
7 0.16943359375 0.9114583333333334 0.0498046875 0.020833333333333332
7 0.14111328125 0.9388020833333334 0.2822265625 0.026041666666666668
4 0.4658203125 0.8001302083333334 0.328125 0.3997395833333333
2 0.81298828125 0.50390625 0.3662109375 0.07291666666666667
7 0.70361328125 0.615234375 0.1474609375 0.032552083333333336
1 0.716796875 0.7903645833333334 0.173828125 0.078125