2 0.0400390625 0.09375 0.080078125 0.1875
2 0.0400390625 0.22395833333333334 0.080078125 0.049479166666666664
7 0.0185546875 0.2786458333333333 0.029296875 0.020833333333333332
6 0.037109375 0.291015625 0.07421875 0.045572916666666664
6 0.73828125 0.11848958333333333 0.5234375 0.052083333333333336
4 0.7333984375 0.08072916666666667 0.533203125 0.16145833333333334
2 0.62451171875 0.21744791666666666 0.3154296875 0.020833333333333332
4 0.62451171875 0.3528645833333333 0.3154296875 0.171875
6 0.7734375 0.216796875 0.013671875 0.01953125
2 0.908203125 0.21744791666666666 0.18359375 0.020833333333333332
6 0.935546875 0.216796875 0.013671875 0.01953125
7 0.94677734375 0.216796875 0.0107421875 0.01953125
6 0.97216796875 0.216796875 0.0419921875 0.01953125
7 0.99609375 0.216796875 0.0078125 0.01953125
7 0.9541015625 0.23893229166666666 0.05078125 0.01953125
6 0.9892578125 0.23893229166666666 0.021484375 0.01953125
4 0.89013671875 0.3170572916666667 0.1474609375 0.10286458333333333
7 0.98486328125 0.2747395833333333 0.0302734375 0.015625
7 0.98486328125 0.2838541666666667 0.0302734375 0.033854166666666664
6 0.98486328125 0.369140625 0.0302734375 0.07421875
4 0.072265625 0.6848958333333334 0.14453125 0.4921875
0 0.05517578125 0.6875 0.1103515625 0.4973958333333333
4 0.1904296875 0.5201822916666666 0.080078125 0.07942708333333333
0 0.2900390625 0.5501302083333334 0.279296875 0.13932291666666666
2 0.3369140625 0.533203125 0.185546875 0.10546875
7 0.2724609375 0.6067708333333334 0.056640625 0.020833333333333332
7 0.35546875 0.6067708333333334 0.09765625 0.020833333333333332
4 0.1904296875 0.6907552083333334 0.080078125 0.07942708333333333
0 0.2900390625 0.720703125 0.279296875 0.13932291666666666
2 0.3369140625 0.7037760416666666 0.185546875 0.10546875
7 0.27294921875 0.77734375 0.0576171875 0.020833333333333332
7 0.3564453125 0.77734375 0.09765625 0.020833333333333332
7 0.67919921875 0.4817708333333333 0.4990234375 0.07552083333333333
7 0.654296875 0.5091145833333334 0.076171875 0.020833333333333332
7 0.779296875 0.5091145833333334 0.17578125 0.020833333333333332
7 0.87841796875 0.5091145833333334 0.0244140625 0.020833333333333332
7 0.6728515625 0.5227864583333334 0.486328125 0.048177083333333336
4 0.71484375 0.7916666666666666 0.5703125 0.4166666666666667
4 0.87255859375 0.763671875 0.2548828125 0.47265625