7 0.17333984375 0.055338541666666664 0.3466796875 0.11067708333333333
0 0.17333984375 0.189453125 0.3466796875 0.07421875
0 0.17333984375 0.2740885416666667 0.3466796875 0.07421875
4 0.75 0.2994791666666667 0.5 0.15885416666666666
4 0.83251953125 0.09049479166666667 0.3349609375 0.18098958333333334
4 0.6591796875 0.2506510416666667 0.318359375 0.2565104166666667
0 0.6591796875 0.2506510416666667 0.318359375 0.2565104166666667
4 0.439453125 0.42578125 0.11328125 0.049479166666666664
2 0.25 0.5104166666666666 0.5 0.06770833333333333
2 0.25 0.5794270833333334 0.5 0.03125
4 0.439453125 0.7291666666666666 0.09375 0.125
1 0.40283203125 0.8411458333333334 0.1943359375 0.057291666666666664
1 0.40283203125 0.9016927083333334 0.1943359375 0.048177083333333336
0 0.48974609375 0.9479166666666666 0.0205078125 0.020833333333333332
7 0.75 0.8639322916666666 0.5 0.040364583333333336
7 0.56396484375 0.9212239583333334 0.1279296875 0.04296875
7 0.56396484375 0.9798177083333334 0.1279296875 0.040364583333333336
4 0.7138671875 0.93359375 0.048828125 0.06510416666666667
7 0.76708984375 0.912109375 0.0322265625 0.01953125
7 0.80029296875 0.912109375 0.0361328125 0.01953125
0 0.787109375 0.947265625 0.072265625 0.037760416666666664
7 0.83251953125 0.9459635416666666 0.0185546875 0.01953125
0 0.87744140625 0.947265625 0.0732421875 0.037760416666666664
7 0.80029296875 0.9928385416666666 0.2275390625 0.014322916666666666