0 0.04150390625 0.022786458333333332 0.0830078125 0.040364583333333336
0 0.1572265625 0.022786458333333332 0.0859375 0.040364583333333336
0 0.3056640625 0.022786458333333332 0.1484375 0.040364583333333336
7 0.2705078125 0.08072916666666667 0.0703125 0.018229166666666668
4 0.33251953125 0.07877604166666667 0.0185546875 0.024739583333333332
0 0.33251953125 0.08138020833333333 0.0224609375 0.03515625
4 0.37060546875 0.07942708333333333 0.0185546875 0.020833333333333332
0 0.369140625 0.08138020833333333 0.021484375 0.029947916666666668
3 0.1435546875 0.2884114583333333 0.287109375 0.11848958333333333
2 0.3017578125 0.5377604166666666 0.15625 0.018229166666666668
2 0.3017578125 0.5735677083333334 0.15625 0.040364583333333336
0 0.3017578125 0.5735677083333334 0.15625 0.040364583333333336
2 0.3017578125 0.62890625 0.15625 0.018229166666666668
2 0.3017578125 0.6569010416666666 0.15625 0.024739583333333332
0 0.3017578125 0.6569010416666666 0.15625 0.024739583333333332
7 0.68994140625 0.1015625 0.6201171875 0.044270833333333336
7 0.5439453125 0.16666666666666666 0.328125 0.028645833333333332
7 0.54443359375 0.20052083333333334 0.3291015625 0.028645833333333332
1 0.439453125 0.3580729166666667 0.119140625 0.036458333333333336
1 0.58251953125 0.3580729166666667 0.1416015625 0.036458333333333336
7 0.724609375 0.359375 0.095703125 0.0234375
0 0.7373046875 0.3580729166666667 0.142578125 0.036458333333333336
4 0.79833984375 0.3580729166666667 0.0185546875 0.033854166666666664
1 0.7373046875 0.3958333333333333 0.1328125 0.03125
7 0.87939453125 0.359375 0.0947265625 0.0234375
0 0.89208984375 0.3580729166666667 0.1416015625 0.036458333333333336
4 0.95263671875 0.3580729166666667 0.0185546875 0.033854166666666664
1 0.89208984375 0.3958333333333333 0.1318359375 0.03125
1 0.98779296875 0.3580729166666667 0.0244140625 0.036458333333333336
4 0.66015625 0.5462239583333334 0.47265625 0.24609375
0 0.66015625 0.5462239583333334 0.47265625 0.24609375
6 0.46923828125 0.5625 0.0615234375 0.0234375
7 0.6240234375 0.6015625 0.37109375 0.049479166666666664
4 0.9482421875 0.5462239583333334 0.103515625 0.24609375
0 0.9482421875 0.5462239583333334 0.103515625 0.24609375
6 0.943359375 0.5364583333333334 0.064453125 0.0234375
7 0.95556640625 0.5885416666666666 0.0888671875 0.07552083333333333
4 0.9482421875 0.5462239583333334 0.103515625 0.24609375
0 0.9482421875 0.5462239583333334 0.103515625 0.24609375
6 0.95556640625 0.5104166666666666 0.0888671875 0.0234375
7 0.95556640625 0.5755208333333334 0.0888671875 0.1015625
4 0.9482421875 0.5462239583333334 0.103515625 0.24609375
0 0.9482421875 0.5462239583333334 0.103515625 0.24609375
6 0.9345703125 0.5625 0.046875 0.0234375
7 0.95556640625 0.6015625 0.0888671875 0.049479166666666664
4 0.9482421875 0.5462239583333334 0.103515625 0.24609375
0 0.9482421875 0.5462239583333334 0.103515625 0.24609375
6 0.951171875 0.5625 0.080078125 0.0234375
7 0.95556640625 0.6015625 0.0888671875 0.049479166666666664
4 0.6298828125 0.6608072916666666 0.0078125 0.009114583333333334
2 0.96826171875 0.46875 0.0634765625 0.0390625
7 0.96826171875 0.51953125 0.0634765625 0.018229166666666668
0 0.96826171875 0.5546875 0.0634765625 0.046875
7 0.96826171875 0.6302083333333334 0.0634765625 0.018229166666666668
6 0.96826171875 0.6569010416666666 0.0634765625 0.024739583333333332
0 0.96826171875 0.6555989583333334 0.0634765625 0.02734375
4 0.18994140625 0.8346354166666666 0.3798828125 0.3307291666666667
4 0.18994140625 0.8346354166666666 0.3798828125 0.3307291666666667
4 0.076171875 0.8424479166666666 0.15234375 0.1953125
0 0.4462890625 0.8723958333333334 0.1328125 0.03125
4 0.68994140625 0.9127604166666666 0.6201171875 0.17447916666666666
4 0.51513671875 0.6888020833333334 0.2705078125 0.0390625
0 0.52685546875 0.7044270833333334 0.2939453125 0.0703125
7 0.92333984375 0.685546875 0.1533203125 0.032552083333333336
4 0.81005859375 0.6829427083333334 0.0595703125 0.02734375
7 0.42236328125 0.78125 0.0849609375 0.020833333333333332
0 0.42626953125 0.78125 0.0927734375 0.08333333333333333
7 0.50048828125 0.78125 0.0400390625 0.020833333333333332
0 0.50048828125 0.78125 0.0556640625 0.08333333333333333
7 0.5615234375 0.78125 0.05078125 0.020833333333333332
0 0.5615234375 0.78125 0.06640625 0.08333333333333333
7 0.6220703125 0.78125 0.0390625 0.020833333333333332
0 0.6220703125 0.78125 0.0546875 0.08333333333333333
7 0.68896484375 0.78125 0.0634765625 0.020833333333333332
0 0.68896484375 0.78125 0.0791015625 0.08333333333333333
7 0.759765625 0.78125 0.046875 0.020833333333333332
0 0.759765625 0.78125 0.0625 0.08333333333333333
7 0.82666015625 0.78125 0.0556640625 0.020833333333333332
0 0.82666015625 0.78125 0.0712890625 0.08333333333333333
7 0.88720703125 0.78125 0.0341796875 0.020833333333333332
0 0.88720703125 0.78125 0.0498046875 0.08333333333333333
7 0.93310546875 0.78125 0.0263671875 0.020833333333333332
0 0.93310546875 0.78125 0.0419921875 0.08333333333333333
7 0.9794921875 0.78125 0.03515625 0.020833333333333332
0 0.97705078125 0.78125 0.0458984375 0.08333333333333333
4 0.998046875 0.78125 0.00390625 0.020833333333333332
0 0.98974609375 0.78125 0.0205078125 0.08333333333333333