4 0.3046875 0.24479166666666666 0.609375 0.4895833333333333
2 0.16552734375 0.018229166666666668 0.3310546875 0.036458333333333336
0 0.1201171875 0.11067708333333333 0.138671875 0.07291666666666667
7 0.09423828125 0.19921875 0.1884765625 0.020833333333333332
0 0.09814453125 0.19986979166666666 0.1962890625 0.03515625
4 0.58544921875 0.171875 0.0478515625 0.11979166666666667
4 0.599609375 0.16536458333333334 0.01953125 0.08854166666666667
2 0.56689453125 0.059895833333333336 0.0849609375 0.11979166666666667
2 0.55517578125 0.07161458333333333 0.1083984375 0.06510416666666667
4 0.59326171875 0.12955729166666666 0.0068359375 0.009114583333333334
0 0.67138671875 0.01953125 0.0595703125 0.0390625
0 0.77392578125 0.01953125 0.0380859375 0.0390625
0 0.875 0.01953125 0.056640625 0.0390625
0 0.978515625 0.01953125 0.04296875 0.0390625
4 0.72265625 0.18229166666666666 0.078125 0.10416666666666667
2 0.8046875 0.2604166666666667 0.390625 0.041666666666666664
2 0.8046875 0.3639322916666667 0.390625 0.13671875
7 0.021484375 0.5625 0.04296875 0.09114583333333333
7 0.14013671875 0.5416666666666666 0.1669921875 0.08072916666666667
0 0.13427734375 0.59375 0.2685546875 0.0234375
7 0.021484375 0.6796875 0.04296875 0.09114583333333333
7 0.14892578125 0.6588541666666666 0.1845703125 0.08072916666666667
0 0.13427734375 0.7109375 0.2685546875 0.0234375
7 0.021484375 0.796875 0.04296875 0.09114583333333333
7 0.1533203125 0.7760416666666666 0.193359375 0.08072916666666667
0 0.13427734375 0.828125 0.2685546875 0.0234375
7 0.021484375 0.9140625 0.04296875 0.09114583333333333
7 0.15283203125 0.9095052083333334 0.1923828125 0.11328125
0 0.13427734375 0.9778645833333334 0.2685546875 0.0234375
3 0.44384765625 0.6796875 0.2939453125 0.3255208333333333
7 0.44384765625 0.875 0.2451171875 0.028645833333333332
1 0.43994140625 0.9401041666666666 0.2373046875 0.044270833333333336
0 0.43994140625 0.9856770833333334 0.2373046875 0.028645833333333332
7 0.634765625 0.564453125 0.05078125 0.022135416666666668
7 0.65283203125 0.7727864583333334 0.0869140625 0.022135416666666668
1 0.88818359375 0.4947916666666667 0.1904296875 0.010416666666666666
1 0.896484375 0.5384114583333334 0.20703125 0.05078125
1 0.896484375 0.6022135416666666 0.20703125 0.05078125
7 0.896484375 0.6673177083333334 0.20703125 0.02734375
1 0.8271484375 0.70703125 0.068359375 0.0390625
1 0.88818359375 0.70703125 0.0556640625 0.0390625
1 0.9453125 0.70703125 0.060546875 0.0390625
4 0.9921875 0.7063802083333334 0.015625 0.022135416666666668
0 0.9921875 0.7083333333333334 0.015625 0.026041666666666668
7 0.896484375 0.7532552083333334 0.20703125 0.02734375
1 0.80859375 0.7923177083333334 0.013671875 0.016927083333333332
5 0.853515625 0.7962239583333334 0.072265625 0.02734375
1 0.9091796875 0.7923177083333334 0.013671875 0.016927083333333332
5 0.94384765625 0.7962239583333334 0.0517578125 0.02734375
1 0.984375 0.7923177083333334 0.013671875 0.016927083333333332
7 0.8828125 0.837890625 0.1796875 0.016927083333333332
6 0.986328125 0.837890625 0.02734375 0.016927083333333332
6 0.828125 0.8561197916666666 0.0703125 0.016927083333333332
7 0.896484375 0.865234375 0.20703125 0.03515625
0 0.88818359375 0.9361979166666666 0.1904296875 0.052083333333333336