6 0.44921875 0.001953125 0.123046875 0.00390625
6 0.58740234375 0.001953125 0.1162109375 0.00390625
7 0.6904296875 0.001953125 0.017578125 0.00390625
2 0.36962890625 0.08658854166666667 0.7392578125 0.06380208333333333
2 0.36962890625 0.14192708333333334 0.7392578125 0.0390625
2 0.36083984375 0.22526041666666666 0.2255859375 0.03125
4 0.09716796875 0.3932291666666667 0.1943359375 0.15104166666666666
0 0.09716796875 0.3743489583333333 0.1943359375 0.18880208333333334
4 0.35986328125 0.3932291666666667 0.2939453125 0.15104166666666666
0 0.35986328125 0.3743489583333333 0.2939453125 0.18880208333333334
4 0.63232421875 0.37890625 0.2138671875 0.1796875
0 0.63232421875 0.3743489583333333 0.2138671875 0.18880208333333334
4 0.88427734375 0.0703125 0.2314453125 0.140625
0 0.88427734375 0.0703125 0.2314453125 0.140625
2 0.86962890625 0.212890625 0.2607421875 0.055989583333333336
0 0.86962890625 0.2936197916666667 0.2607421875 0.21744791666666666
6 0.86962890625 0.333984375 0.2607421875 0.13671875
7 0.8662109375 0.455078125 0.013671875 0.02734375
0 0.86962890625 0.4479166666666667 0.2607421875 0.041666666666666664
7 0.93603515625 0.455078125 0.1279296875 0.02734375
4 0.02197265625 0.4772135416666667 0.0439453125 0.016927083333333332
7 0.5419921875 0.474609375 0.0234375 0.01171875
7 0.58837890625 0.4733072916666667 0.0458984375 0.009114583333333334
2 0.36962890625 0.6302083333333334 0.7392578125 0.057291666666666664
7 0.36962890625 0.7109375 0.7392578125 0.0625
7 0.01220703125 0.796875 0.0244140625 0.0234375
0 0.02001953125 0.796875 0.0400390625 0.046875
7 0.12890625 0.796875 0.130859375 0.0234375
0 0.12890625 0.796875 0.146484375 0.046875
4 0.404296875 0.6399739583333334 0.201171875 0.2669270833333333
4 0.6044921875 0.6399739583333334 0.201171875 0.2669270833333333
4 0.6044921875 0.888671875 0.201171875 0.22265625
2 0.1357421875 0.9576822916666666 0.271484375 0.08463541666666667
4 0.63330078125 0.9576822916666666 0.2119140625 0.08463541666666667
0 0.63330078125 0.9576822916666666 0.2119140625 0.08463541666666667
7 0.9853515625 0.4733072916666667 0.0234375 0.009114583333333334
0 0.76123046875 0.6041666666666666 0.0439453125 0.2109375
7 0.771484375 0.6041666666666666 0.0234375 0.03125
0 0.86962890625 0.8229166666666666 0.2607421875 0.3541666666666667
7 0.7705078125 0.6940104166666666 0.0625 0.03125
4 0.89306640625 0.859375 0.2138671875 0.21875