2 0.28466796875 0.016927083333333332 0.5693359375 0.033854166666666664
2 0.16357421875 0.09765625 0.2255859375 0.03125
4 0.16259765625 0.22005208333333334 0.2939453125 0.059895833333333336
0 0.16259765625 0.201171875 0.2939453125 0.09765625
4 0.44873046875 0.20572916666666666 0.2412109375 0.08854166666666667
0 0.44873046875 0.201171875 0.2412109375 0.09765625
2 0.78466796875 0.020182291666666668 0.4306640625 0.02734375
1 0.771484375 0.10677083333333333 0.404296875 0.028645833333333332
1 0.66650390625 0.15104166666666666 0.0634765625 0.028645833333333332
7 0.77099609375 0.19791666666666666 0.4033203125 0.020833333333333332
7 0.78466796875 0.23893229166666666 0.4306640625 0.022135416666666668
7 0.28466796875 0.3131510416666667 0.5693359375 0.04296875
6 0.265625 0.3756510416666667 0.53125 0.024739583333333332
6 0.15771484375 0.400390625 0.3154296875 0.024739583333333332
0 0.28466796875 0.6412760416666666 0.5693359375 0.4075520833333333
2 0.0595703125 0.9166666666666666 0.119140625 0.0390625
7 0.35595703125 0.919921875 0.4267578125 0.02734375
7 0.048828125 0.98828125 0.0625 0.0234375
7 0.2890625 0.98828125 0.0625 0.0234375
0 0.2216796875 0.9778645833333334 0.232421875 0.044270833333333336
2 0.1826171875 0.98828125 0.123046875 0.0234375
7 0.529296875 0.98828125 0.0625 0.0234375
0 0.45751953125 0.9778645833333334 0.2236328125 0.044270833333333336
2 0.4228515625 0.98828125 0.123046875 0.0234375
0 0.6435546875 0.4134114583333333 0.1484375 0.053385416666666664
0 0.6435546875 0.4654947916666667 0.1484375 0.053385416666666664
7 0.70263671875 0.4654947916666667 0.0302734375 0.053385416666666664
0 0.6435546875 0.517578125 0.1484375 0.053385416666666664
7 0.70263671875 0.517578125 0.0302734375 0.053385416666666664
0 0.6435546875 0.5696614583333334 0.1484375 0.053385416666666664
0 0.6435546875 0.6217447916666666 0.1484375 0.053385416666666664
0 0.6435546875 0.673828125 0.1484375 0.053385416666666664
0 0.6435546875 0.7259114583333334 0.1484375 0.053385416666666664
7 0.70263671875 0.7259114583333334 0.0302734375 0.053385416666666664
6 0.61279296875 0.8997395833333334 0.0869140625 0.03125
6 0.59326171875 0.98046875 0.0478515625 0.03125
4 0.8427734375 0.42578125 0.193359375 0.15625
2 0.84326171875 0.5416666666666666 0.1435546875 0.059895833333333336
7 0.94091796875 0.6158854166666666 0.1181640625 0.028645833333333332
2 0.86328125 0.7102864583333334 0.203125 0.037760416666666664
7 0.837890625 0.7623697916666666 0.15234375 0.024739583333333332
7 0.880859375 0.859375 0.23828125 0.15885416666666666
7 0.880859375 0.974609375 0.23828125 0.05078125