2 0.294921875 0.053385416666666664 0.58984375 0.052083333333333336
7 0.31591796875 0.11848958333333333 0.5478515625 0.052083333333333336
7 0.33642578125 0.16471354166666666 0.0751953125 0.02734375
0 0.3447265625 0.16471354166666666 0.146484375 0.02734375
4 0.384765625 0.1640625 0.01171875 0.015625
0 0.3447265625 0.21484375 0.12890625 0.0390625
2 0.06396484375 0.369140625 0.1279296875 0.02734375
7 0.2958984375 0.3541666666666667 0.068359375 0.026041666666666668
6 0.36083984375 0.3541666666666667 0.0615234375 0.026041666666666668
7 0.42578125 0.3665364583333333 0.328125 0.05078125
6 0.662109375 0.0390625 0.080078125 0.020833333333333332
6 0.74609375 0.0390625 0.037109375 0.020833333333333332
6 0.83154296875 0.0390625 0.0830078125 0.020833333333333332
6 0.93603515625 0.0390625 0.0751953125 0.020833333333333332
7 0.61083984375 0.10611979166666667 0.0419921875 0.022135416666666668
7 0.81591796875 0.10611979166666667 0.3681640625 0.022135416666666668
4 0.794921875 0.287109375 0.41015625 0.24348958333333334
2 0.71826171875 0.3580729166666667 0.2568359375 0.1015625
7 0.2900390625 0.4205729166666667 0.580078125 0.0234375
7 0.060546875 0.4524739583333333 0.12109375 0.029947916666666668
0 0.1220703125 0.537109375 0.244140625 0.07161458333333333
0 0.40966796875 0.537109375 0.2822265625 0.07161458333333333
4 0.02587890625 0.6653645833333334 0.0517578125 0.052083333333333336
0 0.02587890625 0.6653645833333334 0.0517578125 0.052083333333333336
7 0.02392578125 0.7526041666666666 0.0478515625 0.026041666666666668
0 0.03173828125 0.7526041666666666 0.0634765625 0.06770833333333333
7 0.18603515625 0.7526041666666666 0.0654296875 0.026041666666666668
0 0.18603515625 0.7526041666666666 0.0966796875 0.06770833333333333
7 0.38720703125 0.7526041666666666 0.1259765625 0.026041666666666668
0 0.38720703125 0.7526041666666666 0.1572265625 0.06770833333333333
7 0.57275390625 0.7526041666666666 0.0341796875 0.026041666666666668
0 0.56494140625 0.7526041666666666 0.0498046875 0.06770833333333333
2 0.294921875 0.837890625 0.58984375 0.040364583333333336
6 0.1474609375 0.8860677083333334 0.294921875 0.029947916666666668
4 0.794921875 0.7044270833333334 0.41015625 0.5911458333333334
0 0.794921875 0.6354166666666666 0.41015625 0.453125