4 0.1083984375 0.06315104166666667 0.126953125 0.12630208333333334
0 0.1083984375 0.08854166666666667 0.1875 0.17708333333333334
7 0.1083984375 0.17838541666666666 0.080078125 0.028645833333333332
4 0.2958984375 0.06315104166666667 0.126953125 0.12630208333333334
0 0.2958984375 0.08854166666666667 0.1875 0.17708333333333334
7 0.2958984375 0.17838541666666666 0.052734375 0.028645833333333332
4 0.4833984375 0.06315104166666667 0.126953125 0.12630208333333334
0 0.4833984375 0.08854166666666667 0.1875 0.17708333333333334
7 0.4833984375 0.17838541666666666 0.080078125 0.028645833333333332
2 0.28955078125 0.2916666666666667 0.5791015625 0.052083333333333336
7 0.3798828125 0.3567708333333333 0.3984375 0.052083333333333336
7 0.47509765625 0.4029947916666667 0.0751953125 0.02734375
0 0.4833984375 0.4029947916666667 0.146484375 0.02734375
4 0.5234375 0.40234375 0.01171875 0.015625
0 0.4833984375 0.453125 0.12890625 0.0390625
2 0.13330078125 0.607421875 0.2666015625 0.02734375
7 0.4345703125 0.5924479166666666 0.068359375 0.026041666666666668
6 0.49951171875 0.5924479166666666 0.0615234375 0.026041666666666668
7 0.48974609375 0.6048177083333334 0.1787109375 0.05078125
4 0.78955078125 0.15559895833333334 0.4208984375 0.3111979166666667
2 0.66455078125 0.034505208333333336 0.1708984375 0.06901041666666667
0 0.66455078125 0.080078125 0.1708984375 0.16015625
2 0.66455078125 0.12044270833333333 0.1708984375 0.07942708333333333
0 0.646484375 0.197265625 0.103515625 0.05078125
0 0.7041015625 0.3372395833333333 0.25 0.0546875
0 0.91455078125 0.3372395833333333 0.1708984375 0.0546875
2 0.78955078125 0.451171875 0.4208984375 0.04296875
4 0.6181640625 0.5533854166666666 0.078125 0.13802083333333334
0 0.6181640625 0.57421875 0.078125 0.1796875
2 0.6181640625 0.6490885416666666 0.078125 0.029947916666666668
4 0.75048828125 0.5533854166666666 0.1298828125 0.13802083333333334
0 0.75048828125 0.5768229166666666 0.1591796875 0.18489583333333334
2 0.75048828125 0.6490885416666666 0.1298828125 0.029947916666666668
4 0.908203125 0.5533854166666666 0.12890625 0.13802083333333334
0 0.908203125 0.57421875 0.12890625 0.1796875
2 0.908203125 0.6490885416666666 0.12890625 0.029947916666666668
7 0.04248046875 0.6940104166666666 0.0849609375 0.03125
0 0.04248046875 0.6940104166666666 0.0849609375 0.03125
4 0.0556640625 0.6940104166666666 0.05859375 0.03125
7 0.04248046875 0.720703125 0.0849609375 0.022135416666666668
0 0.04248046875 0.720703125 0.0849609375 0.022135416666666668
4 0.0556640625 0.720703125 0.05859375 0.022135416666666668
4 0.009765625 0.7786458333333334 0.009765625 0.013020833333333334
7 0.06640625 0.779296875 0.037109375 0.01953125
0 0.06396484375 0.779296875 0.0419921875 0.022135416666666668
7 0.1826171875 0.6940104166666666 0.13671875 0.03125
0 0.1826171875 0.6940104166666666 0.13671875 0.03125
4 0.2216796875 0.6940104166666666 0.05859375 0.03125
7 0.1826171875 0.720703125 0.13671875 0.022135416666666668
0 0.1826171875 0.720703125 0.13671875 0.022135416666666668
4 0.2216796875 0.720703125 0.05859375 0.022135416666666668
4 0.12109375 0.7786458333333334 0.009765625 0.013020833333333334
4 0.134765625 0.7786458333333334 0.009765625 0.013020833333333334
4 0.1484375 0.7786458333333334 0.009765625 0.013020833333333334
4 0.162109375 0.7786458333333334 0.009765625 0.013020833333333334
4 0.173828125 0.7786458333333334 0.005859375 0.013020833333333334
7 0.23583984375 0.779296875 0.0302734375 0.01953125
0 0.2333984375 0.779296875 0.03515625 0.022135416666666668
7 0.3486328125 0.6940104166666666 0.13671875 0.03125
0 0.3486328125 0.6940104166666666 0.13671875 0.03125
4 0.3876953125 0.6940104166666666 0.05859375 0.03125
7 0.3486328125 0.720703125 0.13671875 0.022135416666666668
0 0.3486328125 0.720703125 0.13671875 0.022135416666666668
4 0.3876953125 0.720703125 0.05859375 0.022135416666666668
4 0.287109375 0.7786458333333334 0.009765625 0.013020833333333334
4 0.30078125 0.7786458333333334 0.009765625 0.013020833333333334
4 0.314453125 0.7786458333333334 0.009765625 0.013020833333333334
4 0.326171875 0.7786458333333334 0.005859375 0.013020833333333334
4 0.341796875 0.7786458333333334 0.009765625 0.013020833333333334
7 0.40185546875 0.779296875 0.0302734375 0.01953125
0 0.3994140625 0.779296875 0.03515625 0.022135416666666668
7 0.5126953125 0.6940104166666666 0.1328125 0.03125
0 0.5126953125 0.6940104166666666 0.1328125 0.03125
4 0.5517578125 0.6940104166666666 0.0546875 0.03125
7 0.5126953125 0.720703125 0.1328125 0.022135416666666668
0 0.5126953125 0.720703125 0.1328125 0.022135416666666668
4 0.5517578125 0.720703125 0.0546875 0.022135416666666668
4 0.453125 0.7786458333333334 0.009765625 0.013020833333333334
4 0.466796875 0.7786458333333334 0.009765625 0.013020833333333334
4 0.48046875 0.7786458333333334 0.009765625 0.013020833333333334
4 0.4931640625 0.7786458333333334 0.0078125 0.013020833333333334
4 0.5078125 0.7786458333333334 0.009765625 0.013020833333333334
7 0.5625 0.779296875 0.033203125 0.01953125
0 0.56005859375 0.779296875 0.0380859375 0.022135416666666668
2 0.23876953125 0.8639322916666666 0.4775390625 0.05078125
0 0.23876953125 0.8639322916666666 0.4775390625 0.05078125
0 0.5439453125 0.8639322916666666 0.0703125 0.040364583333333336
4 0.64111328125 0.6907552083333334 0.1181640625 0.04296875
2 0.6455078125 0.7578125 0.1328125 0.052083333333333336
7 0.6455078125 0.828125 0.1328125 0.0625
4 0.82958984375 0.6907552083333334 0.1181640625 0.04296875
2 0.830078125 0.7447916666666666 0.140625 0.026041666666666668
7 0.830078125 0.8020833333333334 0.140625 0.0625
2 0.97412109375 0.7447916666666666 0.0517578125 0.026041666666666668
6 0.97412109375 0.7942708333333334 0.0517578125 0.049479166666666664
2 0.78955078125 0.953125 0.4208984375 0.03125