7 0.2734375 0.012369791666666666 0.423828125 0.024739583333333332
7 0.2431640625 0.07682291666666667 0.36328125 0.044270833333333336
5 0.279296875 0.13346354166666666 0.435546875 0.02734375
1 0.279296875 0.16731770833333334 0.435546875 0.040364583333333336
1 0.279296875 0.22591145833333334 0.43359375 0.037760416666666664
7 0.1611328125 0.28125 0.19921875 0.018229166666666668
6 0.30615234375 0.28125 0.0927734375 0.018229166666666668
7 0.3662109375 0.28125 0.02734375 0.018229166666666668
6 0.4169921875 0.28125 0.076171875 0.018229166666666668
7 0.455078125 0.28125 0.00390625 0.018229166666666668
4 0.06494140625 0.3333333333333333 0.0068359375 0.010416666666666666
0 0.099609375 0.333984375 0.076171875 0.024739583333333332
7 0.10498046875 0.333984375 0.0654296875 0.01953125
2 0.27880859375 0.4140625 0.0888671875 0.015625
0 0.279296875 0.4576822916666667 0.486328125 0.037760416666666664
4 0.99560546875 0.00390625 0.0087890625 0.0078125
6 0.671875 0.006510416666666667 0.025390625 0.013020833333333334
6 0.66455078125 0.027994791666666668 0.0107421875 0.01953125
6 0.8330078125 0.006510416666666667 0.08203125 0.013020833333333334
6 0.80859375 0.027994791666666668 0.033203125 0.01953125
1 0.85205078125 0.10091145833333333 0.2958984375 0.029947916666666668
7 0.7265625 0.15169270833333334 0.05078125 0.01953125
1 0.771484375 0.15364583333333334 0.013671875 0.018229166666666668
5 0.81201171875 0.15169270833333334 0.0576171875 0.01953125
1 0.8603515625 0.15364583333333334 0.013671875 0.018229166666666668
5 0.90185546875 0.15169270833333334 0.0595703125 0.01953125
7 0.744140625 0.376953125 0.078125 0.01953125
4 0.79541015625 0.3756510416666667 0.0166015625 0.022135416666666668
7 0.83251953125 0.376953125 0.0498046875 0.01953125
2 0.8603515625 0.4700520833333333 0.13671875 0.026041666666666668
1 0.85107421875 0.505859375 0.1181640625 0.006510416666666667
1 0.9453125 0.5052083333333334 0.064453125 0.0078125
0 0.10400390625 0.5169270833333334 0.0556640625 0.015625
0 0.09521484375 0.5494791666666666 0.0380859375 0.052083333333333336
0 0.130859375 0.599609375 0.109375 0.05078125
0 0.1416015625 0.6490885416666666 0.130859375 0.05078125
0 0.14013671875 0.6985677083333334 0.1279296875 0.05078125
0 0.57861328125 0.5169270833333334 0.1259765625 0.015625
0 0.5556640625 0.5494791666666666 0.080078125 0.052083333333333336
0 0.55224609375 0.599609375 0.0732421875 0.05078125
0 0.541015625 0.6490885416666666 0.05078125 0.05078125
0 0.5546875 0.6985677083333334 0.078125 0.05078125
0 0.55517578125 0.748046875 0.0791015625 0.05078125
0 0.537109375 0.7981770833333334 0.04296875 0.052083333333333336
0 0.2802734375 0.9303385416666666 0.408203125 0.029947916666666668
0 0.17919921875 0.9752604166666666 0.2060546875 0.049479166666666664
0 0.58740234375 0.9303385416666666 0.1435546875 0.029947916666666668
0 0.58740234375 0.9752604166666666 0.1435546875 0.049479166666666664
2 0.2607421875 0.5670572916666666 0.17578125 0.022135416666666668
4 0.2607421875 0.7838541666666666 0.427734375 0.3619791666666667
0 0.2607421875 0.8014322916666666 0.427734375 0.3971354166666667
6 0.2607421875 0.990234375 0.427734375 0.01953125
4 0.59228515625 0.7838541666666666 0.1337890625 0.3619791666666667
0 0.59228515625 0.8014322916666666 0.1337890625 0.3971354166666667
6 0.59228515625 0.990234375 0.1337890625 0.01953125
4 0.82958984375 0.7545572916666666 0.3408203125 0.4908854166666667