0 0.4482421875 0.19205729166666666 0.0625 0.11848958333333333
4 0.23974609375 0.224609375 0.4794921875 0.44921875
0 0.23974609375 0.224609375 0.4794921875 0.44921875
2 0.23974609375 0.016276041666666668 0.4794921875 0.032552083333333336
7 0.04150390625 0.19856770833333334 0.0830078125 0.07421875
7 0.09033203125 0.24934895833333334 0.1806640625 0.07421875
1 0.0341796875 0.3509114583333333 0.068359375 0.048177083333333336
0 0.15185546875 0.3509114583333333 0.1455078125 0.048177083333333336
7 0.00830078125 0.412109375 0.0048828125 0.024739583333333332
4 0.56689453125 0.119140625 0.0087890625 0.01171875
4 0.59326171875 0.119140625 0.0087890625 0.01171875
4 0.62060546875 0.119140625 0.0087890625 0.01171875
4 0.64697265625 0.119140625 0.0087890625 0.01171875
4 0.67333984375 0.119140625 0.0087890625 0.01171875
4 0.69970703125 0.119140625 0.0087890625 0.01171875
4 0.72705078125 0.119140625 0.0087890625 0.01171875
4 0.75341796875 0.119140625 0.0087890625 0.01171875
7 0.7041015625 0.068359375 0.44921875 0.13671875
0 0.7041015625 0.068359375 0.44921875 0.13671875
2 0.4990234375 0.009765625 0.0390625 0.01953125
2 0.607421875 0.009765625 0.1796875 0.01953125
6 0.69140625 0.051432291666666664 0.423828125 0.048177083333333336
2 0.73974609375 0.20247395833333334 0.5205078125 0.032552083333333336
2 0.54052734375 0.248046875 0.1220703125 0.02734375
1 0.4306640625 0.5592447916666666 0.09765625 0.045572916666666664
1 0.4306640625 0.6243489583333334 0.09765625 0.045572916666666664
0 0.4306640625 0.6959635416666666 0.09765625 0.045572916666666664
2 0.4306640625 0.8326822916666666 0.09765625 0.029947916666666668
7 0.4306640625 0.8736979166666666 0.09765625 0.052083333333333336
1 0.4306640625 0.9225260416666666 0.09765625 0.045572916666666664
1 0.4306640625 0.982421875 0.09765625 0.03515625
7 0.1298828125 0.5390625 0.259765625 0.033854166666666664
7 0.1298828125 0.5924479166666666 0.259765625 0.052083333333333336
0 0.08349609375 0.830078125 0.1669921875 0.33984375
4 0.728515625 0.4817708333333333 0.11328125 0.049479166666666664
2 0.73974609375 0.56640625 0.5205078125 0.06770833333333333
2 0.73974609375 0.6354166666666666 0.5205078125 0.03125
4 0.728515625 0.78515625 0.09375 0.125
1 0.728515625 0.8971354166666666 0.267578125 0.057291666666666664
1 0.728515625 0.9576822916666666 0.267578125 0.048177083333333336
0 0.8154296875 0.9967447916666666 0.09375 0.006510416666666667