0 0.14111328125 0.024088541666666668 0.1962890625 0.048177083333333336
6 0.4111328125 0.021484375 0.01171875 0.01953125
0 0.4091796875 0.01953125 0.021484375 0.028645833333333332
6 0.4345703125 0.020182291666666668 0.021484375 0.029947916666666668
0 0.4345703125 0.01953125 0.021484375 0.028645833333333332
6 0.45947265625 0.01953125 0.0205078125 0.028645833333333332
0 0.45947265625 0.01953125 0.0205078125 0.028645833333333332
0 0.0126953125 0.10286458333333333 0.025390625 0.0546875
0 0.0732421875 0.10286458333333333 0.0390625 0.0546875
0 0.1767578125 0.10286458333333333 0.111328125 0.0546875
0 0.28271484375 0.10286458333333333 0.0439453125 0.0546875
0 0.34912109375 0.10286458333333333 0.0322265625 0.0546875
0 0.41259765625 0.10286458333333333 0.0380859375 0.0546875
4 0.23486328125 0.310546875 0.4697265625 0.2981770833333333
0 0.23486328125 0.310546875 0.4697265625 0.2981770833333333
2 0.23486328125 0.224609375 0.4697265625 0.07942708333333333
4 0.4296875 0.197265625 0.025390625 0.03515625
0 0.4296875 0.197265625 0.03515625 0.048177083333333336
4 0.0322265625 0.3157552083333333 0.064453125 0.10286458333333333
7 0.07275390625 0.4264322916666667 0.1455078125 0.06640625
4 0.73486328125 0.051432291666666664 0.5302734375 0.10286458333333333
2 0.6416015625 0.14518229166666666 0.171875 0.022135416666666668
7 0.5009765625 0.19075520833333334 0.0625 0.022135416666666668
6 0.57373046875 0.19075520833333334 0.0830078125 0.022135416666666668
7 0.62841796875 0.19075520833333334 0.0302734375 0.022135416666666668
6 0.6875 0.19075520833333334 0.087890625 0.022135416666666668
7 0.763671875 0.19075520833333334 0.068359375 0.022135416666666668
6 0.88916015625 0.19075520833333334 0.1826171875 0.022135416666666668
7 0.73486328125 0.205078125 0.5302734375 0.05078125
6 0.56591796875 0.21940104166666666 0.0615234375 0.022135416666666668
7 0.720703125 0.21940104166666666 0.25 0.022135416666666668
6 0.49169921875 0.2584635416666667 0.0439453125 0.022135416666666668
4 0.54345703125 0.259765625 0.0302734375 0.03515625
6 0.6025390625 0.2584635416666667 0.08203125 0.022135416666666668
4 0.67333984375 0.259765625 0.0302734375 0.03515625
6 0.74755859375 0.2584635416666667 0.1123046875 0.022135416666666668
4 0.83349609375 0.259765625 0.0302734375 0.03515625
6 0.87939453125 0.2584635416666667 0.0556640625 0.022135416666666668
4 0.93603515625 0.259765625 0.0302734375 0.03515625
6 0.97216796875 0.2584635416666667 0.0361328125 0.022135416666666668
4 0.54638671875 0.2936197916666667 0.0302734375 0.03515625
6 0.59033203125 0.2923177083333333 0.0517578125 0.022135416666666668
4 0.64599609375 0.2936197916666667 0.0302734375 0.03515625
6 0.70849609375 0.2923177083333333 0.0888671875 0.022135416666666668
7 0.474609375 0.333984375 0.009765625 0.022135416666666668
6 0.5556640625 0.333984375 0.154296875 0.022135416666666668
7 0.63818359375 0.333984375 0.0126953125 0.022135416666666668
6 0.7216796875 0.333984375 0.15625 0.022135416666666668
7 0.8037109375 0.333984375 0.01171875 0.022135416666666668
6 0.8798828125 0.333984375 0.142578125 0.022135416666666668
6 0.478515625 0.3704427083333333 0.017578125 0.01953125
7 0.49169921875 0.3704427083333333 0.0107421875 0.01953125
6 0.5517578125 0.3704427083333333 0.109375 0.01953125
7 0.60986328125 0.3704427083333333 0.0107421875 0.01953125
6 0.63671875 0.3704427083333333 0.04296875 0.01953125
7 0.66162109375 0.3704427083333333 0.0107421875 0.01953125
6 0.68701171875 0.3704427083333333 0.0400390625 0.01953125
7 0.71044921875 0.3704427083333333 0.0107421875 0.01953125
6 0.73779296875 0.3704427083333333 0.0439453125 0.01953125
7 0.7646484375 0.3704427083333333 0.01171875 0.01953125
6 0.81494140625 0.3704427083333333 0.0927734375 0.01953125
4 0.98681640625 0.4440104166666667 0.0263671875 0.03125
7 0.4892578125 0.4505208333333333 0.0390625 0.018229166666666668
6 0.5400390625 0.4505208333333333 0.064453125 0.018229166666666668
7 0.57666015625 0.4505208333333333 0.0126953125 0.018229166666666668
6 0.6142578125 0.4505208333333333 0.0625 0.018229166666666668
7 0.68701171875 0.4505208333333333 0.0849609375 0.018229166666666668
6 0.76708984375 0.4505208333333333 0.0771484375 0.018229166666666668
7 0.80908203125 0.4505208333333333 0.0087890625 0.018229166666666668
6 0.84326171875 0.4505208333333333 0.0634765625 0.018229166666666668
7 0.89111328125 0.4505208333333333 0.0322265625 0.018229166666666668
6 0.93212890625 0.4505208333333333 0.0517578125 0.018229166666666668
7 0.64453125 0.01953125 0.107421875 0.026041666666666668
6 0.75048828125 0.0234375 0.0888671875 0.018229166666666668
6 0.82470703125 0.0234375 0.0439453125 0.018229166666666668
6 0.9169921875 0.0234375 0.125 0.018229166666666668
6 0.9931640625 0.0234375 0.013671875 0.018229166666666668
0 0.5615234375 0.07682291666666667 0.05078125 0.052083333333333336
0 0.64697265625 0.07682291666666667 0.1220703125 0.052083333333333336
0 0.77001953125 0.07682291666666667 0.1259765625 0.052083333333333336
1 0.919921875 0.07942708333333333 0.16015625 0.036458333333333336
7 0.05224609375 0.634765625 0.1044921875 0.01953125
7 0.171875 0.634765625 0.13671875 0.01953125
7 0.23291015625 0.64453125 0.4658203125 0.0390625
7 0.23046875 0.654296875 0.15234375 0.01953125
7 0.23291015625 0.673828125 0.4658203125 0.05859375
7 0.23291015625 0.751953125 0.4658203125 0.09765625
6 0.0234375 0.791015625 0.046875 0.01953125
7 0.20849609375 0.791015625 0.3232421875 0.01953125
7 0.02734375 0.8639322916666666 0.0546875 0.01953125
7 0.23291015625 0.8834635416666666 0.4658203125 0.05859375
4 0.73486328125 0.7513020833333334 0.5302734375 0.4973958333333333
4 0.73486328125 0.7513020833333334 0.5302734375 0.4973958333333333