7 0.01904296875 0.0078125 0.0302734375 0.015625
7 0.08544921875 0.24869791666666666 0.1708984375 0.10677083333333333
7 0.19677734375 0.24869791666666666 0.0537109375 0.10677083333333333
7 0.15478515625 0.466796875 0.3095703125 0.05859375
7 0.572265625 0.25 0.525390625 0.5
6 0.9189453125 0.25 0.162109375 0.5
4 0.6142578125 0.07747395833333333 0.390625 0.15494791666666666
1 0.57861328125 0.19986979166666666 0.3193359375 0.05078125
1 0.7763671875 0.19986979166666666 0.06640625 0.05078125
7 0.46533203125 0.2513020833333333 0.0927734375 0.028645833333333332
6 0.5341796875 0.2513020833333333 0.03125 0.020833333333333332
6 0.56982421875 0.2513020833333333 0.0283203125 0.020833333333333332
6 0.60595703125 0.2513020833333333 0.0302734375 0.020833333333333332
6 0.646484375 0.2513020833333333 0.037109375 0.020833333333333332
6 0.68505859375 0.2513020833333333 0.0244140625 0.020833333333333332
6 0.71630859375 0.2513020833333333 0.0244140625 0.020833333333333332
6 0.74853515625 0.2513020833333333 0.0283203125 0.020833333333333332
6 0.78564453125 0.2513020833333333 0.0302734375 0.020833333333333332
6 0.44091796875 0.3111979166666667 0.0283203125 0.020833333333333332
6 0.49169921875 0.3111979166666667 0.0595703125 0.020833333333333332
0 0.32177734375 0.3404947916666667 0.0224609375 0.029947916666666668
0 0.35595703125 0.3404947916666667 0.0224609375 0.029947916666666668
0 0.39111328125 0.3404947916666667 0.0224609375 0.029947916666666668
0 0.42529296875 0.3404947916666667 0.0224609375 0.029947916666666668
0 0.45947265625 0.3404947916666667 0.0224609375 0.029947916666666668
0 0.49365234375 0.3404947916666667 0.0224609375 0.029947916666666668
0 0.52783203125 0.3404947916666667 0.0224609375 0.029947916666666668
0 0.56298828125 0.3404947916666667 0.0224609375 0.029947916666666668
0 0.59716796875 0.3404947916666667 0.0224609375 0.029947916666666668
0 0.63134765625 0.3404947916666667 0.0224609375 0.029947916666666668
0 0.66552734375 0.3404947916666667 0.0224609375 0.029947916666666668
0 0.69970703125 0.3404947916666667 0.0224609375 0.029947916666666668
0 0.734375 0.3404947916666667 0.021484375 0.029947916666666668
0 0.76904296875 0.3404947916666667 0.0224609375 0.029947916666666668
0 0.80322265625 0.3404947916666667 0.0224609375 0.029947916666666668
0 0.83740234375 0.3404947916666667 0.0224609375 0.029947916666666668
0 0.87158203125 0.3404947916666667 0.0224609375 0.029947916666666668
0 0.90576171875 0.3404947916666667 0.0224609375 0.029947916666666668
0 0.94091796875 0.3404947916666667 0.0224609375 0.029947916666666668
0 0.97509765625 0.3404947916666667 0.0224609375 0.029947916666666668
7 0.99267578125 0.4361979166666667 0.0146484375 0.0234375
0 0.982421875 0.435546875 0.03515625 0.053385416666666664
2 0.15478515625 0.75 0.3095703125 0.5
7 0.01416015625 0.5377604166666666 0.0283203125 0.0234375
7 0.06103515625 0.5377604166666666 0.0439453125 0.0234375
6 0.1748046875 0.5377604166666666 0.06640625 0.0234375
7 0.24755859375 0.5377604166666666 0.0576171875 0.0234375
7 0.29833984375 0.5377604166666666 0.0224609375 0.0234375
7 0.17431640625 0.6217447916666666 0.2705078125 0.040364583333333336
1 0.9150390625 0.5078125 0.169921875 0.015625
4 0.4931640625 0.7024739583333334 0.3671875 0.3346354166666667
0 0.4931640625 0.7024739583333334 0.3671875 0.3346354166666667
7 0.4853515625 0.783203125 0.3515625 0.02734375
0 0.4931640625 0.783203125 0.3671875 0.06901041666666667
4 0.8017578125 0.7024739583333334 0.25 0.3346354166666667
0 0.8017578125 0.7024739583333334 0.25 0.3346354166666667
7 0.8017578125 0.7962239583333334 0.21875 0.053385416666666664
0 0.8017578125 0.7962239583333334 0.25 0.09505208333333333
4 0.96337890625 0.7024739583333334 0.0732421875 0.3346354166666667
0 0.96337890625 0.7024739583333334 0.0732421875 0.3346354166666667
7 0.97119140625 0.8092447916666666 0.0576171875 0.07942708333333333
0 0.96337890625 0.8092447916666666 0.0732421875 0.12109375
7 0.6806640625 0.9186197916666666 0.576171875 0.032552083333333336
6 0.6806640625 0.9798177083333334 0.494140625 0.032552083333333336