7 0.169921875 0.123046875 0.33984375 0.05859375
7 0.0703125 0.18815104166666666 0.140625 0.05078125
7 0.1435546875 0.18815104166666666 0.005859375 0.05078125
7 0.169921875 0.2532552083333333 0.33984375 0.05859375
7 0.15087890625 0.318359375 0.2685546875 0.05078125
4 0.669921875 0.224609375 0.66015625 0.44921875
7 0.2431640625 0.9270833333333334 0.0390625 0.052083333333333336
0 0.23974609375 0.9479166666666666 0.0517578125 0.018229166666666668
6 0.29150390625 0.9166666666666666 0.0361328125 0.018229166666666668
6 0.306640625 0.939453125 0.06640625 0.014322916666666666
0 0.03173828125 0.5149739583333334 0.0634765625 0.053385416666666664
0 0.03173828125 0.5774739583333334 0.0634765625 0.053385416666666664
7 0.02880859375 0.642578125 0.0576171875 0.022135416666666668
7 0.01416015625 0.794921875 0.0283203125 0.01953125
2 0.7099609375 0.5807291666666666 0.505859375 0.03125
2 0.7099609375 0.6217447916666666 0.505859375 0.053385416666666664
7 0.6474609375 0.7109375 0.380859375 0.0234375
6 0.85302734375 0.7109375 0.0322265625 0.0234375
7 0.70751953125 0.8248697916666666 0.5009765625 0.2513020833333333