7 0.4423828125 0.014973958333333334 0.037109375 0.029947916666666668
0 0.4423828125 0.014973958333333334 0.06640625 0.029947916666666668
7 0.5048828125 0.014973958333333334 0.029296875 0.029947916666666668
0 0.49755859375 0.014973958333333334 0.0439453125 0.029947916666666668
2 0.259765625 0.099609375 0.51953125 0.045572916666666664
2 0.259765625 0.154296875 0.51953125 0.032552083333333336
7 0.12353515625 0.2571614583333333 0.1298828125 0.029947916666666668
0 0.11474609375 0.2578125 0.2294921875 0.0625
0 0.37548828125 0.2591145833333333 0.2353515625 0.06510416666666667
4 0.259765625 0.5481770833333334 0.51953125 0.4140625
4 0.57080078125 0.008463541666666666 0.1025390625 0.016927083333333332
0 0.57080078125 0.005859375 0.1025390625 0.01171875
7 0.67333984375 0.005859375 0.0556640625 0.01171875
4 0.7080078125 0.00390625 0.009765625 0.0078125
0 0.67919921875 0.005859375 0.0673828125 0.01171875
6 0.77685546875 0.005859375 0.0810546875 0.01171875
4 0.8486328125 0.005859375 0.015625 0.01171875
0 0.8486328125 0.005859375 0.015625 0.01171875
4 0.759765625 0.3450520833333333 0.48046875 0.609375
0 0.759765625 0.3450520833333333 0.48046875 0.609375
7 0.52978515625 0.322265625 0.0205078125 0.024739583333333332
7 0.759765625 0.37109375 0.48046875 0.03125
7 0.69140625 0.4231770833333333 0.34375 0.0625
7 0.759765625 0.4817708333333333 0.48046875 0.0234375
4 0.54833984375 0.5403645833333334 0.0166015625 0.020833333333333332
7 0.60205078125 0.5403645833333334 0.0341796875 0.028645833333333332
7 0.58349609375 0.72265625 0.1279296875 0.03125
4 0.259765625 0.7838541666666666 0.51953125 0.049479166666666664
0 0.259765625 0.7838541666666666 0.51953125 0.049479166666666664
7 0.259765625 0.91015625 0.51953125 0.1796875