4 0.03466796875 0.189453125 0.0693359375 0.37890625
7 0.6298828125 0.28125 0.740234375 0.044270833333333336
6 0.48291015625 0.29296875 0.0400390625 0.020833333333333332
7 0.75146484375 0.29296875 0.4970703125 0.020833333333333332
7 0.619140625 0.328125 0.71875 0.044270833333333336
2 0.29736328125 0.17252604166666666 0.0751953125 0.03515625
7 0.318359375 0.21940104166666666 0.1171875 0.024739583333333332
4 0.48974609375 0.24348958333333334 0.1650390625 0.1953125
0 0.490234375 0.2565104166666667 0.1640625 0.24479166666666666
7 0.490234375 0.3756510416666667 0.1640625 0.006510416666666667
4 0.66943359375 0.24348958333333334 0.1650390625 0.19010416666666666
0 0.66943359375 0.2565104166666667 0.1650390625 0.24479166666666666
7 0.66943359375 0.3756510416666667 0.1650390625 0.006510416666666667
4 0.84912109375 0.24348958333333334 0.1650390625 0.1953125
0 0.84912109375 0.2565104166666667 0.1650390625 0.24479166666666666
7 0.84912109375 0.3756510416666667 0.1650390625 0.006510416666666667
4 0.97314453125 0.24283854166666666 0.0537109375 0.22005208333333334
0 0.97314453125 0.2565104166666667 0.0537109375 0.24479166666666666
7 0.0224609375 0.3854166666666667 0.01953125 0.013020833333333334
0 0.076171875 0.38671875 0.0859375 0.015625
0 0.16357421875 0.38671875 0.0869140625 0.015625
6 0.23779296875 0.408203125 0.0439453125 0.016927083333333332
6 0.23779296875 0.46875 0.0439453125 0.018229166666666668
6 0.23779296875 0.5299479166666666 0.0439453125 0.018229166666666668
6 0.23779296875 0.5911458333333334 0.0439453125 0.018229166666666668
6 0.23779296875 0.6516927083333334 0.0439453125 0.016927083333333332
6 0.23779296875 0.7122395833333334 0.0439453125 0.018229166666666668
6 0.23779296875 0.7734375 0.0439453125 0.018229166666666668
3 0.1298828125 0.4791666666666667 0.259765625 0.1171875
6 0.02587890625 0.6126302083333334 0.0517578125 0.01953125
6 0.08251953125 0.6126302083333334 0.0341796875 0.01953125
6 0.12939453125 0.6126302083333334 0.0322265625 0.01953125
6 0.181640625 0.6126302083333334 0.044921875 0.01953125
6 0.236328125 0.6126302083333334 0.037109375 0.01953125
2 0.0927734375 0.79296875 0.185546875 0.24479166666666666
4 0.0517578125 0.4270833333333333 0.103515625 0.09635416666666667
2 0.1298828125 0.5221354166666666 0.259765625 0.044270833333333336
7 0.1298828125 0.6184895833333334 0.259765625 0.09895833333333333
2 0.1298828125 0.7701822916666666 0.259765625 0.032552083333333336
0 0.0498046875 0.8352864583333334 0.099609375 0.048177083333333336
2 0.5390625 0.6276041666666666 0.435546875 0.08333333333333333
7 0.5390625 0.791015625 0.435546875 0.17317708333333334
7 0.43408203125 0.939453125 0.1943359375 0.01953125
0 0.43408203125 0.939453125 0.2255859375 0.053385416666666664
4 0.35888671875 0.939453125 0.0751953125 0.053385416666666664
4 0.43408203125 0.939453125 0.0751953125 0.053385416666666664
4 0.50927734375 0.939453125 0.0751953125 0.053385416666666664