0 0.05224609375 0.028645833333333332 0.1044921875 0.049479166666666664
0 0.15771484375 0.028645833333333332 0.1064453125 0.049479166666666664
0 0.2607421875 0.028645833333333332 0.099609375 0.049479166666666664
0 0.3427734375 0.028645833333333332 0.064453125 0.049479166666666664
0 0.42529296875 0.028645833333333332 0.1005859375 0.049479166666666664
0 0.50390625 0.028645833333333332 0.056640625 0.049479166666666664
0 0.541015625 0.028645833333333332 0.017578125 0.049479166666666664
0 0.02734375 0.078125 0.0546875 0.049479166666666664
0 0.1044921875 0.078125 0.099609375 0.049479166666666664
7 0.10888671875 0.10807291666666667 0.2080078125 0.026041666666666668
4 0.27490234375 0.2545572916666667 0.5498046875 0.20963541666666666
0 0.27490234375 0.2545572916666667 0.5498046875 0.20963541666666666
2 0.27490234375 0.306640625 0.5498046875 0.10546875
2 0.86865234375 0.0234375 0.2626953125 0.046875
7 0.86865234375 0.13671875 0.2626953125 0.06770833333333333
4 0.6435546875 0.1796875 0.1875 0.359375
7 0.82080078125 0.2584635416666667 0.1201171875 0.03515625
0 0.82080078125 0.2591145833333333 0.1669921875 0.06510416666666667
0 0.23828125 0.3723958333333333 0.07421875 0.026041666666666668
1 0.44189453125 0.3736979166666667 0.2158203125 0.028645833333333332
0 0.09765625 0.4680989583333333 0.162109375 0.06901041666666667
0 0.2451171875 0.4680989583333333 0.1328125 0.06901041666666667
0 0.39306640625 0.4680989583333333 0.1630859375 0.06901041666666667
0 0.51220703125 0.4680989583333333 0.0751953125 0.06901041666666667
7 0.17626953125 0.5618489583333334 0.0146484375 0.029947916666666668
0 0.17578125 0.5598958333333334 0.044921875 0.059895833333333336
7 0.05810546875 0.5462239583333334 0.1162109375 0.024739583333333332
7 0.0576171875 0.6868489583333334 0.115234375 0.24348958333333334
7 0.10009765625 0.8118489583333334 0.2001953125 0.055989583333333336
2 0.40234375 0.5442708333333334 0.294921875 0.028645833333333332
7 0.40234375 0.6217447916666666 0.294921875 0.09244791666666667
0 0.392578125 0.6901041666666666 0.275390625 0.026041666666666668
0 0.3681640625 0.8196614583333334 0.033203125 0.040364583333333336
0 0.4091796875 0.8196614583333334 0.033203125 0.040364583333333336
0 0.4501953125 0.8196614583333334 0.033203125 0.040364583333333336
0 0.4912109375 0.8196614583333334 0.033203125 0.040364583333333336
0 0.5322265625 0.8196614583333334 0.033203125 0.040364583333333336
7 0.2607421875 0.91796875 0.521484375 0.036458333333333336
7 0.17333984375 0.9635416666666666 0.3466796875 0.036458333333333336
6 0.416015625 0.9635416666666666 0.140625 0.036458333333333336
4 0.64306640625 0.3899739583333333 0.0791015625 0.03515625
4 0.73876953125 0.3899739583333333 0.0771484375 0.03515625
6 0.70166015625 0.548828125 0.2041015625 0.08984375
7 0.70947265625 0.6666666666666666 0.2197265625 0.06510416666666667
7 0.70947265625 0.7936197916666666 0.2197265625 0.16276041666666666
0 0.70361328125 0.9537760416666666 0.2080078125 0.07942708333333333
4 0.91943359375 0.658203125 0.1611328125 0.3606770833333333
4 0.93359375 0.6302083333333334 0.1328125 0.3046875
0 0.93359375 0.6302083333333334 0.1328125 0.3046875
6 0.943359375 0.8528645833333334 0.11328125 0.09114583333333333