2 0.0595703125 0.18229166666666666 0.119140625 0.15104166666666666
7 0.0595703125 0.2805989583333333 0.119140625 0.045572916666666664
7 0.0361328125 0.3528645833333333 0.072265625 0.026041666666666668
7 0.3125 0.10872395833333333 0.201171875 0.03515625
7 0.26025390625 0.13997395833333334 0.0341796875 0.03515625
7 0.3291015625 0.13997395833333334 0.10546875 0.03515625
1 0.3125 0.23828125 0.259765625 0.07291666666666667
1 0.3125 0.3307291666666667 0.259765625 0.07291666666666667
1 0.3125 0.408203125 0.259765625 0.04296875
2 0.53857421875 0.15625 0.0595703125 0.078125
2 0.640625 0.25 0.263671875 0.140625
6 0.82421875 0.4186197916666667 0.3515625 0.022135416666666668
4 0.09228515625 0.857421875 0.1845703125 0.28515625
0 0.09228515625 0.857421875 0.1845703125 0.28515625
6 0.06982421875 0.6041666666666666 0.1396484375 0.15625
2 0.36181640625 0.5 0.1689453125 0.03125
2 0.33740234375 0.578125 0.2451171875 0.0625
0 0.33740234375 0.578125 0.2451171875 0.0625
2 0.33740234375 0.7044270833333334 0.2451171875 0.0625
0 0.33740234375 0.7044270833333334 0.2451171875 0.0625
2 0.33740234375 0.8463541666666666 0.2451171875 0.09375
0 0.33740234375 0.8463541666666666 0.2451171875 0.09375
2 0.33740234375 0.978515625 0.2451171875 0.04296875
0 0.33740234375 0.978515625 0.2451171875 0.04296875
4 0.72998046875 0.71484375 0.5400390625 0.5703125
4 0.87890625 0.71484375 0.2421875 0.5703125
2 0.5908203125 0.70703125 0.26171875 0.1953125
7 0.5908203125 0.8671875 0.26171875 0.07291666666666667
6 0.529296875 0.9928385416666666 0.138671875 0.014322916666666666