7 0.28466796875 0.3470052083333333 0.5693359375 0.024739583333333332
1 0.298828125 0.11848958333333333 0.541015625 0.059895833333333336
7 0.28466796875 0.19856770833333334 0.5693359375 0.06901041666666667
4 0.05810546875 0.3157552083333333 0.1162109375 0.08723958333333333
4 0.2021484375 0.3157552083333333 0.134765625 0.08723958333333333
4 0.35498046875 0.3157552083333333 0.1337890625 0.08723958333333333
4 0.5048828125 0.3157552083333333 0.12890625 0.08723958333333333
7 0.78955078125 0.10546875 0.4208984375 0.109375
0 0.78955078125 0.216796875 0.4208984375 0.055989583333333336
0 0.2421875 0.40625 0.408203125 0.028645833333333332
0 0.06591796875 0.4524739583333333 0.0556640625 0.05078125
0 0.05712890625 0.5026041666666666 0.0380859375 0.052083333333333336
0 0.0927734375 0.552734375 0.109375 0.05078125
0 0.103515625 0.6022135416666666 0.130859375 0.05078125
0 0.10205078125 0.6516927083333334 0.1279296875 0.05078125
0 0.5234375 0.40625 0.091796875 0.028645833333333332
0 0.5234375 0.4524739583333333 0.091796875 0.05078125
0 0.517578125 0.5026041666666666 0.080078125 0.052083333333333336
0 0.51416015625 0.552734375 0.0732421875 0.05078125
0 0.5029296875 0.6022135416666666 0.05078125 0.05078125
0 0.5166015625 0.6516927083333334 0.078125 0.05078125
0 0.51708984375 0.701171875 0.0791015625 0.05078125
0 0.4990234375 0.7513020833333334 0.04296875 0.052083333333333336
0 0.2421875 0.8834635416666666 0.408203125 0.029947916666666668
0 0.14111328125 0.9296875 0.2060546875 0.052083333333333336
0 0.06591796875 0.9772135416666666 0.0556640625 0.045572916666666664
0 0.5234375 0.8834635416666666 0.091796875 0.029947916666666668
0 0.5234375 0.9296875 0.091796875 0.052083333333333336
0 0.5234375 0.9772135416666666 0.091796875 0.045572916666666664
4 0.1103515625 0.3958333333333333 0.146484375 0.07291666666666667
0 0.11376953125 0.421875 0.2275390625 0.125
7 0.11376953125 0.4518229166666667 0.2275390625 0.026041666666666668
4 0.3447265625 0.3958333333333333 0.107421875 0.07291666666666667
0 0.3447265625 0.421875 0.234375 0.125
7 0.3447265625 0.4518229166666667 0.234375 0.026041666666666668
4 0.53759765625 0.3958333333333333 0.0634765625 0.07291666666666667
0 0.515625 0.421875 0.107421875 0.125
7 0.515625 0.4518229166666667 0.107421875 0.026041666666666668
2 0.22265625 0.5201822916666666 0.17578125 0.022135416666666668
4 0.22265625 0.7369791666666666 0.427734375 0.3619791666666667
0 0.22265625 0.7779947916666666 0.427734375 0.4440104166666667
6 0.22265625 0.9446614583333334 0.427734375 0.022135416666666668
7 0.22265625 0.9720052083333334 0.427734375 0.03515625
7 0.626953125 0.3743489583333333 0.07421875 0.022135416666666668
0 0.67138671875 0.3736979166666667 0.1865234375 0.028645833333333332
7 0.70458984375 0.3743489583333333 0.0830078125 0.022135416666666668
7 0.78466796875 0.47265625 0.4306640625 0.049479166666666664
1 0.78466796875 0.517578125 0.4306640625 0.032552083333333336
0 0.705078125 0.6321614583333334 0.150390625 0.045572916666666664
7 0.78466796875 0.7356770833333334 0.4306640625 0.049479166666666664
6 0.5859375 0.7486979166666666 0.033203125 0.0234375
7 0.607421875 0.7486979166666666 0.009765625 0.0234375
6 0.673828125 0.7486979166666666 0.125 0.0234375
7 0.75830078125 0.7486979166666666 0.0458984375 0.0234375
6 0.8359375 0.7486979166666666 0.11328125 0.0234375
7 0.93115234375 0.7486979166666666 0.0771484375 0.0234375
6 0.6552734375 0.7747395833333334 0.171875 0.0234375
7 0.74267578125 0.7747395833333334 0.0048828125 0.0234375
7 0.78466796875 0.8385416666666666 0.4306640625 0.0234375
6 0.8212890625 0.8515625 0.357421875 0.049479166666666664
7 0.8349609375 0.8645833333333334 0.29296875 0.0234375
6 0.650390625 0.9166666666666666 0.05078125 0.0234375
7 0.8369140625 0.9166666666666666 0.322265625 0.0234375
0 0.60009765625 0.9908854166666666 0.0400390625 0.018229166666666668
0 0.65380859375 0.9908854166666666 0.0361328125 0.018229166666666668
7 0.71484375 0.9908854166666666 0.052734375 0.018229166666666668
0 0.73046875 0.9908854166666666 0.083984375 0.018229166666666668
6 0.75537109375 0.9908854166666666 0.0322265625 0.018229166666666668
0 0.822265625 0.9908854166666666 0.068359375 0.018229166666666668
0 0.9091796875 0.9908854166666666 0.072265625 0.018229166666666668