7 0.32177734375 0.08072916666666667 0.2353515625 0.06510416666666667
7 0.3349609375 0.15625 0.208984375 0.06510416666666667
0 0.36669921875 0.25390625 0.1455078125 0.059895833333333336
7 0.505859375 0.045572916666666664 0.1328125 0.09114583333333333
7 0.6875 0.044921875 0.052734375 0.014322916666666666
4 0.7158203125 0.046223958333333336 0.005859375 0.006510416666666667
4 0.77197265625 0.045572916666666664 0.0810546875 0.057291666666666664
4 0.828125 0.087890625 0.005859375 0.006510416666666667
4 0.83642578125 0.09895833333333333 0.0126953125 0.015625
0 0.2880859375 0.3131510416666667 0.05078125 0.02734375
0 0.36572265625 0.3131510416666667 0.1064453125 0.02734375
7 0.1875 0.37109375 0.375 0.020833333333333332
7 0.3876953125 0.37109375 0.025390625 0.020833333333333332
6 0.4189453125 0.37109375 0.041015625 0.020833333333333332
2 0.06103515625 0.4342447916666667 0.1220703125 0.032552083333333336
1 0.2294921875 0.490234375 0.419921875 0.061197916666666664
2 0.083984375 0.6015625 0.16796875 0.0234375
7 0.04248046875 0.6256510416666666 0.0849609375 0.022135416666666668
7 0.1083984375 0.626953125 0.048828125 0.016927083333333332
2 0.083984375 0.71875 0.16796875 0.0234375
6 0.01806640625 0.7428385416666666 0.0361328125 0.022135416666666668
4 0.22705078125 0.615234375 0.0263671875 0.03515625
2 0.31884765625 0.6015625 0.1435546875 0.0234375
6 0.27587890625 0.6256510416666666 0.0576171875 0.022135416666666668
7 0.32861328125 0.6276041666666666 0.0478515625 0.015625
2 0.41455078125 0.6015625 0.0498046875 0.0234375
7 0.41650390625 0.6256510416666666 0.0458984375 0.022135416666666668
4 0.22705078125 0.732421875 0.0263671875 0.03515625
2 0.3134765625 0.71875 0.1328125 0.0234375
6 0.28515625 0.7428385416666666 0.076171875 0.022135416666666668
2 0.4091796875 0.71875 0.060546875 0.0234375
7 0.4091796875 0.7428385416666666 0.060546875 0.022135416666666668
3 0.2197265625 0.8743489583333334 0.439453125 0.11848958333333333
2 0.40380859375 0.9876302083333334 0.0712890625 0.024739583333333332
2 0.6142578125 0.3151041666666667 0.349609375 0.03125
0 0.82861328125 0.3125 0.0771484375 0.026041666666666668
7 0.93896484375 0.3125 0.0908203125 0.026041666666666668
0 0.9248046875 0.42578125 0.08203125 0.028645833333333332
2 0.6484375 0.4212239583333333 0.03125 0.032552083333333336
4 0.798828125 0.5533854166666666 0.119140625 0.15885416666666666
7 0.798828125 0.6588541666666666 0.33203125 0.028645833333333332
7 0.798828125 0.6875 0.33203125 0.028645833333333332
0 0.5048828125 0.8665364583333334 0.130859375 0.053385416666666664
4 0.58837890625 0.8665364583333334 0.0185546875 0.016927083333333332
7 0.63037109375 0.8639322916666666 0.0087890625 0.053385416666666664
0 0.73388671875 0.8665364583333334 0.1923828125 0.053385416666666664
4 0.84814453125 0.8665364583333334 0.0185546875 0.016927083333333332
2 0.7197265625 0.947265625 0.560546875 0.04296875