7 0.09814453125 0.07161458333333333 0.1962890625 0.0625
4 0.0888671875 0.3098958333333333 0.177734375 0.2578125
4 0.25 0.3098958333333333 0.099609375 0.2578125
0 0.349609375 0.055338541666666664 0.046875 0.029947916666666668
0 0.42578125 0.055338541666666664 0.046875 0.029947916666666668
0 0.509765625 0.055338541666666664 0.0625 0.029947916666666668
0 0.61328125 0.055338541666666664 0.0859375 0.029947916666666668
0 0.705078125 0.055338541666666664 0.0390625 0.029947916666666668
0 0.77734375 0.055338541666666664 0.046875 0.029947916666666668
0 0.849609375 0.055338541666666664 0.0390625 0.029947916666666668
0 0.92578125 0.055338541666666664 0.0546875 0.029947916666666668
0 0.9912109375 0.055338541666666664 0.017578125 0.029947916666666668
4 0.4970703125 0.11328125 0.025390625 0.033854166666666664
0 0.64990234375 0.11328125 0.7001953125 0.059895833333333336
7 0.64599609375 0.11328125 0.2548828125 0.033854166666666664
2 0.46435546875 0.23893229166666666 0.3291015625 0.18880208333333334
2 0.814453125 0.21614583333333334 0.37109375 0.14322916666666666
4 0.814453125 0.3860677083333333 0.37109375 0.10546875
0 0.814453125 0.3860677083333333 0.37109375 0.10546875
2 0.14990234375 0.4876302083333333 0.2998046875 0.08203125
7 0.02099609375 0.5494791666666666 0.0419921875 0.026041666666666668
7 0.14990234375 0.6634114583333334 0.2998046875 0.06380208333333333
7 0.14990234375 0.7688802083333334 0.2998046875 0.06901041666666667
6 0.14990234375 0.8111979166666666 0.2998046875 0.06770833333333333
7 0.14990234375 0.9095052083333334 0.2998046875 0.18098958333333334
2 0.53955078125 0.4720052083333333 0.4794921875 0.06640625
7 0.53173828125 0.6139322916666666 0.4638671875 0.14192708333333334
0 0.38232421875 0.8040364583333334 0.1650390625 0.07421875
4 0.91796875 0.6432291666666666 0.1640625 0.4088541666666667