4 0.06689453125 0.22005208333333334 0.1337890625 0.2760416666666667
2 0.06689453125 0.419921875 0.1337890625 0.04296875
7 0.06689453125 0.513671875 0.1337890625 0.09505208333333333
4 0.302734375 0.22005208333333334 0.29296875 0.2760416666666667
2 0.302734375 0.419921875 0.29296875 0.04296875
7 0.302734375 0.513671875 0.29296875 0.09505208333333333
0 0.22900390625 0.5944010416666666 0.1611328125 0.048177083333333336
4 0.5205078125 0.22005208333333334 0.09765625 0.2760416666666667
2 0.5205078125 0.419921875 0.09765625 0.04296875
7 0.5205078125 0.513671875 0.09765625 0.09505208333333333
0 0.5166015625 0.5944010416666666 0.10546875 0.048177083333333336
7 0.78466796875 0.0390625 0.4306640625 0.03125
2 0.6259765625 0.23763020833333334 0.11328125 0.20703125
7 0.84716796875 0.17513020833333334 0.3056640625 0.07421875
7 0.84716796875 0.240234375 0.3056640625 0.05859375
0 0.80517578125 0.3196614583333333 0.2216796875 0.05078125
2 0.6259765625 0.505859375 0.11328125 0.07942708333333333
7 0.84716796875 0.4889322916666667 0.3056640625 0.037760416666666664
7 0.84716796875 0.521484375 0.3056640625 0.024739583333333332
0 0.84716796875 0.6009114583333334 0.3056640625 0.055989583333333336
4 0.84716796875 0.6009114583333334 0.3056640625 0.055989583333333336
7 0.8642578125 0.623046875 0.271484375 0.01171875
2 0.27734375 0.7734375 0.5546875 0.09895833333333333
7 0.27734375 0.8404947916666666 0.5546875 0.037760416666666664
1 0.150390625 0.947265625 0.30078125 0.07421875
0 0.4169921875 0.947265625 0.1953125 0.07421875