0 0.0146484375 0.08203125 0.029296875 0.052083333333333336
0 0.1298828125 0.08203125 0.197265625 0.052083333333333336
0 0.2666015625 0.08203125 0.072265625 0.052083333333333336
0 0.34228515625 0.08203125 0.0751953125 0.052083333333333336
7 0.1484375 0.14583333333333334 0.296875 0.0234375
6 0.33056640625 0.14583333333333334 0.0673828125 0.0234375
2 0.32080078125 0.22265625 0.1044921875 0.028645833333333332
2 0.29833984375 0.3229166666666667 0.1630859375 0.1015625
0 0.29833984375 0.3229166666666667 0.1630859375 0.12239583333333333
2 0.29833984375 0.4427083333333333 0.1630859375 0.09375
0 0.29833984375 0.4427083333333333 0.1630859375 0.11458333333333333
2 0.29833984375 0.5358072916666666 0.1630859375 0.048177083333333336
0 0.29833984375 0.5305989583333334 0.1630859375 0.05859375
4 0.10107421875 0.3717447916666667 0.2021484375 0.3763020833333333
0 0.10107421875 0.3717447916666667 0.2021484375 0.3763020833333333
7 0.75048828125 0.038411458333333336 0.4990234375 0.014322916666666666
3 0.75048828125 0.11067708333333333 0.4990234375 0.1171875
7 0.76025390625 0.22135416666666666 0.4794921875 0.052083333333333336
4 0.76025390625 0.4166666666666667 0.4794921875 0.2864583333333333
0 0.76025390625 0.4166666666666667 0.4794921875 0.2864583333333333
4 0.103515625 0.6666666666666666 0.20703125 0.21354166666666666
0 0.103515625 0.76171875 0.20703125 0.4036458333333333
2 0.0986328125 0.8404947916666666 0.197265625 0.07421875
7 0.0986328125 0.921875 0.197265625 0.08333333333333333
4 0.30078125 0.6666666666666666 0.158203125 0.21354166666666666
0 0.30078125 0.7799479166666666 0.158203125 0.4401041666666667
2 0.30078125 0.8587239583333334 0.158203125 0.11067708333333333
7 0.30078125 0.9583333333333334 0.158203125 0.08333333333333333
1 0.94140625 0.6341145833333334 0.1171875 0.0390625
4 0.841796875 0.6334635416666666 0.025390625 0.032552083333333336
7 0.39794921875 0.73828125 0.0361328125 0.07552083333333333
0 0.39794921875 0.73828125 0.0361328125 0.07552083333333333
7 0.455078125 0.73828125 0.060546875 0.07552083333333333
0 0.455078125 0.73828125 0.060546875 0.07552083333333333
7 0.533203125 0.73828125 0.078125 0.07552083333333333
0 0.533203125 0.73828125 0.078125 0.07552083333333333
7 0.63330078125 0.73828125 0.1044921875 0.07552083333333333
0 0.63330078125 0.73828125 0.1044921875 0.07552083333333333
7 0.7470703125 0.73828125 0.10546875 0.07552083333333333
0 0.7470703125 0.73828125 0.10546875 0.07552083333333333
7 0.853515625 0.73828125 0.08984375 0.07552083333333333
0 0.853515625 0.73828125 0.08984375 0.07552083333333333
7 0.95361328125 0.73828125 0.0927734375 0.07552083333333333
0 0.95361328125 0.73828125 0.0927734375 0.07552083333333333
4 0.68994140625 0.7369791666666666 0.6201171875 0.028645833333333332
7 0.46240234375 0.982421875 0.1650390625 0.01953125
7 0.6123046875 0.982421875 0.13671875 0.01953125
7 0.64306640625 0.986328125 0.5263671875 0.02734375
7 0.6708984375 0.99609375 0.15234375 0.0078125
7 0.96484375 0.9830729166666666 0.0703125 0.033854166666666664
4 0.48291015625 0.6243489583333334 0.0478515625 0.06380208333333333
7 0.7099609375 0.623046875 0.376953125 0.08203125
0 0.72216796875 0.75 0.1162109375 0.046875
0 0.83984375 0.75 0.11328125 0.046875