4 0.04150390625 0.015625 0.0380859375 0.03125
0 0.0947265625 0.015625 0.14453125 0.03125
7 0.1171875 0.014973958333333334 0.099609375 0.024739583333333332
1 0.51171875 0.01953125 0.193359375 0.0390625
1 0.65283203125 0.01953125 0.0732421875 0.0390625
6 0.0537109375 0.091796875 0.060546875 0.024739583333333332
6 0.14501953125 0.091796875 0.0595703125 0.024739583333333332
6 0.2294921875 0.091796875 0.046875 0.024739583333333332
6 0.318359375 0.091796875 0.068359375 0.024739583333333332
6 0.431640625 0.091796875 0.095703125 0.024739583333333332
6 0.556640625 0.091796875 0.091796875 0.024739583333333332
6 0.66162109375 0.091796875 0.0556640625 0.024739583333333332
2 0.3203125 0.24479166666666666 0.548828125 0.057291666666666664
7 0.3203125 0.3489583333333333 0.548828125 0.109375
0 0.2001953125 0.4479166666666667 0.30859375 0.046875
0 0.48876953125 0.4479166666666667 0.2119140625 0.046875
2 0.14208984375 0.6178385416666666 0.2392578125 0.04296875
0 0.787109375 0.015625 0.119140625 0.03125
0 0.91064453125 0.015625 0.1279296875 0.03125
2 0.765625 0.19205729166666666 0.15234375 0.07421875
2 0.734375 0.2649739583333333 0.08984375 0.07421875
2 0.8447265625 0.3600260416666667 0.310546875 0.08463541666666667
6 0.15087890625 0.65234375 0.3017578125 0.026041666666666668
6 0.13818359375 0.7317708333333334 0.2763671875 0.0625
4 0.638671875 0.7259114583333334 0.1015625 0.13151041666666666
6 0.638671875 0.8209635416666666 0.1015625 0.048177083333333336
2 0.30908203125 0.974609375 0.6181640625 0.05078125
2 0.3447265625 0.9720052083333334 0.689453125 0.029947916666666668
2 0.82958984375 0.708984375 0.2802734375 0.13932291666666666
7 0.82958984375 0.6809895833333334 0.2802734375 0.08333333333333333
4 0.8447265625 0.8352864583333334 0.310546875 0.11328125
2 0.8447265625 0.9173177083333334 0.310546875 0.055989583333333336