6 0.0810546875 0.055338541666666664 0.091796875 0.024739583333333332
6 0.18896484375 0.055338541666666664 0.0615234375 0.024739583333333332
6 0.27587890625 0.055338541666666664 0.0498046875 0.024739583333333332
6 0.3701171875 0.055338541666666664 0.076171875 0.024739583333333332
2 0.0595703125 0.20833333333333334 0.119140625 0.057291666666666664
7 0.0595703125 0.3125 0.119140625 0.109375
0 0.0595703125 0.4114583333333333 0.119140625 0.046875
1 0.88623046875 0.052734375 0.2275390625 0.061197916666666664
7 0.60791015625 0.107421875 0.0771484375 0.01953125
3 0.69580078125 0.1875 0.5322265625 0.1171875
6 0.6064453125 0.2610677083333333 0.080078125 0.016927083333333332
4 0.60595703125 0.3873697916666667 0.2939453125 0.22005208333333334
7 0.49951171875 0.373046875 0.0615234375 0.016927083333333332
2 0.5986328125 0.4173177083333333 0.259765625 0.048177083333333336
7 0.52001953125 0.466796875 0.1025390625 0.01953125
4 0.64013671875 0.4680989583333333 0.0107421875 0.014322916666666666
7 0.68896484375 0.466796875 0.0888671875 0.01953125
7 0.79541015625 0.283203125 0.0458984375 0.016927083333333332
2 0.88623046875 0.3098958333333333 0.2275390625 0.020833333333333332
7 0.8232421875 0.337890625 0.1015625 0.01953125
4 0.99853515625 0.3391927083333333 0.0029296875 0.014322916666666666
7 0.80322265625 0.3815104166666667 0.0615234375 0.018229166666666668
2 0.88623046875 0.4205729166666667 0.2275390625 0.046875
7 0.8232421875 0.4609375 0.1015625 0.020833333333333332
4 0.99853515625 0.4615885416666667 0.0029296875 0.014322916666666666
7 0.78857421875 0.50390625 0.0322265625 0.018229166666666668
4 0.03564453125 0.5403645833333334 0.0185546875 0.020833333333333332
0 0.05908203125 0.55859375 0.1181640625 0.057291666666666664
7 0.0712890625 0.5397135416666666 0.03515625 0.01953125
7 0.05908203125 0.5696614583333334 0.1181640625 0.022135416666666668
4 0.140625 0.5520833333333334 0.0234375 0.044270833333333336
7 0.0205078125 0.6263020833333334 0.029296875 0.0234375
6 0.0751953125 0.6263020833333334 0.08203125 0.0234375
7 0.052734375 0.6764322916666666 0.10546875 0.022135416666666668
6 0.0458984375 0.6985677083333334 0.091796875 0.022135416666666668
7 0.0927734375 0.6985677083333334 0.00390625 0.022135416666666668
0 0.04150390625 0.96484375 0.0830078125 0.0703125
4 0.2158203125 0.9772135416666666 0.046875 0.045572916666666664
0 0.21533203125 0.96484375 0.2080078125 0.0703125
0 0.38916015625 0.96484375 0.0810546875 0.0703125
4 0.71484375 0.6627604166666666 0.5703125 0.265625
2 0.71484375 0.5540364583333334 0.5703125 0.048177083333333336
1 0.68359375 0.6315104166666666 0.5078125 0.052083333333333336
4 0.46826171875 0.7513020833333334 0.0478515625 0.0625
2 0.5537109375 0.7513020833333334 0.10546875 0.026041666666666668
4 0.69775390625 0.7513020833333334 0.0478515625 0.0625
2 0.7822265625 0.7513020833333334 0.103515625 0.026041666666666668
2 0.97265625 0.7513020833333334 0.0546875 0.026041666666666668
2 0.71484375 0.8411458333333334 0.5703125 0.0390625
7 0.6396484375 0.962890625 0.21484375 0.04296875
7 0.92578125 0.962890625 0.1484375 0.04296875