6 0.62841796875 0.039713541666666664 0.1279296875 0.022135416666666668
7 0.35498046875 0.15299479166666666 0.7099609375 0.03515625
3 0.2666015625 0.3053385416666667 0.533203125 0.24869791666666666
4 0.85498046875 0.047526041666666664 0.2900390625 0.09505208333333333
0 0.73486328125 0.0625 0.0498046875 0.0234375
7 0.8203125 0.06380208333333333 0.01953125 0.020833333333333332
7 0.93603515625 0.0625 0.1279296875 0.0234375
0 0.93603515625 0.0625 0.1279296875 0.0234375
0 0.7255859375 0.14908854166666666 0.03125 0.022135416666666668
6 0.75390625 0.19921875 0.03515625 0.026041666666666668
6 0.759765625 0.22395833333333334 0.046875 0.026041666666666668
6 0.7470703125 0.24869791666666666 0.021484375 0.026041666666666668
6 0.89794921875 0.15885416666666666 0.1123046875 0.020833333333333332
6 0.90234375 0.18489583333333334 0.12109375 0.020833333333333332
6 0.9052734375 0.2109375 0.126953125 0.020833333333333332
6 0.89990234375 0.23697916666666666 0.1162109375 0.020833333333333332
6 0.88525390625 0.2630208333333333 0.0869140625 0.020833333333333332
6 0.8623046875 0.2890625 0.041015625 0.020833333333333332
6 0.90478515625 0.3151041666666667 0.1259765625 0.020833333333333332
6 0.8935546875 0.3411458333333333 0.103515625 0.020833333333333332
6 0.8896484375 0.3671875 0.095703125 0.020833333333333332
2 0.916015625 0.4205729166666667 0.1484375 0.018229166666666668
4 0.99462890625 0.4205729166666667 0.0107421875 0.018229166666666668
4 0.5732421875 0.5970052083333334 0.2734375 0.12369791666666667
0 0.5732421875 0.5970052083333334 0.2734375 0.12369791666666667
7 0.04638671875 0.5501302083333334 0.0927734375 0.03515625
7 0.04638671875 0.583984375 0.0927734375 0.024739583333333332
7 0.0087890625 0.626953125 0.017578125 0.024739583333333332
0 0.025390625 0.62890625 0.05078125 0.041666666666666664
4 0.0341796875 0.62890625 0.03125 0.041666666666666664
0 0.25537109375 0.55078125 0.0927734375 0.044270833333333336
4 0.32666015625 0.55078125 0.0185546875 0.0234375
0 0.3515625 0.5514322916666666 0.08203125 0.045572916666666664
7 0.36279296875 0.5501302083333334 0.0478515625 0.024739583333333332
4 0.40771484375 0.55078125 0.0185546875 0.0234375
0 0.4384765625 0.5514322916666666 0.09375 0.045572916666666664
7 0.44580078125 0.5501302083333334 0.0517578125 0.024739583333333332
7 0.6708984375 0.5501302083333334 0.076171875 0.024739583333333332
0 0.66845703125 0.55078125 0.0830078125 0.044270833333333336
0 0.029296875 0.7096354166666666 0.05859375 0.0546875
0 0.1240234375 0.7096354166666666 0.130859375 0.0546875
0 0.2548828125 0.7096354166666666 0.130859375 0.0546875
0 0.3857421875 0.7096354166666666 0.130859375 0.0546875
7 0.4873046875 0.705078125 0.052734375 0.03515625
0 0.4892578125 0.7096354166666666 0.076171875 0.0546875
0 0.04541015625 0.7643229166666666 0.0908203125 0.0546875
0 0.1181640625 0.7643229166666666 0.0546875 0.0546875
0 0.1865234375 0.7643229166666666 0.08203125 0.0546875
0 0.26123046875 0.7643229166666666 0.0673828125 0.0546875
0 0.31494140625 0.7643229166666666 0.0400390625 0.0546875
0 0.365234375 0.7643229166666666 0.060546875 0.0546875
2 0.35498046875 0.904296875 0.7099609375 0.19140625
2 0.03857421875 0.951171875 0.0771484375 0.045572916666666664
2 0.19775390625 0.9641927083333334 0.3955078125 0.07161458333333333
4 0.60986328125 0.9609375 0.2001953125 0.078125
2 0.2451171875 0.7721354166666666 0.490234375 0.0546875
7 0.224609375 0.8489583333333334 0.44921875 0.09375
0 0.09033203125 0.92578125 0.1103515625 0.028645833333333332
7 0.16455078125 0.9251302083333334 0.0302734375 0.02734375
0 0.234375 0.92578125 0.1015625 0.028645833333333332
7 0.21533203125 0.94140625 0.4306640625 0.059895833333333336
6 0.8271484375 0.71484375 0.056640625 0.5703125
4 0.830078125 0.4889322916666667 0.0625 0.08203125
0 0.830078125 0.4889322916666667 0.0625 0.08203125
6 0.9375 0.4889322916666667 0.125 0.08463541666666667
7 0.9375 0.548828125 0.125 0.02734375
4 0.830078125 0.630859375 0.0625 0.08203125
0 0.830078125 0.630859375 0.0625 0.08203125
6 0.9375 0.64453125 0.125 0.11197916666666667
7 0.9375 0.7180989583333334 0.125 0.02734375
4 0.830078125 0.8001302083333334 0.0625 0.08203125
0 0.830078125 0.8001302083333334 0.0625 0.08203125
6 0.9375 0.8001302083333334 0.125 0.08463541666666667
7 0.9375 0.8736979166666666 0.125 0.0546875
6 0.83984375 0.9635416666666666 0.08203125 0.028645833333333332