3 0.27490234375 0.10611979166666667 0.5498046875 0.21223958333333334
1 0.04150390625 0.2669270833333333 0.0830078125 0.03125
4 0.373046875 0.2643229166666667 0.134765625 0.0390625
0 0.373046875 0.2630208333333333 0.134765625 0.026041666666666668
0 0.02197265625 0.322265625 0.0439453125 0.01953125
0 0.07763671875 0.322265625 0.0673828125 0.01953125
0 0.14111328125 0.322265625 0.0595703125 0.01953125
0 0.21875 0.322265625 0.095703125 0.01953125
0 0.296875 0.322265625 0.060546875 0.01953125
0 0.35546875 0.322265625 0.056640625 0.01953125
0 0.42919921875 0.322265625 0.0908203125 0.01953125
0 0.50634765625 0.322265625 0.0634765625 0.01953125
0 0.5439453125 0.322265625 0.01171875 0.01953125
7 0.77490234375 0.333984375 0.4501953125 0.048177083333333336
6 0.77490234375 0.353515625 0.4501953125 0.032552083333333336
1 0.986328125 0.055338541666666664 0.02734375 0.04296875
4 0.81494140625 0.19140625 0.3701171875 0.3567708333333333
3 0.27490234375 0.5286458333333334 0.5498046875 0.3177083333333333
0 0.07373046875 0.7545572916666666 0.1474609375 0.029947916666666668
0 0.07373046875 0.7884114583333334 0.1474609375 0.029947916666666668
7 0.05078125 0.8229166666666666 0.09765625 0.020833333333333332
4 0.20166015625 0.7890625 0.0380859375 0.1953125
2 0.384765625 0.7890625 0.298828125 0.11197916666666667
0 0.384765625 0.7890625 0.298828125 0.11197916666666667
7 0.00927734375 0.900390625 0.0185546875 0.024739583333333332
7 0.08837890625 0.900390625 0.0498046875 0.024739583333333332
7 0.17724609375 0.900390625 0.0400390625 0.024739583333333332
7 0.2763671875 0.900390625 0.068359375 0.024739583333333332
7 0.40380859375 0.900390625 0.0986328125 0.024739583333333332
7 0.52392578125 0.900390625 0.0517578125 0.024739583333333332
2 0.0185546875 0.9596354166666666 0.037109375 0.0234375
7 0.06787109375 0.9856770833333334 0.1357421875 0.028645833333333332
2 0.23095703125 0.9596354166666666 0.1259765625 0.0234375
7 0.2724609375 0.9856770833333334 0.208984375 0.028645833333333332
2 0.4716796875 0.9596354166666666 0.125 0.0234375
7 0.4794921875 0.9856770833333334 0.140625 0.028645833333333332
7 0.77490234375 0.4309895833333333 0.4501953125 0.0625
0 0.77490234375 0.5143229166666666 0.4501953125 0.0625
7 0.63671875 0.6549479166666666 0.09375 0.0234375
4 0.7734375 0.6569010416666666 0.115234375 0.053385416666666664
0 0.7734375 0.6555989583333334 0.115234375 0.09244791666666667
2 0.77490234375 0.8919270833333334 0.4501953125 0.09895833333333333
7 0.77490234375 0.9759114583333334 0.4501953125 0.048177083333333336