1 0.1103515625 0.11197916666666667 0.15234375 0.03125
4 0.4765625 0.109375 0.134765625 0.0390625
0 0.4765625 0.10807291666666667 0.134765625 0.026041666666666668
0 0.65478515625 0.11197916666666667 0.0302734375 0.018229166666666668
0 0.10302734375 0.16731770833333334 0.0888671875 0.01953125
0 0.18115234375 0.16731770833333334 0.0673828125 0.01953125
0 0.24462890625 0.16731770833333334 0.0595703125 0.01953125
0 0.322265625 0.16731770833333334 0.095703125 0.01953125
0 0.400390625 0.16731770833333334 0.060546875 0.01953125
0 0.458984375 0.16731770833333334 0.056640625 0.01953125
0 0.53271484375 0.16731770833333334 0.0908203125 0.01953125
0 0.60986328125 0.16731770833333334 0.0634765625 0.01953125
0 0.65576171875 0.16731770833333334 0.0283203125 0.01953125
7 0.06396484375 0.23372395833333334 0.1220703125 0.04296875
0 0.33642578125 0.23372395833333334 0.6669921875 0.04296875
7 0.33642578125 0.23372395833333334 0.6669921875 0.04296875
7 0.33642578125 0.294921875 0.6669921875 0.029947916666666668
0 0.33642578125 0.3697916666666667 0.6669921875 0.1796875
2 0.33642578125 0.3411458333333333 0.6669921875 0.0625
2 0.87109375 0.020182291666666668 0.2578125 0.040364583333333336
1 0.87109375 0.10416666666666667 0.2578125 0.06770833333333333
4 0.76220703125 0.09895833333333333 0.0400390625 0.057291666666666664
4 0.306640625 0.6276041666666666 0.0703125 0.09375
2 0.3349609375 0.8072916666666666 0.669921875 0.21354166666666666
7 0.3349609375 0.9622395833333334 0.669921875 0.07552083333333333
2 0.775390625 0.5169270833333334 0.2109375 0.11458333333333333
7 0.7509765625 0.6764322916666666 0.162109375 0.14453125
4 0.8349609375 0.7018229166666666 0.330078125 0.484375