4 0.2548828125 0.06770833333333333 0.509765625 0.13541666666666666
4 0.16552734375 0.150390625 0.0439453125 0.05859375
6 0.18505859375 0.21158854166666666 0.0869140625 0.029947916666666668
7 0.18505859375 0.267578125 0.2294921875 0.05859375
4 0.4033203125 0.150390625 0.044921875 0.05859375
6 0.4228515625 0.21158854166666666 0.052734375 0.029947916666666668
7 0.416015625 0.2819010416666667 0.1875 0.08463541666666667
2 0.2548828125 0.45703125 0.509765625 0.044270833333333336
4 0.2548828125 0.443359375 0.509765625 0.07161458333333333
7 0.01123046875 0.46875 0.0224609375 0.020833333333333332
7 0.28857421875 0.4700520833333333 0.4423828125 0.018229166666666668
7 0.28857421875 0.4700520833333333 0.4423828125 0.018229166666666668
4 0.6845703125 0.061197916666666664 0.1640625 0.028645833333333332
0 0.6845703125 0.061197916666666664 0.1640625 0.028645833333333332
0 0.54931640625 0.12109375 0.0615234375 0.020833333333333332
0 0.650390625 0.12109375 0.06640625 0.020833333333333332
0 0.7353515625 0.12109375 0.029296875 0.020833333333333332
0 0.81787109375 0.12109375 0.0615234375 0.020833333333333332
0 0.9365234375 0.12109375 0.099609375 0.020833333333333332
6 0.64697265625 0.30859375 0.2744140625 0.15625
2 0.9609375 0.20442708333333334 0.078125 0.03125
2 0.9296875 0.2825520833333333 0.140625 0.0625
0 0.9296875 0.2825520833333333 0.140625 0.0625
2 0.9296875 0.4088541666666667 0.140625 0.0625
0 0.9296875 0.4088541666666667 0.140625 0.0625
7 0.013671875 0.5110677083333334 0.02734375 0.022135416666666668
6 0.0849609375 0.5110677083333334 0.1171875 0.022135416666666668
7 0.19384765625 0.5110677083333334 0.1005859375 0.022135416666666668
7 0.0615234375 0.5494791666666666 0.123046875 0.020833333333333332
6 0.18212890625 0.5494791666666666 0.1201171875 0.020833333333333332
7 0.25146484375 0.5494791666666666 0.0205078125 0.020833333333333332
6 0.314453125 0.5494791666666666 0.107421875 0.020833333333333332
7 0.4091796875 0.5494791666666666 0.083984375 0.020833333333333332
7 0.11376953125 0.68359375 0.2275390625 0.020833333333333332
6 0.27392578125 0.68359375 0.0947265625 0.020833333333333332
7 0.2548828125 0.7109375 0.509765625 0.07552083333333333
7 0.2548828125 0.818359375 0.509765625 0.11067708333333333
6 0.08837890625 0.9036458333333334 0.1767578125 0.020833333333333332
7 0.08544921875 0.9596354166666666 0.1708984375 0.020833333333333332
6 0.21533203125 0.9596354166666666 0.0908203125 0.020833333333333332
7 0.29296875 0.9596354166666666 0.064453125 0.020833333333333332
7 0.3564453125 0.9596354166666666 0.064453125 0.020833333333333332
7 0.44873046875 0.9596354166666666 0.1220703125 0.020833333333333332
0 0.57177734375 0.51953125 0.1083984375 0.020833333333333332
0 0.697265625 0.51953125 0.111328125 0.020833333333333332
0 0.783203125 0.51953125 0.029296875 0.020833333333333332
0 0.85009765625 0.51953125 0.0732421875 0.020833333333333332
0 0.923828125 0.51953125 0.04296875 0.020833333333333332
0 0.98046875 0.51953125 0.0390625 0.020833333333333332
6 0.55517578125 0.5891927083333334 0.0908203125 0.016927083333333332
6 0.708984375 0.5891927083333334 0.1875 0.016927083333333332
6 0.90869140625 0.5891927083333334 0.1826171875 0.016927083333333332
6 0.650390625 0.6165364583333334 0.115234375 0.016927083333333332
4 0.65234375 0.8854166666666666 0.28515625 0.22916666666666666
0 0.65234375 0.8854166666666666 0.28515625 0.22916666666666666
6 0.59521484375 0.6861979166666666 0.1708984375 0.10416666666666667
2 0.95654296875 0.6497395833333334 0.0869140625 0.03125
2 0.91259765625 0.7434895833333334 0.1748046875 0.09375
0 0.91259765625 0.7434895833333334 0.1748046875 0.09375
2 0.91259765625 0.9010416666666666 0.1748046875 0.09375
0 0.91259765625 0.9010416666666666 0.1748046875 0.09375