4 0.21484375 0.169921875 0.4296875 0.33984375
7 0.21484375 0.087890625 0.4296875 0.17578125
0 0.4462890625 0.022135416666666668 0.033203125 0.044270833333333336
7 0.51416015625 0.022135416666666668 0.0458984375 0.044270833333333336
0 0.51416015625 0.022135416666666668 0.0458984375 0.044270833333333336
7 0.58935546875 0.022135416666666668 0.0478515625 0.044270833333333336
0 0.58935546875 0.022135416666666668 0.0478515625 0.044270833333333336
7 0.67822265625 0.022135416666666668 0.0732421875 0.044270833333333336
0 0.68701171875 0.022135416666666668 0.0908203125 0.044270833333333336
4 0.71484375 0.169921875 0.5703125 0.33984375
4 0.71484375 0.169921875 0.5703125 0.33984375
4 0.5146484375 0.22265625 0.169921875 0.1953125
2 0.0185546875 0.3828125 0.037109375 0.036458333333333336
1 0.28564453125 0.4479166666666667 0.2880859375 0.21614583333333334
4 0.2900390625 0.6087239583333334 0.279296875 0.07682291666666667
1 0.23193359375 0.7213541666666666 0.1826171875 0.049479166666666664
0 0.361328125 0.7213541666666666 0.064453125 0.049479166666666664
2 0.28515625 0.853515625 0.2890625 0.032552083333333336
3 0.28515625 0.94140625 0.2890625 0.1171875
7 0.50244140625 0.34375 0.0595703125 0.0078125
0 0.51171875 0.3502604166666667 0.09375 0.020833333333333332
1 0.6806640625 0.3430989583333333 0.208984375 0.006510416666666667
7 0.62890625 0.3444010416666667 0.10546875 0.009114583333333334
7 0.8330078125 0.34375 0.03125 0.0078125
0 0.44384765625 0.4166666666666667 0.0283203125 0.041666666666666664
7 0.53271484375 0.4166666666666667 0.0986328125 0.0390625
0 0.54150390625 0.4166666666666667 0.1494140625 0.041666666666666664
7 0.74609375 0.4166666666666667 0.15234375 0.018229166666666668
4 0.84716796875 0.4166666666666667 0.0205078125 0.026041666666666668
7 0.71826171875 0.509765625 0.1689453125 0.048177083333333336
6 0.76220703125 0.5234375 0.0712890625 0.020833333333333332
6 0.79833984375 0.56640625 0.0185546875 0.020833333333333332
7 0.802734375 0.5182291666666666 0.03515625 0.046875
4 0.83935546875 0.5182291666666666 0.0244140625 0.03125
7 0.8642578125 0.5182291666666666 0.02734375 0.020833333333333332
4 0.89697265625 0.5182291666666666 0.0244140625 0.03125
7 0.92041015625 0.5182291666666666 0.0244140625 0.020833333333333332
7 0.9794921875 0.5182291666666666 0.041015625 0.020833333333333332
0 0.97509765625 0.5182291666666666 0.0498046875 0.046875
2 0.52783203125 0.5846354166666666 0.1962890625 0.026041666666666668
0 0.53564453125 0.7408854166666666 0.2119140625 0.3697916666666667
2 0.52783203125 0.6315104166666666 0.1962890625 0.057291666666666664
7 0.58740234375 0.5846354166666666 0.0166015625 0.018229166666666668
7 0.61083984375 0.5846354166666666 0.0302734375 0.018229166666666668
6 0.53564453125 0.7513020833333334 0.2119140625 0.171875
2 0.84130859375 0.5846354166666666 0.3173828125 0.026041666666666668
0 0.83349609375 0.7408854166666666 0.3330078125 0.3697916666666667
2 0.84130859375 0.6315104166666666 0.3173828125 0.057291666666666664
6 0.83349609375 0.7513020833333334 0.3330078125 0.171875
2 0.52783203125 0.9876302083333334 0.1962890625 0.024739583333333332
7 0.5908203125 0.98828125 0.009765625 0.018229166666666668
7 0.61083984375 0.98828125 0.0302734375 0.018229166666666668
2 0.84130859375 0.9876302083333334 0.3173828125 0.024739583333333332