7 0.19921875 0.072265625 0.3203125 0.14453125
6 0.287109375 0.123046875 0.087890625 0.04296875
7 0.3369140625 0.123046875 0.015625 0.04296875
2 0.19921875 0.20442708333333334 0.3203125 0.028645833333333332
2 0.19970703125 0.3079427083333333 0.3193359375 0.037760416666666664
4 0.0859375 0.466796875 0.09375 0.16796875
4 0.2001953125 0.4661458333333333 0.09375 0.16666666666666666
4 0.3134765625 0.46484375 0.091796875 0.1640625
2 0.19921875 0.638671875 0.3203125 0.022135416666666668
7 0.08349609375 0.6653645833333334 0.0615234375 0.020833333333333332
0 0.07666015625 0.666015625 0.0751953125 0.022135416666666668
7 0.11083984375 0.6940104166666666 0.1162109375 0.020833333333333332
0 0.10400390625 0.6946614583333334 0.1298828125 0.022135416666666668
7 0.32177734375 0.6653645833333334 0.0751953125 0.020833333333333332
0 0.31494140625 0.666015625 0.0888671875 0.022135416666666668
7 0.3046875 0.6940104166666666 0.041015625 0.020833333333333332
0 0.2978515625 0.6946614583333334 0.0546875 0.022135416666666668
7 0.607421875 0.13020833333333334 0.49609375 0.052083333333333336
4 0.88330078125 0.13216145833333334 0.0224609375 0.029947916666666668
3 0.607421875 0.439453125 0.49609375 0.5403645833333334
3 0.6796875 0.056640625 0.640625 0.11328125
6 0.80908203125 0.19986979166666666 0.0673828125 0.053385416666666664
7 0.88818359375 0.21158854166666666 0.0458984375 0.029947916666666668
0 0.90625 0.1953125 0.08203125 0.052083333333333336
4 0.9921875 0.20572916666666666 0.015625 0.03125
0 0.982421875 0.1953125 0.03515625 0.052083333333333336
2 0.46337890625 0.4361979166666667 0.2080078125 0.2526041666666667
7 0.48095703125 0.609375 0.2431640625 0.052083333333333336
7 0.41064453125 0.66796875 0.1025390625 0.0234375
2 0.8681640625 0.35546875 0.248046875 0.09375
6 0.79736328125 0.4303385416666667 0.1064453125 0.01953125
7 0.90234375 0.4303385416666667 0.09765625 0.01953125
7 0.8671875 0.4407552083333333 0.24609375 0.045572916666666664
7 0.88623046875 0.4518229166666667 0.1005859375 0.0234375
7 0.86669921875 0.462890625 0.2451171875 0.045572916666666664
2 0.8486328125 0.638671875 0.208984375 0.06380208333333333
6 0.82177734375 0.6985677083333334 0.1552734375 0.01953125
7 0.951171875 0.6985677083333334 0.09765625 0.01953125
6 0.04736328125 0.7467447916666666 0.0771484375 0.024739583333333332
6 0.1376953125 0.7467447916666666 0.033203125 0.024739583333333332
6 0.2314453125 0.7467447916666666 0.083984375 0.024739583333333332
6 0.333984375 0.7467447916666666 0.05078125 0.024739583333333332
7 0.09326171875 0.86328125 0.1865234375 0.033854166666666664
6 0.27294921875 0.86328125 0.1728515625 0.033854166666666664
2 0.1796875 0.9453125 0.359375 0.059895833333333336
4 0.7021484375 0.7233072916666666 0.419921875 0.02734375
0 0.7021484375 0.72265625 0.419921875 0.026041666666666668
0 0.3828125 0.7669270833333334 0.044921875 0.03125
0 0.4208984375 0.7669270833333334 0.02734375 0.03125
0 0.46337890625 0.7669270833333334 0.0517578125 0.03125
0 0.51416015625 0.7669270833333334 0.0458984375 0.03125
0 0.5546875 0.7669270833333334 0.03125 0.03125
0 0.59619140625 0.7669270833333334 0.0478515625 0.03125
0 0.642578125 0.7669270833333334 0.041015625 0.03125
0 0.68505859375 0.7669270833333334 0.0400390625 0.03125
0 0.72119140625 0.7669270833333334 0.0283203125 0.03125
0 0.7568359375 0.7669270833333334 0.0390625 0.03125
0 0.794921875 0.7669270833333334 0.033203125 0.03125
0 0.8291015625 0.7669270833333334 0.03125 0.03125
0 0.865234375 0.7669270833333334 0.037109375 0.03125
0 0.91357421875 0.7669270833333334 0.0556640625 0.03125
0 0.9716796875 0.7669270833333334 0.056640625 0.03125
2 0.39111328125 0.8255208333333334 0.0634765625 0.018229166666666668
0 0.42041015625 0.841796875 0.1220703125 0.06380208333333333
6 0.42041015625 0.853515625 0.1220703125 0.040364583333333336
2 0.5859375 0.8352864583333334 0.150390625 0.016927083333333332
0 0.6044921875 0.841796875 0.1875 0.04296875
6 0.6044921875 0.853515625 0.1875 0.01953125
4 0.7548828125 0.841796875 0.0546875 0.07161458333333333
0 0.7548828125 0.841796875 0.0546875 0.07161458333333333
2 0.86083984375 0.8255208333333334 0.1396484375 0.018229166666666668
0 0.8837890625 0.841796875 0.185546875 0.06380208333333333
6 0.8837890625 0.853515625 0.185546875 0.040364583333333336
2 0.39111328125 0.9596354166666666 0.0634765625 0.08072916666666667
4 0.70166015625 0.9661458333333334 0.4560546875 0.06770833333333333
0 0.70166015625 0.9661458333333334 0.4560546875 0.06770833333333333
2 0.98193359375 0.93359375 0.0361328125 0.020833333333333332
2 0.98193359375 0.9830729166666666 0.0361328125 0.018229166666666668
0 0.98193359375 0.9830729166666666 0.0361328125 0.018229166666666668