0 0.03271484375 0.037760416666666664 0.0654296875 0.06510416666666667
7 0.11328125 0.040364583333333336 0.056640625 0.0234375
7 0.1630859375 0.040364583333333336 0.04296875 0.0234375
2 0.69970703125 0.224609375 0.6005859375 0.44921875
2 0.69970703125 0.224609375 0.6005859375 0.44921875
7 0.69970703125 0.061197916666666664 0.6005859375 0.033854166666666664
0 0.5478515625 0.169921875 0.208984375 0.06640625
4 0.6064453125 0.404296875 0.4140625 0.08984375
6 0.1591796875 0.494140625 0.060546875 0.022135416666666668
7 0.28759765625 0.494140625 0.2001953125 0.022135416666666668
4 0.15283203125 0.5631510416666666 0.0302734375 0.03515625
6 0.208984375 0.5618489583333334 0.076171875 0.022135416666666668
4 0.27734375 0.5631510416666666 0.029296875 0.03515625
6 0.33203125 0.5618489583333334 0.07421875 0.022135416666666668
4 0.3916015625 0.5631510416666666 0.015625 0.03515625
4 0.39306640625 0.5970052083333334 0.0126953125 0.03515625
6 0.25634765625 0.6373697916666666 0.1357421875 0.022135416666666668
7 0.3291015625 0.6373697916666666 0.01171875 0.022135416666666668
6 0.36669921875 0.6373697916666666 0.0654296875 0.022135416666666668
6 0.31005859375 0.673828125 0.0654296875 0.01953125
7 0.34716796875 0.673828125 0.0107421875 0.01953125
6 0.3759765625 0.673828125 0.046875 0.01953125
7 0.169921875 0.755859375 0.078125 0.022135416666666668
6 0.24853515625 0.755859375 0.0810546875 0.022135416666666668
7 0.32666015625 0.755859375 0.0751953125 0.022135416666666668
6 0.38134765625 0.755859375 0.0361328125 0.022135416666666668
6 0.37451171875 0.8131510416666666 0.0498046875 0.022135416666666668
2 0.17578125 0.873046875 0.11328125 0.022135416666666668
4 0.20556640625 0.9518229166666666 0.1728515625 0.09635416666666667
7 0.310546875 0.9186197916666666 0.025390625 0.022135416666666668
6 0.3486328125 0.9329427083333334 0.1015625 0.05078125
2 0.04638671875 0.724609375 0.0927734375 0.55078125
6 0.0087890625 0.5787760416666666 0.017578125 0.01953125
6 0.01123046875 0.603515625 0.0224609375 0.01953125
2 0.033203125 0.6477864583333334 0.06640625 0.01953125
6 0.01611328125 0.6790364583333334 0.0322265625 0.01953125
6 0.02685546875 0.7037760416666666 0.0537109375 0.01953125
6 0.01904296875 0.7779947916666666 0.0380859375 0.01953125
2 0.033203125 0.8717447916666666 0.06640625 0.01953125
6 0.0234375 0.9029947916666666 0.046875 0.01953125
6 0.0126953125 0.9361979166666666 0.025390625 0.036458333333333336
6 0.015625 0.9921875 0.03125 0.015625
4 0.560546875 0.7408854166666666 0.322265625 0.5182291666666666
0 0.54345703125 0.7408854166666666 0.2880859375 0.5182291666666666
7 0.53564453125 0.8177083333333334 0.2724609375 0.026041666666666668
2 0.53564453125 0.900390625 0.2724609375 0.14192708333333334
2 0.80810546875 0.5169270833333334 0.1611328125 0.052083333333333336
2 0.9775390625 0.5208333333333334 0.044921875 0.0234375
0 0.9775390625 0.5208333333333334 0.044921875 0.0234375
4 0.767578125 0.634765625 0.080078125 0.07942708333333333
0 0.86376953125 0.6647135416666666 0.2724609375 0.13932291666666666
2 0.91064453125 0.6477864583333334 0.1787109375 0.10546875
7 0.849609375 0.7213541666666666 0.056640625 0.020833333333333332
7 0.9326171875 0.7213541666666666 0.09765625 0.020833333333333332
4 0.767578125 0.8053385416666666 0.080078125 0.07942708333333333
0 0.86376953125 0.8352864583333334 0.2724609375 0.13932291666666666
2 0.91064453125 0.818359375 0.1787109375 0.10546875
7 0.85009765625 0.8919270833333334 0.0576171875 0.020833333333333332
7 0.93359375 0.8919270833333334 0.09765625 0.020833333333333332