7 0.25 0.24479166666666666 0.5 0.4895833333333333
7 0.419921875 0.007161458333333333 0.16015625 0.014322916666666666
7 0.47607421875 0.15690104166666666 0.0478515625 0.061197916666666664
2 0.0849609375 0.078125 0.169921875 0.06510416666666667
2 0.1220703125 0.14322916666666666 0.244140625 0.06510416666666667
0 0.0341796875 0.23828125 0.068359375 0.0625
2 0.1640625 0.22786458333333334 0.150390625 0.020833333333333332
2 0.166015625 0.24869791666666666 0.154296875 0.020833333333333332
7 0.76708984375 0.07877604166666667 0.1240234375 0.03515625
6 0.87646484375 0.07877604166666667 0.0966796875 0.03515625
7 0.927734375 0.07877604166666667 0.0078125 0.03515625
7 0.70458984375 0.11848958333333333 0.0224609375 0.020833333333333332
6 0.7265625 0.11848958333333333 0.0234375 0.020833333333333332
6 0.779296875 0.11848958333333333 0.076171875 0.020833333333333332
7 0.83251953125 0.11848958333333333 0.0302734375 0.020833333333333332
6 0.89208984375 0.11848958333333333 0.0927734375 0.020833333333333332
7 0.939453125 0.11848958333333333 0.00390625 0.020833333333333332
6 0.771484375 0.14388020833333334 0.052734375 0.01953125
7 0.8251953125 0.14388020833333334 0.056640625 0.01953125
6 0.87109375 0.14388020833333334 0.0390625 0.01953125
2 0.79052734375 0.20572916666666666 0.2255859375 0.026041666666666668
4 0.74853515625 0.31640625 0.1572265625 0.140625
6 0.91357421875 0.2610677083333333 0.1513671875 0.022135416666666668
7 0.99462890625 0.2610677083333333 0.0107421875 0.022135416666666668
6 0.9189453125 0.275390625 0.162109375 0.05078125
7 0.98095703125 0.2897135416666667 0.0380859375 0.022135416666666668
6 0.8916015625 0.318359375 0.107421875 0.022135416666666668
7 0.95361328125 0.318359375 0.0185546875 0.022135416666666668
6 0.9189453125 0.3326822916666667 0.162109375 0.05078125
7 0.9189453125 0.361328125 0.162109375 0.05078125
6 0.9580078125 0.3756510416666667 0.083984375 0.022135416666666668
7 0.9189453125 0.3899739583333333 0.162109375 0.05078125
6 0.8349609375 0.4186197916666667 0.330078125 0.05078125
7 0.7666015625 0.4329427083333333 0.087890625 0.022135416666666668
6 0.8623046875 0.4329427083333333 0.103515625 0.022135416666666668
7 0.8349609375 0.4557291666666667 0.330078125 0.06770833333333333
6 0.86474609375 0.484375 0.0439453125 0.010416666666666666
2 0.57080078125 0.24479166666666666 0.1416015625 0.4895833333333333
4 0.564453125 0.050130208333333336 0.12890625 0.10026041666666667
6 0.5234375 0.14388020833333334 0.046875 0.01953125
6 0.51953125 0.16861979166666666 0.0390625 0.01953125
6 0.54052734375 0.193359375 0.0810546875 0.01953125
6 0.53466796875 0.21809895833333334 0.0693359375 0.01953125
6 0.53564453125 0.24283854166666666 0.0712890625 0.01953125
6 0.548828125 0.267578125 0.09765625 0.01953125
6 0.5361328125 0.2923177083333333 0.072265625 0.01953125
2 0.56005859375 0.3365885416666667 0.1201171875 0.01953125
6 0.50830078125 0.3678385416666667 0.0166015625 0.01953125
6 0.53857421875 0.392578125 0.0771484375 0.01953125
6 0.5419921875 0.4173177083333333 0.083984375 0.01953125
6 0.53857421875 0.4420572916666667 0.0771484375 0.01953125
6 0.53125 0.466796875 0.0625 0.01953125
7 0.3916015625 0.5 0.03125 0.018229166666666668
7 0.4560546875 0.5 0.04296875 0.018229166666666668
7 0.0439453125 0.609375 0.0078125 0.018229166666666668
7 0.25 0.765625 0.5 0.026041666666666668
7 0.3916015625 0.9010416666666666 0.03125 0.018229166666666668
7 0.4560546875 0.9010416666666666 0.04296875 0.018229166666666668
7 0.0390625 0.9518229166666666 0.078125 0.018229166666666668
6 0.90966796875 0.5690104166666666 0.0908203125 0.028645833333333332
6 0.99169921875 0.5690104166666666 0.0166015625 0.028645833333333332
4 0.75 0.6236979166666666 0.5 0.2682291666666667
2 0.6328125 0.625 0.138671875 0.041666666666666664
0 0.74267578125 0.626953125 0.0576171875 0.032552083333333336
7 0.7412109375 0.6725260416666666 0.35546875 0.022135416666666668
4 0.595703125 0.8580729166666666 0.19140625 0.2838541666666667
0 0.595703125 0.8580729166666666 0.19140625 0.2838541666666667
4 0.82958984375 0.8580729166666666 0.2724609375 0.2838541666666667
0 0.82958984375 0.8580729166666666 0.2724609375 0.2838541666666667