2 0.09423828125 0.07161458333333333 0.1884765625 0.0703125
2 0.06494140625 0.13932291666666666 0.1298828125 0.0703125
4 0.724609375 0.10611979166666667 0.55078125 0.21223958333333334
7 0.4873046875 0.3444010416666667 0.076171875 0.05859375
4 0.62890625 0.22721354166666666 0.044921875 0.05859375
6 0.6484375 0.2884114583333333 0.052734375 0.029947916666666668
7 0.6484375 0.3587239583333333 0.201171875 0.08463541666666667
4 0.86669921875 0.22721354166666666 0.0439453125 0.05859375
6 0.88623046875 0.2884114583333333 0.1630859375 0.029947916666666668
7 0.8857421875 0.3444010416666667 0.228515625 0.05859375
2 0.60888671875 0.525390625 0.3193359375 0.02734375
2 0.224609375 0.5755208333333334 0.44921875 0.07291666666666667
2 0.224609375 0.7057291666666666 0.44921875 0.0546875
7 0.224609375 0.7936197916666666 0.44921875 0.07682291666666667
7 0.224609375 0.8919270833333334 0.44921875 0.0625
6 0.2958984375 0.9108072916666666 0.16796875 0.024739583333333332
7 0.224609375 0.9296875 0.44921875 0.0625
4 0.4912109375 0.5540364583333334 0.083984375 0.029947916666666668
7 0.6220703125 0.5514322916666666 0.05078125 0.024739583333333332
0 0.763671875 0.552734375 0.1640625 0.02734375
7 0.884765625 0.5514322916666666 0.078125 0.024739583333333332
2 0.66064453125 0.83984375 0.4228515625 0.1875
2 0.66064453125 0.986328125 0.4228515625 0.02734375