0 0.400390625 0.012369791666666666 0.154296875 0.024739583333333332
4 0.06982421875 0.22786458333333334 0.1240234375 0.0546875
4 0.10693359375 0.3509114583333333 0.2138671875 0.09765625
2 0.09228515625 0.3352864583333333 0.1650390625 0.06380208333333333
7 0.017578125 0.3899739583333333 0.015625 0.016927083333333332
7 0.0673828125 0.3899739583333333 0.0859375 0.016927083333333332
4 0.19384765625 0.384765625 0.0126953125 0.016927083333333332
7 0.20947265625 0.384765625 0.0107421875 0.014322916666666666
4 0.10693359375 0.4420572916666667 0.2138671875 0.03515625
2 0.09130859375 0.4427083333333333 0.1630859375 0.033854166666666664
4 0.3974609375 0.22786458333333334 0.16796875 0.0546875
4 0.37109375 0.3509114583333333 0.236328125 0.09765625
2 0.4130859375 0.3352864583333333 0.15234375 0.06380208333333333
7 0.3447265625 0.3899739583333333 0.015625 0.016927083333333332
7 0.39794921875 0.3899739583333333 0.0927734375 0.016927083333333332
4 0.37109375 0.4420572916666667 0.236328125 0.03515625
2 0.4130859375 0.4427083333333333 0.15234375 0.033854166666666664
4 0.82421875 0.22981770833333334 0.3515625 0.4596354166666667
2 0.5517578125 0.22981770833333334 0.125 0.4596354166666667
2 0.541015625 0.022786458333333332 0.103515625 0.01953125
6 0.5048828125 0.054036458333333336 0.03125 0.01953125
6 0.51953125 0.07877604166666667 0.060546875 0.01953125
6 0.50537109375 0.103515625 0.0322265625 0.01953125
6 0.50830078125 0.12825520833333334 0.0380859375 0.01953125
6 0.50537109375 0.15299479166666666 0.0322265625 0.01953125
2 0.541015625 0.197265625 0.103515625 0.01953125
6 0.50439453125 0.228515625 0.0302734375 0.01953125
6 0.50341796875 0.2532552083333333 0.0283203125 0.01953125
6 0.50830078125 0.2779947916666667 0.0380859375 0.01953125
6 0.50390625 0.302734375 0.029296875 0.01953125
6 0.49951171875 0.3274739583333333 0.0205078125 0.01953125
6 0.50439453125 0.3522135416666667 0.0302734375 0.01953125
6 0.501953125 0.376953125 0.025390625 0.01953125
6 0.50244140625 0.4016927083333333 0.0263671875 0.01953125
6 0.5029296875 0.4264322916666667 0.02734375 0.01953125
6 0.505859375 0.4505208333333333 0.033203125 0.018229166666666668
4 0.17578125 0.6373697916666666 0.3515625 0.35546875
0 0.15869140625 0.6399739583333334 0.3173828125 0.3606770833333333
7 0.15087890625 0.5872395833333334 0.3017578125 0.026041666666666668
2 0.15087890625 0.669921875 0.3017578125 0.14192708333333334
7 0.47021484375 0.4908854166666667 0.0380859375 0.020833333333333332
4 0.3974609375 0.5748697916666666 0.080078125 0.07942708333333333
0 0.42333984375 0.6048177083333334 0.1318359375 0.13932291666666666
7 0.47021484375 0.6614583333333334 0.0380859375 0.020833333333333332
2 0.24462890625 0.9069010416666666 0.4892578125 0.02734375
0 0.24462890625 0.923828125 0.4892578125 0.061197916666666664
2 0.662109375 0.4654947916666667 0.0390625 0.01171875
2 0.74462890625 0.53125 0.5107421875 0.052083333333333336
1 0.70263671875 0.6223958333333334 0.4267578125 0.0625
4 0.513671875 0.869140625 0.017578125 0.024739583333333332
0 0.662109375 0.8684895833333334 0.33203125 0.041666666666666664
7 0.6689453125 0.8678385416666666 0.28515625 0.022135416666666668
4 0.5751953125 0.98828125 0.0625 0.0234375
0 0.5751953125 0.970703125 0.166015625 0.05859375
4 0.7490234375 0.98828125 0.0625 0.0234375
0 0.7490234375 0.970703125 0.166015625 0.05859375
4 0.9228515625 0.98828125 0.0625 0.0234375
0 0.919921875 0.970703125 0.16015625 0.05859375