4 0.26708984375 0.033203125 0.1240234375 0.06640625
7 0.2490234375 0.09309895833333333 0.16015625 0.048177083333333336
4 0.0576171875 0.4010416666666667 0.115234375 0.0546875
2 0.40087890625 0.061197916666666664 0.1435546875 0.1015625
2 0.48828125 0.061197916666666664 0.03515625 0.1015625
2 0.64306640625 0.061197916666666664 0.2763671875 0.1015625
2 0.79052734375 0.061197916666666664 0.0185546875 0.1015625
2 0.40625 0.16536458333333334 0.03515625 0.1015625
2 0.52880859375 0.16536458333333334 0.2119140625 0.1015625
2 0.72021484375 0.16536458333333334 0.1748046875 0.1015625
1 0.466796875 0.4407552083333333 0.275390625 0.07682291666666667
7 0.6572265625 0.4537760416666667 0.046875 0.05078125
4 0.69677734375 0.4563802083333333 0.0146484375 0.01953125
0 0.89013671875 0.4407552083333333 0.2197265625 0.07682291666666667
2 0.16455078125 0.611328125 0.3291015625 0.2643229166666667
7 0.16455078125 0.818359375 0.3291015625 0.055989583333333336
0 0.10009765625 0.9557291666666666 0.2001953125 0.08854166666666667
4 0.48974609375 0.6119791666666666 0.3212890625 0.265625
0 0.48974609375 0.6145833333333334 0.3212890625 0.2708333333333333
7 0.48974609375 0.759765625 0.3212890625 0.014322916666666666
7 0.48974609375 0.798828125 0.3212890625 0.055989583333333336
2 0.48974609375 0.8899739583333334 0.3212890625 0.08723958333333333
7 0.48974609375 0.943359375 0.3212890625 0.014322916666666666
7 0.48974609375 0.9791666666666666 0.3212890625 0.041666666666666664
7 0.845703125 0.53125 0.201171875 0.0390625
6 0.84814453125 0.55078125 0.2060546875 0.0390625
7 0.7119140625 0.5221354166666666 0.05859375 0.020833333333333332
7 0.8154296875 0.6139322916666666 0.140625 0.01953125
6 0.84521484375 0.6236979166666666 0.2001953125 0.0390625
7 0.8486328125 0.6725260416666666 0.20703125 0.05859375
7 0.7119140625 0.6145833333333334 0.05859375 0.020833333333333332
7 0.8447265625 0.7552083333333334 0.19921875 0.0390625
6 0.84521484375 0.7942708333333334 0.2001953125 0.0390625
7 0.8447265625 0.8138020833333334 0.19921875 0.0390625
7 0.7119140625 0.74609375 0.05859375 0.020833333333333332
7 0.8486328125 0.896484375 0.20703125 0.05859375
6 0.8525390625 0.92578125 0.21484375 0.0390625
7 0.84423828125 0.962890625 0.1982421875 0.07421875
7 0.7119140625 0.8776041666666666 0.05859375 0.020833333333333332
7 0.72705078125 0.853515625 0.0595703125 0.01953125
0 0.72705078125 0.853515625 0.0830078125 0.04296875
7 0.826171875 0.853515625 0.080078125 0.01953125
0 0.826171875 0.853515625 0.103515625 0.04296875
6 0.8427734375 0.9231770833333334 0.251953125 0.020833333333333332
7 0.76123046875 0.9459635416666666 0.0888671875 0.016927083333333332
0 0.7607421875 0.9459635416666666 0.087890625 0.016927083333333332
6 0.818359375 0.994140625 0.203125 0.01171875