0 0.017578125 0.022786458333333332 0.03515625 0.037760416666666664
1 0.2275390625 0.022786458333333332 0.359375 0.04296875
0 0.44091796875 0.022786458333333332 0.0380859375 0.04296875
2 0.17529296875 0.2662760416666667 0.3505859375 0.09505208333333333
7 0.130859375 0.3951822916666667 0.26171875 0.10546875
0 0.02685546875 0.5084635416666666 0.0537109375 0.05859375
0 0.1279296875 0.5084635416666666 0.134765625 0.055989583333333336
4 0.72998046875 0.224609375 0.5400390625 0.44921875
0 0.72998046875 0.2109375 0.5400390625 0.0234375
7 0.69140625 0.3385416666666667 0.4296875 0.026041666666666668
2 0.58154296875 0.36328125 0.2099609375 0.03125
7 0.69140625 0.4114583333333333 0.4296875 0.026041666666666668
2 0.73583984375 0.5065104166666666 0.5283203125 0.046875
2 0.73583984375 0.5416666666666666 0.5283203125 0.015625
4 0.078125 0.78515625 0.15625 0.4296875
0 0.3544921875 0.6393229166666666 0.2109375 0.09635416666666667
0 0.3544921875 0.7434895833333334 0.2109375 0.0703125
0 0.3544921875 0.8346354166666666 0.2109375 0.0703125
7 0.369140625 0.8997395833333334 0.03515625 0.0234375
0 0.3544921875 0.966796875 0.2109375 0.06640625
2 0.708984375 0.583984375 0.498046875 0.06901041666666667
7 0.708984375 0.6705729166666666 0.498046875 0.0625
0 0.4755859375 0.7486979166666666 0.03125 0.052083333333333336