4 0.07421875 0.12825520833333334 0.1484375 0.2565104166666667
0 0.07421875 0.130859375 0.1484375 0.26171875
7 0.07421875 0.271484375 0.1484375 0.014322916666666666
7 0.07421875 0.310546875 0.1484375 0.055989583333333336
7 0.34375 0.04296875 0.201171875 0.0390625
6 0.34619140625 0.0625 0.2060546875 0.0390625
7 0.2099609375 0.033854166666666664 0.05859375 0.020833333333333332
7 0.3134765625 0.12565104166666666 0.140625 0.01953125
6 0.34326171875 0.13541666666666666 0.2001953125 0.0390625
7 0.3466796875 0.18424479166666666 0.20703125 0.05859375
7 0.2099609375 0.12630208333333334 0.05859375 0.020833333333333332
7 0.3427734375 0.2669270833333333 0.19921875 0.0390625
6 0.34326171875 0.3059895833333333 0.2001953125 0.0390625
7 0.3427734375 0.3255208333333333 0.19921875 0.0390625
7 0.2099609375 0.2578125 0.05859375 0.020833333333333332
7 0.22509765625 0.357421875 0.0595703125 0.00390625
0 0.22509765625 0.3515625 0.0830078125 0.015625
7 0.32421875 0.357421875 0.080078125 0.00390625
0 0.32421875 0.3515625 0.103515625 0.015625
2 0.60693359375 0.018880208333333332 0.2744140625 0.037760416666666664
6 0.955078125 0.052083333333333336 0.08984375 0.020833333333333332
0 0.966796875 0.15625 0.06640625 0.0625
6 0.9013671875 0.2669270833333333 0.1015625 0.020833333333333332
7 0.9755859375 0.2786458333333333 0.048828125 0.044270833333333336
0 0.046875 0.41796875 0.033203125 0.03125
0 0.11376953125 0.41796875 0.0498046875 0.03125
0 0.22314453125 0.41796875 0.1181640625 0.03125
0 0.35302734375 0.41796875 0.0908203125 0.03125
7 0.0712890625 0.4700520833333333 0.05078125 0.020833333333333332
0 0.0712890625 0.47265625 0.05078125 0.026041666666666668
7 0.06982421875 0.5013020833333334 0.0478515625 0.020833333333333332
0 0.2578125 0.5013020833333334 0.423828125 0.03125
7 0.07177734375 0.5325520833333334 0.0283203125 0.020833333333333332
0 0.263671875 0.5325520833333334 0.412109375 0.03125
7 0.0703125 0.5638020833333334 0.025390625 0.020833333333333332
0 0.263671875 0.5638020833333334 0.412109375 0.03125
7 0.080078125 0.5950520833333334 0.044921875 0.020833333333333332
0 0.263671875 0.5950520833333334 0.412109375 0.03125
7 0.25 0.6940104166666666 0.439453125 0.0625
7 0.25 0.76171875 0.439453125 0.03125
2 0.25 0.8606770833333334 0.439453125 0.041666666666666664
7 0.25 0.943359375 0.439453125 0.055989583333333336
7 0.25 0.97265625 0.439453125 0.0546875
7 0.1943359375 0.9889322916666666 0.1796875 0.022135416666666668
7 0.609375 0.369140625 0.109375 0.01953125
7 0.72412109375 0.369140625 0.1025390625 0.01953125
0 0.84228515625 0.369140625 0.1162109375 0.01953125
7 0.53662109375 0.453125 0.1337890625 0.0234375
2 0.53662109375 0.5182291666666666 0.1337890625 0.06510416666666667
7 0.53662109375 0.705078125 0.1337890625 0.24609375
7 0.53662109375 0.9296875 0.1337890625 0.140625
7 0.8642578125 0.6979166666666666 0.271484375 0.0234375
0 0.8642578125 0.7721354166666666 0.271484375 0.08333333333333333
0 0.8642578125 0.8658854166666666 0.271484375 0.08333333333333333