2 0.2470703125 0.008463541666666666 0.255859375 0.016927083333333332
0 0.20458984375 0.014322916666666666 0.4091796875 0.028645833333333332
2 0.3955078125 0.009765625 0.02734375 0.01953125
4 0.20458984375 0.2669270833333333 0.4091796875 0.4661458333333333
4 0.07470703125 0.2662760416666667 0.1494140625 0.4674479166666667
2 0.07177734375 0.25390625 0.1435546875 0.03125
2 0.05712890625 0.30078125 0.1142578125 0.0625
2 0.0517578125 0.34765625 0.103515625 0.09375
2 0.60791015625 0.08072916666666667 0.3662109375 0.16145833333333334
2 0.65576171875 0.027994791666666668 0.4619140625 0.055989583333333336
0 0.4833984375 0.13151041666666666 0.1171875 0.059895833333333336
4 0.53125 0.4348958333333333 0.173828125 0.13020833333333334
4 0.822265625 0.4348958333333333 0.177734375 0.13020833333333334
4 0.0537109375 0.72265625 0.107421875 0.18229166666666666
4 0.23779296875 0.72265625 0.2490234375 0.18229166666666666
4 0.70458984375 0.6555989583333334 0.5908203125 0.3111979166666667
0 0.70458984375 0.6555989583333334 0.5908203125 0.3111979166666667
0 0.70458984375 0.5690104166666666 0.5908203125 0.0234375
2 0.70458984375 0.658203125 0.5908203125 0.16276041666666666
7 0.70458984375 0.7630208333333334 0.5908203125 0.033854166666666664
3 0.70458984375 0.857421875 0.5908203125 0.09505208333333333