7 0.31982421875 0.010416666666666666 0.6396484375 0.020833333333333332
3 0.31982421875 0.0703125 0.6396484375 0.033854166666666664
2 0.0859375 0.24153645833333334 0.171875 0.17317708333333334
7 0.0859375 0.337890625 0.171875 0.014322916666666666
7 0.0859375 0.400390625 0.171875 0.09505208333333333
6 0.02392578125 0.4654947916666667 0.0478515625 0.01953125
6 0.0810546875 0.50390625 0.162109375 0.0390625
6 0.07080078125 0.5423177083333334 0.1416015625 0.01953125
6 0.083984375 0.5709635416666666 0.16796875 0.016927083333333332
4 0.39599609375 0.3131510416666667 0.3837890625 0.31640625
0 0.39599609375 0.3157552083333333 0.3837890625 0.3216145833333333
7 0.39599609375 0.486328125 0.3837890625 0.014322916666666666
7 0.39599609375 0.525390625 0.3837890625 0.055989583333333336
7 0.6298828125 0.189453125 0.01953125 0.01953125
7 0.6298828125 0.24869791666666666 0.01953125 0.020833333333333332
7 0.6298828125 0.3411458333333333 0.01953125 0.020833333333333332
7 0.6298828125 0.47265625 0.01953125 0.020833333333333332
2 0.81982421875 0.049479166666666664 0.3603515625 0.078125
2 0.81982421875 0.10807291666666667 0.3603515625 0.0390625
7 0.689453125 0.20572916666666666 0.099609375 0.036458333333333336
0 0.68994140625 0.20572916666666666 0.1005859375 0.0390625
0 0.81982421875 0.3463541666666667 0.3603515625 0.125
7 0.96923828125 0.3444010416666667 0.0615234375 0.01953125
3 0.87939453125 0.533203125 0.2412109375 0.09244791666666667
4 0.87939453125 0.533203125 0.2412109375 0.09244791666666667
0 0.90673828125 0.5690104166666666 0.0595703125 0.020833333333333332
7 0.02099609375 0.712890625 0.0419921875 0.029947916666666668
2 0.17724609375 0.8014322916666666 0.3544921875 0.10546875
7 0.17724609375 0.9342447916666666 0.3544921875 0.13151041666666666
4 0.55859375 0.84765625 0.162109375 0.3046875
7 0.81982421875 0.7897135416666666 0.3603515625 0.4205729166666667
0 0.81982421875 0.7897135416666666 0.3603515625 0.4205729166666667