7 0.0205078125 0.0546875 0.041015625 0.046875
0 0.03271484375 0.0546875 0.0654296875 0.046875
7 0.1103515625 0.0546875 0.05859375 0.046875
0 0.11669921875 0.0546875 0.0947265625 0.046875
7 0.205078125 0.0546875 0.05078125 0.046875
0 0.21142578125 0.0546875 0.0869140625 0.046875
7 0.29931640625 0.0546875 0.0576171875 0.046875
7 0.38525390625 0.0546875 0.0341796875 0.046875
6 0.4833984375 0.0546875 0.08203125 0.046875
7 0.560546875 0.0546875 0.017578125 0.046875
0 0.5546875 0.0546875 0.029296875 0.046875
2 0.28466796875 0.2649739583333333 0.5693359375 0.19401041666666666
2 0.28466796875 0.4016927083333333 0.5693359375 0.055989583333333336
1 0.2998046875 0.5345052083333334 0.5390625 0.029947916666666668
2 0.78466796875 0.20572916666666666 0.4306640625 0.057291666666666664
7 0.58984375 0.25390625 0.041015625 0.028645833333333332
6 0.6337890625 0.25390625 0.048828125 0.028645833333333332
7 0.68310546875 0.25390625 0.0498046875 0.028645833333333332
6 0.7509765625 0.25390625 0.08984375 0.028645833333333332
7 0.79931640625 0.25390625 0.0087890625 0.028645833333333332
6 0.822265625 0.25390625 0.037109375 0.028645833333333332
7 0.84326171875 0.25390625 0.0087890625 0.028645833333333332
6 0.89404296875 0.25390625 0.0927734375 0.028645833333333332
7 0.95068359375 0.25390625 0.0224609375 0.028645833333333332
6 0.98046875 0.25390625 0.0390625 0.028645833333333332
7 0.99951171875 0.25390625 0.0009765625 0.028645833333333332
0 0.6220703125 0.3229166666666667 0.10546875 0.044270833333333336
0 0.263671875 0.701171875 0.322265625 0.3033854166666667
4 0.263671875 0.6276041666666666 0.2578125 0.15625
6 0.23583984375 0.7389322916666666 0.2353515625 0.022135416666666668
7 0.259765625 0.7740885416666666 0.283203125 0.09244791666666667
6 0.31298828125 0.8860677083333334 0.1767578125 0.022135416666666668
0 0.31298828125 0.8860677083333334 0.2080078125 0.048177083333333336
2 0.71337890625 0.5703125 0.2880859375 0.041666666666666664
7 0.63671875 0.62109375 0.134765625 0.020833333333333332
6 0.7431640625 0.62109375 0.078125 0.020833333333333332
7 0.7958984375 0.62109375 0.029296875 0.020833333333333332
6 0.71044921875 0.6334635416666666 0.2822265625 0.045572916666666664
7 0.6142578125 0.7473958333333334 0.08984375 0.0234375
0 0.6298828125 0.748046875 0.12109375 0.06640625
6 0.60302734375 0.8033854166666666 0.0673828125 0.0234375
7 0.7353515625 0.9720052083333334 0.33203125 0.055989583333333336
0 0.7353515625 0.9720052083333334 0.33203125 0.055989583333333336