4 0.3154296875 0.3430989583333333 0.548828125 0.5325520833333334
4 0.294921875 0.2571614583333333 0.58984375 0.5143229166666666
4 0.46630859375 0.498046875 0.0908203125 0.12109375
4 0.05615234375 0.5533854166666666 0.0908203125 0.11197916666666667
2 0.38232421875 0.2727864583333333 0.4150390625 0.23567708333333334
4 0.294921875 0.3046875 0.58984375 0.609375
7 0.72900390625 0.044270833333333336 0.0322265625 0.026041666666666668
0 0.71533203125 0.044270833333333336 0.0830078125 0.052083333333333336
7 0.8232421875 0.044270833333333336 0.04296875 0.026041666666666668
0 0.8095703125 0.044270833333333336 0.09375 0.052083333333333336
7 0.91943359375 0.044270833333333336 0.0361328125 0.026041666666666668
0 0.90576171875 0.044270833333333336 0.0869140625 0.052083333333333336
7 0.9853515625 0.044270833333333336 0.029296875 0.0546875
0 0.9853515625 0.044270833333333336 0.029296875 0.0546875
7 0.64208984375 0.12630208333333334 0.0888671875 0.026041666666666668
0 0.69970703125 0.125 0.2197265625 0.0625
7 0.8916015625 0.12630208333333334 0.103515625 0.026041666666666668
0 0.91259765625 0.125 0.1748046875 0.0625
7 0.62548828125 0.20963541666666666 0.0556640625 0.026041666666666668
0 0.69970703125 0.20833333333333334 0.2197265625 0.0625
7 0.85888671875 0.20963541666666666 0.0380859375 0.026041666666666668
0 0.91259765625 0.20833333333333334 0.1748046875 0.0625
4 0.794921875 0.4674479166666667 0.41015625 0.2838541666666667
1 0.775390625 0.5611979166666666 0.37109375 0.078125
6 0.1591796875 0.634765625 0.318359375 0.029947916666666668
6 0.146484375 0.7161458333333334 0.29296875 0.0625
2 0.294921875 0.966796875 0.58984375 0.06640625
2 0.294921875 0.9563802083333334 0.58984375 0.029947916666666668
4 0.736328125 0.6360677083333334 0.1953125 0.053385416666666664
0 0.736328125 0.6360677083333334 0.1953125 0.053385416666666664
4 0.7861328125 0.8177083333333334 0.126953125 0.16927083333333334
0 0.7861328125 0.83203125 0.1875 0.2421875
7 0.7861328125 0.9544270833333334 0.080078125 0.028645833333333332
4 0.955078125 0.8177083333333334 0.08984375 0.16927083333333334
0 0.93994140625 0.83203125 0.1201171875 0.2421875
7 0.9736328125 0.9544270833333334 0.052734375 0.028645833333333332