3 0.36474609375 0.029296875 0.4501953125 0.05859375
2 0.05810546875 0.14453125 0.0341796875 0.0234375
0 0.05810546875 0.14453125 0.0341796875 0.0234375
2 0.3427734375 0.14388020833333334 0.494140625 0.02734375
4 0.46630859375 0.3177083333333333 0.2470703125 0.22916666666666666
0 0.46630859375 0.3177083333333333 0.2470703125 0.22916666666666666
2 0.47314453125 0.478515625 0.2333984375 0.04296875
4 0.25439453125 0.240234375 0.0966796875 0.07421875
0 0.25439453125 0.240234375 0.0966796875 0.07421875
6 0.05322265625 0.3515625 0.0869140625 0.296875
2 0.14111328125 0.3170572916666667 0.2626953125 0.17838541666666666
7 0.04931640625 0.4205729166666667 0.0791015625 0.015625
7 0.125 0.419921875 0.052734375 0.01953125
7 0.15625 0.4700520833333333 0.29296875 0.059895833333333336
2 0.81298828125 0.046223958333333336 0.3427734375 0.09244791666666667
7 0.81298828125 0.14388020833333334 0.3427734375 0.09505208333333333
0 0.71923828125 0.2545572916666667 0.1318359375 0.053385416666666664
0 0.88037109375 0.2545572916666667 0.1748046875 0.053385416666666664
4 0.3115234375 0.7259114583333334 0.484375 0.36328125
0 0.3115234375 0.7259114583333334 0.484375 0.36328125
7 0.521484375 0.9205729166666666 0.064453125 0.010416666666666666
2 0.3115234375 0.96875 0.328125 0.0546875
7 0.01904296875 0.7154947916666666 0.0380859375 0.01171875
2 0.7060546875 0.5071614583333334 0.076171875 0.014322916666666666
2 0.763671875 0.50390625 0.0234375 0.0078125
2 0.8994140625 0.5071614583333334 0.111328125 0.014322916666666666
2 0.974609375 0.50390625 0.0234375 0.0078125
2 0.8857421875 0.6432291666666666 0.228515625 0.1484375
7 0.81640625 0.75 0.201171875 0.0234375
0 0.95849609375 0.7506510416666666 0.0830078125 0.024739583333333332
4 0.7353515625 0.7981770833333334 0.0234375 0.03125
0 0.8427734375 0.7981770833333334 0.25390625 0.052083333333333336
7 0.84765625 0.7981770833333334 0.19140625 0.020833333333333332
3 0.8427734375 0.7981770833333334 0.25390625 0.052083333333333336
7 0.9775390625 0.8645833333333334 0.029296875 0.026041666666666668
7 0.8154296875 0.919921875 0.17578125 0.024739583333333332
1 0.85791015625 0.921875 0.2841796875 0.0625
7 0.7607421875 0.9908854166666666 0.06640625 0.018229166666666668
1 0.85791015625 0.982421875 0.2841796875 0.03515625