4 0.259765625 0.15950520833333334 0.51953125 0.3190104166666667
1 0.22802734375 0.064453125 0.4560546875 0.07682291666666667
6 0.5126953125 0.24739583333333334 0.013671875 0.026041666666666668
2 0.8115234375 0.11783854166666667 0.345703125 0.06901041666666667
2 0.798828125 0.18033854166666666 0.3203125 0.06901041666666667
2 0.68017578125 0.24283854166666666 0.0830078125 0.06901041666666667
2 0.8017578125 0.24283854166666666 0.140625 0.06901041666666667
4 0.84716796875 0.15950520833333334 0.3056640625 0.3190104166666667
4 0.71240234375 0.11848958333333333 0.3857421875 0.23697916666666666
0 0.71240234375 0.11848958333333333 0.3857421875 0.23697916666666666
7 0.6875 0.30078125 0.3359375 0.036458333333333336
7 0.169921875 0.37109375 0.13671875 0.028645833333333332
7 0.244140625 0.373046875 0.01171875 0.022135416666666668
7 0.349609375 0.37109375 0.19921875 0.028645833333333332
7 0.1298828125 0.42578125 0.17578125 0.028645833333333332
7 0.2236328125 0.427734375 0.01171875 0.022135416666666668
7 0.369140625 0.42578125 0.279296875 0.028645833333333332
7 0.259765625 0.5572916666666666 0.51953125 0.036458333333333336
0 0.0185546875 0.6276041666666666 0.037109375 0.0625
7 0.0107421875 0.6276041666666666 0.021484375 0.026041666666666668
7 0.06787109375 0.6276041666666666 0.0166015625 0.020833333333333332
0 0.13525390625 0.6276041666666666 0.1826171875 0.0625
7 0.14697265625 0.6276041666666666 0.1279296875 0.026041666666666668
7 0.25732421875 0.6276041666666666 0.0166015625 0.020833333333333332
0 0.3173828125 0.6276041666666666 0.16796875 0.0625
7 0.3291015625 0.6276041666666666 0.11328125 0.026041666666666668
7 0.43212890625 0.6276041666666666 0.0166015625 0.020833333333333332
0 0.4609375 0.6276041666666666 0.10546875 0.0625
7 0.47265625 0.6276041666666666 0.05078125 0.026041666666666668
0 0.01513671875 0.7057291666666666 0.0302734375 0.0625
7 0.00732421875 0.7057291666666666 0.0146484375 0.026041666666666668
7 0.0615234375 0.7057291666666666 0.015625 0.020833333333333332
0 0.08544921875 0.7057291666666666 0.0947265625 0.0625
7 0.09716796875 0.7057291666666666 0.0400390625 0.026041666666666668
7 0.1640625 0.7057291666666666 0.015625 0.020833333333333332
0 0.24560546875 0.7057291666666666 0.2099609375 0.0625
7 0.25732421875 0.7057291666666666 0.1552734375 0.026041666666666668
7 0.3818359375 0.7057291666666666 0.015625 0.020833333333333332
0 0.43896484375 0.7057291666666666 0.1611328125 0.0625
7 0.45458984375 0.7057291666666666 0.1142578125 0.026041666666666668
7 0.1767578125 0.8287760416666666 0.201171875 0.024739583333333332
6 0.37548828125 0.8287760416666666 0.1982421875 0.024739583333333332
7 0.24951171875 0.8665364583333334 0.2353515625 0.024739583333333332
6 0.392578125 0.8665364583333334 0.052734375 0.024739583333333332
6 0.0078125 0.935546875 0.015625 0.022135416666666668
6 0.0810546875 0.935546875 0.10546875 0.022135416666666668
6 0.16845703125 0.935546875 0.0439453125 0.022135416666666668
6 0.251953125 0.935546875 0.09765625 0.022135416666666668
6 0.35888671875 0.935546875 0.0908203125 0.022135416666666668
6 0.45849609375 0.935546875 0.0830078125 0.022135416666666668
6 0.041015625 0.9921875 0.08203125 0.015625
6 0.13427734375 0.9921875 0.0791015625 0.015625
0 0.26123046875 0.9908854166666666 0.1494140625 0.018229166666666668
0 0.59521484375 0.3645833333333333 0.1513671875 0.09114583333333333
0 0.7412109375 0.3645833333333333 0.123046875 0.09114583333333333
0 0.83935546875 0.3645833333333333 0.0751953125 0.09114583333333333
0 0.91650390625 0.3645833333333333 0.0810546875 0.09114583333333333
0 0.97802734375 0.3645833333333333 0.0439453125 0.09114583333333333
4 0.8525390625 0.431640625 0.294921875 0.040364583333333336
0 0.759765625 0.431640625 0.48046875 0.040364583333333336
0 0.7548828125 0.47265625 0.0546875 0.0390625
0 0.83837890625 0.47265625 0.1123046875 0.0390625
0 0.9228515625 0.47265625 0.056640625 0.0390625
0 0.9755859375 0.47265625 0.048828125 0.0390625
4 0.759765625 0.759765625 0.48046875 0.48046875
0 0.759765625 0.759765625 0.48046875 0.48046875