4 0.13818359375 0.23307291666666666 0.0205078125 0.026041666666666668
4 0.1669921875 0.23307291666666666 0.01953125 0.026041666666666668
4 0.19580078125 0.23307291666666666 0.0205078125 0.026041666666666668
2 0.17138671875 0.3053385416666667 0.3427734375 0.06640625
2 0.45263671875 0.3053385416666667 0.2236328125 0.06640625
7 0.28955078125 0.3704427083333333 0.5791015625 0.03515625
7 0.28955078125 0.416015625 0.5791015625 0.03515625
7 0.13134765625 0.490234375 0.1435546875 0.032552083333333336
6 0.23779296875 0.490234375 0.0712890625 0.032552083333333336
7 0.09228515625 0.5319010416666666 0.0595703125 0.032552083333333336
7 0.19677734375 0.5338541666666666 0.1513671875 0.0234375
2 0.740234375 0.024088541666666668 0.322265625 0.048177083333333336
2 0.708984375 0.083984375 0.259765625 0.07421875
2 0.78955078125 0.17903645833333334 0.4208984375 0.08463541666666667
0 0.63134765625 0.265625 0.1044921875 0.049479166666666664
4 0.58837890625 0.5631510416666666 0.0185546875 0.053385416666666664
2 0.806640625 0.5625 0.38671875 0.033854166666666664
4 0.06494140625 0.71484375 0.0947265625 0.052083333333333336
4 0.34521484375 0.7565104166666666 0.4677734375 0.13541666666666666
4 0.40869140625 0.71484375 0.0888671875 0.052083333333333336
7 0.02294921875 0.8873697916666666 0.0146484375 0.22526041666666666
2 0.3095703125 0.8079427083333334 0.5390625 0.040364583333333336
2 0.07861328125 0.8424479166666666 0.0771484375 0.018229166666666668
2 0.19677734375 0.8424479166666666 0.1611328125 0.018229166666666668
6 0.07958984375 0.880859375 0.0771484375 0.029947916666666668
0 0.07958984375 0.8821614583333334 0.0791015625 0.029947916666666668
6 0.1494140625 0.880859375 0.0546875 0.02734375
0 0.1494140625 0.8821614583333334 0.056640625 0.02734375
6 0.2060546875 0.880859375 0.05078125 0.02734375
0 0.2060546875 0.8821614583333334 0.052734375 0.02734375
6 0.2568359375 0.880859375 0.04296875 0.02734375
0 0.2568359375 0.8821614583333334 0.044921875 0.02734375
6 0.31298828125 0.880859375 0.0615234375 0.02734375
0 0.31298828125 0.8821614583333334 0.0634765625 0.02734375
1 0.2333984375 0.927734375 0.369140625 0.029947916666666668
1 0.48046875 0.92578125 0.111328125 0.026041666666666668
6 0.09033203125 0.9524739583333334 0.0830078125 0.016927083333333332
7 0.138671875 0.9524739583333334 0.015625 0.016927083333333332
6 0.1787109375 0.9524739583333334 0.06640625 0.016927083333333332
2 0.3095703125 0.994140625 0.5390625 0.01171875
7 0.78955078125 0.8444010416666666 0.4208984375 0.3111979166666667
2 0.68896484375 0.7604166666666666 0.2197265625 0.1171875
7 0.68896484375 0.8776041666666666 0.2197265625 0.078125