4 0.39892578125 0.12369791666666667 0.0205078125 0.026041666666666668
4 0.427734375 0.12369791666666667 0.01953125 0.026041666666666668
4 0.45654296875 0.12369791666666667 0.0205078125 0.026041666666666668
2 0.31689453125 0.19596354166666666 0.5732421875 0.06640625
7 0.31494140625 0.2610677083333333 0.6298828125 0.03515625
7 0.31494140625 0.306640625 0.6298828125 0.03515625
7 0.39208984375 0.380859375 0.1435546875 0.032552083333333336
6 0.49853515625 0.380859375 0.0712890625 0.032552083333333336
7 0.35302734375 0.4225260416666667 0.0595703125 0.032552083333333336
7 0.45751953125 0.4244791666666667 0.1513671875 0.0234375
6 0.640625 0.007161458333333333 0.021484375 0.014322916666666666
7 0.63671875 0.17708333333333334 0.013671875 0.018229166666666668
7 0.66357421875 0.224609375 0.0673828125 0.02734375
4 0.7001953125 0.19466145833333334 0.03515625 0.14973958333333334
7 0.8583984375 0.057942708333333336 0.283203125 0.02734375
4 0.7314453125 0.12044270833333333 0.029296875 0.08463541666666667
4 0.7626953125 0.13216145833333334 0.02734375 0.08463541666666667
7 0.88916015625 0.10677083333333333 0.1982421875 0.018229166666666668
1 0.89013671875 0.107421875 0.2197265625 0.055989583333333336
7 0.8583984375 0.17643229166666666 0.283203125 0.02734375
4 0.7314453125 0.24544270833333334 0.029296875 0.08463541666666667
4 0.7626953125 0.23307291666666666 0.02734375 0.036458333333333336
7 0.841796875 0.23177083333333334 0.103515625 0.018229166666666668
7 0.93212890625 0.23177083333333334 0.0771484375 0.018229166666666668
1 0.89013671875 0.232421875 0.2197265625 0.055989583333333336
4 0.7314453125 0.330078125 0.029296875 0.08463541666666667
4 0.7626953125 0.3177083333333333 0.02734375 0.036458333333333336
7 0.822265625 0.31640625 0.064453125 0.018229166666666668
7 0.87939453125 0.31640625 0.0498046875 0.018229166666666668
7 0.9345703125 0.31640625 0.060546875 0.018229166666666668
7 0.982421875 0.31640625 0.03515625 0.018229166666666668
1 0.89013671875 0.3170572916666667 0.2197265625 0.055989583333333336
4 0.7314453125 0.4147135416666667 0.029296875 0.08463541666666667
4 0.7626953125 0.40234375 0.02734375 0.036458333333333336
7 0.841796875 0.4010416666666667 0.103515625 0.018229166666666668
7 0.92529296875 0.4010416666666667 0.0634765625 0.018229166666666668
1 0.89013671875 0.4016927083333333 0.2197265625 0.055989583333333336
4 0.7314453125 0.4993489583333333 0.029296875 0.08463541666666667
4 0.7626953125 0.4869791666666667 0.02734375 0.036458333333333336
7 0.841796875 0.4856770833333333 0.103515625 0.018229166666666668
7 0.93359375 0.4856770833333333 0.080078125 0.018229166666666668
1 0.89013671875 0.486328125 0.2197265625 0.055989583333333336
4 0.4521484375 0.599609375 0.263671875 0.10026041666666667
4 0.10888671875 0.822265625 0.2177734375 0.24869791666666666
7 0.42822265625 0.720703125 0.4033203125 0.045572916666666664
6 0.26025390625 0.755859375 0.0673828125 0.022135416666666668
7 0.42822265625 0.767578125 0.4033203125 0.045572916666666664
6 0.330078125 0.779296875 0.078125 0.022135416666666668
7 0.39013671875 0.779296875 0.0439453125 0.022135416666666668
7 0.42822265625 0.8470052083333334 0.4033203125 0.06901041666666667
6 0.41162109375 0.8704427083333334 0.0576171875 0.022135416666666668
7 0.443359375 0.8704427083333334 0.005859375 0.022135416666666668
7 0.3955078125 0.9147135416666666 0.337890625 0.022135416666666668
6 0.5888671875 0.9147135416666666 0.05078125 0.022135416666666668
7 0.42822265625 0.9264322916666666 0.4033203125 0.045572916666666664
6 0.33349609375 0.9381510416666666 0.1884765625 0.022135416666666668
7 0.42822265625 0.9381510416666666 0.0048828125 0.022135416666666668
7 0.31494140625 0.9830729166666666 0.6298828125 0.0234375
7 0.96533203125 0.5807291666666666 0.0693359375 0.03125
0 0.8505859375 0.6490885416666666 0.072265625 0.024739583333333332
7 0.94189453125 0.6484375 0.0498046875 0.0234375
0 0.95654296875 0.6490885416666666 0.0791015625 0.029947916666666668
4 0.98486328125 0.6490885416666666 0.0224609375 0.029947916666666668
4 0.81494140625 0.8509114583333334 0.3701171875 0.2981770833333333
2 0.81494140625 0.7747395833333334 0.3701171875 0.4505208333333333