4 0.19482421875 0.169921875 0.3896484375 0.33984375
4 0.19482421875 0.169921875 0.3896484375 0.33984375
0 0.4228515625 0.043619791666666664 0.06640625 0.01953125
0 0.486328125 0.043619791666666664 0.060546875 0.01953125
0 0.544921875 0.043619791666666664 0.056640625 0.01953125
0 0.61865234375 0.043619791666666664 0.0908203125 0.01953125
0 0.69580078125 0.043619791666666664 0.0634765625 0.01953125
0 0.755859375 0.043619791666666664 0.056640625 0.01953125
0 0.88232421875 0.043619791666666664 0.1962890625 0.01953125
0 0.69482421875 0.11002604166666667 0.6103515625 0.04296875
7 0.69482421875 0.11002604166666667 0.6103515625 0.04296875
7 0.69482421875 0.17122395833333334 0.6103515625 0.029947916666666668
0 0.69482421875 0.248046875 0.6103515625 0.18359375
2 0.5732421875 0.21744791666666666 0.3671875 0.0625
4 0.69482421875 0.3014322916666667 0.6103515625 0.07682291666666667
7 0.02587890625 0.3515625 0.0517578125 0.020833333333333332
0 0.03857421875 0.3587239583333333 0.0771484375 0.037760416666666664
7 0.1591796875 0.3515625 0.13671875 0.020833333333333332
0 0.16455078125 0.3587239583333333 0.1767578125 0.037760416666666664
1 0.32275390625 0.40625 0.1337890625 0.0390625
0 0.26611328125 0.4270833333333333 0.1142578125 0.057291666666666664
0 0.3583984375 0.4270833333333333 0.0625 0.057291666666666664
0 0.01904296875 0.5026041666666666 0.0380859375 0.0546875
0 0.09912109375 0.5026041666666666 0.1220703125 0.0546875
2 0.169921875 0.6731770833333334 0.33984375 0.15625
7 0.169921875 0.8190104166666666 0.33984375 0.0703125
7 0.41650390625 0.3860677083333333 0.0537109375 0.022135416666666668
0 0.41650390625 0.3860677083333333 0.0537109375 0.05859375
7 0.52880859375 0.3860677083333333 0.1123046875 0.022135416666666668
0 0.52880859375 0.3860677083333333 0.1123046875 0.05859375
7 0.642578125 0.3860677083333333 0.056640625 0.022135416666666668
0 0.642578125 0.3860677083333333 0.056640625 0.05859375
4 0.65478515625 0.7291666666666666 0.5302734375 0.5416666666666666
4 0.65966796875 0.7337239583333334 0.5400390625 0.5325520833333334
0 0.42724609375 0.7805989583333334 0.0751953125 0.024739583333333332
7 0.6435546875 0.888671875 0.5078125 0.18098958333333334