6 0.6455078125 0.154296875 0.091796875 0.016927083333333332
7 0.6923828125 0.154296875 0.00390625 0.016927083333333332
6 0.97265625 0.008463541666666666 0.044921875 0.016927083333333332
7 0.7890625 0.043619791666666664 0.087890625 0.016927083333333332
6 0.86962890625 0.06575520833333333 0.2490234375 0.016927083333333332
7 0.79638671875 0.087890625 0.1025390625 0.016927083333333332
6 0.83935546875 0.11002604166666667 0.1884765625 0.016927083333333332
7 0.794921875 0.13216145833333334 0.099609375 0.016927083333333332
6 0.83935546875 0.154296875 0.1884765625 0.016927083333333332
7 0.7890625 0.17643229166666666 0.087890625 0.016927083333333332
6 0.86962890625 0.20963541666666666 0.2490234375 0.0390625
7 0.794921875 0.24283854166666666 0.099609375 0.016927083333333332
6 0.83935546875 0.2649739583333333 0.1884765625 0.016927083333333332
7 0.2998046875 0.990234375 0.599609375 0.01953125
0 0.0302734375 0.3125 0.060546875 0.052083333333333336
0 0.1123046875 0.3125 0.037109375 0.052083333333333336
0 0.16845703125 0.3125 0.0478515625 0.052083333333333336
0 0.2529296875 0.3125 0.09375 0.052083333333333336
0 0.3564453125 0.3125 0.0859375 0.052083333333333336
0 0.443359375 0.3125 0.060546875 0.052083333333333336
0 0.50341796875 0.3125 0.0322265625 0.052083333333333336
0 0.56494140625 0.3125 0.0634765625 0.052083333333333336
0 0.03955078125 0.3606770833333333 0.0791015625 0.046875
7 0.0205078125 0.3600260416666667 0.041015625 0.016927083333333332
7 0.06005859375 0.3600260416666667 0.0380859375 0.016927083333333332
0 0.10595703125 0.3606770833333333 0.0380859375 0.046875
0 0.33544921875 0.3606770833333333 0.0693359375 0.046875
0 0.41064453125 0.3600260416666667 0.0732421875 0.02734375
0 0.46630859375 0.3600260416666667 0.0302734375 0.02734375
0 0.5166015625 0.3600260416666667 0.0625 0.02734375
4 0.2998046875 0.9713541666666666 0.599609375 0.057291666666666664
2 0.1259765625 0.4557291666666667 0.251953125 0.026041666666666668
0 0.2998046875 0.6744791666666666 0.599609375 0.4635416666666667
2 0.1220703125 0.5546875 0.244140625 0.16927083333333334
7 0.12255859375 0.7109375 0.2451171875 0.10677083333333333
7 0.13916015625 0.75390625 0.0498046875 0.020833333333333332
7 0.1259765625 0.78125 0.251953125 0.026041666666666668
4 0.435546875 0.6744791666666666 0.328125 0.4635416666666667
6 0.03662109375 0.892578125 0.0576171875 0.01953125
4 0.421875 0.9856770833333334 0.30078125 0.028645833333333332
0 0.421875 0.9856770833333334 0.30078125 0.028645833333333332
2 0.76611328125 0.37109375 0.2744140625 0.11458333333333333
7 0.76611328125 0.4752604166666667 0.2744140625 0.06770833333333333
1 0.78515625 0.5677083333333334 0.3125 0.046875
1 0.78515625 0.6302083333333334 0.3125 0.046875
0 0.67529296875 0.7083333333333334 0.0927734375 0.057291666666666664
5 0.71630859375 0.7838541666666666 0.1201171875 0.028645833333333332
0 0.76611328125 0.8385416666666666 0.2744140625 0.028645833333333332
4 0.7021484375 0.9049479166666666 0.146484375 0.057291666666666664
0 0.7080078125 0.92578125 0.158203125 0.0234375
4 0.7021484375 0.966796875 0.146484375 0.05859375
0 0.7021484375 0.98828125 0.146484375 0.0234375