2 0.607421875 0.018880208333333332 0.275390625 0.037760416666666664
2 0.73486328125 0.37890625 0.5302734375 0.033854166666666664
2 0.689453125 0.5247395833333334 0.439453125 0.049479166666666664
2 0.97021484375 0.5247395833333334 0.0595703125 0.049479166666666664
7 0.31884765625 0.5638020833333334 0.2939453125 0.026041666666666668
0 0.1962890625 0.6549479166666666 0.33984375 0.0546875
0 0.42529296875 0.6549479166666666 0.0888671875 0.0546875
2 0.31787109375 0.8873697916666666 0.2587890625 0.040364583333333336
4 0.275390625 0.9661458333333334 0.21484375 0.06770833333333333
0 0.52734375 0.5559895833333334 0.115234375 0.013020833333333334
0 0.634765625 0.5559895833333334 0.1015625 0.013020833333333334
0 0.7109375 0.5559895833333334 0.052734375 0.013020833333333334
0 0.7783203125 0.5559895833333334 0.083984375 0.013020833333333334
0 0.845703125 0.5559895833333334 0.052734375 0.013020833333333334
4 0.55908203125 0.7877604166666666 0.1787109375 0.4244791666666667
2 0.77099609375 0.6276041666666666 0.2197265625 0.06770833333333333
0 0.77099609375 0.6276041666666666 0.2197265625 0.06770833333333333
7 0.72509765625 0.6946614583333334 0.1279296875 0.02734375
6 0.74072265625 0.7076822916666666 0.1591796875 0.053385416666666664
7 0.67822265625 0.720703125 0.0068359375 0.02734375
7 0.748046875 0.7200520833333334 0.134765625 0.028645833333333332
6 0.77001953125 0.74609375 0.2177734375 0.08072916666666667
7 0.7509765625 0.78515625 0.1796875 0.0546875
6 0.7587890625 0.7981770833333334 0.048828125 0.028645833333333332
7 0.75 0.8580729166666666 0.177734375 0.0546875
6 0.7705078125 0.91015625 0.21875 0.10677083333333333
7 0.7412109375 0.990234375 0.16015625 0.01953125
6 0.76171875 0.990234375 0.201171875 0.01953125
0 0.9541015625 0.8424479166666666 0.091796875 0.044270833333333336
0 0.95068359375 0.7805989583333334 0.0986328125 0.41015625
7 0.958984375 0.916015625 0.08203125 0.09765625