7 0.046875 0.6165364583333334 0.09375 0.07682291666666667
6 0.037109375 0.6438802083333334 0.07421875 0.022135416666666668
7 0.076171875 0.6438802083333334 0.00390625 0.022135416666666668
0 0.107421875 0.5859375 0.0234375 0.03125
4 0.16259765625 0.32421875 0.3251953125 0.5182291666666666
0 0.45361328125 0.13411458333333334 0.0712890625 0.09635416666666667
0 0.45361328125 0.23828125 0.0712890625 0.0703125
0 0.45361328125 0.3294270833333333 0.0712890625 0.0703125
0 0.45361328125 0.4635416666666667 0.0712890625 0.0703125
7 0.458984375 0.5266927083333334 0.060546875 0.01953125
6 0.4580078125 0.552734375 0.0625 0.01953125
4 0.53955078125 0.06575520833333333 0.1005859375 0.053385416666666664
0 0.546875 0.06575520833333333 0.115234375 0.09244791666666667
0 0.64892578125 0.07942708333333333 0.0791015625 0.0703125
0 0.75830078125 0.07942708333333333 0.1318359375 0.0703125
0 0.87158203125 0.07942708333333333 0.0869140625 0.0703125
6 0.9521484375 0.091796875 0.046875 0.06640625
2 0.75927734375 0.259765625 0.4814453125 0.14973958333333334
2 0.92236328125 0.3020833333333333 0.1552734375 0.06510416666666667
7 0.751953125 0.369140625 0.49609375 0.03515625
0 0.89599609375 0.4524739583333333 0.2080078125 0.06640625
0 0.89599609375 0.4518229166666667 0.2080078125 0.020833333333333332
7 0.87646484375 0.5260416666666666 0.2470703125 0.0546875
4 0.7353515625 0.6484375 0.14453125 0.020833333333333332
7 0.24462890625 0.6985677083333334 0.4892578125 0.037760416666666664
0 0.04150390625 0.7779947916666666 0.0830078125 0.016927083333333332
0 0.20703125 0.7779947916666666 0.1875 0.016927083333333332
0 0.41064453125 0.7779947916666666 0.1572265625 0.016927083333333332
4 0.24462890625 0.9166666666666666 0.4892578125 0.16666666666666666
0 0.24462890625 0.9166666666666666 0.4892578125 0.16666666666666666
0 0.5986328125 0.6731770833333334 0.166015625 0.028645833333333332
0 0.740234375 0.6731770833333334 0.07421875 0.028645833333333332
0 0.833984375 0.6731770833333334 0.068359375 0.028645833333333332
5 0.9697265625 0.673828125 0.060546875 0.029947916666666668
4 0.60986328125 0.8671875 0.2412109375 0.265625
0 0.60986328125 0.8671875 0.2412109375 0.265625
4 0.875 0.8671875 0.25 0.265625
0 0.875 0.8671875 0.25 0.265625
4 0.876953125 0.8671875 0.24609375 0.265625