7 0.23486328125 0.03515625 0.4697265625 0.0390625
3 0.73486328125 0.18489583333333334 0.5302734375 0.3697916666666667
2 0.62841796875 0.07682291666666667 0.3173828125 0.15364583333333334
7 0.64599609375 0.20052083333333334 0.3525390625 0.052083333333333336
7 0.59619140625 0.2591145833333333 0.1708984375 0.0234375
6 0.98193359375 0.021484375 0.0361328125 0.01953125
6 0.98193359375 0.2897135416666667 0.0361328125 0.01953125
7 0.98193359375 0.3111979166666667 0.0361328125 0.0234375
1 0.212890625 0.3828125 0.42578125 0.026041666666666668
1 0.44921875 0.3821614583333333 0.041015625 0.024739583333333332
6 0.1728515625 0.4192708333333333 0.09375 0.0234375
7 0.23486328125 0.4967447916666667 0.4697265625 0.032552083333333336
4 0.23486328125 0.4928385416666667 0.4697265625 0.24609375
2 0.23486328125 0.6790364583333334 0.4697265625 0.037760416666666664
6 0.06103515625 0.7643229166666666 0.1220703125 0.026041666666666668
6 0.06103515625 0.8138020833333334 0.1220703125 0.026041666666666668
6 0.06103515625 0.86328125 0.1220703125 0.026041666666666668
6 0.06103515625 0.9127604166666666 0.1220703125 0.026041666666666668
6 0.06103515625 0.9622395833333334 0.1220703125 0.026041666666666668
6 0.32275390625 0.7643229166666666 0.2939453125 0.026041666666666668
6 0.32275390625 0.8138020833333334 0.2939453125 0.026041666666666668
6 0.32275390625 0.86328125 0.2939453125 0.026041666666666668
6 0.32275390625 0.9127604166666666 0.2939453125 0.026041666666666668
6 0.32275390625 0.9622395833333334 0.2939453125 0.026041666666666668
7 0.228515625 0.95703125 0.45703125 0.046875
6 0.0771484375 0.9680989583333334 0.10546875 0.024739583333333332
7 0.23486328125 0.9778645833333334 0.4697265625 0.044270833333333336
3 0.75830078125 0.3899739583333333 0.4833984375 0.040364583333333336
4 0.5576171875 0.4641927083333333 0.16796875 0.048177083333333336
0 0.5576171875 0.4641927083333333 0.16796875 0.048177083333333336
6 0.73779296875 0.4635416666666667 0.0673828125 0.0390625
6 0.8232421875 0.4635416666666667 0.064453125 0.0390625
6 0.92236328125 0.4635416666666667 0.0966796875 0.0390625
4 0.73486328125 0.705078125 0.5302734375 0.58984375
0 0.73486328125 0.8072916666666666 0.5302734375 0.19270833333333334
7 0.73486328125 0.9322916666666666 0.5302734375 0.03125