2 0.3515625 0.076171875 0.1953125 0.07942708333333333
2 0.30078125 0.14778645833333334 0.296875 0.07942708333333333
7 0.228515625 0.22916666666666666 0.44140625 0.0390625
7 0.64501953125 0.017578125 0.3916015625 0.03515625
4 0.67578125 0.2513020833333333 0.29296875 0.2760416666666667
2 0.67578125 0.451171875 0.29296875 0.04296875
7 0.67578125 0.5084635416666666 0.29296875 0.022135416666666668
4 0.92236328125 0.2513020833333333 0.1552734375 0.2760416666666667
2 0.92236328125 0.451171875 0.1552734375 0.04296875
7 0.224609375 0.59375 0.44921875 0.046875
4 0.0087890625 0.6881510416666666 0.017578125 0.029947916666666668
1 0.27001953125 0.6848958333333334 0.3583984375 0.052083333333333336
2 0.25390625 0.947265625 0.390625 0.10546875
1 0.90576171875 0.544921875 0.1884765625 0.05078125
5 0.90576171875 0.544921875 0.1884765625 0.05078125
0 0.89990234375 0.625 0.1767578125 0.052083333333333336
4 0.78564453125 0.759765625 0.4287109375 0.48046875
4 0.4951171875 0.6744791666666666 0.0234375 0.03125
4 0.4951171875 0.7734375 0.0234375 0.03125
4 0.4951171875 0.8723958333333334 0.0234375 0.03125