4 0.2548828125 0.125 0.509765625 0.25
1 0.06640625 0.027994791666666668 0.1328125 0.055989583333333336
0 0.248046875 0.027994791666666668 0.20703125 0.055989583333333336
4 0.2548828125 0.24934895833333334 0.509765625 0.22005208333333334
4 0.07568359375 0.2506510416666667 0.0224609375 0.029947916666666668
7 0.138671875 0.251953125 0.09765625 0.029947916666666668
4 0.07568359375 0.2975260416666667 0.0224609375 0.029947916666666668
7 0.181640625 0.298828125 0.18359375 0.029947916666666668
4 0.07568359375 0.3444010416666667 0.0224609375 0.029947916666666668
7 0.18359375 0.3450520833333333 0.1875 0.028645833333333332
0 0.5537109375 0.08203125 0.087890625 0.0546875
7 0.6337890625 0.08138020833333333 0.044921875 0.022135416666666668
0 0.64111328125 0.08203125 0.0888671875 0.078125
4 0.666015625 0.08268229166666667 0.013671875 0.016927083333333332
7 0.744140625 0.08138020833333333 0.08984375 0.022135416666666668
0 0.75146484375 0.08203125 0.1337890625 0.078125
4 0.798828125 0.08268229166666667 0.013671875 0.016927083333333332
7 0.8681640625 0.08138020833333333 0.072265625 0.022135416666666668
0 0.87548828125 0.08203125 0.1162109375 0.078125
4 0.9140625 0.08268229166666667 0.013671875 0.016927083333333332
7 0.9736328125 0.08138020833333333 0.052734375 0.022135416666666668
0 0.96630859375 0.08203125 0.0673828125 0.078125
4 0.52783203125 0.123046875 0.0361328125 0.00390625
4 0.62890625 0.123046875 0.16796875 0.00390625
4 0.79541015625 0.123046875 0.1669921875 0.00390625
4 0.93896484375 0.123046875 0.1220703125 0.00390625
4 0.7119140625 0.25 0.31640625 0.21875
0 0.7119140625 0.25 0.31640625 0.21875
2 0.94775390625 0.177734375 0.1044921875 0.024739583333333332
7 0.95751953125 0.23372395833333334 0.0849609375 0.01953125
7 0.9501953125 0.2708333333333333 0.0703125 0.036458333333333336
4 0.99169921875 0.26953125 0.0166015625 0.026041666666666668
7 0.951171875 0.3411458333333333 0.09765625 0.036458333333333336
4 0.2548828125 0.4954427083333333 0.509765625 0.2721354166666667
2 0.2548828125 0.373046875 0.509765625 0.02734375
1 0.22412109375 0.4518229166666667 0.4482421875 0.078125
2 0.2548828125 0.7395833333333334 0.509765625 0.033854166666666664
4 0.16650390625 0.8111979166666666 0.0283203125 0.036458333333333336
4 0.09521484375 0.880859375 0.1904296875 0.19661458333333334
0 0.09521484375 0.8912760416666666 0.1904296875 0.21744791666666666
4 0.09521484375 0.880859375 0.1904296875 0.19661458333333334
2 0.09521484375 0.9954427083333334 0.1904296875 0.009114583333333334
4 0.40673828125 0.8111979166666666 0.0283203125 0.036458333333333336
4 0.31982421875 0.880859375 0.2216796875 0.19661458333333334
0 0.31982421875 0.8912760416666666 0.2216796875 0.21744791666666666
4 0.31982421875 0.880859375 0.2216796875 0.19661458333333334
2 0.31982421875 0.9954427083333334 0.2216796875 0.009114583333333334
4 0.4794921875 0.880859375 0.060546875 0.19661458333333334
4 0.4794921875 0.880859375 0.060546875 0.19661458333333334
2 0.2412109375 0.9049479166666666 0.482421875 0.044270833333333336
7 0.2412109375 0.966796875 0.482421875 0.06640625
7 0.61767578125 0.9518229166666666 0.2158203125 0.059895833333333336
6 0.552734375 0.9680989583333334 0.0859375 0.02734375
7 0.59814453125 0.9680989583333334 0.0048828125 0.02734375
2 0.76025390625 0.40625 0.4794921875 0.036458333333333336
0 0.5556640625 0.4635416666666667 0.0703125 0.057291666666666664
0 0.625 0.4635416666666667 0.0703125 0.057291666666666664
0 0.6943359375 0.4635416666666667 0.0703125 0.057291666666666664
0 0.763671875 0.4635416666666667 0.0703125 0.057291666666666664
0 0.8330078125 0.4635416666666667 0.0703125 0.057291666666666664
0 0.90234375 0.4635416666666667 0.0703125 0.057291666666666664
0 0.96826171875 0.4635416666666667 0.0634765625 0.057291666666666664
7 0.634765625 0.5390625 0.130859375 0.020833333333333332
7 0.75 0.5390625 0.099609375 0.020833333333333332
7 0.8076171875 0.5390625 0.017578125 0.020833333333333332
7 0.85693359375 0.5390625 0.0830078125 0.020833333333333332
7 0.91015625 0.5390625 0.025390625 0.020833333333333332
7 0.6220703125 0.5690104166666666 0.07421875 0.020833333333333332
7 0.67626953125 0.5690104166666666 0.0341796875 0.020833333333333332
7 0.74609375 0.5690104166666666 0.107421875 0.020833333333333332
7 0.78466796875 0.599609375 0.4306640625 0.029947916666666668
2 0.76025390625 0.6979166666666666 0.4794921875 0.036458333333333336
0 0.58154296875 0.7552083333333334 0.1220703125 0.057291666666666664
0 0.70263671875 0.7552083333333334 0.1220703125 0.057291666666666664
0 0.82470703125 0.7552083333333334 0.1220703125 0.057291666666666664
0 0.9423828125 0.7552083333333334 0.115234375 0.057291666666666664
7 0.58154296875 0.8307291666666666 0.0244140625 0.020833333333333332
7 0.708984375 0.8307291666666666 0.23046875 0.020833333333333332
7 0.873046875 0.8307291666666666 0.099609375 0.020833333333333332
7 0.9306640625 0.8307291666666666 0.017578125 0.020833333333333332
7 0.62255859375 0.8606770833333334 0.1064453125 0.020833333333333332
7 0.71728515625 0.8606770833333334 0.0830078125 0.020833333333333332
7 0.7666015625 0.8606770833333334 0.017578125 0.020833333333333332
7 0.8076171875 0.8606770833333334 0.06640625 0.020833333333333332
7 0.8447265625 0.8606770833333334 0.009765625 0.020833333333333332
7 0.8642578125 0.8606770833333334 0.033203125 0.020833333333333332
7 0.8896484375 0.8606770833333334 0.017578125 0.020833333333333332
7 0.90234375 0.8606770833333334 0.009765625 0.020833333333333332
7 0.60205078125 0.890625 0.0654296875 0.020833333333333332
7 0.77490234375 0.890625 0.2802734375 0.020833333333333332
7 0.95654296875 0.890625 0.0869140625 0.020833333333333332
7 0.78466796875 0.9212239583333334 0.4306640625 0.029947916666666668
0 0.57861328125 0.9869791666666666 0.1162109375 0.026041666666666668
0 0.57861328125 0.994140625 0.1162109375 0.01171875