2 0.2548828125 0.031901041666666664 0.509765625 0.06380208333333333
1 0.2548828125 0.13151041666666666 0.509765625 0.052083333333333336
2 0.2548828125 0.2903645833333333 0.509765625 0.036458333333333336
7 0.2548828125 0.337890625 0.509765625 0.032552083333333336
4 0.09814453125 0.4524739583333333 0.0478515625 0.06380208333333333
2 0.15771484375 0.51171875 0.1669921875 0.028645833333333332
7 0.25146484375 0.5416666666666666 0.3544921875 0.028645833333333332
4 0.5 0.4524739583333333 0.01953125 0.06380208333333333
1 0.798828125 0.021484375 0.40234375 0.04296875
0 0.546875 0.08984375 0.07421875 0.028645833333333332
0 0.66259765625 0.08854166666666667 0.0634765625 0.026041666666666668
0 0.77978515625 0.08854166666666667 0.0771484375 0.026041666666666668
2 0.83154296875 0.26953125 0.3369140625 0.03125
2 0.83154296875 0.310546875 0.3369140625 0.053385416666666664
7 0.83154296875 0.3997395833333333 0.3369140625 0.0234375
7 0.83154296875 0.50390625 0.3369140625 0.23177083333333334
4 0.1494140625 0.8580729166666666 0.298828125 0.2838541666666667
0 0.1494140625 0.8580729166666666 0.298828125 0.2838541666666667
2 0.4287109375 0.87890625 0.162109375 0.21354166666666666
4 0.7548828125 0.8098958333333334 0.490234375 0.3802083333333333
4 0.7548828125 0.8098958333333334 0.490234375 0.3802083333333333
2 0.7548828125 0.6907552083333334 0.490234375 0.14192708333333334
7 0.779296875 0.79296875 0.44140625 0.033854166666666664
0 0.921875 0.86328125 0.15625 0.0625