0 0.08740234375 0.0078125 0.0634765625 0.015625
0 0.20263671875 0.0078125 0.0595703125 0.015625
0 0.30517578125 0.0078125 0.0380859375 0.015625
0 0.40625 0.0078125 0.056640625 0.015625
2 0.26806640625 0.09375 0.5361328125 0.0546875
1 0.26806640625 0.18489583333333334 0.5361328125 0.06770833333333333
4 0.005859375 0.1796875 0.01171875 0.057291666666666664
7 0.26953125 0.7955729166666666 0.5390625 0.4088541666666667
4 0.26953125 0.8170572916666666 0.5390625 0.3658854166666667
4 0.04736328125 0.8932291666666666 0.0947265625 0.08072916666666667
7 0.134765625 0.966796875 0.26953125 0.037760416666666664
0 0.04736328125 0.92578125 0.0947265625 0.0234375
4 0.10400390625 0.9381510416666666 0.2080078125 0.032552083333333336
7 0.40478515625 0.9381510416666666 0.2685546875 0.045572916666666664
4 0.76953125 0.6998697916666666 0.4609375 0.6002604166666666
2 0.61474609375 0.6204427083333334 0.1513671875 0.037760416666666664
7 0.61474609375 0.6647135416666666 0.1513671875 0.04296875