2 0.2099609375 0.091796875 0.419921875 0.18359375
2 0.2099609375 0.22200520833333334 0.419921875 0.03515625
0 0.0986328125 0.3170572916666667 0.16015625 0.024739583333333332
2 0.63427734375 0.21809895833333334 0.4287109375 0.22265625
2 0.14501953125 0.5071614583333334 0.2900390625 0.07942708333333333
2 0.1220703125 0.5944010416666666 0.244140625 0.07942708333333333
2 0.16064453125 0.7278645833333334 0.3212890625 0.07552083333333333
0 0.037109375 0.8756510416666666 0.07421875 0.07421875
0 0.1943359375 0.8756510416666666 0.169921875 0.07421875
6 0.0830078125 0.96484375 0.12890625 0.020833333333333332
4 0.7099609375 0.6236979166666666 0.580078125 0.5885416666666666
4 0.7099609375 0.56640625 0.580078125 0.4739583333333333
3 0.7099609375 0.56640625 0.580078125 0.4739583333333333
2 0.7099609375 0.44921875 0.580078125 0.08333333333333333
7 0.7099609375 0.5240885416666666 0.580078125 0.045572916666666664
0 0.6748046875 0.5944010416666666 0.1484375 0.06380208333333333
0 0.85791015625 0.5944010416666666 0.1884765625 0.06380208333333333
4 0.59765625 0.90234375 0.35546875 0.1953125
0 0.59765625 0.90234375 0.35546875 0.1953125
7 0.59765625 0.9635416666666666 0.35546875 0.07291666666666667
4 0.88818359375 0.90234375 0.2236328125 0.1953125
0 0.88818359375 0.90234375 0.2236328125 0.1953125
7 0.88818359375 0.9635416666666666 0.2236328125 0.07291666666666667