7 0.1591796875 0.076171875 0.318359375 0.15234375
2 0.10595703125 0.2740885416666667 0.2119140625 0.17057291666666666
2 0.1474609375 0.287109375 0.294921875 0.061197916666666664
0 0.240234375 0.21354166666666666 0.083984375 0.044270833333333336
0 0.41455078125 0.016276041666666668 0.0908203125 0.032552083333333336
0 0.41455078125 0.051432291666666664 0.0908203125 0.040364583333333336
0 0.41455078125 0.09049479166666667 0.0908203125 0.040364583333333336
0 0.41455078125 0.12955729166666666 0.0908203125 0.040364583333333336
0 0.41455078125 0.16861979166666666 0.0908203125 0.040364583333333336
0 0.41455078125 0.20963541666666666 0.0908203125 0.044270833333333336
7 0.39111328125 0.203125 0.0439453125 0.020833333333333332
0 0.41455078125 0.2526041666666667 0.0908203125 0.044270833333333336
0 0.41455078125 0.2955729166666667 0.0908203125 0.044270833333333336
0 0.41455078125 0.3385416666666667 0.0908203125 0.044270833333333336
4 0.75048828125 0.13541666666666666 0.4990234375 0.2708333333333333
2 0.75048828125 0.349609375 0.4990234375 0.040364583333333336
7 0.1787109375 0.48828125 0.357421875 0.07291666666666667
2 0.1767578125 0.5716145833333334 0.353515625 0.036458333333333336
1 0.060546875 0.67578125 0.12109375 0.08854166666666667
7 0.1962890625 0.67578125 0.083984375 0.0234375
0 0.1962890625 0.67578125 0.1328125 0.08854166666666667
4 0.1845703125 0.8984375 0.369140625 0.203125
5 0.14208984375 0.8333333333333334 0.0322265625 0.028645833333333332
5 0.27978515625 0.8333333333333334 0.0498046875 0.028645833333333332
5 0.36083984375 0.8333333333333334 0.0166015625 0.028645833333333332
2 0.16455078125 0.9147135416666666 0.0771484375 0.029947916666666668
2 0.302734375 0.9147135416666666 0.095703125 0.029947916666666668
2 0.16064453125 0.99609375 0.0693359375 0.0078125
2 0.302734375 0.99609375 0.095703125 0.0078125
2 0.4443359375 0.4186197916666667 0.150390625 0.016927083333333332
2 0.53662109375 0.4186197916666667 0.0361328125 0.016927083333333332
2 0.55712890625 0.4186197916666667 0.0068359375 0.016927083333333332
2 0.580078125 0.4186197916666667 0.0390625 0.016927083333333332
2 0.60205078125 0.4186197916666667 0.0068359375 0.016927083333333332
2 0.62548828125 0.4186197916666667 0.0400390625 0.016927083333333332
2 0.64697265625 0.4186197916666667 0.0068359375 0.016927083333333332
2 0.66796875 0.4186197916666667 0.03515625 0.016927083333333332
2 0.68701171875 0.4186197916666667 0.0068359375 0.016927083333333332
2 0.7041015625 0.4186197916666667 0.029296875 0.016927083333333332
2 0.72216796875 0.4186197916666667 0.0068359375 0.016927083333333332
2 0.7451171875 0.4186197916666667 0.041015625 0.016927083333333332
2 0.76708984375 0.4186197916666667 0.0068359375 0.016927083333333332
2 0.79736328125 0.4186197916666667 0.0556640625 0.016927083333333332
2 0.8291015625 0.4186197916666667 0.0078125 0.016927083333333332
2 0.84521484375 0.4186197916666667 0.0283203125 0.016927083333333332
2 0.86328125 0.4186197916666667 0.0078125 0.016927083333333332
2 0.89111328125 0.4186197916666667 0.0517578125 0.016927083333333332
2 0.9208984375 0.4186197916666667 0.0078125 0.016927083333333332
2 0.93798828125 0.4186197916666667 0.0302734375 0.016927083333333332
2 0.955078125 0.4186197916666667 0.005859375 0.016927083333333332
2 0.9736328125 0.4186197916666667 0.03125 0.016927083333333332
2 0.9921875 0.4186197916666667 0.0078125 0.016927083333333332
2 0.392578125 0.455078125 0.046875 0.016927083333333332
2 0.43994140625 0.455078125 0.0517578125 0.016927083333333332
2 0.46923828125 0.455078125 0.0068359375 0.016927083333333332
2 0.53955078125 0.455078125 0.1376953125 0.016927083333333332
2 0.61083984375 0.455078125 0.0068359375 0.016927083333333332
2 0.62939453125 0.455078125 0.0322265625 0.016927083333333332
2 0.6494140625 0.455078125 0.0078125 0.016927083333333332
2 0.68359375 0.455078125 0.064453125 0.016927083333333332
2 0.72412109375 0.455078125 0.0166015625 0.016927083333333332
2 0.79736328125 0.455078125 0.1337890625 0.016927083333333332
2 0.93212890625 0.455078125 0.1357421875 0.016927083333333332
7 0.4208984375 0.5104166666666666 0.103515625 0.020833333333333332
6 0.51220703125 0.5104166666666666 0.0791015625 0.020833333333333332
6 0.56298828125 0.5091145833333334 0.0087890625 0.026041666666666668
7 0.4228515625 0.595703125 0.107421875 0.048177083333333336
6 0.49072265625 0.5950520833333334 0.0087890625 0.026041666666666668
2 0.39599609375 0.6881510416666666 0.0537109375 0.022135416666666668
6 0.4697265625 0.6875 0.0078125 0.026041666666666668
6 0.48876953125 0.6875 0.0107421875 0.026041666666666668
7 0.43408203125 0.7369791666666666 0.1298828125 0.026041666666666668
6 0.3935546875 0.7682291666666666 0.048828125 0.020833333333333332
6 0.39501953125 0.80078125 0.0517578125 0.020833333333333332
6 0.4169921875 0.8333333333333334 0.095703125 0.020833333333333332
6 0.41064453125 0.8658854166666666 0.0830078125 0.020833333333333332
6 0.42041015625 0.8984375 0.1025390625 0.020833333333333332
6 0.3935546875 0.9309895833333334 0.048828125 0.020833333333333332
6 0.3837890625 0.9635416666666666 0.029296875 0.020833333333333332
6 0.40283203125 0.9928385416666666 0.0673828125 0.014322916666666666
2 0.63623046875 0.595703125 0.2021484375 0.024739583333333332
6 0.8564453125 0.5924479166666666 0.0078125 0.026041666666666668
6 0.87548828125 0.5924479166666666 0.0107421875 0.026041666666666668
7 0.7099609375 0.7076822916666666 0.3515625 0.14973958333333334
3 0.7119140625 0.9225260416666666 0.3515625 0.15494791666666666
2 0.9609375 0.595703125 0.078125 0.024739583333333332
6 0.9677734375 0.6458333333333334 0.064453125 0.020833333333333332
6 0.95556640625 0.6705729166666666 0.0400390625 0.020833333333333332
6 0.9677734375 0.6953125 0.064453125 0.020833333333333332
6 0.9677734375 0.7200520833333334 0.064453125 0.020833333333333332
6 0.9677734375 0.7447916666666666 0.064453125 0.020833333333333332
6 0.9677734375 0.76953125 0.064453125 0.020833333333333332
3 0.96044921875 0.8795572916666666 0.0791015625 0.19661458333333334
2 0.9609375 0.8509114583333334 0.078125 0.024739583333333332