7 0.16455078125 0.11393229166666667 0.3291015625 0.22786458333333334
2 0.1787109375 0.349609375 0.30078125 0.17057291666666666
2 0.1787109375 0.3626302083333333 0.30078125 0.061197916666666664
7 0.04541015625 0.4700520833333333 0.0224609375 0.018229166666666668
7 0.1728515625 0.4700520833333333 0.03515625 0.018229166666666668
7 0.30029296875 0.4700520833333333 0.0224609375 0.018229166666666668
7 0.40234375 0.17643229166666666 0.107421875 0.016927083333333332
2 0.62548828125 0.23763020833333334 0.5537109375 0.08203125
7 0.62548828125 0.3248697916666667 0.5537109375 0.09505208333333333
0 0.443359375 0.4264322916666667 0.189453125 0.08723958333333333
3 0.16455078125 0.5598958333333334 0.3291015625 0.1171875
0 0.0517578125 0.68359375 0.103515625 0.052083333333333336
0 0.14892578125 0.68359375 0.0869140625 0.052083333333333336
0 0.26171875 0.68359375 0.134765625 0.052083333333333336
7 0.16455078125 0.7473958333333334 0.3291015625 0.0234375
4 0.16455078125 0.892578125 0.3291015625 0.21484375
0 0.16455078125 0.892578125 0.3291015625 0.21484375
0 0.64599609375 0.501953125 0.0966796875 0.045572916666666664
6 0.77490234375 0.501953125 0.0849609375 0.045572916666666664
0 0.90771484375 0.501953125 0.1044921875 0.045572916666666664
7 0.66455078125 0.7395833333333334 0.6708984375 0.5208333333333334
7 0.86328125 0.6516927083333334 0.2734375 0.01953125
7 0.91943359375 0.8040364583333334 0.1611328125 0.061197916666666664
7 0.94482421875 0.837890625 0.1103515625 0.01953125
2 0.44287109375 0.7252604166666666 0.2275390625 0.06510416666666667
2 0.47998046875 0.7903645833333334 0.3017578125 0.06510416666666667
0 0.39208984375 0.8854166666666666 0.1259765625 0.0625
2 0.55078125 0.875 0.150390625 0.020833333333333332
2 0.552734375 0.8958333333333334 0.154296875 0.020833333333333332