0 0.3349609375 0.6197916666666666 0.109375 0.018229166666666668
6 0.013671875 0.012369791666666666 0.02734375 0.024739583333333332
6 0.09130859375 0.012369791666666666 0.0908203125 0.024739583333333332
6 0.20703125 0.012369791666666666 0.10546875 0.024739583333333332
6 0.33349609375 0.012369791666666666 0.1123046875 0.024739583333333332
2 0.31396484375 0.3294270833333333 0.1513671875 0.0390625
7 0.31396484375 0.3821614583333333 0.1513671875 0.055989583333333336
1 0.31396484375 0.4498697916666667 0.1513671875 0.055989583333333336
1 0.31396484375 0.517578125 0.1513671875 0.055989583333333336
0 0.28369140625 0.5696614583333334 0.0908203125 0.024739583333333332
0 0.31396484375 0.6178385416666666 0.1513671875 0.022135416666666668
7 0.47119140625 0.057942708333333336 0.1630859375 0.032552083333333336
6 0.5771484375 0.057942708333333336 0.048828125 0.032552083333333336
7 0.53173828125 0.095703125 0.2802734375 0.10807291666666667
6 0.55810546875 0.13346354166666666 0.1240234375 0.032552083333333336
7 0.62890625 0.13346354166666666 0.017578125 0.032552083333333336
0 0.5283203125 0.20182291666666666 0.248046875 0.041666666666666664
3 0.63671875 0.5748697916666666 0.494140625 0.10807291666666667
4 0.537109375 0.18815104166666666 0.294921875 0.3763020833333333
2 0.53173828125 0.3450520833333333 0.2841796875 0.033854166666666664
0 0.7333984375 0.125 0.046875 0.0234375
2 0.8564453125 0.22005208333333334 0.287109375 0.09895833333333333
2 0.69482421875 0.421875 0.6103515625 0.036458333333333336
4 0.537109375 0.5436197916666666 0.294921875 0.17057291666666666
0 0.431640625 0.4791666666666667 0.083984375 0.0234375
4 0.85107421875 0.5436197916666666 0.2978515625 0.17057291666666666
0 0.7333984375 0.4791666666666667 0.046875 0.0234375
7 0.19482421875 0.6959635416666666 0.3896484375 0.032552083333333336
0 0.05419921875 0.8098958333333334 0.1083984375 0.09114583333333333
0 0.2548828125 0.8098958333333334 0.234375 0.09114583333333333
7 0.1435546875 0.884765625 0.287109375 0.10026041666666667
0 0.1630859375 0.962890625 0.150390625 0.055989583333333336
0 0.03955078125 0.9615885416666666 0.0791015625 0.053385416666666664
0 0.69482421875 0.814453125 0.6103515625 0.37109375