4 0.27490234375 0.306640625 0.5498046875 0.5065104166666666
0 0.27490234375 0.5533854166666666 0.5498046875 0.013020833333333334
4 0.27490234375 0.306640625 0.5498046875 0.5065104166666666
4 0.85546875 0.4700520833333333 0.0546875 0.07291666666666667
0 0.85546875 0.4700520833333333 0.0546875 0.07291666666666667
7 0.77490234375 0.5358072916666666 0.4501953125 0.045572916666666664
6 0.7958984375 0.5481770833333334 0.0234375 0.020833333333333332
7 0.8818359375 0.5481770833333334 0.1484375 0.020833333333333332
7 0.97802734375 0.5481770833333334 0.0439453125 0.020833333333333332
7 0.77490234375 0.548828125 0.4501953125 0.022135416666666668
0 0.77490234375 0.2662760416666667 0.4501953125 0.5325520833333334
7 0.77490234375 0.0234375 0.4501953125 0.0390625
4 0.77490234375 0.2903645833333333 0.4501953125 0.484375
7 0.77490234375 0.4973958333333333 0.4501953125 0.028645833333333332
2 0.2744140625 0.87890625 0.177734375 0.07291666666666667
2 0.45654296875 0.87890625 0.1865234375 0.07291666666666667
2 0.27490234375 0.943359375 0.5498046875 0.032552083333333336
0 0.4130859375 0.9921875 0.17578125 0.015625
7 0.32861328125 0.5826822916666666 0.0732421875 0.022135416666666668
6 0.44970703125 0.5826822916666666 0.1689453125 0.022135416666666668
3 0.77490234375 0.6315104166666666 0.4501953125 0.14322916666666666
4 0.77490234375 0.8580729166666666 0.4501953125 0.2838541666666667