4 0.48095703125 0.17513020833333334 0.4775390625 0.3502604166666667
0 0.35986328125 0.3385416666666667 0.7197265625 0.026041666666666668
4 0.35986328125 0.17317708333333334 0.7197265625 0.3463541666666667
2 0.17578125 0.029296875 0.3515625 0.05859375
6 0.12109375 0.029296875 0.2421875 0.05859375
4 0.3876953125 0.3782552083333333 0.009765625 0.014322916666666666
4 0.4130859375 0.3782552083333333 0.009765625 0.014322916666666666
4 0.4384765625 0.3782552083333333 0.009765625 0.014322916666666666
4 0.4638671875 0.3782552083333333 0.009765625 0.014322916666666666
2 0.35986328125 0.548828125 0.7197265625 0.053385416666666664
7 0.916015625 0.017578125 0.009765625 0.02734375
4 0.73388671875 0.08528645833333333 0.0244140625 0.032552083333333336
4 0.7607421875 0.08528645833333333 0.025390625 0.032552083333333336
7 0.916015625 0.080078125 0.017578125 0.02734375
4 0.72705078125 0.14778645833333334 0.0146484375 0.032552083333333336
7 0.916015625 0.142578125 0.009765625 0.02734375
7 0.916015625 0.205078125 0.009765625 0.02734375
7 0.916015625 0.267578125 0.017578125 0.02734375
7 0.99755859375 0.267578125 0.0048828125 0.02734375
7 0.916015625 0.330078125 0.017578125 0.02734375
7 0.732421875 0.4798177083333333 0.025390625 0.01953125
7 0.73486328125 0.5553385416666666 0.0302734375 0.01953125
7 0.90478515625 0.4420572916666667 0.0732421875 0.01953125
0 0.8486328125 0.4427083333333333 0.01953125 0.03125
7 0.896484375 0.4798177083333333 0.056640625 0.01953125
0 0.8486328125 0.48046875 0.01953125 0.03125
7 0.91455078125 0.517578125 0.0927734375 0.01953125
0 0.8486328125 0.5182291666666666 0.01953125 0.03125
7 0.91455078125 0.5553385416666666 0.0927734375 0.01953125
0 0.8486328125 0.5559895833333334 0.01953125 0.03125
4 0.35986328125 0.7994791666666666 0.7197265625 0.4010416666666667
2 0.35986328125 0.7174479166666666 0.7197265625 0.234375
7 0.052734375 0.8541666666666666 0.10546875 0.03125
0 0.22216796875 0.8548177083333334 0.2333984375 0.032552083333333336
7 0.35986328125 0.8736979166666666 0.7197265625 0.0703125
7 0.6484375 0.9837239583333334 0.064453125 0.01953125
0 0.66796875 0.9791666666666666 0.103515625 0.041666666666666664
7 0.705078125 0.984375 0.029296875 0.0234375
2 0.5771484375 0.7376302083333334 0.28515625 0.032552083333333336
7 0.5771484375 0.8268229166666666 0.28515625 0.1015625
0 0.701171875 0.8684895833333334 0.037109375 0.020833333333333332
0 0.5771484375 0.9615885416666666 0.28515625 0.07682291666666667
4 0.78955078125 0.7493489583333334 0.1396484375 0.30078125
4 0.93359375 0.7493489583333334 0.1328125 0.30078125