7 0.2939453125 0.08919270833333333 0.44140625 0.032552083333333336
2 0.115234375 0.16731770833333334 0.083984375 0.08463541666666667
2 0.26171875 0.16731770833333334 0.2109375 0.08463541666666667
2 0.14501953125 0.240234375 0.1435546875 0.08463541666666667
2 0.77685546875 0.18294270833333334 0.4345703125 0.13932291666666666
7 0.77978515625 0.2688802083333333 0.4404296875 0.040364583333333336
7 0.27978515625 0.3151041666666667 0.5595703125 0.03125
0 0.27978515625 0.3723958333333333 0.5595703125 0.03125
4 0.01416015625 0.45703125 0.0283203125 0.0546875
0 0.01416015625 0.45703125 0.0283203125 0.0546875
6 0.10107421875 0.4661458333333333 0.0673828125 0.03125
6 0.18896484375 0.4661458333333333 0.0771484375 0.03125
2 0.27978515625 0.60546875 0.5595703125 0.07291666666666667
1 0.27978515625 0.7096354166666666 0.5595703125 0.052083333333333336
2 0.27978515625 0.8684895833333334 0.5595703125 0.036458333333333336
7 0.27978515625 0.916015625 0.5595703125 0.032552083333333336
6 0.81591796875 0.29296875 0.0947265625 0.0078125
6 0.93603515625 0.29296875 0.1025390625 0.0078125
2 0.76806640625 0.5104166666666666 0.3916015625 0.1328125
7 0.61474609375 0.6171875 0.0849609375 0.0390625
7 0.74560546875 0.6165364583333334 0.1650390625 0.03515625
7 0.68212890625 0.4049479166666667 0.2041015625 0.013020833333333334
0 0.6162109375 0.724609375 0.087890625 0.061197916666666664
7 0.7861328125 0.7252604166666666 0.189453125 0.018229166666666668
0 0.7958984375 0.724609375 0.25 0.061197916666666664