1 0.19970703125 0.11653645833333333 0.3994140625 0.06380208333333333
7 0.421875 0.11653645833333333 0.015625 0.029947916666666668
0 0.41357421875 0.11653645833333333 0.0322265625 0.06380208333333333
2 0.10302734375 0.3509114583333333 0.2060546875 0.05078125
2 0.33203125 0.3509114583333333 0.1953125 0.05078125
2 0.71484375 0.009765625 0.5703125 0.01953125
0 0.4501953125 0.263671875 0.041015625 0.037760416666666664
7 0.52880859375 0.263671875 0.0771484375 0.029947916666666668
0 0.53564453125 0.263671875 0.0908203125 0.037760416666666664
7 0.68408203125 0.263671875 0.1669921875 0.029947916666666668
0 0.69091796875 0.263671875 0.1806640625 0.037760416666666664
7 0.84619140625 0.263671875 0.0908203125 0.029947916666666668
0 0.85302734375 0.263671875 0.1044921875 0.037760416666666664
1 0.96630859375 0.2682291666666667 0.0673828125 0.028645833333333332
4 0.21484375 0.640625 0.4296875 0.5026041666666666
0 0.21484375 0.640625 0.4296875 0.5026041666666666
0 0.2275390625 0.8645833333333334 0.01171875 0.015625
0 0.2490234375 0.8645833333333334 0.01171875 0.015625
0 0.2705078125 0.8645833333333334 0.01171875 0.015625
0 0.2919921875 0.8645833333333334 0.01171875 0.015625
0 0.3134765625 0.8645833333333334 0.01171875 0.015625
2 0.0234375 0.990234375 0.046875 0.01953125
4 0.171875 0.9817708333333334 0.166015625 0.036458333333333336
2 0.35205078125 0.9817708333333334 0.1552734375 0.036458333333333336
2 0.5087890625 0.4420572916666667 0.158203125 0.048177083333333336
1 0.5087890625 0.5143229166666666 0.158203125 0.059895833333333336
2 0.83154296875 0.4420572916666667 0.3369140625 0.048177083333333336
7 0.88037109375 0.513671875 0.1513671875 0.032552083333333336
0 0.83154296875 0.513671875 0.3369140625 0.05859375
7 0.75244140625 0.5813802083333334 0.0712890625 0.024739583333333332
0 0.74658203125 0.5813802083333334 0.1083984375 0.040364583333333336
7 0.8642578125 0.5813802083333334 0.052734375 0.024739583333333332
0 0.85546875 0.5813802083333334 0.095703125 0.040364583333333336
7 0.9697265625 0.5813802083333334 0.060546875 0.024739583333333332
0 0.955078125 0.5813802083333334 0.08984375 0.040364583333333336
7 0.71484375 0.7649739583333334 0.5703125 0.07682291666666667
6 0.912109375 0.8424479166666666 0.060546875 0.026041666666666668
7 0.94677734375 0.8424479166666666 0.0107421875 0.026041666666666668
6 0.9755859375 0.8424479166666666 0.048828125 0.026041666666666668
2 0.71484375 0.94921875 0.5703125 0.028645833333333332
7 0.71484375 0.990234375 0.5703125 0.01953125