0 0.1328125 0.018880208333333332 0.109375 0.037760416666666664
1 0.23974609375 0.15950520833333334 0.4794921875 0.06380208333333333
0 0.103515625 0.20572916666666666 0.20703125 0.0234375
2 0.09814453125 0.3938802083333333 0.1962890625 0.05078125
7 0.09423828125 0.4765625 0.1884765625 0.0859375
2 0.35205078125 0.3938802083333333 0.2548828125 0.05078125
7 0.35302734375 0.4602864583333333 0.2529296875 0.055989583333333336
7 0.46044921875 0.4759114583333333 0.0283203125 0.02734375
7 0.35400390625 0.4921875 0.2509765625 0.0546875
2 0.73388671875 0.11458333333333333 0.5087890625 0.22916666666666666
7 0.5869140625 0.3307291666666667 0.21484375 0.036458333333333336
0 0.66650390625 0.3307291666666667 0.3740234375 0.078125
4 0.826171875 0.3307291666666667 0.0234375 0.03125
7 0.61376953125 0.4296875 0.2685546875 0.036458333333333336
0 0.66650390625 0.4296875 0.3740234375 0.078125
4 0.826171875 0.4296875 0.0234375 0.03125
7 0.62451171875 0.5286458333333334 0.2900390625 0.036458333333333336
0 0.66650390625 0.5247395833333334 0.3740234375 0.0703125
4 0.826171875 0.5286458333333334 0.0234375 0.03125
4 0.15625 0.701171875 0.05859375 0.07942708333333333
7 0.15625 0.814453125 0.16796875 0.07161458333333333
7 0.15625 0.8743489583333334 0.154296875 0.029947916666666668
0 0.15625 0.875 0.16796875 0.036458333333333336
4 0.40234375 0.701171875 0.05859375 0.07942708333333333
7 0.39892578125 0.814453125 0.1611328125 0.07161458333333333
7 0.40234375 0.8743489583333334 0.091796875 0.029947916666666668
0 0.39892578125 0.875 0.1611328125 0.036458333333333336
4 0.60986328125 0.7526041666666666 0.2607421875 0.3854166666666667
4 0.8701171875 0.7526041666666666 0.259765625 0.3854166666666667
7 0.73974609375 0.7526041666666666 0.5205078125 0.3854166666666667
4 0.4853515625 0.8990885416666666 0.01171875 0.045572916666666664
0 0.59375 0.9759114583333334 0.109375 0.048177083333333336
4 0.728515625 0.982421875 0.109375 0.03515625
0 0.728515625 0.9759114583333334 0.109375 0.048177083333333336
4 0.86328125 0.982421875 0.109375 0.03515625
0 0.86328125 0.9759114583333334 0.109375 0.048177083333333336