7 0.75 0.17252604166666666 0.5 0.029947916666666668
7 0.75 0.24283854166666666 0.5 0.029947916666666668
7 0.75 0.3131510416666667 0.5 0.029947916666666668
7 0.75 0.341796875 0.5 0.029947916666666668
7 0.75 0.4134114583333333 0.5 0.032552083333333336
7 0.1923828125 0.4654947916666667 0.384765625 0.07161458333333333
7 0.07666015625 0.517578125 0.1533203125 0.02734375
7 0.16845703125 0.587890625 0.3369140625 0.061197916666666664
2 0.25 0.8020833333333334 0.5 0.046875
6 0.1103515625 0.900390625 0.220703125 0.061197916666666664
0 0.1103515625 0.9348958333333334 0.220703125 0.13020833333333334
4 0.1103515625 0.96484375 0.220703125 0.0703125
6 0.35302734375 0.900390625 0.2255859375 0.061197916666666664
0 0.35302734375 0.9348958333333334 0.2255859375 0.13020833333333334
4 0.35302734375 0.96484375 0.2255859375 0.0703125
2 0.75 0.6158854166666666 0.5 0.0625
7 0.75 0.693359375 0.5 0.05078125
7 0.81689453125 0.818359375 0.2470703125 0.032552083333333336
0 0.8232421875 0.8190104166666666 0.353515625 0.08854166666666667