1 0.1455078125 0.041015625 0.267578125 0.048177083333333336
0 0.232421875 0.08723958333333333 0.09375 0.020833333333333332
6 0.14501953125 0.19466145833333334 0.0927734375 0.022135416666666668
7 0.16064453125 0.2545572916666667 0.3212890625 0.022135416666666668
4 0.1455078125 0.2890625 0.224609375 0.0234375
0 0.6328125 0.2923177083333333 0.126953125 0.06640625
2 0.7646484375 0.23307291666666666 0.080078125 0.018229166666666668
0 0.77294921875 0.2701822916666667 0.0966796875 0.022135416666666668
0 0.77294921875 0.3001302083333333 0.0966796875 0.022135416666666668
2 0.875 0.23307291666666666 0.05078125 0.018229166666666668
0 0.9140625 0.2701822916666667 0.12890625 0.022135416666666668
0 0.9140625 0.3001302083333333 0.12890625 0.022135416666666668
0 0.9140625 0.330078125 0.12890625 0.022135416666666668
0 0.9140625 0.369140625 0.12890625 0.040364583333333336
0 0.0615234375 0.5091145833333334 0.123046875 0.03125
0 0.22705078125 0.5091145833333334 0.0986328125 0.03125
0 0.3193359375 0.5091145833333334 0.0390625 0.03125
0 0.392578125 0.5091145833333334 0.060546875 0.03125
0 0.4951171875 0.5091145833333334 0.0625 0.03125
7 0.2421875 0.4153645833333333 0.484375 0.020833333333333332
6 0.5224609375 0.4153645833333333 0.076171875 0.020833333333333332
4 0.28466796875 0.7565104166666666 0.5693359375 0.390625
2 0.3544921875 0.9759114583333334 0.4296875 0.048177083333333336
4 0.65087890625 0.623046875 0.1630859375 0.2721354166666667
0 0.65087890625 0.623046875 0.1630859375 0.2721354166666667
2 0.63134765625 0.7552083333333334 0.1240234375 0.052083333333333336
2 0.638671875 0.93359375 0.138671875 0.044270833333333336
4 0.87841796875 0.6529947916666666 0.2431640625 0.45703125
0 0.87841796875 0.6529947916666666 0.2431640625 0.45703125
2 0.89013671875 0.837890625 0.2197265625 0.06380208333333333
4 0.87841796875 0.9537760416666666 0.2431640625 0.09244791666666667
0 0.87841796875 0.9537760416666666 0.2431640625 0.09244791666666667