4 0.0185546875 0.00390625 0.009765625 0.0078125
0 0.09912109375 0.009114583333333334 0.1123046875 0.018229166666666668
4 0.150390625 0.00390625 0.009765625 0.0078125
0 0.14208984375 0.055338541666666664 0.0947265625 0.048177083333333336
4 0.0947265625 0.1484375 0.189453125 0.12239583333333333
0 0.0947265625 0.1484375 0.189453125 0.12239583333333333
7 0.0947265625 0.16015625 0.189453125 0.0234375
4 0.0947265625 0.3541666666666667 0.189453125 0.25
0 0.0947265625 0.3541666666666667 0.189453125 0.25
3 0.59375 0.0390625 0.7109375 0.078125
2 0.29931640625 0.44140625 0.2197265625 0.018229166666666668
0 0.30859375 0.2884114583333333 0.23828125 0.3815104166666667
2 0.27978515625 0.470703125 0.1806640625 0.016927083333333332
2 0.591796875 0.2942708333333333 0.30078125 0.018229166666666668
0 0.59375 0.23111979166666666 0.333984375 0.2669270833333333
2 0.5810546875 0.3274739583333333 0.279296875 0.02734375
0 0.59375 0.4225260416666667 0.333984375 0.11328125
2 0.88720703125 0.2591145833333333 0.2255859375 0.018229166666666668
0 0.8798828125 0.23111979166666666 0.240234375 0.2669270833333333
2 0.88720703125 0.3098958333333333 0.2255859375 0.0625
7 0.0126953125 0.9055989583333334 0.025390625 0.040364583333333336
0 0.0302734375 0.7024739583333334 0.060546875 0.4466145833333333
2 0.359375 0.6640625 0.33984375 0.28125
2 0.359375 0.9153645833333334 0.33984375 0.16927083333333334
4 0.78369140625 0.8671875 0.4326171875 0.265625
4 0.5947265625 0.7395833333333334 0.810546875 0.5208333333333334
2 0.7451171875 0.611328125 0.28125 0.08723958333333333
4 0.3935546875 0.7200520833333334 0.3515625 0.46875
7 0.7451171875 0.7213541666666666 0.28125 0.08333333333333333
0 0.6953125 0.8365885416666666 0.181640625 0.07161458333333333
4 0.88671875 0.521484375 0.01953125 0.02734375