2 0.08740234375 0.3098958333333333 0.1748046875 0.018229166666666668
0 0.0966796875 0.2506510416666667 0.193359375 0.5013020833333334
2 0.06787109375 0.3515625 0.1357421875 0.041666666666666664
2 0.0458984375 0.4296875 0.091796875 0.09375
0 0.0966796875 0.541015625 0.193359375 0.07682291666666667
2 0.357421875 0.16276041666666666 0.30078125 0.018229166666666668
0 0.359375 0.11653645833333333 0.333984375 0.23307291666666666
2 0.3466796875 0.19596354166666666 0.279296875 0.02734375
2 0.357421875 0.3958333333333333 0.30078125 0.018229166666666668
0 0.359375 0.3678385416666667 0.333984375 0.2669270833333333
2 0.33837890625 0.4466145833333333 0.2626953125 0.0625
0 0.359375 0.541015625 0.333984375 0.07682291666666667
4 0.54833984375 0.15234375 0.0380859375 0.10416666666666667
4 0.650390625 0.025390625 0.2421875 0.05078125
0 0.650390625 0.025390625 0.2421875 0.05078125
7 0.71044921875 0.07421875 0.2099609375 0.0234375
7 0.90966796875 0.046223958333333336 0.0693359375 0.022135416666666668
0 0.91015625 0.046875 0.109375 0.0390625
2 0.77392578125 0.2825520833333333 0.4521484375 0.0390625
4 0.5771484375 0.42578125 0.05859375 0.09114583333333333
2 0.81298828125 0.4186197916666667 0.3740234375 0.024739583333333332
6 0.654296875 0.478515625 0.056640625 0.022135416666666668
6 0.70166015625 0.529296875 0.1513671875 0.022135416666666668
6 0.7177734375 0.57421875 0.18359375 0.010416666666666666
7 0.248046875 0.5983072916666666 0.49609375 0.01953125
6 0.513671875 0.5983072916666666 0.03125 0.01953125
4 0.02490234375 0.826171875 0.0498046875 0.13411458333333334
0 0.02490234375 0.826171875 0.0498046875 0.13411458333333334
2 0.2421875 0.693359375 0.26953125 0.03515625
4 0.2421875 0.8619791666666666 0.26953125 0.2760416666666667
0 0.2421875 0.8619791666666666 0.26953125 0.2760416666666667
3 0.4755859375 0.8125 0.107421875 0.3255208333333333
6 0.5712890625 0.7434895833333334 0.083984375 0.0234375
6 0.70166015625 0.7434895833333334 0.1142578125 0.0234375
6 0.87109375 0.7434895833333334 0.162109375 0.0234375
4 0.7646484375 0.8932291666666666 0.470703125 0.21354166666666666