0 0.046875 0.029947916666666668 0.08984375 0.057291666666666664
0 0.13525390625 0.029947916666666668 0.0869140625 0.057291666666666664
0 0.20751953125 0.029947916666666668 0.0576171875 0.057291666666666664
0 0.28173828125 0.029947916666666668 0.0908203125 0.057291666666666664
0 0.37548828125 0.029947916666666668 0.0966796875 0.057291666666666664
0 0.4599609375 0.029947916666666668 0.072265625 0.057291666666666664
3 0.2548828125 0.24739583333333334 0.509765625 0.3255208333333333
0 0.03466796875 0.4752604166666667 0.0693359375 0.052083333333333336
0 0.09716796875 0.4752604166666667 0.0517578125 0.052083333333333336
0 0.189453125 0.4752604166666667 0.12890625 0.052083333333333336
0 0.2958984375 0.4752604166666667 0.080078125 0.052083333333333336
0 0.3935546875 0.4752604166666667 0.111328125 0.052083333333333336
0 0.48046875 0.4752604166666667 0.05859375 0.052083333333333336
7 0.2548828125 0.5390625 0.509765625 0.0234375
4 0.2412109375 0.6634114583333334 0.482421875 0.17317708333333334
0 0.2412109375 0.6634114583333334 0.482421875 0.17317708333333334
7 0.63623046875 0.07682291666666667 0.2529296875 0.10677083333333333
7 0.52294921875 0.18489583333333334 0.0263671875 0.052083333333333336
0 0.52783203125 0.18489583333333334 0.0361328125 0.052083333333333336
7 0.63427734375 0.23567708333333334 0.2490234375 0.028645833333333332
0 0.64794921875 0.23567708333333334 0.2763671875 0.0390625
7 0.90771484375 0.23567708333333334 0.1845703125 0.028645833333333332
0 0.90283203125 0.23567708333333334 0.1943359375 0.0390625
4 0.5185546875 0.29296875 0.017578125 0.033854166666666664
0 0.5185546875 0.29296875 0.017578125 0.033854166666666664
7 0.634765625 0.29296875 0.1953125 0.020833333333333332
4 0.64794921875 0.4641927083333333 0.2763671875 0.29296875
0 0.64794921875 0.4641927083333333 0.2763671875 0.29296875
4 0.55029296875 0.6608072916666666 0.0205078125 0.02734375
0 0.591796875 0.6608072916666666 0.103515625 0.10026041666666667
7 0.60888671875 0.6608072916666666 0.0693359375 0.10026041666666667
4 0.71044921875 0.6354166666666666 0.0205078125 0.026041666666666668
0 0.73388671875 0.6354166666666666 0.0673828125 0.026041666666666668
7 0.7509765625 0.6354166666666666 0.033203125 0.026041666666666668
4 0.71044921875 0.6861979166666666 0.0205078125 0.026041666666666668
0 0.7275390625 0.6861979166666666 0.0546875 0.026041666666666668
7 0.74462890625 0.6861979166666666 0.0205078125 0.026041666666666668
4 0.8251953125 0.2942708333333333 0.009765625 0.013020833333333334
7 0.91259765625 0.2942708333333333 0.1357421875 0.028645833333333332
3 0.90283203125 0.4830729166666667 0.1943359375 0.3255208333333333
7 0.9267578125 0.6783854166666666 0.146484375 0.020833333333333332
7 0.095703125 0.765625 0.19140625 0.028645833333333332
4 0.228515625 0.9674479166666666 0.17578125 0.06510416666666667
0 0.228515625 0.9674479166666666 0.21484375 0.06510416666666667
2 0.84228515625 0.8046875 0.3154296875 0.0703125
1 0.7724609375 0.9153645833333334 0.455078125 0.046875