4 0.27490234375 0.2747395833333333 0.5498046875 0.5494791666666666
2 0.0380859375 0.166015625 0.076171875 0.33203125
2 0.1181640625 0.12630208333333334 0.236328125 0.09114583333333333
7 0.076171875 0.22200520833333334 0.15234375 0.07421875
4 0.216796875 0.525390625 0.283203125 0.048177083333333336
4 0.46240234375 0.525390625 0.1748046875 0.048177083333333336
7 0.97900390625 0.01171875 0.0419921875 0.0234375
0 0.9716796875 0.025390625 0.056640625 0.05078125
7 0.7197265625 0.06380208333333333 0.33984375 0.0234375
4 0.77490234375 0.2747395833333333 0.4501953125 0.5494791666666666
4 0.77490234375 0.3001302083333333 0.4501953125 0.4986979166666667
2 0.77490234375 0.197265625 0.4501953125 0.14973958333333334
7 0.77490234375 0.3033854166666667 0.4501953125 0.033854166666666664
0 0.6875 0.3736979166666667 0.15625 0.0625
7 0.72705078125 0.5221354166666666 0.3544921875 0.026041666666666668
0 0.95166015625 0.5240885416666666 0.0966796875 0.029947916666666668
7 0.27490234375 0.666015625 0.5498046875 0.23307291666666666
4 0.33544921875 0.775390625 0.0146484375 0.01953125
4 0.35009765625 0.775390625 0.0146484375 0.01953125
4 0.36474609375 0.775390625 0.0146484375 0.01953125
4 0.37939453125 0.775390625 0.0146484375 0.01953125
4 0.39404296875 0.775390625 0.0146484375 0.01953125
4 0.40869140625 0.775390625 0.0146484375 0.01953125
2 0.15478515625 0.9016927083333334 0.2236328125 0.032552083333333336
7 0.1962890625 0.9700520833333334 0.306640625 0.059895833333333336
4 0.42822265625 0.935546875 0.0732421875 0.09765625
2 0.5244140625 0.9016927083333334 0.05078125 0.032552083333333336
0 0.6083984375 0.6028645833333334 0.09765625 0.0625
0 0.7138671875 0.603515625 0.09765625 0.06380208333333333
0 0.833984375 0.6028645833333334 0.126953125 0.0625
7 0.755859375 0.6614583333333334 0.376953125 0.020833333333333332
6 0.97216796875 0.6614583333333334 0.0556640625 0.020833333333333332
2 0.77490234375 0.8424479166666666 0.4501953125 0.052083333333333336
1 0.89501953125 0.93359375 0.2099609375 0.0625
4 0.8369140625 0.93359375 0.0234375 0.0625
0 0.8369140625 0.93359375 0.046875 0.0625