6 0.00732421875 0.020833333333333332 0.0146484375 0.020833333333333332
6 0.080078125 0.020833333333333332 0.080078125 0.020833333333333332
6 0.1640625 0.020833333333333332 0.037109375 0.020833333333333332
6 0.24951171875 0.020833333333333332 0.0830078125 0.020833333333333332
6 0.35400390625 0.020833333333333332 0.0751953125 0.020833333333333332
6 0.4345703125 0.020833333333333332 0.03515625 0.020833333333333332
7 0.02490234375 0.087890625 0.0498046875 0.022135416666666668
7 0.265625 0.087890625 0.431640625 0.022135416666666668
6 0.51953125 0.087890625 0.076171875 0.022135416666666668
4 0.32470703125 0.3430989583333333 0.6494140625 0.3919270833333333
2 0.13232421875 0.4140625 0.2646484375 0.25
2 0.21240234375 0.41796875 0.4248046875 0.09114583333333333
7 0.17041015625 0.5078125 0.3408203125 0.0625
2 0.775390625 0.061848958333333336 0.251953125 0.040364583333333336
1 0.7412109375 0.1796875 0.111328125 0.026041666666666668
2 0.7666015625 0.2526041666666667 0.234375 0.020833333333333332
7 0.97216796875 0.054036458333333336 0.0439453125 0.01953125
7 0.97509765625 0.06380208333333333 0.0498046875 0.0390625
5 0.97509765625 0.11458333333333333 0.0498046875 0.015625
5 0.97509765625 0.14192708333333334 0.0498046875 0.015625
1 0.95703125 0.17252604166666666 0.013671875 0.016927083333333332
5 0.9833984375 0.17578125 0.033203125 0.015625
1 0.97509765625 0.20377604166666666 0.0498046875 0.024739583333333332
6 0.97509765625 0.23502604166666666 0.0498046875 0.016927083333333332
7 0.97509765625 0.26953125 0.0498046875 0.015625
7 0.97509765625 0.30078125 0.0498046875 0.078125
7 0.82470703125 0.501953125 0.3505859375 0.022135416666666668
4 0.333984375 0.708984375 0.212890625 0.032552083333333336
0 0.333984375 0.7083333333333334 0.212890625 0.03125
0 0.48681640625 0.7083333333333334 0.0576171875 0.033854166666666664
2 0.32470703125 0.9036458333333334 0.6494140625 0.07291666666666667
4 0.71142578125 0.5924479166666666 0.0791015625 0.10677083333333333
4 0.71142578125 0.5924479166666666 0.0791015625 0.10677083333333333
4 0.77734375 0.6067708333333334 0.01171875 0.13541666666666666
4 0.66552734375 0.6080729166666666 0.0107421875 0.13802083333333334
4 0.71630859375 0.6770833333333334 0.1123046875 0.015625
4 0.876953125 0.5970052083333334 0.134765625 0.11588541666666667
4 0.87548828125 0.59765625 0.1357421875 0.1171875
4 0.97900390625 0.6119791666666666 0.0107421875 0.14583333333333334
4 0.8017578125 0.6139322916666666 0.01171875 0.14973958333333334
4 0.88037109375 0.693359375 0.1689453125 0.014322916666666666
4 0.69189453125 0.8333333333333334 0.0849609375 0.1953125
4 0.69384765625 0.830078125 0.0888671875 0.19401041666666666
4 0.75341796875 0.84375 0.0107421875 0.23958333333333334
4 0.703125 0.724609375 0.107421875 0.014322916666666666
4 0.703125 0.9479166666666666 0.107421875 0.015625
4 0.82373046875 0.8404947916666666 0.0791015625 0.16536458333333334
4 0.82275390625 0.8372395833333334 0.0791015625 0.16666666666666666
4 0.89306640625 0.84765625 0.0107421875 0.2109375
4 0.77734375 0.8444010416666666 0.01171875 0.21223958333333334
4 0.828125 0.7454427083333334 0.11328125 0.014322916666666666
4 0.828125 0.953125 0.11328125 0.015625
4 0.9638671875 0.8450520833333334 0.072265625 0.16666666666666666
4 0.96240234375 0.8411458333333334 0.0751953125 0.16666666666666666
4 0.91845703125 0.8483072916666666 0.0107421875 0.21223958333333334
4 0.95654296875 0.7493489583333334 0.0869140625 0.014322916666666666
4 0.95654296875 0.9615885416666666 0.0869140625 0.014322916666666666
4 0.68359375 0.986328125 0.068359375 0.014322916666666666
4 0.7958984375 0.9947916666666666 0.11328125 0.010416666666666666
0 0.82470703125 0.6764322916666666 0.3505859375 0.2747395833333333
0 0.82470703125 0.6764322916666666 0.3505859375 0.2747395833333333
0 0.82470703125 0.6764322916666666 0.3505859375 0.2747395833333333
0 0.82470703125 0.6764322916666666 0.3505859375 0.2747395833333333
4 0.9853515625 0.580078125 0.029296875 0.040364583333333336
0 0.67236328125 0.8977864583333334 0.0458984375 0.053385416666666664
0 0.74560546875 0.8977864583333334 0.0849609375 0.053385416666666664
0 0.828125 0.8977864583333334 0.064453125 0.053385416666666664
0 0.92236328125 0.8977864583333334 0.1083984375 0.053385416666666664