2 0.224609375 0.4934895833333333 0.44921875 0.13020833333333334
0 0.22705078125 0.494140625 0.4541015625 0.14713541666666666
4 0.32958984375 0.318359375 0.6591796875 0.5013020833333334
7 0.0283203125 0.0234375 0.05078125 0.020833333333333332
0 0.03076171875 0.032552083333333336 0.0615234375 0.06510416666666667
7 0.0888671875 0.0234375 0.0390625 0.020833333333333332
0 0.0888671875 0.032552083333333336 0.0546875 0.06510416666666667
7 0.15576171875 0.0234375 0.0634765625 0.020833333333333332
0 0.15576171875 0.032552083333333336 0.0791015625 0.06510416666666667
7 0.2265625 0.0234375 0.046875 0.020833333333333332
0 0.2265625 0.032552083333333336 0.0625 0.06510416666666667
7 0.29345703125 0.0234375 0.0556640625 0.020833333333333332
0 0.29345703125 0.032552083333333336 0.0712890625 0.06510416666666667
7 0.35400390625 0.0234375 0.0341796875 0.020833333333333332
0 0.35400390625 0.032552083333333336 0.0498046875 0.06510416666666667
7 0.39990234375 0.0234375 0.0263671875 0.020833333333333332
0 0.39990234375 0.032552083333333336 0.0419921875 0.06510416666666667
7 0.4462890625 0.0234375 0.03515625 0.020833333333333332
0 0.4462890625 0.032552083333333336 0.05078125 0.06510416666666667
7 0.50146484375 0.0234375 0.0439453125 0.020833333333333332
0 0.50146484375 0.032552083333333336 0.0595703125 0.06510416666666667
7 0.56494140625 0.0234375 0.0517578125 0.020833333333333332
0 0.58447265625 0.032552083333333336 0.1064453125 0.06510416666666667
4 0.46875 0.0234375 0.01171875 0.020833333333333332
0 0.46826171875 0.032552083333333336 0.0439453125 0.06510416666666667
7 0.55859375 0.013020833333333334 0.10546875 0.020833333333333332
0 0.55859375 0.032552083333333336 0.13671875 0.06510416666666667
7 0.55859375 0.036458333333333336 0.10546875 0.015625
6 0.65087890625 0.032552083333333336 0.0166015625 0.06510416666666667
7 0.3212890625 0.3294270833333333 0.642578125 0.046875
7 0.31884765625 0.4075520833333333 0.6376953125 0.08333333333333333
7 0.10009765625 0.5013020833333334 0.2001953125 0.020833333333333332
6 0.25341796875 0.5013020833333334 0.1083984375 0.020833333333333332
7 0.4228515625 0.5013020833333334 0.232421875 0.020833333333333332
6 0.296875 0.5169270833333334 0.59375 0.052083333333333336
7 0.6787109375 0.09635416666666667 0.0390625 0.046875
0 0.67919921875 0.09635416666666667 0.0400390625 0.046875
2 0.904296875 0.220703125 0.19140625 0.048177083333333336
7 0.97509765625 0.2923177083333333 0.0498046875 0.032552083333333336
0 0.904296875 0.2923177083333333 0.19140625 0.05859375
7 0.89794921875 0.3600260416666667 0.0712890625 0.024739583333333332
0 0.89208984375 0.3600260416666667 0.1083984375 0.040364583333333336
7 0.99169921875 0.3600260416666667 0.0166015625 0.024739583333333332
0 0.9765625 0.3600260416666667 0.046875 0.040364583333333336
7 0.82958984375 0.537109375 0.3408203125 0.06380208333333333
7 0.32958984375 0.6197916666666666 0.6591796875 0.1015625
0 0.4248046875 0.7649739583333334 0.197265625 0.05859375
2 0.1484375 0.9830729166666666 0.248046875 0.026041666666666668
2 0.4248046875 0.9830729166666666 0.248046875 0.026041666666666668
2 0.6181640625 0.9830729166666666 0.08203125 0.026041666666666668
3 0.951171875 0.7845052083333334 0.09765625 0.4309895833333333
7 0.767578125 0.66015625 0.216796875 0.059895833333333336
7 0.76416015625 0.6998697916666666 0.2099609375 0.05859375