3 0.37353515625 0.06901041666666667 0.5927734375 0.1171875
7 0.0830078125 0.15299479166666666 0.166015625 0.02734375
4 0.12890625 0.20833333333333334 0.2578125 0.0625
0 0.140625 0.21875 0.28125 0.10416666666666667
2 0.5419921875 0.15690104166666666 0.17578125 0.014322916666666666
7 0.5419921875 0.20182291666666666 0.17578125 0.0625
4 0.41748046875 0.18880208333333334 0.0595703125 0.078125
4 0.6572265625 0.18880208333333334 0.025390625 0.078125
7 0.0361328125 0.310546875 0.072265625 0.016927083333333332
0 0.0400390625 0.294921875 0.080078125 0.048177083333333336
7 0.10791015625 0.310546875 0.0400390625 0.016927083333333332
0 0.10791015625 0.294921875 0.0556640625 0.048177083333333336
7 0.1689453125 0.310546875 0.05078125 0.016927083333333332
0 0.1689453125 0.294921875 0.06640625 0.048177083333333336
7 0.2294921875 0.310546875 0.0390625 0.016927083333333332
0 0.2294921875 0.294921875 0.0546875 0.048177083333333336
7 0.29638671875 0.310546875 0.0634765625 0.016927083333333332
0 0.29638671875 0.294921875 0.0791015625 0.048177083333333336
7 0.3671875 0.310546875 0.046875 0.016927083333333332
0 0.3671875 0.294921875 0.0625 0.048177083333333336
7 0.43408203125 0.310546875 0.0556640625 0.016927083333333332
0 0.43408203125 0.294921875 0.0712890625 0.048177083333333336
7 0.49462890625 0.310546875 0.0341796875 0.016927083333333332
0 0.49462890625 0.294921875 0.0498046875 0.048177083333333336
7 0.54052734375 0.310546875 0.0263671875 0.016927083333333332
0 0.54052734375 0.294921875 0.0419921875 0.048177083333333336
7 0.5869140625 0.310546875 0.03515625 0.016927083333333332
0 0.5869140625 0.294921875 0.05078125 0.048177083333333336
7 0.64208984375 0.310546875 0.0439453125 0.016927083333333332
0 0.64111328125 0.294921875 0.0576171875 0.048177083333333336
4 0.609375 0.310546875 0.01171875 0.016927083333333332
0 0.60888671875 0.294921875 0.0439453125 0.048177083333333336
7 0.658203125 0.3020833333333333 0.0234375 0.020833333333333332
2 0.8349609375 0.14322916666666666 0.330078125 0.09114583333333333
2 0.8349609375 0.22526041666666666 0.330078125 0.046875
7 0.8349609375 0.2838541666666667 0.330078125 0.0703125
2 0.5498046875 0.4700520833333333 0.240234375 0.10416666666666667
4 0.4619140625 0.576171875 0.0234375 0.032552083333333336
0 0.5498046875 0.5755208333333334 0.240234375 0.0625
7 0.57666015625 0.5755208333333334 0.1416015625 0.03125
7 0.576171875 0.66015625 0.12890625 0.03125
0 0.5498046875 0.66015625 0.240234375 0.0625
7 0.5107421875 0.7265625 0.162109375 0.020833333333333332
7 0.6298828125 0.7265625 0.0390625 0.020833333333333332
4 0.66064453125 0.7265625 0.0166015625 0.020833333333333332
7 0.52587890625 0.775390625 0.1923828125 0.01953125
6 0.64599609375 0.775390625 0.0478515625 0.01953125
7 0.44091796875 0.798828125 0.0224609375 0.01953125
6 0.48876953125 0.798828125 0.0732421875 0.01953125
7 0.52685546875 0.798828125 0.0048828125 0.01953125
4 0.8349609375 0.6373697916666666 0.330078125 0.4778645833333333
0 0.8349609375 0.6373697916666666 0.330078125 0.4778645833333333