7 0.34375 0.024088541666666668 0.19140625 0.048177083333333336
0 0.18408203125 0.2526041666666667 0.2685546875 0.2526041666666667
4 0.18359375 0.2526041666666667 0.267578125 0.2526041666666667
4 0.63720703125 0.029296875 0.0322265625 0.04296875
4 0.45849609375 0.12760416666666666 0.0380859375 0.020833333333333332
4 0.57958984375 0.12760416666666666 0.0517578125 0.020833333333333332
4 0.70556640625 0.12760416666666666 0.0400390625 0.020833333333333332
4 0.83251953125 0.12760416666666666 0.0693359375 0.020833333333333332
4 0.95947265625 0.12760416666666666 0.0341796875 0.020833333333333332
4 0.455078125 0.3072916666666667 0.03125 0.020833333333333332
4 0.57958984375 0.3072916666666667 0.0517578125 0.020833333333333332
4 0.7060546875 0.3072916666666667 0.046875 0.020833333333333332
4 0.83251953125 0.3072916666666667 0.0712890625 0.020833333333333332
4 0.9599609375 0.3072916666666667 0.068359375 0.020833333333333332
3 0.697265625 0.177734375 0.515625 0.35546875
0 0.2197265625 0.39453125 0.439453125 0.03125
7 0.11474609375 0.4322916666666667 0.0791015625 0.015625
0 0.12060546875 0.4322916666666667 0.0908203125 0.028645833333333332
7 0.21875 0.4322916666666667 0.068359375 0.018229166666666668
6 0.30419921875 0.4401041666666667 0.0654296875 0.018229166666666668
6 0.37060546875 0.4401041666666667 0.0302734375 0.018229166666666668
0 0.02490234375 0.4694010416666667 0.0498046875 0.03515625
0 0.087890625 0.4694010416666667 0.07421875 0.03515625
0 0.16259765625 0.4694010416666667 0.0732421875 0.03515625
0 0.2236328125 0.4694010416666667 0.046875 0.03515625
0 0.2822265625 0.4694010416666667 0.068359375 0.03515625
0 0.35009765625 0.4694010416666667 0.0654296875 0.03515625
0 0.41162109375 0.4694010416666667 0.0556640625 0.03515625
0 0.0107421875 0.53515625 0.021484375 0.03125
0 0.09033203125 0.53515625 0.1240234375 0.03125
0 0.22998046875 0.53515625 0.1416015625 0.03125
0 0.37353515625 0.53515625 0.1318359375 0.03125
0 0.03271484375 0.576171875 0.0654296875 0.029947916666666668
0 0.13330078125 0.576171875 0.1220703125 0.029947916666666668
0 0.25146484375 0.576171875 0.1005859375 0.029947916666666668
0 0.3740234375 0.576171875 0.130859375 0.029947916666666668
7 0.2158203125 0.65625 0.431640625 0.018229166666666668
3 0.2197265625 0.7838541666666666 0.439453125 0.1171875
7 0.2197265625 0.8541666666666666 0.439453125 0.0234375
4 0.1923828125 0.953125 0.37109375 0.09375
0 0.1923828125 0.953125 0.37109375 0.09375
7 0.40576171875 0.9166666666666666 0.0185546875 0.020833333333333332
7 0.43359375 0.9166666666666666 0.01171875 0.020833333333333332
4 0.47802734375 0.4440104166666667 0.0771484375 0.0546875
0 0.47802734375 0.4440104166666667 0.0771484375 0.0546875
6 0.58935546875 0.453125 0.0673828125 0.03125
6 0.67724609375 0.453125 0.0771484375 0.03125
2 0.7197265625 0.5924479166666666 0.560546875 0.07291666666666667
1 0.7197265625 0.6966145833333334 0.560546875 0.052083333333333336
2 0.7197265625 0.85546875 0.560546875 0.036458333333333336
7 0.7197265625 0.9029947916666666 0.560546875 0.032552083333333336
4 0.4697265625 0.9928385416666666 0.046875 0.014322916666666666
4 0.88525390625 0.9928385416666666 0.0478515625 0.014322916666666666