4 0.2548828125 0.349609375 0.509765625 0.69921875
4 0.7548828125 0.166015625 0.490234375 0.33203125
2 0.7548828125 0.361328125 0.490234375 0.05859375
7 0.748046875 0.4192708333333333 0.296875 0.036458333333333336
0 0.748046875 0.52734375 0.21875 0.07552083333333333
0 0.748046875 0.52734375 0.21875 0.09635416666666667
7 0.748046875 0.6744791666666666 0.4296875 0.03125
6 0.05615234375 0.8424479166666666 0.0888671875 0.028645833333333332
6 0.22802734375 0.8424479166666666 0.2119140625 0.028645833333333332
6 0.37646484375 0.8424479166666666 0.0419921875 0.028645833333333332
1 0.4638671875 0.84375 0.091796875 0.03125
4 0.404296875 0.71484375 0.01953125 0.026041666666666668
4 0.44970703125 0.71484375 0.0205078125 0.026041666666666668
4 0.49462890625 0.71484375 0.0205078125 0.026041666666666668
3 0.2548828125 0.9680989583333334 0.509765625 0.06380208333333333
4 0.74755859375 0.8411458333333334 0.1845703125 0.1640625
0 0.74755859375 0.8795572916666666 0.1845703125 0.24088541666666666
7 0.90576171875 0.7786458333333334 0.1025390625 0.0390625
6 0.92724609375 0.8489583333333334 0.1455078125 0.09375
6 0.92724609375 0.9466145833333334 0.1455078125 0.046875
7 0.9072265625 0.998046875 0.10546875 0.00390625