4 0.21484375 0.33984375 0.4296875 0.6796875
0 0.6962890625 0.059895833333333336 0.408203125 0.028645833333333332
0 0.52001953125 0.10611979166666667 0.0556640625 0.05078125
0 0.51123046875 0.15625 0.0380859375 0.052083333333333336
0 0.546875 0.20638020833333334 0.109375 0.05078125
0 0.5576171875 0.255859375 0.130859375 0.05078125
0 0.55615234375 0.3053385416666667 0.1279296875 0.05078125
0 0.9658203125 0.10611979166666667 0.068359375 0.05078125
0 0.9658203125 0.15625 0.068359375 0.052083333333333336
0 0.9658203125 0.20638020833333334 0.068359375 0.05078125
0 0.95703125 0.255859375 0.05078125 0.05078125
0 0.9658203125 0.3053385416666667 0.068359375 0.05078125
0 0.9658203125 0.3548177083333333 0.068359375 0.05078125
0 0.953125 0.4049479166666667 0.04296875 0.052083333333333336
0 0.6962890625 0.537109375 0.408203125 0.029947916666666668
0 0.59521484375 0.5833333333333334 0.2060546875 0.052083333333333336
0 0.52001953125 0.6334635416666666 0.0556640625 0.05078125
0 0.51708984375 0.6686197916666666 0.0498046875 0.022135416666666668
0 0.9658203125 0.5833333333333334 0.068359375 0.052083333333333336
0 0.9658203125 0.6334635416666666 0.068359375 0.05078125
0 0.9658203125 0.6686197916666666 0.068359375 0.022135416666666668
4 0.564453125 0.04296875 0.146484375 0.0859375
0 0.564453125 0.06901041666666667 0.234375 0.13802083333333334
7 0.564453125 0.10546875 0.234375 0.026041666666666668
4 0.798828125 0.04296875 0.107421875 0.0859375
0 0.798828125 0.06901041666666667 0.234375 0.13802083333333334
7 0.798828125 0.10546875 0.234375 0.026041666666666668
0 0.9580078125 0.06901041666666667 0.083984375 0.13802083333333334
7 0.9580078125 0.10546875 0.083984375 0.026041666666666668
2 0.6767578125 0.173828125 0.17578125 0.022135416666666668
4 0.6767578125 0.390625 0.427734375 0.3619791666666667
0 0.6767578125 0.4388020833333333 0.427734375 0.4583333333333333
6 0.6767578125 0.5983072916666666 0.427734375 0.022135416666666668
7 0.6767578125 0.6256510416666666 0.427734375 0.03515625
1 0.09033203125 0.7200520833333334 0.1806640625 0.046875
4 0.16259765625 0.7200520833333334 0.0205078125 0.026041666666666668
0 0.16259765625 0.7200520833333334 0.0361328125 0.046875
4 0.259765625 0.72265625 0.03125 0.041666666666666664
0 0.259765625 0.734375 0.03125 0.020833333333333332
0 0.3193359375 0.7200520833333334 0.04296875 0.0234375
7 0.39892578125 0.7200520833333334 0.0498046875 0.020833333333333332
0 0.38916015625 0.7200520833333334 0.0810546875 0.046875
4 0.21484375 0.83984375 0.4296875 0.3203125
7 0.1181640625 0.7942708333333334 0.236328125 0.044270833333333336
0 0.31982421875 0.8365885416666666 0.1103515625 0.022135416666666668
7 0.0830078125 0.9713541666666666 0.083984375 0.041666666666666664
0 0.0830078125 0.9322916666666666 0.107421875 0.13541666666666666
7 0.2021484375 0.9713541666666666 0.083984375 0.041666666666666664
0 0.2021484375 0.9322916666666666 0.107421875 0.13541666666666666
7 0.3212890625 0.9713541666666666 0.083984375 0.041666666666666664
0 0.3212890625 0.9322916666666666 0.107421875 0.13541666666666666
6 0.44287109375 0.88671875 0.0263671875 0.03125
4 0.54833984375 0.796875 0.2373046875 0.2265625
0 0.54833984375 0.796875 0.2373046875 0.2265625
2 0.53515625 0.9609375 0.2109375 0.078125
6 0.724609375 0.9700520833333334 0.029296875 0.03125
4 0.84765625 0.8385416666666666 0.3046875 0.3098958333333333
0 0.84765625 0.8385416666666666 0.3046875 0.3098958333333333