4 0.21240234375 0.14583333333333334 0.4248046875 0.2916666666666667
0 0.21240234375 0.14583333333333334 0.4248046875 0.2916666666666667
7 0.392578125 0.3046875 0.064453125 0.010416666666666666
2 0.1826171875 0.3528645833333333 0.328125 0.0546875
7 0.19677734375 0.4348958333333333 0.3935546875 0.0703125
2 0.49755859375 0.07421875 0.0830078125 0.0546875
6 0.49755859375 0.13346354166666666 0.0830078125 0.016927083333333332
2 0.49755859375 0.20442708333333334 0.0830078125 0.0234375
6 0.49755859375 0.248046875 0.0830078125 0.016927083333333332
2 0.49755859375 0.3346354166666667 0.0830078125 0.0546875
6 0.49755859375 0.3938802083333333 0.0830078125 0.016927083333333332
7 0.6240234375 0.138671875 0.052734375 0.016927083333333332
7 0.638671875 0.20247395833333334 0.08203125 0.03515625
2 0.798828125 0.3736979166666667 0.40234375 0.23177083333333334
4 0.76953125 0.24479166666666666 0.4609375 0.4895833333333333
4 0.76953125 0.24479166666666666 0.4609375 0.4895833333333333
2 0.32568359375 0.548828125 0.4111328125 0.048177083333333336
7 0.33740234375 0.6204427083333334 0.1513671875 0.032552083333333336
0 0.32568359375 0.6204427083333334 0.4111328125 0.05859375
7 0.20947265625 0.6881510416666666 0.0712890625 0.024739583333333332
0 0.20361328125 0.6881510416666666 0.1083984375 0.040364583333333336
7 0.3212890625 0.6881510416666666 0.052734375 0.024739583333333332
0 0.3125 0.6881510416666666 0.095703125 0.040364583333333336
7 0.4404296875 0.6881510416666666 0.087890625 0.024739583333333332
0 0.43212890625 0.6881510416666666 0.1298828125 0.040364583333333336
7 0.2578125 0.8717447916666666 0.515625 0.07682291666666667
6 0.369140625 0.94921875 0.060546875 0.026041666666666668
7 0.40380859375 0.94921875 0.0107421875 0.026041666666666668
6 0.455078125 0.94921875 0.09375 0.026041666666666668
2 0.7822265625 0.5305989583333334 0.435546875 0.08203125
2 0.82568359375 0.6041666666666666 0.3486328125 0.0390625
1 0.88232421875 0.6686197916666666 0.2353515625 0.03515625
7 0.87646484375 0.71875 0.2470703125 0.028645833333333332
4 0.7158203125 0.9440104166666666 0.17578125 0.11197916666666667
0 0.7158203125 0.9440104166666666 0.21484375 0.11197916666666667
4 0.92138671875 0.9440104166666666 0.1572265625 0.11197916666666667
0 0.91162109375 0.9440104166666666 0.1767578125 0.11197916666666667