4 0.13525390625 0.23893229166666666 0.2705078125 0.36328125
0 0.13525390625 0.23893229166666666 0.2705078125 0.36328125
7 0.23828125 0.43359375 0.064453125 0.010416666666666666
2 0.3505859375 0.07291666666666667 0.09765625 0.0234375
6 0.34716796875 0.11653645833333333 0.0908203125 0.016927083333333332
2 0.3505859375 0.203125 0.09765625 0.0546875
6 0.3505859375 0.2623697916666667 0.09765625 0.016927083333333332
2 0.3505859375 0.3333333333333333 0.09765625 0.0234375
6 0.34375 0.376953125 0.083984375 0.016927083333333332
4 0.4208984375 0.016927083333333332 0.0390625 0.033854166666666664
0 0.4208984375 0.016927083333333332 0.0390625 0.033854166666666664
6 0.9658203125 0.010416666666666666 0.04296875 0.020833333333333332
2 0.57275390625 0.20833333333333334 0.2744140625 0.11458333333333333
7 0.57275390625 0.3125 0.2744140625 0.06770833333333333
1 0.591796875 0.4049479166666667 0.3125 0.046875
4 0.91650390625 0.2805989583333333 0.1669921875 0.31640625
6 0.12548828125 0.5944010416666666 0.2314453125 0.15755208333333334
7 0.13134765625 0.677734375 0.0400390625 0.06380208333333333
6 0.34130859375 0.4791666666666667 0.1162109375 0.049479166666666664
7 0.36279296875 0.5143229166666666 0.0693359375 0.0625
6 0.34130859375 0.5364583333333334 0.1162109375 0.049479166666666664
6 0.34130859375 0.59375 0.1162109375 0.049479166666666664
6 0.34130859375 0.6510416666666666 0.1162109375 0.049479166666666664
6 0.34130859375 0.7083333333333334 0.1162109375 0.049479166666666664
4 0.138671875 0.7805989583333334 0.27734375 0.006510416666666667
2 0.138671875 0.8411458333333334 0.27734375 0.0390625
1 0.0849609375 0.8990885416666666 0.169921875 0.05078125
0 0.21630859375 0.8997395833333334 0.0908203125 0.052083333333333336
7 0.041015625 0.9869791666666666 0.08203125 0.015625
6 0.1064453125 0.9869791666666666 0.048828125 0.015625
3 0.35009765625 0.8880208333333334 0.0986328125 0.22395833333333334
3 0.70263671875 0.513671875 0.5947265625 0.14973958333333334
4 0.50390625 0.7415364583333334 0.208984375 0.2799479166666667
0 0.50390625 0.7415364583333334 0.208984375 0.2799479166666667
4 0.81396484375 0.80078125 0.3720703125 0.3984375
2 0.8310546875 0.953125 0.337890625 0.09375