4 0.26953125 0.18359375 0.5390625 0.3671875
2 0.26953125 0.08723958333333333 0.5390625 0.0703125
1 0.18115234375 0.1875 0.3623046875 0.078125
2 0.26953125 0.4752604166666667 0.5390625 0.033854166666666664
4 0.08056640625 0.546875 0.0283203125 0.036458333333333336
4 0.05224609375 0.6165364583333334 0.1044921875 0.19661458333333334
0 0.05224609375 0.6184895833333334 0.1044921875 0.20052083333333334
4 0.05224609375 0.6165364583333334 0.1044921875 0.19661458333333334
4 0.32080078125 0.546875 0.0283203125 0.036458333333333336
4 0.23388671875 0.6165364583333334 0.2216796875 0.19661458333333334
0 0.23388671875 0.6184895833333334 0.2216796875 0.20052083333333334
4 0.23388671875 0.6165364583333334 0.2216796875 0.19661458333333334
4 0.451171875 0.6165364583333334 0.17578125 0.19661458333333334
0 0.451171875 0.6184895833333334 0.17578125 0.20052083333333334
4 0.451171875 0.6165364583333334 0.17578125 0.19661458333333334
2 0.1982421875 0.640625 0.396484375 0.044270833333333336
7 0.1982421875 0.6940104166666666 0.396484375 0.049479166666666664
2 0.76953125 0.20703125 0.4609375 0.15885416666666666
7 0.76953125 0.3938802083333333 0.4609375 0.13671875
0 0.896484375 0.556640625 0.197265625 0.05859375
0 0.12744140625 0.7376302083333334 0.2548828125 0.037760416666666664
0 0.111328125 0.8782552083333334 0.22265625 0.048177083333333336
0 0.3984375 0.8782552083333334 0.24609375 0.048177083333333336
2 0.26953125 0.982421875 0.5390625 0.03515625
2 0.70751953125 0.767578125 0.3369140625 0.09765625
2 0.7197265625 0.7708333333333334 0.16796875 0.09114583333333333
7 0.69140625 0.9368489583333334 0.3046875 0.12630208333333334
7 0.58837890625 0.9954427083333334 0.0908203125 0.009114583333333334