4 0.15478515625 0.055338541666666664 0.3095703125 0.11067708333333333
0 0.15478515625 0.055338541666666664 0.3095703125 0.11067708333333333
2 0.06640625 0.20768229166666666 0.1328125 0.07421875
0 0.0673828125 0.20833333333333334 0.134765625 0.07291666666666667
4 0.2216796875 0.23697916666666666 0.126953125 0.16927083333333334
0 0.2216796875 0.23697916666666666 0.126953125 0.16927083333333334
2 0.0439453125 0.4342447916666667 0.087890625 0.07421875
0 0.0673828125 0.4348958333333333 0.134765625 0.07291666666666667
4 0.2216796875 0.439453125 0.126953125 0.12109375
0 0.2216796875 0.439453125 0.126953125 0.12109375
6 0.6103515625 0.3489583333333333 0.6015625 0.052083333333333336
4 0.63037109375 0.19596354166666666 0.6416015625 0.3919270833333333
2 0.45556640625 0.4479166666666667 0.2919921875 0.020833333333333332
6 0.5927734375 0.447265625 0.013671875 0.01953125
2 0.79345703125 0.4479166666666667 0.3154296875 0.020833333333333332
6 0.7548828125 0.447265625 0.013671875 0.01953125
7 0.76611328125 0.447265625 0.0107421875 0.01953125
6 0.79150390625 0.447265625 0.0419921875 0.01953125
7 0.81640625 0.447265625 0.009765625 0.01953125
6 0.84033203125 0.447265625 0.0400390625 0.01953125
7 0.7734375 0.4694010416666667 0.05078125 0.01953125
6 0.814453125 0.4694010416666667 0.033203125 0.01953125
7 0.84375 0.4694010416666667 0.02734375 0.01953125
6 0.90283203125 0.4694010416666667 0.0927734375 0.01953125
0 0.06201171875 0.75 0.1240234375 0.5
7 0.24072265625 0.626953125 0.1376953125 0.06380208333333333
0 0.21630859375 0.6087239583333334 0.1865234375 0.21744791666666666
0 0.21630859375 0.8580729166666666 0.1865234375 0.2838541666666667
2 0.5380859375 0.5592447916666666 0.37890625 0.11848958333333333
7 0.5380859375 0.7265625 0.37890625 0.19010416666666666
0 0.4658203125 0.884765625 0.234375 0.07421875
7 0.47021484375 0.9381510416666666 0.2431640625 0.032552083333333336
4 0.8681640625 0.6790364583333334 0.263671875 0.3580729166666667