7 0.22802734375 0.013671875 0.1923828125 0.02734375
2 0.177734375 0.050130208333333336 0.08984375 0.016927083333333332
0 0.177734375 0.050130208333333336 0.08984375 0.016927083333333332
4 0.0439453125 0.2864583333333333 0.087890625 0.16666666666666666
0 0.0439453125 0.2864583333333333 0.087890625 0.16666666666666666
2 0.27294921875 0.2584635416666667 0.2529296875 0.07421875
0 0.287109375 0.2591145833333333 0.28125 0.07291666666666667
7 0.20556640625 0.3177083333333333 0.1201171875 0.033854166666666664
2 0.20361328125 0.349609375 0.1142578125 0.016927083333333332
0 0.20361328125 0.349609375 0.1142578125 0.016927083333333332
4 0.5146484375 0.2864583333333333 0.126953125 0.16666666666666666
0 0.5146484375 0.2864583333333333 0.126953125 0.16666666666666666
0 0.794921875 0.18489583333333334 0.41015625 0.3697916666666667
4 0.03662109375 0.4173177083333333 0.0732421875 0.05078125
2 0.13720703125 0.5592447916666666 0.2744140625 0.13671875
7 0.13720703125 0.658203125 0.2744140625 0.06380208333333333
6 0.01708984375 0.767578125 0.0341796875 0.022135416666666668
0 0.03271484375 0.767578125 0.0654296875 0.07421875
6 0.01513671875 0.8359375 0.0302734375 0.020833333333333332
4 0.794921875 0.6907552083333334 0.41015625 0.6184895833333334
2 0.794921875 0.7454427083333334 0.41015625 0.11328125
2 0.794921875 0.8502604166666666 0.41015625 0.041666666666666664
0 0.8134765625 0.9622395833333334 0.265625 0.06770833333333333