0 0.01806640625 0.016927083333333332 0.0361328125 0.033854166666666664
0 0.0634765625 0.016927083333333332 0.0546875 0.033854166666666664
0 0.1318359375 0.016927083333333332 0.08203125 0.033854166666666664
0 0.20654296875 0.016927083333333332 0.0673828125 0.033854166666666664
0 0.26025390625 0.016927083333333332 0.0400390625 0.033854166666666664
0 0.310546875 0.016927083333333332 0.060546875 0.033854166666666664
2 0.294921875 0.3203125 0.58984375 0.5390625
2 0.17041015625 0.21419270833333334 0.3408203125 0.08723958333333333
4 0.2177734375 0.4375 0.435546875 0.3046875
4 0.5224609375 0.25 0.134765625 0.171875
2 0.47802734375 0.3522135416666667 0.0361328125 0.032552083333333336
2 0.52490234375 0.412109375 0.1298828125 0.15234375
2 0.52490234375 0.5638020833333334 0.1298828125 0.052083333333333336
2 0.52490234375 0.5768229166666666 0.1298828125 0.026041666666666668
2 0.2177734375 0.23046875 0.435546875 0.0546875
7 0.197265625 0.3072916666666667 0.39453125 0.09375
0 0.04541015625 0.3841145833333333 0.0908203125 0.028645833333333332
7 0.10986328125 0.3834635416666667 0.0302734375 0.02734375
0 0.1796875 0.3841145833333333 0.1015625 0.028645833333333332
7 0.18798828125 0.3997395833333333 0.3759765625 0.059895833333333336
7 0.2177734375 0.4915364583333333 0.435546875 0.032552083333333336
7 0.2177734375 0.5240885416666666 0.435546875 0.032552083333333336
7 0.2177734375 0.556640625 0.435546875 0.032552083333333336
7 0.2177734375 0.5813802083333334 0.435546875 0.016927083333333332
7 0.2177734375 0.5240885416666666 0.435546875 0.032552083333333336
7 0.2177734375 0.556640625 0.435546875 0.032552083333333336
7 0.2177734375 0.5813802083333334 0.435546875 0.016927083333333332
0 0.03076171875 0.5618489583333334 0.0615234375 0.055989583333333336
0 0.8623046875 0.005859375 0.0390625 0.01171875
7 0.916015625 0.068359375 0.078125 0.022135416666666668
4 0.9755859375 0.068359375 0.0234375 0.032552083333333336
2 0.794921875 0.30859375 0.41015625 0.052083333333333336
1 0.67529296875 0.3997395833333333 0.1708984375 0.0625
2 0.30517578125 0.5970052083333334 0.5693359375 0.014322916666666666
1 0.306640625 0.6588541666666666 0.56640625 0.0546875
7 0.091796875 0.7141927083333334 0.1171875 0.02734375
6 0.1728515625 0.7135416666666666 0.041015625 0.020833333333333332
6 0.21533203125 0.7135416666666666 0.0341796875 0.020833333333333332
6 0.2529296875 0.7135416666666666 0.029296875 0.020833333333333332
6 0.30078125 0.7135416666666666 0.05859375 0.020833333333333332
6 0.36376953125 0.7135416666666666 0.0576171875 0.020833333333333332
6 0.43408203125 0.7135416666666666 0.0732421875 0.020833333333333332
6 0.51123046875 0.7135416666666666 0.0712890625 0.020833333333333332
6 0.5712890625 0.7135416666666666 0.037109375 0.020833333333333332
4 0.04248046875 0.8684895833333334 0.0634765625 0.08333333333333333
0 0.091796875 0.9069010416666666 0.18359375 0.18619791666666666
2 0.0849609375 0.9407552083333334 0.169921875 0.03515625
6 0.0849609375 0.9817708333333334 0.169921875 0.036458333333333336
4 0.3505859375 0.8684895833333334 0.0625 0.08333333333333333
0 0.3505859375 0.9069010416666666 0.28125 0.18619791666666666
2 0.3505859375 0.9407552083333334 0.25390625 0.03515625
6 0.3505859375 0.9817708333333334 0.25390625 0.036458333333333336
2 0.560546875 0.9407552083333334 0.05859375 0.03515625
4 0.62109375 0.6145833333333334 0.0625 0.049479166666666664
0 0.62109375 0.6145833333333334 0.0625 0.049479166666666664
7 0.794921875 0.724609375 0.41015625 0.02734375
2 0.7451171875 0.9322916666666666 0.310546875 0.13541666666666666
4 0.794921875 0.794921875 0.41015625 0.41015625
4 0.76513671875 0.9134114583333334 0.3505859375 0.17317708333333334