4 0.3046875 0.2421875 0.609375 0.46875
2 0.3173828125 0.3782552083333333 0.583984375 0.13151041666666666
7 0.3046875 0.482421875 0.609375 0.014322916666666666
4 0.84716796875 0.14192708333333334 0.3056640625 0.2838541666666667
7 0.7822265625 0.171875 0.345703125 0.0625
0 0.6572265625 0.26953125 0.095703125 0.0703125
0 0.6572265625 0.35546875 0.095703125 0.1015625
0 0.6572265625 0.44140625 0.095703125 0.0703125
0 0.82958984375 0.26953125 0.2509765625 0.0703125
0 0.82958984375 0.33984375 0.2509765625 0.0703125
0 0.82958984375 0.42578125 0.2509765625 0.1015625
0 0.82958984375 0.4830729166666667 0.2509765625 0.013020833333333334
4 0.14013671875 0.54296875 0.2802734375 0.10677083333333333
2 0.14013671875 0.658203125 0.2802734375 0.04296875
7 0.14013671875 0.751953125 0.2802734375 0.09505208333333333
0 0.0927734375 0.8326822916666666 0.185546875 0.048177083333333336
4 0.44921875 0.54296875 0.29296875 0.10677083333333333
2 0.44921875 0.658203125 0.29296875 0.04296875
7 0.44921875 0.751953125 0.29296875 0.09505208333333333
0 0.37548828125 0.8326822916666666 0.1611328125 0.048177083333333336
2 0.3046875 0.974609375 0.609375 0.05078125
2 0.8046875 0.7897135416666666 0.390625 0.055989583333333336
7 0.8046875 0.8763020833333334 0.390625 0.0546875