4 0.0732421875 0.17643229166666666 0.146484375 0.2799479166666667
0 0.0732421875 0.17643229166666666 0.146484375 0.2799479166666667
4 0.3330078125 0.2578125 0.333984375 0.4427083333333333
2 0.35009765625 0.4069010416666667 0.2998046875 0.13151041666666666
7 0.5849609375 0.012369791666666666 0.169921875 0.01953125
7 0.60009765625 0.043619791666666664 0.2001953125 0.01953125
7 0.60302734375 0.07486979166666667 0.2060546875 0.01953125
6 0.51171875 0.13736979166666666 0.0234375 0.01953125
7 0.544921875 0.13736979166666666 0.033203125 0.01953125
7 0.583984375 0.13736979166666666 0.033203125 0.01953125
7 0.6064453125 0.13736979166666666 0.013671875 0.01953125
4 0.81884765625 0.036458333333333336 0.1181640625 0.07291666666666667
0 0.81884765625 0.0390625 0.1181640625 0.078125
2 0.8447265625 0.103515625 0.169921875 0.022135416666666668
0 0.8447265625 0.11588541666666667 0.169921875 0.049479166666666664
2 0.83740234375 0.12825520833333334 0.1552734375 0.022135416666666668
0 0.54248046875 0.18880208333333334 0.0576171875 0.0234375
0 0.60546875 0.18880208333333334 0.04296875 0.0234375
0 0.6650390625 0.18880208333333334 0.05078125 0.0234375
0 0.744140625 0.18880208333333334 0.08203125 0.0234375
0 0.82568359375 0.18880208333333334 0.0537109375 0.0234375
0 0.88427734375 0.18880208333333334 0.0400390625 0.0234375
0 0.931640625 0.18880208333333334 0.029296875 0.0234375
4 0.85888671875 0.23763020833333334 0.0263671875 0.048177083333333336
1 0.69140625 0.23763020833333334 0.3828125 0.048177083333333336
7 0.92138671875 0.23763020833333334 0.0771484375 0.048177083333333336
0 0.92578125 0.23763020833333334 0.0859375 0.048177083333333336
7 0.5126953125 0.28125 0.025390625 0.020833333333333332
7 0.54248046875 0.28125 0.0361328125 0.020833333333333332
2 0.52978515625 0.3424479166666667 0.0458984375 0.0234375
2 0.5712890625 0.3424479166666667 0.037109375 0.0234375
6 0.54150390625 0.375 0.0693359375 0.020833333333333332
2 0.5634765625 0.42578125 0.11328125 0.0234375
7 0.52294921875 0.4635416666666667 0.0322265625 0.03125
6 0.59912109375 0.4583333333333333 0.1064453125 0.020833333333333332
6 0.611328125 0.4739583333333333 0.130859375 0.010416666666666666
2 0.78125 0.3424479166666667 0.041015625 0.0234375
4 0.873046875 0.375 0.224609375 0.020833333333333332
0 0.8056640625 0.3756510416666667 0.08984375 0.022135416666666668
7 0.8017578125 0.3756510416666667 0.08203125 0.022135416666666668
6 0.91845703125 0.3756510416666667 0.1357421875 0.022135416666666668
4 0.873046875 0.40625 0.224609375 0.020833333333333332
0 0.78759765625 0.4069010416666667 0.0537109375 0.022135416666666668
7 0.78369140625 0.4069010416666667 0.0458984375 0.022135416666666668
6 0.900390625 0.4069010416666667 0.171875 0.022135416666666668
4 0.873046875 0.4375 0.224609375 0.020833333333333332
0 0.830078125 0.4381510416666667 0.138671875 0.022135416666666668
7 0.826171875 0.4381510416666667 0.130859375 0.022135416666666668
6 0.94189453125 0.4381510416666667 0.0869140625 0.022135416666666668
4 0.1142578125 0.6236979166666666 0.228515625 0.2890625
0 0.1142578125 0.6236979166666666 0.228515625 0.2890625
7 0.0498046875 0.9244791666666666 0.099609375 0.020833333333333332
6 0.1220703125 0.9739583333333334 0.244140625 0.052083333333333336
7 0.39697265625 0.4967447916666667 0.2060546875 0.02734375
7 0.39697265625 0.5494791666666666 0.2060546875 0.026041666666666668
7 0.39697265625 0.6009114583333334 0.2060546875 0.07942708333333333
0 0.39697265625 0.6009114583333334 0.2060546875 0.07942708333333333
7 0.39697265625 0.6848958333333334 0.2060546875 0.026041666666666668
7 0.39697265625 0.7233072916666666 0.2060546875 0.053385416666666664
0 0.39697265625 0.7233072916666666 0.2060546875 0.053385416666666664
7 0.39697265625 0.7942708333333334 0.2060546875 0.026041666666666668
7 0.39697265625 0.845703125 0.2060546875 0.07942708333333333
0 0.39697265625 0.845703125 0.2060546875 0.07942708333333333
7 0.39697265625 0.9296875 0.2060546875 0.026041666666666668
7 0.39697265625 0.9680989583333334 0.2060546875 0.053385416666666664
0 0.39697265625 0.9680989583333334 0.2060546875 0.053385416666666664
2 0.75 0.9615885416666666 0.5 0.055989583333333336