4 0.27490234375 0.3098958333333333 0.2900390625 0.6197916666666666
2 0.6767578125 0.046223958333333336 0.44921875 0.09244791666666667
7 0.6767578125 0.18619791666666666 0.44921875 0.125
0 0.51318359375 0.3346354166666667 0.1220703125 0.046875
2 0.7587890625 0.4830729166666667 0.076171875 0.052083333333333336
2 0.861328125 0.4830729166666667 0.130859375 0.052083333333333336
2 0.962890625 0.4830729166666667 0.07421875 0.052083333333333336
4 0.55859375 0.6087239583333334 0.0625 0.048177083333333336
0 0.55859375 0.6119791666666666 0.0625 0.0546875
4 0.794921875 0.6028645833333334 0.0625 0.07291666666666667
0 0.794921875 0.6028645833333334 0.0625 0.07291666666666667
4 0.04248046875 0.8619791666666666 0.0849609375 0.18229166666666666
4 0.1591796875 0.8619791666666666 0.13671875 0.18229166666666666
4 0.32666015625 0.8619791666666666 0.1865234375 0.18229166666666666
4 0.56298828125 0.6588541666666666 0.0341796875 0.0390625
7 0.7587890625 0.7109375 0.42578125 0.020833333333333332
7 0.77294921875 0.7942708333333334 0.4541015625 0.09895833333333333
7 0.77294921875 0.8763020833333334 0.4541015625 0.020833333333333332
7 0.77294921875 0.9466145833333334 0.4541015625 0.0703125
6 0.9658203125 0.9713541666666666 0.068359375 0.020833333333333332