4 0.3779296875 0.064453125 0.015625 0.022135416666666668
0 0.01708984375 0.064453125 0.0341796875 0.11848958333333333
0 0.0869140625 0.064453125 0.10546875 0.11848958333333333
0 0.1904296875 0.064453125 0.1015625 0.11848958333333333
7 0.27685546875 0.064453125 0.0478515625 0.02734375
0 0.2861328125 0.064453125 0.08984375 0.11848958333333333
4 0.31201171875 0.064453125 0.0146484375 0.014322916666666666
4 0.09619140625 0.310546875 0.1923828125 0.30078125
0 0.09619140625 0.310546875 0.1923828125 0.30078125
7 0.23974609375 0.17122395833333334 0.0654296875 0.022135416666666668
2 0.30322265625 0.23307291666666666 0.1923828125 0.08854166666666667
7 0.30322265625 0.345703125 0.1923828125 0.12369791666666667
7 0.21728515625 0.4348958333333333 0.0205078125 0.0234375
7 0.28466796875 0.4348958333333333 0.0849609375 0.0234375
2 0.07666015625 0.5442708333333334 0.1533203125 0.026041666666666668
7 0.22802734375 0.5143229166666666 0.0419921875 0.0234375
2 0.30322265625 0.5501302083333334 0.1923828125 0.037760416666666664
7 0.69970703125 0.057291666666666664 0.6005859375 0.11458333333333333
3 0.84619140625 0.341796875 0.3076171875 0.4544270833333333
2 0.11328125 0.6595052083333334 0.2265625 0.18098958333333334
4 0.27001953125 0.7845052083333334 0.2587890625 0.4309895833333333
0 0.0458984375 0.8515625 0.091796875 0.078125
4 0.064453125 0.8515625 0.0234375 0.03125
4 0.064453125 0.96875 0.0234375 0.03125
2 0.69970703125 0.9713541666666666 0.6005859375 0.057291666666666664