7 0.24462890625 0.043619791666666664 0.4892578125 0.08723958333333333
7 0.36669921875 0.00390625 0.0830078125 0.0078125
0 0.37353515625 0.00390625 0.0966796875 0.0078125
7 0.46533203125 0.00390625 0.0478515625 0.0078125
0 0.0498046875 0.055989583333333336 0.0703125 0.059895833333333336
0 0.134765625 0.055989583333333336 0.041015625 0.059895833333333336
0 0.20751953125 0.055989583333333336 0.0458984375 0.059895833333333336
0 0.28515625 0.055989583333333336 0.05078125 0.059895833333333336
0 0.35693359375 0.055989583333333336 0.0341796875 0.059895833333333336
0 0.42822265625 0.055989583333333336 0.0498046875 0.059895833333333336
4 0.11083984375 0.2688802083333333 0.2216796875 0.16015625
0 0.11083984375 0.2688802083333333 0.2216796875 0.16015625
4 0.31298828125 0.2526041666666667 0.1435546875 0.12760416666666666
0 0.31298828125 0.2526041666666667 0.1435546875 0.12760416666666666
7 0.27197265625 0.302734375 0.0615234375 0.02734375
2 0.44189453125 0.2688802083333333 0.0947265625 0.16015625
0 0.44189453125 0.240234375 0.0947265625 0.11067708333333333
6 0.44189453125 0.2506510416666667 0.0947265625 0.08723958333333333
7 0.265625 0.3404947916666667 0.029296875 0.016927083333333332
4 0.28515625 0.3404947916666667 0.005859375 0.01171875
0 0.265625 0.3391927083333333 0.029296875 0.01953125
4 0.31982421875 0.33984375 0.0126953125 0.013020833333333334
2 0.74462890625 0.061197916666666664 0.5107421875 0.12239583333333333
3 0.74462890625 0.17447916666666666 0.5107421875 0.3489583333333333
2 0.4287109375 0.5696614583333334 0.12109375 0.44140625
3 0.4287109375 0.5501302083333334 0.12109375 0.40234375
4 0.1015625 0.9563802083333334 0.021484375 0.08723958333333333
0 0.12060546875 0.927734375 0.0595703125 0.02734375
7 0.1318359375 0.9270833333333334 0.037109375 0.018229166666666668
4 0.2109375 0.9563802083333334 0.021484375 0.08723958333333333
0 0.23193359375 0.927734375 0.0634765625 0.02734375
7 0.24365234375 0.9270833333333334 0.0419921875 0.018229166666666668
4 0.32421875 0.9563802083333334 0.021484375 0.08723958333333333
0 0.333984375 0.927734375 0.041015625 0.02734375
7 0.345703125 0.9270833333333334 0.01953125 0.018229166666666668
4 0.4150390625 0.9563802083333334 0.021484375 0.08723958333333333
0 0.43310546875 0.927734375 0.0576171875 0.02734375
7 0.4443359375 0.9270833333333334 0.03515625 0.018229166666666668
6 0.01806640625 0.9713541666666666 0.0361328125 0.018229166666666668
7 0.041015625 0.9713541666666666 0.00390625 0.018229166666666668
6 0.06884765625 0.9713541666666666 0.0439453125 0.018229166666666668
7 0.0966796875 0.9713541666666666 0.00390625 0.018229166666666668
6 0.1318359375 0.9713541666666666 0.05859375 0.018229166666666668
7 0.1669921875 0.9713541666666666 0.00390625 0.018229166666666668
6 0.19677734375 0.9713541666666666 0.0478515625 0.018229166666666668
7 0.2265625 0.9713541666666666 0.00390625 0.018229166666666668
6 0.25634765625 0.9713541666666666 0.0478515625 0.018229166666666668
7 0.2861328125 0.9713541666666666 0.00390625 0.018229166666666668
6 0.330078125 0.9713541666666666 0.076171875 0.018229166666666668
7 0.375 0.9713541666666666 0.00390625 0.018229166666666668
6 0.40478515625 0.9713541666666666 0.0478515625 0.018229166666666668
7 0.43505859375 0.9713541666666666 0.0048828125 0.018229166666666668
6 0.46484375 0.9713541666666666 0.048828125 0.018229166666666668
7 0.24462890625 0.9928385416666666 0.4892578125 0.014322916666666666
0 0.98876953125 0.36328125 0.0224609375 0.028645833333333332
4 0.53564453125 0.4225260416666667 0.0927734375 0.06380208333333333
2 0.58154296875 0.5911458333333334 0.1845703125 0.06510416666666667
2 0.619140625 0.65625 0.259765625 0.06510416666666667
7 0.6494140625 0.76171875 0.3203125 0.11458333333333333
6 0.599609375 0.9375 0.12890625 0.0234375