4 0.27490234375 0.19986979166666666 0.5498046875 0.3997395833333333
0 0.27490234375 0.19986979166666666 0.5498046875 0.3997395833333333
0 0.921875 0.009765625 0.107421875 0.01953125
7 0.6142578125 0.24088541666666666 0.12890625 0.10677083333333333
7 0.70458984375 0.24088541666666666 0.0537109375 0.10677083333333333
2 0.908203125 0.24088541666666666 0.18359375 0.109375
7 0.08154296875 0.5065104166666666 0.1630859375 0.21354166666666666
2 0.27490234375 0.833984375 0.5498046875 0.032552083333333336
4 0.77490234375 0.6061197916666666 0.4501953125 0.4127604166666667
2 0.77490234375 0.5325520833333334 0.4501953125 0.0703125
4 0.7158203125 0.6328125 0.029296875 0.0390625
1 0.8466796875 0.6328125 0.306640625 0.078125
2 0.63330078125 0.8776041666666666 0.1669921875 0.0390625
2 0.77490234375 0.9205729166666666 0.4501953125 0.033854166666666664
4 0.66943359375 0.9869791666666666 0.0283203125 0.026041666666666668
4 0.90966796875 0.9869791666666666 0.0283203125 0.026041666666666668