2 0.18994140625 0.12369791666666667 0.3798828125 0.078125
2 0.18994140625 0.22330729166666666 0.3798828125 0.08463541666666667
0 0.2919921875 0.4283854166666667 0.166015625 0.078125
4 0.18994140625 0.6790364583333334 0.3798828125 0.07942708333333333
7 0.49658203125 0.012369791666666666 0.2333984375 0.022135416666666668
6 0.6513671875 0.012369791666666666 0.076171875 0.022135416666666668
4 0.68994140625 0.3951822916666667 0.6201171875 0.6471354166666666
2 0.46826171875 0.3424479166666667 0.1767578125 0.09114583333333333
7 0.42626953125 0.4381510416666667 0.0927734375 0.07421875
7 0.2998046875 0.828125 0.03125 0.018229166666666668
7 0.361328125 0.828125 0.037109375 0.018229166666666668
2 0.68994140625 0.8444010416666666 0.6201171875 0.08984375
7 0.69775390625 0.9505208333333334 0.6044921875 0.09895833333333333