2 0.23486328125 0.061848958333333336 0.4697265625 0.08463541666666667
0 0.259765625 0.2669270833333333 0.166015625 0.078125
4 0.23486328125 0.5234375 0.4697265625 0.09114583333333333
7 0.77734375 0.024739583333333332 0.041015625 0.049479166666666664
0 0.77734375 0.024739583333333332 0.087890625 0.049479166666666664
7 0.90087890625 0.017578125 0.0732421875 0.024739583333333332
0 0.92041015625 0.025390625 0.1591796875 0.05078125
7 0.96875 0.018229166666666668 0.0625 0.026041666666666668
2 0.51708984375 0.2786458333333333 0.0947265625 0.171875
4 0.79931640625 0.375 0.4013671875 0.3880208333333333
4 0.23486328125 0.6998697916666666 0.4697265625 0.26171875
0 0.23486328125 0.6998697916666666 0.4697265625 0.26171875
6 0.23486328125 0.61328125 0.4697265625 0.07291666666666667
0 0.03271484375 0.6985677083333334 0.0654296875 0.055989583333333336
7 0.23486328125 0.9212239583333334 0.4697265625 0.15755208333333334
0 0.73486328125 0.7122395833333334 0.5302734375 0.2864583333333333
2 0.80517578125 0.712890625 0.3896484375 0.11067708333333333
7 0.859375 0.8001302083333334 0.134765625 0.024739583333333332
4 0.73486328125 0.9583333333333334 0.5302734375 0.08333333333333333
0 0.73486328125 0.9583333333333334 0.5302734375 0.08333333333333333