4 0.30517578125 0.046875 0.5888671875 0.09375
7 0.3017578125 0.13606770833333334 0.15625 0.032552083333333336
6 0.44189453125 0.13606770833333334 0.0966796875 0.032552083333333336
4 0.001953125 0.2721354166666667 0.00390625 0.010416666666666666
7 0.05517578125 0.267578125 0.0576171875 0.032552083333333336
0 0.06005859375 0.267578125 0.0908203125 0.05859375
4 0.08984375 0.2721354166666667 0.0078125 0.010416666666666666
7 0.1494140625 0.267578125 0.06640625 0.032552083333333336
0 0.1552734375 0.267578125 0.1015625 0.05859375
4 0.1904296875 0.2721354166666667 0.0078125 0.010416666666666666
7 0.2705078125 0.267578125 0.107421875 0.032552083333333336
0 0.275390625 0.267578125 0.140625 0.05859375
4 0.330078125 0.2721354166666667 0.0078125 0.010416666666666666
0 0.37451171875 0.267578125 0.0595703125 0.05859375
0 0.4453125 0.267578125 0.083984375 0.05859375
0 0.52978515625 0.267578125 0.0869140625 0.05859375
7 0.591796875 0.267578125 0.015625 0.032552083333333336
0 0.5859375 0.267578125 0.02734375 0.05859375
3 0.2998046875 0.3990885416666667 0.599609375 0.11848958333333333
4 0.1015625 0.5709635416666666 0.203125 0.13671875
0 0.1015625 0.5709635416666666 0.203125 0.13671875
7 0.31494140625 0.5520833333333334 0.1630859375 0.018229166666666668
2 0.3759765625 0.5970052083333334 0.28515625 0.08463541666666667
2 0.65234375 0.03515625 0.10546875 0.026041666666666668
6 0.62939453125 0.119140625 0.0576171875 0.024739583333333332
6 0.72607421875 0.119140625 0.0732421875 0.024739583333333332
6 0.8671875 0.119140625 0.146484375 0.024739583333333332
6 0.98583984375 0.119140625 0.0283203125 0.024739583333333332
7 0.66796875 0.216796875 0.13671875 0.053385416666666664
7 0.66796875 0.31640625 0.13671875 0.0234375
7 0.66796875 0.3463541666666667 0.13671875 0.0234375
7 0.66796875 0.3763020833333333 0.13671875 0.0234375
6 0.623046875 0.455078125 0.046875 0.029947916666666668
0 0.63916015625 0.46484375 0.0791015625 0.07552083333333333
7 0.66796875 0.60546875 0.13671875 0.036458333333333336
4 0.88720703125 0.416015625 0.2255859375 0.4466145833333333
7 0.78125 0.20572916666666666 0.013671875 0.026041666666666668
7 0.7919921875 0.20572916666666666 0.009765625 0.026041666666666668
7 0.00830078125 0.81640625 0.0166015625 0.018229166666666668
2 0.3115234375 0.81640625 0.328125 0.08854166666666667
6 0.05712890625 0.927734375 0.0576171875 0.022135416666666668
6 0.12109375 0.927734375 0.041015625 0.022135416666666668
6 0.1865234375 0.927734375 0.05859375 0.022135416666666668
6 0.25146484375 0.927734375 0.0439453125 0.022135416666666668
6 0.3369140625 0.927734375 0.09765625 0.022135416666666668
6 0.44140625 0.927734375 0.080078125 0.022135416666666668
6 0.5244140625 0.927734375 0.056640625 0.022135416666666668
6 0.58349609375 0.927734375 0.0322265625 0.022135416666666668
2 0.2998046875 0.9876302083333334 0.599609375 0.024739583333333332
4 0.77783203125 0.8098958333333334 0.3564453125 0.3411458333333333