7 0.09423828125 0.046875 0.1884765625 0.052083333333333336
0 0.09912109375 0.046875 0.1982421875 0.052083333333333336
7 0.2705078125 0.046875 0.126953125 0.052083333333333336
0 0.275390625 0.046875 0.13671875 0.052083333333333336
7 0.1220703125 0.09765625 0.244140625 0.028645833333333332
0 0.1357421875 0.09765625 0.271484375 0.0390625
7 0.4287109375 0.09765625 0.255859375 0.028645833333333332
0 0.4375 0.09765625 0.29296875 0.0390625
7 0.67138671875 0.09765625 0.1162109375 0.028645833333333332
0 0.66650390625 0.09765625 0.1259765625 0.0390625
4 0.00634765625 0.15494791666666666 0.0126953125 0.033854166666666664
0 0.00634765625 0.15494791666666666 0.0126953125 0.033854166666666664
7 0.1201171875 0.15494791666666666 0.1953125 0.020833333333333332
4 0.31298828125 0.15494791666666666 0.0244140625 0.033854166666666664
0 0.31298828125 0.15494791666666666 0.0244140625 0.033854166666666664
7 0.4326171875 0.15494791666666666 0.1953125 0.020833333333333332
4 0.623046875 0.15625 0.009765625 0.013020833333333334
7 0.68603515625 0.15625 0.0869140625 0.028645833333333332
4 0.86572265625 0.10481770833333333 0.2685546875 0.20963541666666666
5 0.43798828125 0.24479166666666666 0.0595703125 0.020833333333333332
1 0.60107421875 0.24479166666666666 0.2568359375 0.049479166666666664
7 0.36474609375 0.22916666666666666 0.7294921875 0.018229166666666668
7 0.0537109375 0.40234375 0.107421875 0.028645833333333332
0 0.08544921875 0.40234375 0.1708984375 0.026041666666666668
0 0.08544921875 0.4270833333333333 0.1708984375 0.015625
7 0.08544921875 0.4791666666666667 0.1708984375 0.0390625
7 0.0791015625 0.5299479166666666 0.158203125 0.0234375
7 0.0791015625 0.5651041666666666 0.158203125 0.046875
7 0.0791015625 0.6002604166666666 0.158203125 0.0234375
4 0.142578125 0.6145833333333334 0.0234375 0.03125
7 0.06103515625 0.6751302083333334 0.1220703125 0.022135416666666668
7 0.0791015625 0.7265625 0.158203125 0.0234375
7 0.0791015625 0.75 0.158203125 0.0234375
7 0.0791015625 0.7734375 0.158203125 0.0234375
7 0.0791015625 0.8606770833333334 0.158203125 0.0234375
7 0.0791015625 0.8841145833333334 0.158203125 0.0234375
7 0.0791015625 0.9075520833333334 0.158203125 0.0234375
7 0.009765625 0.9303385416666666 0.01953125 0.01953125
7 0.0791015625 0.9915364583333334 0.158203125 0.016927083333333332
2 0.45751953125 0.3971354166666667 0.5439453125 0.06510416666666667
4 0.42822265625 0.6119791666666666 0.4853515625 0.3645833333333333
0 0.42822265625 0.6119791666666666 0.4853515625 0.3645833333333333
4 0.2080078125 0.4596354166666667 0.03515625 0.046875
7 0.22412109375 0.7701822916666666 0.0615234375 0.03515625
7 0.64453125 0.8014322916666666 0.052734375 0.014322916666666666
2 0.34619140625 0.828125 0.3212890625 0.036458333333333336
0 0.42822265625 0.8287760416666666 0.4853515625 0.037760416666666664
0 0.42822265625 0.8971354166666666 0.4853515625 0.07552083333333333
4 0.71484375 0.4596354166666667 0.029296875 0.046875
2 0.71240234375 0.6334635416666666 0.0341796875 0.08203125
4 0.71484375 0.7337239583333334 0.029296875 0.048177083333333336
7 0.35205078125 0.9908854166666666 0.3623046875 0.018229166666666668
7 0.7529296875 0.23567708333333334 0.046875 0.028645833333333332
0 0.7607421875 0.23697916666666666 0.0625 0.0546875
7 0.8369140625 0.23567708333333334 0.05859375 0.028645833333333332
0 0.8369140625 0.23697916666666666 0.08984375 0.0546875
7 0.92431640625 0.23567708333333334 0.0537109375 0.028645833333333332
0 0.92431640625 0.23697916666666666 0.0849609375 0.0546875
7 0.9912109375 0.23567708333333334 0.017578125 0.028645833333333332
3 0.86474609375 0.3489583333333333 0.2705078125 0.1171875
0 0.765625 0.47265625 0.072265625 0.052083333333333336
0 0.84423828125 0.47265625 0.0810546875 0.052083333333333336
0 0.943359375 0.47265625 0.11328125 0.052083333333333336
7 0.83154296875 0.5364583333333334 0.2041015625 0.0234375
6 0.966796875 0.5364583333333334 0.06640625 0.0234375
2 0.92236328125 0.61328125 0.1044921875 0.028645833333333332
2 0.9091796875 0.7135416666666666 0.181640625 0.1015625
0 0.9091796875 0.7135416666666666 0.181640625 0.12239583333333333
2 0.9091796875 0.8333333333333334 0.181640625 0.09375
0 0.9091796875 0.8333333333333334 0.181640625 0.11458333333333333
2 0.9091796875 0.93359375 0.181640625 0.0625
0 0.9091796875 0.93359375 0.181640625 0.08333333333333333