7 0.2421875 0.07552083333333333 0.484375 0.033854166666666664
7 0.240234375 0.16015625 0.48046875 0.10677083333333333
6 0.1357421875 0.20442708333333334 0.1328125 0.018229166666666668
7 0.20458984375 0.20442708333333334 0.0048828125 0.018229166666666668
7 0.05419921875 0.2682291666666667 0.1083984375 0.052083333333333336
0 0.05908203125 0.2682291666666667 0.1181640625 0.052083333333333336
7 0.1904296875 0.2682291666666667 0.126953125 0.052083333333333336
0 0.1953125 0.2682291666666667 0.13671875 0.052083333333333336
7 0.08203125 0.3190104166666667 0.1640625 0.028645833333333332
0 0.095703125 0.3190104166666667 0.19140625 0.0390625
7 0.3486328125 0.3190104166666667 0.255859375 0.028645833333333332
0 0.357421875 0.3190104166666667 0.29296875 0.0390625
7 0.56640625 0.3190104166666667 0.06640625 0.028645833333333332
0 0.5615234375 0.3190104166666667 0.076171875 0.0390625
7 0.06884765625 0.3763020833333333 0.1376953125 0.020833333333333332
4 0.23291015625 0.3763020833333333 0.0244140625 0.033854166666666664
0 0.23291015625 0.3763020833333333 0.0244140625 0.033854166666666664
7 0.3525390625 0.3763020833333333 0.1953125 0.020833333333333332
4 0.54296875 0.3776041666666667 0.009765625 0.013020833333333334
7 0.5810546875 0.3776041666666667 0.037109375 0.028645833333333332
4 0.79833984375 0.19140625 0.3974609375 0.3828125
2 0.76904296875 0.09049479166666667 0.3388671875 0.18098958333333334
7 0.76416015625 0.22005208333333334 0.3291015625 0.0703125
7 0.80859375 0.330078125 0.064453125 0.01953125
0 0.876953125 0.3307291666666667 0.201171875 0.052083333333333336
7 0.88720703125 0.3307291666666667 0.0732421875 0.0234375
4 0.9580078125 0.3307291666666667 0.0390625 0.052083333333333336
2 0.78466796875 0.083984375 0.3701171875 0.032552083333333336
7 0.7763671875 0.17317708333333334 0.353515625 0.1015625
0 0.8798828125 0.21484375 0.07421875 0.020833333333333332
7 0.91845703125 0.21419270833333334 0.0029296875 0.01953125
0 0.78466796875 0.3092447916666667 0.3701171875 0.07942708333333333
2 0.13427734375 0.5078125 0.2685546875 0.09114583333333333
2 0.16064453125 0.5807291666666666 0.3212890625 0.09114583333333333
4 0.2822265625 0.8515625 0.564453125 0.296875
1 0.7998046875 0.5397135416666666 0.400390625 0.06640625
0 0.6220703125 0.7890625 0.044921875 0.109375
4 0.76513671875 0.7682291666666666 0.0517578125 0.06770833333333333
0 0.76513671875 0.7890625 0.1884765625 0.109375
7 0.7646484375 0.828125 0.052734375 0.026041666666666668
4 0.97705078125 0.7682291666666666 0.0458984375 0.06770833333333333
0 0.94287109375 0.7890625 0.1142578125 0.109375
7 0.974609375 0.828125 0.05078125 0.026041666666666668
0 0.6220703125 0.9348958333333334 0.044921875 0.109375
4 0.76513671875 0.9140625 0.0517578125 0.06770833333333333
0 0.76513671875 0.9348958333333334 0.1884765625 0.109375
7 0.76513671875 0.9739583333333334 0.0341796875 0.026041666666666668
4 0.97705078125 0.9140625 0.0458984375 0.06770833333333333
0 0.94287109375 0.9348958333333334 0.1142578125 0.109375
7 0.96142578125 0.9739583333333334 0.0771484375 0.026041666666666668