2 0.091796875 0.036458333333333336 0.18359375 0.033854166666666664
2 0.091796875 0.2747395833333333 0.18359375 0.033854166666666664
2 0.091796875 0.4114583333333333 0.18359375 0.033854166666666664
6 0.02734375 0.4466145833333333 0.0546875 0.026041666666666668
6 0.03173828125 0.478515625 0.0634765625 0.022135416666666668
4 0.27099609375 0.020833333333333332 0.1416015625 0.041666666666666664
0 0.27099609375 0.020833333333333332 0.1416015625 0.041666666666666664
4 0.27099609375 0.111328125 0.1416015625 0.14192708333333334
0 0.27099609375 0.111328125 0.1416015625 0.14192708333333334
4 0.38037109375 0.111328125 0.0791015625 0.14192708333333334
0 0.38037109375 0.111328125 0.0791015625 0.14192708333333334
4 0.27099609375 0.2526041666666667 0.1416015625 0.14322916666666666
0 0.27099609375 0.2526041666666667 0.1416015625 0.14322916666666666
4 0.38037109375 0.2526041666666667 0.0791015625 0.14322916666666666
0 0.38037109375 0.2526041666666667 0.0791015625 0.14322916666666666
4 0.27099609375 0.3938802083333333 0.1416015625 0.14192708333333334
0 0.27099609375 0.3938802083333333 0.1416015625 0.14192708333333334
4 0.38037109375 0.3938802083333333 0.0791015625 0.14192708333333334
0 0.38037109375 0.3938802083333333 0.0791015625 0.14192708333333334
4 0.52294921875 0.08333333333333333 0.0205078125 0.026041666666666668
4 0.5517578125 0.08333333333333333 0.01953125 0.026041666666666668
4 0.58056640625 0.08333333333333333 0.0205078125 0.026041666666666668
2 0.58251953125 0.15559895833333334 0.3251953125 0.06640625
2 0.83740234375 0.15559895833333334 0.1884765625 0.06640625
7 0.7099609375 0.220703125 0.580078125 0.03515625
7 0.7099609375 0.2662760416666667 0.580078125 0.03515625
7 0.51611328125 0.3404947916666667 0.1435546875 0.032552083333333336
6 0.62255859375 0.3404947916666667 0.0712890625 0.032552083333333336
7 0.47705078125 0.3821614583333333 0.0595703125 0.032552083333333336
7 0.58154296875 0.3841145833333333 0.1513671875 0.0234375
4 0.2431640625 0.5807291666666666 0.0625 0.08333333333333333
2 0.21044921875 0.7063802083333334 0.4189453125 0.04296875
2 0.2431640625 0.7532552083333334 0.259765625 0.04296875
7 0.2431640625 0.8639322916666666 0.17578125 0.024739583333333332
0 0.2431640625 0.8639322916666666 0.2109375 0.06901041666666667
2 0.7099609375 0.515625 0.580078125 0.052083333333333336
7 0.7099609375 0.5944010416666666 0.580078125 0.06640625
4 0.52197265625 0.7259114583333334 0.2041015625 0.10546875
0 0.52197265625 0.7259114583333334 0.2041015625 0.10546875
4 0.7900390625 0.7259114583333334 0.333984375 0.10546875
0 0.7900390625 0.7259114583333334 0.333984375 0.10546875
4 0.52197265625 0.830078125 0.2041015625 0.10546875
0 0.52197265625 0.830078125 0.2041015625 0.10546875
4 0.7900390625 0.830078125 0.333984375 0.10546875
0 0.7900390625 0.830078125 0.333984375 0.10546875
4 0.52197265625 0.9342447916666666 0.2041015625 0.10546875
0 0.52197265625 0.9342447916666666 0.2041015625 0.10546875
4 0.7900390625 0.9342447916666666 0.333984375 0.10546875
0 0.7900390625 0.9342447916666666 0.333984375 0.10546875