4 0.09033203125 0.048177083333333336 0.1416015625 0.09635416666666667
0 0.09033203125 0.048177083333333336 0.1416015625 0.09635416666666667
4 0.2314453125 0.048177083333333336 0.142578125 0.09635416666666667
0 0.2314453125 0.048177083333333336 0.142578125 0.09635416666666667
4 0.373046875 0.048177083333333336 0.142578125 0.09635416666666667
0 0.373046875 0.048177083333333336 0.142578125 0.09635416666666667
4 0.4765625 0.048177083333333336 0.06640625 0.09635416666666667
0 0.4765625 0.048177083333333336 0.06640625 0.09635416666666667
4 0.09033203125 0.16666666666666666 0.1416015625 0.14322916666666666
0 0.09033203125 0.16666666666666666 0.1416015625 0.14322916666666666
4 0.2314453125 0.16666666666666666 0.142578125 0.14322916666666666
0 0.2314453125 0.16666666666666666 0.142578125 0.14322916666666666
4 0.373046875 0.16666666666666666 0.142578125 0.14322916666666666
0 0.373046875 0.16666666666666666 0.142578125 0.14322916666666666
4 0.4765625 0.16666666666666666 0.06640625 0.14322916666666666
0 0.4765625 0.16666666666666666 0.06640625 0.14322916666666666
4 0.09033203125 0.3079427083333333 0.1416015625 0.14192708333333334
0 0.09033203125 0.3079427083333333 0.1416015625 0.14192708333333334
4 0.2314453125 0.3079427083333333 0.142578125 0.14192708333333334
0 0.2314453125 0.3079427083333333 0.142578125 0.14192708333333334
4 0.373046875 0.3079427083333333 0.142578125 0.14192708333333334
0 0.373046875 0.3079427083333333 0.142578125 0.14192708333333334
4 0.4765625 0.3079427083333333 0.06640625 0.14192708333333334
0 0.4765625 0.3079427083333333 0.06640625 0.14192708333333334
4 0.09033203125 0.44921875 0.1416015625 0.14322916666666666
0 0.09033203125 0.44921875 0.1416015625 0.14322916666666666
4 0.2314453125 0.44921875 0.142578125 0.14322916666666666
0 0.2314453125 0.44921875 0.142578125 0.14322916666666666
4 0.373046875 0.44921875 0.142578125 0.14322916666666666
0 0.373046875 0.44921875 0.142578125 0.14322916666666666
4 0.4765625 0.44921875 0.06640625 0.14322916666666666
0 0.4765625 0.44921875 0.06640625 0.14322916666666666
0 0.72900390625 0.029296875 0.2822265625 0.05859375
1 0.96923828125 0.15104166666666666 0.0615234375 0.052083333333333336
7 0.52392578125 0.23828125 0.0283203125 0.026041666666666668
0 0.53173828125 0.23828125 0.0439453125 0.06770833333333333
7 0.70654296875 0.23828125 0.1259765625 0.026041666666666668
0 0.70654296875 0.23828125 0.1572265625 0.06770833333333333
7 0.92041015625 0.23828125 0.0908203125 0.026041666666666668
0 0.92041015625 0.23828125 0.1220703125 0.06770833333333333
2 0.7548828125 0.3235677083333333 0.490234375 0.040364583333333336
6 0.56201171875 0.3717447916666667 0.1044921875 0.029947916666666668
2 0.08984375 0.5481770833333334 0.08984375 0.036458333333333336
4 0.2275390625 0.548828125 0.11328125 0.037760416666666664
0 0.2275390625 0.548828125 0.11328125 0.037760416666666664
2 0.33447265625 0.537109375 0.0830078125 0.014322916666666666
2 0.32275390625 0.5546875 0.0595703125 0.0234375
4 0.46484375 0.548828125 0.08984375 0.037760416666666664
0 0.46484375 0.548828125 0.08984375 0.037760416666666664
7 0.2548828125 0.6529947916666666 0.509765625 0.01171875
2 0.2548828125 0.693359375 0.509765625 0.053385416666666664
2 0.2548828125 0.7428385416666666 0.509765625 0.053385416666666664
6 0.2548828125 0.8365885416666666 0.509765625 0.022135416666666668
7 0.16748046875 0.8678385416666666 0.3349609375 0.022135416666666668
7 0.400390625 0.8684895833333334 0.130859375 0.020833333333333332
0 0.23291015625 0.8678385416666666 0.4658203125 0.022135416666666668
7 0.2548828125 0.9381510416666666 0.509765625 0.01171875
2 0.2548828125 0.978515625 0.509765625 0.04296875
0 0.642578125 0.5481770833333334 0.029296875 0.03125
0 0.75537109375 0.5481770833333334 0.1494140625 0.03125
0 0.90478515625 0.5481770833333334 0.1025390625 0.03125
0 0.98974609375 0.5481770833333334 0.0205078125 0.03125
2 0.77685546875 0.6705729166666666 0.4462890625 0.0234375
4 0.77685546875 0.8528645833333334 0.4462890625 0.2942708333333333
0 0.77685546875 0.8528645833333334 0.4462890625 0.2942708333333333