4 0.01611328125 0.08072916666666667 0.0322265625 0.07291666666666667
0 0.2548828125 0.08072916666666667 0.509765625 0.07291666666666667
2 0.7548828125 0.016927083333333332 0.490234375 0.033854166666666664
2 0.7548828125 0.09440104166666667 0.490234375 0.08463541666666667
0 0.763671875 0.2994791666666667 0.166015625 0.078125
7 0.029296875 0.3958333333333333 0.05859375 0.0234375
7 0.1142578125 0.3958333333333333 0.041015625 0.0234375
7 0.216796875 0.3958333333333333 0.09375 0.0234375
4 0.353515625 0.4016927083333333 0.115234375 0.045572916666666664
0 0.353515625 0.4108072916666667 0.115234375 0.06380208333333333
2 0.2548828125 0.6328125 0.509765625 0.09895833333333333
7 0.2548828125 0.71875 0.509765625 0.052083333333333336
0 0.353515625 0.8489583333333334 0.14453125 0.0625
7 0.55810546875 0.46875 0.0966796875 0.10416666666666667
0 0.55810546875 0.46875 0.0966796875 0.10416666666666667
7 0.669921875 0.46875 0.109375 0.10416666666666667
0 0.669921875 0.46875 0.109375 0.10416666666666667
7 0.7890625 0.46875 0.109375 0.10416666666666667
0 0.7890625 0.46875 0.109375 0.10416666666666667
7 0.90771484375 0.46875 0.1103515625 0.10416666666666667
0 0.90771484375 0.46875 0.1103515625 0.10416666666666667
7 0.98583984375 0.46875 0.0283203125 0.10416666666666667
0 0.98583984375 0.46875 0.0283203125 0.10416666666666667
3 0.7548828125 0.6067708333333334 0.490234375 0.1171875
6 0.61376953125 0.5748697916666666 0.1865234375 0.03515625
0 0.7548828125 0.6067708333333334 0.490234375 0.1171875
7 0.59619140625 0.6061197916666666 0.1513671875 0.03515625
6 0.68798828125 0.6061197916666666 0.0322265625 0.03515625
7 0.69921875 0.6217447916666666 0.357421875 0.06640625
0 0.68408203125 0.716796875 0.0615234375 0.024739583333333332
0 0.61181640625 0.7565104166666666 0.2001953125 0.0234375
0 0.61181640625 0.7799479166666666 0.2001953125 0.0234375
0 0.61181640625 0.8033854166666666 0.2001953125 0.0234375
0 0.61181640625 0.8268229166666666 0.2001953125 0.0234375
0 0.61181640625 0.8502604166666666 0.2001953125 0.0234375
6 0.8115234375 0.71875 0.130859375 0.036458333333333336
7 0.7578125 0.7565104166666666 0.0234375 0.0234375
0 0.87548828125 0.7565104166666666 0.1923828125 0.0234375
7 0.7578125 0.7799479166666666 0.0234375 0.0234375
0 0.87548828125 0.7799479166666666 0.1923828125 0.0234375
7 0.7578125 0.8033854166666666 0.0234375 0.0234375
0 0.87548828125 0.8033854166666666 0.1923828125 0.0234375
7 0.7578125 0.8268229166666666 0.0234375 0.0234375
0 0.87548828125 0.8268229166666666 0.1923828125 0.0234375
7 0.7578125 0.8502604166666666 0.0234375 0.0234375
0 0.87548828125 0.8502604166666666 0.1923828125 0.0234375
7 0.99072265625 0.7565104166666666 0.0185546875 0.0234375
7 0.99072265625 0.7799479166666666 0.0185546875 0.0234375
7 0.99072265625 0.8033854166666666 0.0185546875 0.0234375
7 0.99072265625 0.8268229166666666 0.0185546875 0.0234375
7 0.99072265625 0.8502604166666666 0.0185546875 0.0234375
4 0.73681640625 0.9440104166666666 0.4541015625 0.11197916666666667
4 0.73681640625 0.9440104166666666 0.4541015625 0.11197916666666667
7 0.640625 0.9251302083333334 0.2578125 0.02734375