4 0.82470703125 0.03125 0.3505859375 0.0625
7 0.7451171875 0.150390625 0.0703125 0.01953125
6 0.8017578125 0.150390625 0.044921875 0.01953125
7 0.8369140625 0.150390625 0.029296875 0.01953125
6 0.87158203125 0.150390625 0.0400390625 0.01953125
6 0.9111328125 0.150390625 0.03515625 0.01953125
7 0.93896484375 0.150390625 0.0224609375 0.01953125
6 0.9638671875 0.150390625 0.029296875 0.01953125
7 0.98095703125 0.150390625 0.0048828125 0.01953125
7 0.7607421875 0.169921875 0.099609375 0.01953125
6 0.837890625 0.169921875 0.05859375 0.01953125
7 0.89892578125 0.169921875 0.0654296875 0.01953125
6 0.95458984375 0.169921875 0.0478515625 0.01953125
7 0.98095703125 0.169921875 0.0048828125 0.01953125
4 0.68603515625 0.3880208333333333 0.0732421875 0.12239583333333333
4 0.97900390625 0.2916666666666667 0.0302734375 0.0390625
6 0.9208984375 0.2838541666666667 0.078125 0.020833333333333332
6 0.7958984375 0.3372395833333333 0.064453125 0.020833333333333332
7 0.84716796875 0.3372395833333333 0.0400390625 0.020833333333333332
6 0.90283203125 0.3372395833333333 0.0732421875 0.020833333333333332
7 0.9541015625 0.3372395833333333 0.03125 0.020833333333333332
6 0.78125 0.3658854166666667 0.03515625 0.020833333333333332
7 0.81298828125 0.3658854166666667 0.0302734375 0.020833333333333332
6 0.86279296875 0.3658854166666667 0.0712890625 0.020833333333333332
7 0.873046875 0.40234375 0.21875 0.09375
0 0.685546875 0.036458333333333336 0.072265625 0.052083333333333336
0 0.76318359375 0.036458333333333336 0.0849609375 0.052083333333333336
1 0.90625 0.0390625 0.1875 0.036458333333333336
1 0.994140625 0.0390625 0.01171875 0.033854166666666664
1 0.994140625 0.0390625 0.01171875 0.033854166666666664
2 0.0546875 0.4967447916666667 0.07421875 0.022135416666666668
0 0.07373046875 0.4973958333333333 0.1474609375 0.057291666666666664
2 0.234375 0.4967447916666667 0.08984375 0.022135416666666668
0 0.24560546875 0.4973958333333333 0.1787109375 0.057291666666666664
2 0.40478515625 0.4967447916666667 0.0556640625 0.022135416666666668
0 0.416015625 0.4973958333333333 0.14453125 0.057291666666666664
2 0.55810546875 0.4967447916666667 0.0556640625 0.022135416666666668
0 0.5693359375 0.4973958333333333 0.14453125 0.057291666666666664
3 0.37158203125 0.5963541666666666 0.5556640625 0.1171875
6 0.05517578125 0.697265625 0.1103515625 0.022135416666666668
4 0.14697265625 0.6979166666666666 0.0302734375 0.0390625
0 0.23388671875 0.6959635416666666 0.1376953125 0.022135416666666668
7 0.2216796875 0.6959635416666666 0.11328125 0.022135416666666668
7 0.2900390625 0.6959635416666666 0.025390625 0.022135416666666668
0 0.32080078125 0.697265625 0.0185546875 0.024739583333333332
2 0.4365234375 0.697265625 0.150390625 0.022135416666666668
6 0.57177734375 0.697265625 0.0361328125 0.022135416666666668
6 0.6298828125 0.697265625 0.0390625 0.022135416666666668
2 0.06005859375 0.7740885416666666 0.0869140625 0.022135416666666668
4 0.1455078125 0.8671875 0.291015625 0.265625
0 0.14599609375 0.8671875 0.2919921875 0.265625
4 0.443359375 0.8424479166666666 0.3046875 0.21614583333333334
0 0.443359375 0.8430989583333334 0.3046875 0.21744791666666666
7 0.42333984375 0.8932291666666666 0.2255859375 0.0703125
7 0.50244140625 0.9147135416666666 0.0380859375 0.01953125
4 0.443359375 0.9759114583333334 0.3046875 0.048177083333333336
0 0.443359375 0.9759114583333334 0.3046875 0.048177083333333336
2 0.63671875 0.7740885416666666 0.025390625 0.022135416666666668
6 0.669921875 0.642578125 0.041015625 0.024739583333333332
6 0.763671875 0.642578125 0.048828125 0.024739583333333332
6 0.9052734375 0.642578125 0.13671875 0.024739583333333332
4 0.82470703125 0.83984375 0.3505859375 0.3203125