4 0.20458984375 0.23958333333333334 0.4091796875 0.4791666666666667
2 0.20458984375 0.232421875 0.4091796875 0.12109375
2 0.23876953125 0.2610677083333333 0.3408203125 0.06380208333333333
1 0.15087890625 0.380859375 0.2978515625 0.06640625
1 0.3544921875 0.380859375 0.109375 0.06640625
2 0.64697265625 0.193359375 0.4755859375 0.2747395833333333
7 0.64697265625 0.4251302083333333 0.4755859375 0.10807291666666667
4 0.94189453125 0.2565104166666667 0.1162109375 0.4453125
3 0.27294921875 0.546875 0.2724609375 0.1171875
7 0.08740234375 0.6171875 0.1591796875 0.0234375
4 0.021484375 0.6614583333333334 0.025390625 0.033854166666666664
7 0.0615234375 0.6614583333333334 0.03125 0.0390625
7 0.134765625 0.6614583333333334 0.09765625 0.06510416666666667
1 0.3291015625 0.6614583333333334 0.16015625 0.033854166666666664
4 0.05859375 0.7298177083333334 0.103515625 0.032552083333333336
7 0.1396484375 0.7298177083333334 0.029296875 0.040364583333333336
0 0.18505859375 0.7298177083333334 0.1494140625 0.07161458333333333
7 0.20458984375 0.7298177083333334 0.0810546875 0.040364583333333336
2 0.052734375 0.8092447916666666 0.0390625 0.029947916666666668
2 0.181640625 0.8092447916666666 0.21875 0.029947916666666668
4 0.1953125 0.9212239583333334 0.32421875 0.15755208333333334
0 0.205078125 0.9212239583333334 0.34375 0.15755208333333334
1 0.77099609375 0.5755208333333334 0.4580078125 0.059895833333333336
2 0.79052734375 0.7180989583333334 0.4189453125 0.05859375
7 0.8544921875 0.775390625 0.24609375 0.02734375
7 0.8544921875 0.8118489583333334 0.265625 0.02734375
7 0.8544921875 0.8483072916666666 0.177734375 0.02734375
7 0.8544921875 0.9173177083333334 0.23046875 0.05859375
0 0.8544921875 0.9173177083333334 0.23046875 0.05859375
7 0.8037109375 0.9837239583333334 0.05859375 0.022135416666666668
7 0.85400390625 0.9837239583333334 0.0419921875 0.022135416666666668
7 0.90478515625 0.9837239583333334 0.0595703125 0.022135416666666668