3 0.16455078125 0.10026041666666667 0.3291015625 0.1171875
7 0.18212890625 0.404296875 0.3154296875 0.02734375
7 0.18212890625 0.4537760416666667 0.3154296875 0.05078125
4 0.3515625 0.040364583333333336 0.0234375 0.03125
1 0.57421875 0.040364583333333336 0.421875 0.059895833333333336
7 0.9306640625 0.040364583333333336 0.05078125 0.026041666666666668
0 0.9423828125 0.043619791666666664 0.11328125 0.08723958333333333
4 0.970703125 0.04296875 0.0234375 0.03125
7 0.37451171875 0.12109375 0.0693359375 0.03125
7 0.53271484375 0.15755208333333334 0.3857421875 0.020833333333333332
6 0.755859375 0.15755208333333334 0.060546875 0.020833333333333332
7 0.80078125 0.15755208333333334 0.029296875 0.020833333333333332
6 0.8408203125 0.15755208333333334 0.05078125 0.020833333333333332
7 0.8681640625 0.15755208333333334 0.00390625 0.020833333333333332
4 0.5732421875 0.3717447916666667 0.466796875 0.21484375
4 0.837890625 0.3483072916666667 0.32421875 0.26171875
2 0.669921875 0.3294270833333333 0.66015625 0.036458333333333336
2 0.669921875 0.3684895833333333 0.66015625 0.041666666666666664
2 0.34521484375 0.45703125 0.0107421875 0.020833333333333332
2 0.169921875 0.591796875 0.33984375 0.045572916666666664
7 0.04150390625 0.654296875 0.0830078125 0.02734375
7 0.09375 0.7063802083333334 0.1875 0.029947916666666668
7 0.0927734375 0.7701822916666666 0.185546875 0.10026041666666667
7 0.09375 0.8567708333333334 0.1875 0.125
5 0.04296875 0.94921875 0.0859375 0.026041666666666668
1 0.05712890625 0.990234375 0.0302734375 0.01953125
0 0.54296875 0.484375 0.21875 0.010416666666666666
0 0.99072265625 0.5091145833333334 0.0185546875 0.0234375
7 0.51123046875 0.5084635416666666 0.3427734375 0.01953125
6 0.72314453125 0.5084635416666666 0.0810546875 0.01953125
7 0.7802734375 0.5084635416666666 0.033203125 0.01953125
6 0.875 0.5084635416666666 0.15625 0.01953125
7 0.95458984375 0.5084635416666666 0.0029296875 0.01953125
1 0.875 0.5774739583333334 0.25 0.037760416666666664
0 0.99072265625 0.5774739583333334 0.0185546875 0.037760416666666664
0 0.40576171875 0.6614583333333334 0.1318359375 0.06770833333333333
0 0.53515625 0.6614583333333334 0.126953125 0.06770833333333333
2 0.494140625 0.7513020833333334 0.30859375 0.052083333333333336
4 0.97802734375 0.7506510416666666 0.0439453125 0.08984375
0 0.97802734375 0.7552083333333334 0.0439453125 0.09895833333333333
6 0.7138671875 0.7272135416666666 0.08984375 0.029947916666666668
7 0.80908203125 0.7272135416666666 0.0478515625 0.04296875
2 0.44140625 0.86328125 0.203125 0.052083333333333336
7 0.44140625 0.9479166666666666 0.203125 0.09895833333333333
4 0.9052734375 0.9029947916666666 0.189453125 0.13151041666666666
6 0.86474609375 0.9856770833333334 0.1083984375 0.0234375