4 0.21875 0.240234375 0.4375 0.4752604166666667
0 0.22998046875 0.23958333333333334 0.4599609375 0.4739583333333333
7 0.04736328125 0.466796875 0.0947265625 0.024739583333333332
4 0.11376953125 0.474609375 0.0205078125 0.009114583333333334
4 0.19189453125 0.4615885416666667 0.0595703125 0.03515625
7 0.32421875 0.466796875 0.1875 0.024739583333333332
4 0.43701171875 0.474609375 0.0205078125 0.009114583333333334
0 0.49365234375 0.03125 0.0458984375 0.057291666666666664
0 0.59375 0.03125 0.046875 0.057291666666666664
0 0.70263671875 0.03125 0.0634765625 0.057291666666666664
0 0.81787109375 0.03125 0.0595703125 0.057291666666666664
0 0.92041015625 0.03125 0.0380859375 0.057291666666666664
4 0.869140625 0.203125 0.078125 0.10416666666666667
2 0.765625 0.28125 0.46875 0.041666666666666664
2 0.765625 0.384765625 0.46875 0.13671875
4 0.244140625 0.9127604166666666 0.0546875 0.07291666666666667
0 0.244140625 0.9127604166666666 0.0546875 0.07291666666666667
7 0.22998046875 0.9778645833333334 0.4599609375 0.044270833333333336
6 0.1845703125 0.990234375 0.0234375 0.01953125
7 0.2705078125 0.990234375 0.1484375 0.01953125
7 0.40234375 0.990234375 0.115234375 0.01953125
7 0.22998046875 0.990234375 0.4599609375 0.01953125
0 0.22998046875 0.7272135416666666 0.4599609375 0.49609375
4 0.22998046875 0.7330729166666666 0.4599609375 0.484375
7 0.22998046875 0.9401041666666666 0.4599609375 0.028645833333333332
7 0.4931640625 0.49609375 0.0234375 0.03125
0 0.56982421875 0.6328125 0.1767578125 0.3046875
4 0.56982421875 0.5592447916666666 0.1767578125 0.15755208333333334
6 0.56982421875 0.669921875 0.1572265625 0.08463541666666667
6 0.56982421875 0.724609375 0.1572265625 0.01953125
6 0.56982421875 0.74609375 0.1572265625 0.018229166666666668
6 0.56982421875 0.7682291666666666 0.1572265625 0.015625
7 0.56982421875 0.7233072916666666 0.1572265625 0.01953125
6 0.5546875 0.7454427083333334 0.126953125 0.02734375
7 0.56982421875 0.7682291666666666 0.1572265625 0.015625
7 0.6767578125 0.49609375 0.0234375 0.03125
0 0.75341796875 0.6328125 0.1767578125 0.3046875
4 0.75341796875 0.5592447916666666 0.1767578125 0.15755208333333334
6 0.75341796875 0.669921875 0.1572265625 0.08463541666666667
6 0.75341796875 0.724609375 0.1572265625 0.01953125
6 0.75341796875 0.74609375 0.1572265625 0.018229166666666668
6 0.75341796875 0.7682291666666666 0.1572265625 0.015625
7 0.75341796875 0.7233072916666666 0.1572265625 0.01953125
6 0.73193359375 0.7454427083333334 0.1142578125 0.02734375
7 0.75341796875 0.7682291666666666 0.1572265625 0.015625
7 0.8603515625 0.49609375 0.0234375 0.03125
0 0.92431640625 0.6328125 0.1513671875 0.3046875
4 0.92431640625 0.5592447916666666 0.1513671875 0.15755208333333334
6 0.92919921875 0.669921875 0.1416015625 0.08463541666666667
6 0.92919921875 0.724609375 0.1416015625 0.01953125
6 0.92919921875 0.74609375 0.1416015625 0.018229166666666668
6 0.92919921875 0.7682291666666666 0.1416015625 0.015625
7 0.92919921875 0.7233072916666666 0.1416015625 0.01953125
6 0.91552734375 0.7454427083333334 0.1142578125 0.02734375
7 0.92919921875 0.7682291666666666 0.1416015625 0.015625
2 0.666015625 0.880859375 0.412109375 0.03515625
2 0.63037109375 0.9654947916666666 0.2587890625 0.06901041666666667
0 0.6865234375 0.9654947916666666 0.37109375 0.06901041666666667
4 0.8232421875 0.9654947916666666 0.09765625 0.06901041666666667
2 0.9716796875 0.89453125 0.056640625 0.03125
4 0.95458984375 0.9811197916666666 0.0537109375 0.037760416666666664