4 0.20458984375 0.23893229166666666 0.4091796875 0.4778645833333333
7 0.20458984375 0.4889322916666667 0.4091796875 0.01953125
0 0.07470703125 0.5345052083333334 0.0458984375 0.048177083333333336
2 0.203125 0.6171875 0.40625 0.1171875
0 0.42041015625 0.046875 0.0224609375 0.0546875
7 0.4921875 0.046875 0.091796875 0.026041666666666668
0 0.50244140625 0.046875 0.1435546875 0.0546875
4 0.5498046875 0.046875 0.017578125 0.0234375
7 0.63330078125 0.046875 0.0888671875 0.026041666666666668
4 0.68896484375 0.046875 0.0166015625 0.0234375
0 0.63525390625 0.046875 0.1240234375 0.0546875
4 0.8046875 0.04296875 0.134765625 0.0546875
0 0.8046875 0.046875 0.134765625 0.0625
7 0.97314453125 0.046875 0.0537109375 0.026041666666666668
0 0.96533203125 0.046875 0.0693359375 0.0546875
2 0.740234375 0.22395833333333334 0.51953125 0.0625
2 0.72119140625 0.3177083333333333 0.5576171875 0.08072916666666667
0 0.80419921875 0.4661458333333333 0.2216796875 0.06510416666666667
0 0.80419921875 0.4661458333333333 0.2236328125 0.06770833333333333
6 0.10595703125 0.6920572916666666 0.0927734375 0.022135416666666668
7 0.14111328125 0.751953125 0.2822265625 0.022135416666666668
4 0.109375 0.7864583333333334 0.21875 0.0234375
4 0.3837890625 0.982421875 0.021484375 0.02734375
2 0.5712890625 0.7265625 0.32421875 0.08854166666666667
0 0.97802734375 0.7115885416666666 0.0439453125 0.04296875
6 0.9794921875 0.751953125 0.041015625 0.01953125
6 0.4443359375 0.837890625 0.05859375 0.022135416666666668
6 0.50927734375 0.837890625 0.0439453125 0.022135416666666668
6 0.5947265625 0.837890625 0.09765625 0.022135416666666668
6 0.69921875 0.837890625 0.080078125 0.022135416666666668
6 0.7822265625 0.837890625 0.056640625 0.022135416666666668
6 0.8447265625 0.837890625 0.0390625 0.022135416666666668
2 0.70458984375 0.9069010416666666 0.5908203125 0.04296875
6 0.42138671875 0.9596354166666666 0.0126953125 0.015625
2 0.56494140625 0.9869791666666666 0.2998046875 0.026041666666666668