4 0.0146484375 0.024088541666666668 0.029296875 0.048177083333333336
7 0.12744140625 0.021484375 0.1572265625 0.022135416666666668
6 0.2724609375 0.021484375 0.1328125 0.022135416666666668
7 0.3408203125 0.021484375 0.00390625 0.022135416666666668
7 0.044921875 0.10677083333333333 0.08984375 0.020833333333333332
4 0.36962890625 0.3665364583333333 0.7392578125 0.4752604166666667
0 0.36962890625 0.3658854166666667 0.7392578125 0.4739583333333333
2 0.24951171875 0.2903645833333333 0.4990234375 0.21875
0 0.25439453125 0.2903645833333333 0.5087890625 0.24479166666666666
0 0.0556640625 0.4557291666666667 0.111328125 0.059895833333333336
7 0.107421875 0.609375 0.1875 0.057291666666666664
4 0.22021484375 0.609375 0.0205078125 0.026041666666666668
4 0.29833984375 0.609375 0.0595703125 0.078125
7 0.4306640625 0.609375 0.1875 0.057291666666666664
4 0.54345703125 0.609375 0.0205078125 0.026041666666666668
4 0.62158203125 0.609375 0.0595703125 0.078125
7 0.69970703125 0.609375 0.0791015625 0.057291666666666664
3 0.86962890625 0.18098958333333334 0.2607421875 0.3255208333333333
0 0.75341796875 0.4088541666666667 0.0283203125 0.052083333333333336
0 0.79541015625 0.4088541666666667 0.0517578125 0.052083333333333336
0 0.8876953125 0.4088541666666667 0.12890625 0.052083333333333336
0 0.97705078125 0.4088541666666667 0.0458984375 0.052083333333333336
7 0.86962890625 0.47265625 0.2607421875 0.0234375
4 0.86962890625 0.580078125 0.2607421875 0.13932291666666666
0 0.86962890625 0.580078125 0.2607421875 0.13932291666666666
2 0.169921875 0.73828125 0.33984375 0.17708333333333334
4 0.49658203125 0.8248697916666666 0.4853515625 0.3502604166666667
0 0.1025390625 0.9283854166666666 0.205078125 0.078125
4 0.177734375 0.9283854166666666 0.0234375 0.03125
0 0.767578125 0.814453125 0.056640625 0.048177083333333336
0 0.92431640625 0.814453125 0.1513671875 0.048177083333333336
2 0.86962890625 0.921875 0.2607421875 0.041666666666666664
2 0.7568359375 0.9895833333333334 0.03515625 0.020833333333333332
2 0.96728515625 0.9895833333333334 0.0654296875 0.020833333333333332