7 0.24267578125 0.014973958333333334 0.4736328125 0.029947916666666668
7 0.10693359375 0.01953125 0.0283203125 0.020833333333333332
7 0.162109375 0.01953125 0.08203125 0.020833333333333332
7 0.203125 0.01953125 0.00390625 0.020833333333333332
7 0.1904296875 0.06380208333333333 0.181640625 0.020833333333333332
1 0.19189453125 0.08723958333333333 0.1845703125 0.028645833333333332
1 0.33984375 0.08723958333333333 0.10546875 0.028645833333333332
7 0.1650390625 0.13020833333333334 0.130859375 0.020833333333333332
7 0.16064453125 0.15559895833333334 0.1220703125 0.016927083333333332
1 0.27099609375 0.15364583333333334 0.0927734375 0.028645833333333332
7 0.19775390625 0.177734375 0.1962890625 0.016927083333333332
2 0.24267578125 0.22981770833333334 0.4736328125 0.029947916666666668
7 0.24267578125 0.2747395833333333 0.4736328125 0.020833333333333332
7 0.25048828125 0.3502604166666667 0.4404296875 0.09895833333333333
2 0.77587890625 0.07942708333333333 0.4482421875 0.08072916666666667
0 0.76611328125 0.07291666666666667 0.4677734375 0.14583333333333334
2 0.77587890625 0.2845052083333333 0.4482421875 0.016927083333333332
0 0.76611328125 0.2760416666666667 0.4677734375 0.2604166666666667
2 0.77587890625 0.33984375 0.4482421875 0.08072916666666667
6 0.24951171875 0.4498697916666667 0.4599609375 0.08203125
3 0.23974609375 0.619140625 0.4794921875 0.11848958333333333
4 0.3359375 0.81640625 0.1953125 0.06510416666666667
7 0.23974609375 0.900390625 0.4794921875 0.037760416666666664
0 0.0322265625 0.9798177083333334 0.064453125 0.016927083333333332
0 0.1884765625 0.9798177083333334 0.1875 0.016927083333333332
0 0.396484375 0.9798177083333334 0.166015625 0.016927083333333332
4 0.83740234375 0.55078125 0.1220703125 0.21614583333333334
0 0.83837890625 0.5638020833333334 0.1279296875 0.24739583333333334
4 0.95947265625 0.5442708333333334 0.0810546875 0.22916666666666666
0 0.95849609375 0.5572916666666666 0.0830078125 0.2604166666666667
7 0.8955078125 0.720703125 0.208984375 0.029947916666666668
2 0.88818359375 0.818359375 0.2236328125 0.037760416666666664
4 0.8271484375 0.947265625 0.1015625 0.10546875
0 0.8271484375 0.947265625 0.1015625 0.10546875
4 0.9697265625 0.9407552083333334 0.060546875 0.11848958333333333
0 0.9697265625 0.9407552083333334 0.060546875 0.11848958333333333
0 0.611328125 0.4322916666666667 0.263671875 0.03125
0 0.611328125 0.46484375 0.263671875 0.03125
0 0.611328125 0.4973958333333333 0.263671875 0.03125
0 0.611328125 0.5299479166666666 0.263671875 0.03125
0 0.611328125 0.5625 0.263671875 0.03125
0 0.611328125 0.5950520833333334 0.263671875 0.03125
0 0.611328125 0.6276041666666666 0.263671875 0.03125
0 0.611328125 0.66015625 0.263671875 0.03125
0 0.611328125 0.6927083333333334 0.263671875 0.03125
0 0.611328125 0.7252604166666666 0.263671875 0.03125
0 0.611328125 0.7578125 0.263671875 0.03125
0 0.611328125 0.7903645833333334 0.263671875 0.03125
0 0.611328125 0.8229166666666666 0.263671875 0.03125
0 0.611328125 0.85546875 0.263671875 0.03125
0 0.611328125 0.8880208333333334 0.263671875 0.03125
0 0.611328125 0.9205729166666666 0.263671875 0.03125
0 0.611328125 0.9635416666666666 0.263671875 0.052083333333333336
0 0.611328125 0.9954427083333334 0.263671875 0.009114583333333334