4 0.21484375 0.008463541666666666 0.4296875 0.016927083333333332
6 0.21484375 0.10026041666666667 0.4296875 0.046875
7 0.03369140625 0.18880208333333334 0.0673828125 0.028645833333333332
7 0.1201171875 0.18880208333333334 0.046875 0.028645833333333332
4 0.0498046875 0.259765625 0.099609375 0.07942708333333333
6 0.20263671875 0.2721354166666667 0.0908203125 0.028645833333333332
6 0.29541015625 0.2721354166666667 0.0361328125 0.028645833333333332
6 0.36083984375 0.2721354166666667 0.0361328125 0.028645833333333332
4 0.21484375 0.259765625 0.4296875 0.07942708333333333
2 0.71240234375 0.011067708333333334 0.5654296875 0.022135416666666668
0 0.71484375 0.22005208333333334 0.5703125 0.15885416666666666
2 0.85400390625 0.17252604166666666 0.1904296875 0.037760416666666664
6 0.87939453125 0.251953125 0.2412109375 0.09505208333333333
7 0.58544921875 0.2877604166666667 0.3115234375 0.0234375
6 0.7822265625 0.2877604166666667 0.083984375 0.0234375
7 0.82763671875 0.2877604166666667 0.0087890625 0.0234375
0 0.86962890625 0.287109375 0.0576171875 0.024739583333333332
4 0.21484375 0.59765625 0.4296875 0.5963541666666666
0 0.21484375 0.490234375 0.4296875 0.3815104166666667
4 0.05712890625 0.8665364583333334 0.0126953125 0.016927083333333332
4 0.08349609375 0.8665364583333334 0.0126953125 0.016927083333333332
6 0.01953125 0.927734375 0.0390625 0.016927083333333332
6 0.2158203125 0.927734375 0.15625 0.016927083333333332
6 0.4111328125 0.927734375 0.037109375 0.016927083333333332
2 0.56640625 0.5364583333333334 0.2734375 0.2994791666666667
2 0.6142578125 0.5279947916666666 0.369140625 0.10546875
0 0.44189453125 0.65625 0.0244140625 0.059895833333333336
3 0.8671875 0.564453125 0.265625 0.5299479166666666
4 0.47998046875 0.947265625 0.1005859375 0.10546875
4 0.734375 0.947265625 0.177734375 0.10546875
4 0.9677734375 0.947265625 0.064453125 0.10546875