4 0.35498046875 0.041015625 0.0673828125 0.08203125
2 0.35546875 0.17838541666666666 0.458984375 0.15625
7 0.35498046875 0.3020833333333333 0.1455078125 0.026041666666666668
0 0.35546875 0.3020833333333333 0.193359375 0.059895833333333336
4 0.8759765625 0.2545572916666667 0.11328125 0.24869791666666666
2 0.8818359375 0.18294270833333334 0.125 0.02734375
7 0.92236328125 0.2994791666666667 0.1552734375 0.2604166666666667
2 0.37744140625 0.7135416666666666 0.7548828125 0.21614583333333334
7 0.55712890625 0.880859375 0.3955078125 0.040364583333333336
7 0.55712890625 0.9635416666666666 0.3955078125 0.07291666666666667
2 0.90966796875 0.546875 0.1806640625 0.14583333333333334
7 0.90966796875 0.658203125 0.1806640625 0.053385416666666664
7 0.84375 0.7317708333333334 0.03515625 0.028645833333333332
4 0.87548828125 0.7330729166666666 0.0185546875 0.026041666666666668
0 0.8544921875 0.7317708333333334 0.0703125 0.028645833333333332
7 0.8544921875 0.7890625 0.0703125 0.028645833333333332
7 0.92236328125 0.7890625 0.0654296875 0.028645833333333332
4 0.96923828125 0.7903645833333334 0.0185546875 0.026041666666666668
0 0.9013671875 0.7890625 0.1640625 0.028645833333333332
7 0.90966796875 0.6927083333333334 0.1806640625 0.5078125
7 0.90966796875 0.9733072916666666 0.1806640625 0.053385416666666664