4 0.29443359375 0.13932291666666666 0.0673828125 0.08854166666666667
2 0.24267578125 0.2799479166666667 0.3544921875 0.15625
7 0.29443359375 0.4036458333333333 0.1455078125 0.026041666666666668
0 0.294921875 0.4036458333333333 0.193359375 0.059895833333333336
2 0.677734375 0.5703125 0.478515625 0.018229166666666668
4 0.5341796875 0.5078125 0.228515625 0.005208333333333333
7 0.2099609375 0.6139322916666666 0.419921875 0.029947916666666668
7 0.2099609375 0.6842447916666666 0.419921875 0.029947916666666668
7 0.2099609375 0.7545572916666666 0.419921875 0.029947916666666668
7 0.2099609375 0.783203125 0.419921875 0.029947916666666668
7 0.2099609375 0.8678385416666666 0.419921875 0.05859375
7 0.2099609375 0.9524739583333334 0.419921875 0.029947916666666668
4 0.5927734375 0.7083333333333334 0.09765625 0.13020833333333334
7 0.7099609375 0.822265625 0.580078125 0.032552083333333336
7 0.7099609375 0.8684895833333334 0.580078125 0.026041666666666668
7 0.5927734375 0.9453125 0.078125 0.049479166666666664
0 0.5927734375 0.9453125 0.078125 0.049479166666666664