7 0.0322265625 0.00390625 0.064453125 0.0078125
1 0.02099609375 0.01953125 0.0419921875 0.0234375
7 0.0078125 0.050130208333333336 0.015625 0.022135416666666668
6 0.00439453125 0.06966145833333333 0.0087890625 0.016927083333333332
6 0.021484375 0.06966145833333333 0.0234375 0.016927083333333332
6 0.01953125 0.08528645833333333 0.03125 0.016927083333333332
6 0.0068359375 0.10091145833333333 0.013671875 0.016927083333333332
6 0.0244140625 0.10091145833333333 0.01953125 0.016927083333333332
6 0.00390625 0.11653645833333333 0.0078125 0.016927083333333332
6 0.0234375 0.11653645833333333 0.02734375 0.016927083333333332
6 0.01708984375 0.13997395833333334 0.0341796875 0.022135416666666668
6 0.00537109375 0.16731770833333334 0.0107421875 0.022135416666666668
6 0.00341796875 0.193359375 0.0068359375 0.022135416666666668
7 0.00830078125 0.193359375 0.0048828125 0.022135416666666668
6 0.02099609375 0.212890625 0.0419921875 0.016927083333333332
6 0.001953125 0.23502604166666666 0.00390625 0.022135416666666668
6 0.0087890625 0.2623697916666667 0.017578125 0.022135416666666668
6 0.009765625 0.2884114583333333 0.01953125 0.022135416666666668
6 0.00439453125 0.3157552083333333 0.0087890625 0.022135416666666668
6 0.009765625 0.341796875 0.01953125 0.022135416666666668
6 0.00537109375 0.369140625 0.0107421875 0.022135416666666668
6 0.00537109375 0.396484375 0.0107421875 0.022135416666666668
6 0.01220703125 0.4225260416666667 0.0244140625 0.022135416666666668
6 0.01513671875 0.4498697916666667 0.0302734375 0.022135416666666668
6 0.009765625 0.4772135416666667 0.01953125 0.022135416666666668
6 0.00634765625 0.5032552083333334 0.0126953125 0.022135416666666668
6 0.2431640625 0.029296875 0.236328125 0.022135416666666668
7 0.16162109375 0.050130208333333336 0.0732421875 0.01953125
7 0.2978515625 0.08203125 0.345703125 0.044270833333333336
6 0.3388671875 0.09309895833333333 0.060546875 0.022135416666666668
7 0.29931640625 0.10416666666666667 0.3486328125 0.044270833333333336
6 0.2060546875 0.16080729166666666 0.162109375 0.022135416666666668
7 0.15869140625 0.181640625 0.0673828125 0.01953125
7 0.30712890625 0.224609375 0.3642578125 0.06640625
6 0.31298828125 0.24674479166666666 0.1748046875 0.022135416666666668
7 0.40283203125 0.24674479166666666 0.0048828125 0.022135416666666668
6 0.1884765625 0.2923177083333333 0.126953125 0.022135416666666668
7 0.16845703125 0.3131510416666667 0.0869140625 0.01953125
7 0.30712890625 0.3450520833333333 0.3642578125 0.044270833333333336
6 0.3173828125 0.3561197916666667 0.21875 0.022135416666666668
7 0.42822265625 0.3561197916666667 0.0048828125 0.022135416666666668
7 0.30712890625 0.4225260416666667 0.3642578125 0.11067708333333333
6 0.22265625 0.5104166666666666 0.1953125 0.018229166666666668
2 0.625 0.08072916666666667 0.271484375 0.06770833333333333
2 0.625 0.16796875 0.271484375 0.07291666666666667
4 0.74462890625 0.23177083333333334 0.5107421875 0.4635416666666667
4 0.74462890625 0.23177083333333334 0.5107421875 0.4635416666666667
2 0.525390625 0.51171875 0.072265625 0.015625
0 0.6748046875 0.5110677083333334 0.37109375 0.016927083333333332
2 0.7109375 0.51171875 0.298828125 0.015625
4 0.263671875 0.79296875 0.412109375 0.4140625
7 0.71435546875 0.5319010416666666 0.4501953125 0.024739583333333332
4 0.73046875 0.55859375 0.482421875 0.078125
2 0.53955078125 0.5377604166666666 0.0771484375 0.03125
2 0.6806640625 0.5377604166666666 0.20703125 0.03125
7 0.720703125 0.5651041666666666 0.439453125 0.026041666666666668
4 0.5380859375 0.609375 0.09765625 0.0390625
7 0.63134765625 0.6061197916666666 0.0556640625 0.032552083333333336
0 0.63818359375 0.6061197916666666 0.0830078125 0.032552083333333336
7 0.7197265625 0.6061197916666666 0.068359375 0.032552083333333336
0 0.7265625 0.6061197916666666 0.095703125 0.032552083333333336
7 0.80712890625 0.6061197916666666 0.0537109375 0.032552083333333336
0 0.81396484375 0.6061197916666666 0.0810546875 0.032552083333333336
7 0.88623046875 0.6061197916666666 0.0517578125 0.032552083333333336
0 0.89306640625 0.6061197916666666 0.0791015625 0.032552083333333336
2 0.66015625 0.916015625 0.341796875 0.048177083333333336
0 0.74462890625 0.8287760416666666 0.5107421875 0.3424479166666667
2 0.66015625 0.982421875 0.341796875 0.03515625