2 0.05810546875 0.12109375 0.1162109375 0.0390625
6 0.078125 0.19140625 0.12890625 0.033854166666666664
6 0.3388671875 0.19205729166666666 0.041015625 0.024739583333333332
6 0.4111328125 0.19205729166666666 0.0546875 0.024739583333333332
2 0.3037109375 0.2552083333333333 0.29296875 0.0234375
2 0.3466796875 0.3203125 0.193359375 0.078125
4 0.19873046875 0.3216145833333333 0.0830078125 0.08333333333333333
2 0.33056640625 0.400390625 0.1611328125 0.037760416666666664
4 0.19873046875 0.3997395833333333 0.0830078125 0.0390625
2 0.5595703125 0.2669270833333333 0.19921875 0.25
7 0.82958984375 0.2805989583333333 0.3408203125 0.27734375
4 0.19384765625 0.427734375 0.0302734375 0.016927083333333332
6 0.25 0.423828125 0.076171875 0.009114583333333334
4 0.318359375 0.427734375 0.029296875 0.016927083333333332
6 0.373046875 0.423828125 0.07421875 0.009114583333333334
4 0.43994140625 0.427734375 0.0302734375 0.016927083333333332
4 0.44287109375 0.4524739583333333 0.0302734375 0.03515625
6 0.29736328125 0.4928385416666667 0.1357421875 0.022135416666666668
7 0.3701171875 0.4928385416666667 0.01171875 0.022135416666666668
6 0.41748046875 0.4928385416666667 0.0849609375 0.022135416666666668
6 0.35107421875 0.529296875 0.0654296875 0.01953125
7 0.38818359375 0.529296875 0.0107421875 0.01953125
6 0.4267578125 0.529296875 0.06640625 0.01953125
7 0.2109375 0.611328125 0.078125 0.022135416666666668
6 0.28955078125 0.611328125 0.0810546875 0.022135416666666668
7 0.36767578125 0.611328125 0.0751953125 0.022135416666666668
6 0.43212890625 0.611328125 0.0556640625 0.022135416666666668
7 0.453125 0.6399739583333334 0.013671875 0.022135416666666668
6 0.42236328125 0.6686197916666666 0.0634765625 0.022135416666666668
2 0.216796875 0.728515625 0.11328125 0.022135416666666668
4 0.24658203125 0.8170572916666666 0.1728515625 0.11588541666666667
7 0.3515625 0.7740885416666666 0.025390625 0.022135416666666668
6 0.3994140625 0.7884114583333334 0.12109375 0.05078125
7 0.31005859375 0.8958333333333334 0.2998046875 0.20833333333333334
2 0.06689453125 0.7096354166666666 0.1337890625 0.5807291666666666
6 0.029296875 0.4342447916666667 0.05859375 0.01953125
6 0.03173828125 0.458984375 0.0634765625 0.01953125
2 0.0537109375 0.5032552083333334 0.107421875 0.01953125
6 0.03662109375 0.5345052083333334 0.0732421875 0.01953125
6 0.04736328125 0.5592447916666666 0.0947265625 0.01953125
6 0.02490234375 0.583984375 0.0498046875 0.01953125
6 0.03955078125 0.6334635416666666 0.0791015625 0.01953125
6 0.009765625 0.658203125 0.01953125 0.01953125
6 0.01318359375 0.6829427083333334 0.0263671875 0.01953125
2 0.0537109375 0.7272135416666666 0.107421875 0.01953125
6 0.0439453125 0.7584635416666666 0.087890625 0.01953125
6 0.033203125 0.7916666666666666 0.06640625 0.036458333333333336
6 0.02490234375 0.8248697916666666 0.0498046875 0.01953125
6 0.0361328125 0.849609375 0.072265625 0.01953125
6 0.0419921875 0.8743489583333334 0.083984375 0.01953125
6 0.04541015625 0.8990885416666666 0.0908203125 0.01953125
2 0.0537109375 0.943359375 0.107421875 0.01953125
6 0.02685546875 0.974609375 0.0537109375 0.01953125
6 0.04931640625 0.9947916666666666 0.0986328125 0.010416666666666666
4 0.72998046875 0.5364583333333334 0.5400390625 0.234375
4 0.72998046875 0.6158854166666666 0.5400390625 0.3932291666666667
4 0.72998046875 0.5221354166666666 0.5400390625 0.20572916666666666
4 0.72998046875 0.6015625 0.5400390625 0.3645833333333333
4 0.72998046875 0.5071614583333334 0.5400390625 0.17578125
4 0.685546875 0.5071614583333334 0.451171875 0.17578125
4 0.65234375 0.447265625 0.1171875 0.055989583333333336
0 0.65234375 0.4505208333333333 0.1171875 0.0625
7 0.65234375 0.4544270833333333 0.359375 0.018229166666666668
4 0.857421875 0.5625 0.01953125 0.026041666666666668
0 0.857421875 0.5625 0.029296875 0.0390625
4 0.88671875 0.5625 0.01953125 0.026041666666666668
0 0.88671875 0.5625 0.029296875 0.0390625
4 0.96044921875 0.5625 0.0791015625 0.06510416666666667
4 0.72998046875 0.5865885416666666 0.5400390625 0.3346354166666667
4 0.744140625 0.5221354166666666 0.51171875 0.20572916666666666
4 0.744140625 0.6015625 0.51171875 0.3645833333333333
4 0.79150390625 0.5364583333333334 0.4169921875 0.234375
4 0.79150390625 0.6158854166666666 0.4169921875 0.3932291666666667
7 0.51904296875 0.6471354166666666 0.1181640625 0.028645833333333332
2 0.4814453125 0.916015625 0.04296875 0.022135416666666668
0 0.5322265625 0.916015625 0.14453125 0.022135416666666668
4 0.5322265625 0.896484375 0.14453125 0.009114583333333334
4 0.5322265625 0.7838541666666666 0.14453125 0.21875
0 0.5322265625 0.7838541666666666 0.14453125 0.21875
2 0.759765625 0.916015625 0.291015625 0.022135416666666668
0 0.759765625 0.916015625 0.291015625 0.022135416666666668
6 0.64013671875 0.94140625 0.0517578125 0.020833333333333332
6 0.63525390625 0.96484375 0.0419921875 0.020833333333333332
7 0.64306640625 0.9928385416666666 0.0537109375 0.014322916666666666
0 0.64306640625 0.9915364583333334 0.0576171875 0.016927083333333332
7 0.7158203125 0.9928385416666666 0.07421875 0.014322916666666666
0 0.7158203125 0.9915364583333334 0.078125 0.016927083333333332
7 0.8193359375 0.9928385416666666 0.115234375 0.014322916666666666
0 0.8193359375 0.9915364583333334 0.119140625 0.016927083333333332
4 0.6171875 0.7838541666666666 0.005859375 0.21875
4 0.759765625 0.896484375 0.291015625 0.009114583333333334
4 0.759765625 0.7838541666666666 0.291015625 0.21875
0 0.759765625 0.7838541666666666 0.291015625 0.21875
6 0.64111328125 0.69921875 0.0244140625 0.0234375
6 0.6630859375 0.8678385416666666 0.0703125 0.024739583333333332
2 0.95751953125 0.916015625 0.0849609375 0.022135416666666668
0 0.95751953125 0.916015625 0.0849609375 0.022135416666666668
6 0.94140625 0.94140625 0.052734375 0.020833333333333332
6 0.95751953125 0.96484375 0.0849609375 0.020833333333333332
7 0.94384765625 0.9928385416666666 0.0537109375 0.014322916666666666
0 0.94384765625 0.9915364583333334 0.0576171875 0.016927083333333332
4 0.91796875 0.7838541666666666 0.005859375 0.21875
4 0.95751953125 0.896484375 0.0849609375 0.009114583333333334
4 0.95751953125 0.7838541666666666 0.0849609375 0.21875
0 0.95751953125 0.7838541666666666 0.0849609375 0.21875
6 0.94189453125 0.69921875 0.0244140625 0.0234375
6 0.96435546875 0.8678385416666666 0.0712890625 0.024739583333333332