2 0.18212890625 0.0390625 0.3642578125 0.0390625
6 0.03173828125 0.109375 0.0634765625 0.033854166666666664
6 0.16259765625 0.109375 0.1259765625 0.033854166666666664
6 0.326171875 0.109375 0.12890625 0.033854166666666664
4 0.1708984375 0.22526041666666666 0.341796875 0.12760416666666666
2 0.47216796875 0.17317708333333334 0.1337890625 0.0234375
2 0.5185546875 0.23828125 0.041015625 0.078125
4 0.44677734375 0.23958333333333334 0.0830078125 0.08333333333333333
4 0.55224609375 0.015625 0.0166015625 0.0234375
4 0.66796875 0.01953125 0.134765625 0.0390625
0 0.66796875 0.0234375 0.134765625 0.046875
7 0.85009765625 0.015625 0.0810546875 0.026041666666666668
0 0.85009765625 0.021484375 0.1123046875 0.04296875
7 0.94189453125 0.015625 0.0400390625 0.026041666666666668
0 0.94189453125 0.021484375 0.0712890625 0.04296875
4 0.76953125 0.14453125 0.4609375 0.2890625
4 0.76953125 0.14453125 0.4609375 0.2890625
2 0.69482421875 0.22135416666666666 0.3115234375 0.125
4 0.26953125 0.6412760416666666 0.5390625 0.7044270833333334
4 0.26953125 0.64453125 0.5390625 0.7109375
4 0.6357421875 0.6595052083333334 0.03515625 0.048177083333333336
0 0.6357421875 0.6595052083333334 0.087890625 0.09244791666666667
1 0.83984375 0.658203125 0.3203125 0.09244791666666667