4 0.09521484375 0.111328125 0.1904296875 0.22265625
0 0.09521484375 0.111328125 0.1904296875 0.22265625
2 0.037109375 0.13802083333333334 0.07421875 0.16927083333333334
4 0.30859375 0.12565104166666666 0.201171875 0.20182291666666666
0 0.30859375 0.12565104166666666 0.201171875 0.20182291666666666
2 0.29296875 0.154296875 0.130859375 0.10546875
4 0.09521484375 0.2805989583333333 0.1904296875 0.05859375
0 0.09521484375 0.2805989583333333 0.1904296875 0.05859375
4 0.30859375 0.2805989583333333 0.201171875 0.05859375
0 0.30859375 0.2805989583333333 0.201171875 0.05859375
2 0.63671875 0.126953125 0.455078125 0.15494791666666666
0 0.43017578125 0.24479166666666666 0.0419921875 0.041666666666666664
0 0.556640625 0.24479166666666666 0.166015625 0.041666666666666664
0 0.6982421875 0.24479166666666666 0.07421875 0.041666666666666664
0 0.7919921875 0.24479166666666666 0.068359375 0.041666666666666664
5 0.94873046875 0.248046875 0.1025390625 0.037760416666666664
0 0.0478515625 0.33203125 0.083984375 0.044270833333333336
0 0.13427734375 0.33203125 0.0615234375 0.044270833333333336
0 0.36376953125 0.33203125 0.0498046875 0.044270833333333336
0 0.04833984375 0.4739583333333333 0.0361328125 0.028645833333333332
4 0.046875 0.5084635416666666 0.033203125 0.00390625
2 0.033203125 0.57421875 0.06640625 0.059895833333333336
0 0.0400390625 0.529296875 0.080078125 0.17578125
4 0.0400390625 0.5403645833333334 0.080078125 0.19791666666666666
0 0.04833984375 0.6497395833333334 0.0361328125 0.028645833333333332
4 0.04296875 0.6842447916666666 0.025390625 0.00390625
2 0.033203125 0.75 0.06640625 0.059895833333333336
0 0.0400390625 0.705078125 0.080078125 0.17578125
4 0.0400390625 0.7161458333333334 0.080078125 0.19791666666666666
3 0.24169921875 0.5390625 0.2939453125 0.3255208333333333
2 0.205078125 0.765625 0.19140625 0.03125
4 0.12451171875 0.8359375 0.0283203125 0.036458333333333336
0 0.15283203125 0.8372395833333334 0.0849609375 0.0390625
7 0.1591796875 0.8359375 0.03125 0.0234375
4 0.21337890625 0.8359375 0.0283203125 0.036458333333333336
0 0.24169921875 0.8372395833333334 0.0849609375 0.0390625
7 0.25 0.8359375 0.03515625 0.0234375
4 0.30224609375 0.8359375 0.0283203125 0.036458333333333336
0 0.33056640625 0.8372395833333334 0.0849609375 0.0390625
7 0.337890625 0.8359375 0.033203125 0.0234375
4 0.12451171875 0.9127604166666666 0.0283203125 0.036458333333333336
4 0.15771484375 0.9127604166666666 0.0283203125 0.036458333333333336
4 0.19091796875 0.9127604166666666 0.0283203125 0.036458333333333336
3 0.30419921875 0.9114583333333334 0.1376953125 0.026041666666666668
0 0.30419921875 0.9095052083333334 0.1376953125 0.029947916666666668
2 0.22412109375 0.9947916666666666 0.2294921875 0.010416666666666666
2 0.5029296875 0.8209635416666666 0.1875 0.07942708333333333
7 0.46630859375 0.916015625 0.1142578125 0.06380208333333333