4 0.10986328125 0.224609375 0.2197265625 0.4205729166666667
0 0.10986328125 0.224609375 0.2197265625 0.4205729166666667
2 0.0517578125 0.3502604166666667 0.103515625 0.16927083333333334
4 0.3134765625 0.115234375 0.15234375 0.20182291666666666
0 0.3134765625 0.115234375 0.15234375 0.20182291666666666
2 0.3212890625 0.14388020833333334 0.12890625 0.10546875
4 0.3134765625 0.337890625 0.15234375 0.20182291666666666
0 0.3134765625 0.337890625 0.15234375 0.20182291666666666
2 0.322265625 0.3665364583333333 0.130859375 0.10546875
4 0.119140625 0.5013020833333334 0.201171875 0.07552083333333333
0 0.119140625 0.5013020833333334 0.201171875 0.07552083333333333
4 0.3134765625 0.5013020833333334 0.15234375 0.07552083333333333
0 0.3134765625 0.5013020833333334 0.15234375 0.07552083333333333
4 0.69482421875 0.26953125 0.6103515625 0.5390625
2 0.19482421875 0.5729166666666666 0.3896484375 0.03125
7 0.19482421875 0.6119791666666666 0.3896484375 0.026041666666666668
7 0.19482421875 0.8326822916666666 0.3896484375 0.022135416666666668
6 0.06982421875 0.8671875 0.1396484375 0.015625
4 0.69482421875 0.7623697916666666 0.6103515625 0.4466145833333333