2 0.21484375 0.10026041666666667 0.4296875 0.13802083333333334
2 0.2021484375 0.24739583333333334 0.404296875 0.13802083333333334
2 0.21484375 0.3684895833333333 0.4296875 0.044270833333333336
7 0.1416015625 0.5143229166666666 0.185546875 0.033854166666666664
0 0.154296875 0.5149739583333334 0.244140625 0.06380208333333333
4 0.54833984375 0.044921875 0.2373046875 0.05859375
0 0.5859375 0.044921875 0.3125 0.05859375
7 0.83984375 0.0703125 0.0390625 0.026041666666666668
0 0.83935546875 0.07486979166666667 0.0595703125 0.07942708333333333
4 0.71484375 0.310546875 0.5703125 0.4309895833333333
2 0.71484375 0.20833333333333334 0.5703125 0.07552083333333333
2 0.71484375 0.2682291666666667 0.5703125 0.046875
7 0.53955078125 0.3854166666666667 0.2197265625 0.033854166666666664
0 0.560546875 0.3860677083333333 0.26171875 0.06640625
7 0.85498046875 0.3854166666666667 0.2158203125 0.033854166666666664
0 0.85205078125 0.3860677083333333 0.2958984375 0.06640625
7 0.53955078125 0.4713541666666667 0.2197265625 0.033854166666666664
0 0.560546875 0.4720052083333333 0.26171875 0.06640625
7 0.39501953125 0.572265625 0.0283203125 0.01953125
7 0.4052734375 0.587890625 0.048828125 0.016927083333333332
7 0.4052734375 0.619140625 0.048828125 0.048177083333333336
7 0.4052734375 0.642578125 0.048828125 0.032552083333333336
7 0.39501953125 0.673828125 0.0283203125 0.01953125
7 0.41943359375 0.673828125 0.0205078125 0.016927083333333332
7 0.4052734375 0.689453125 0.048828125 0.016927083333333332
7 0.4052734375 0.720703125 0.048828125 0.048177083333333336
7 0.4052734375 0.744140625 0.048828125 0.032552083333333336
7 0.39501953125 0.7740885416666666 0.0283203125 0.01953125
7 0.4052734375 0.7897135416666666 0.048828125 0.016927083333333332
7 0.4052734375 0.8209635416666666 0.048828125 0.048177083333333336
7 0.4052734375 0.8444010416666666 0.048828125 0.032552083333333336
7 0.39501953125 0.8756510416666666 0.0283203125 0.01953125
7 0.4052734375 0.8912760416666666 0.048828125 0.016927083333333332
7 0.4052734375 0.9225260416666666 0.048828125 0.048177083333333336
7 0.4052734375 0.9459635416666666 0.048828125 0.032552083333333336
7 0.39501953125 0.9759114583333334 0.0283203125 0.01953125
7 0.41943359375 0.9759114583333334 0.0205078125 0.016927083333333332
7 0.4052734375 0.9915364583333334 0.048828125 0.016927083333333332
7 0.1640625 0.564453125 0.328125 0.029947916666666668
6 0.0234375 0.5690104166666666 0.046875 0.020833333333333332
7 0.1689453125 0.5885416666666666 0.337890625 0.059895833333333336
7 0.21484375 0.673828125 0.4296875 0.07942708333333333
4 0.16455078125 0.8372395833333334 0.3291015625 0.21614583333333334
0 0.21484375 0.8372395833333334 0.4296875 0.21614583333333334
4 0.71484375 0.56640625 0.5703125 0.033854166666666664
4 0.59765625 0.716796875 0.3359375 0.3190104166666667
4 0.59765625 0.716796875 0.3359375 0.3190104166666667
2 0.90234375 0.5859375 0.1953125 0.07291666666666667
7 0.90234375 0.7005208333333334 0.1953125 0.15625
7 0.97021484375 0.8313802083333334 0.0595703125 0.06380208333333333
0 0.90234375 0.8313802083333334 0.1953125 0.06380208333333333
6 0.49853515625 0.99609375 0.1142578125 0.0078125
6 0.796875 0.99609375 0.083984375 0.0078125