2 0.13916015625 0.05859375 0.2783203125 0.057291666666666664
2 0.02734375 0.12890625 0.0546875 0.03125
0 0.0400390625 0.12890625 0.080078125 0.03125
2 0.07080078125 0.12890625 0.0185546875 0.0234375
2 0.0478515625 0.3509114583333333 0.095703125 0.022135416666666668
2 0.044921875 0.375 0.08984375 0.0078125
4 0.22705078125 0.3600260416666667 0.0400390625 0.037760416666666664
2 0.3037109375 0.3509114583333333 0.068359375 0.022135416666666668
2 0.32177734375 0.375 0.1044921875 0.0078125
7 0.232421875 0.10286458333333333 0.455078125 0.20572916666666666
7 0.1171875 0.24088541666666666 0.224609375 0.0234375
6 0.27490234375 0.24088541666666666 0.0908203125 0.0234375
7 0.38916015625 0.24088541666666666 0.1416015625 0.0234375
7 0.232421875 0.2565104166666667 0.455078125 0.0546875
0 0.1376953125 0.3645833333333333 0.265625 0.028645833333333332
7 0.72998046875 0.076171875 0.5400390625 0.05859375
7 0.72998046875 0.16080729166666666 0.5400390625 0.029947916666666668
2 0.22998046875 0.453125 0.4599609375 0.0703125
4 0.1162109375 0.7805989583333334 0.232421875 0.4388020833333333
2 0.36572265625 0.6315104166666666 0.1884765625 0.036458333333333336
6 0.3642578125 0.71484375 0.185546875 0.059895833333333336
7 0.3701171875 0.7317708333333334 0.09375 0.026041666666666668
6 0.36572265625 0.7981770833333334 0.1884765625 0.026041666666666668
7 0.318359375 0.83203125 0.09375 0.026041666666666668
6 0.35546875 0.9153645833333334 0.16796875 0.059895833333333336
7 0.36572265625 0.9322916666666666 0.0849609375 0.026041666666666668
6 0.36572265625 0.9928385416666666 0.1884765625 0.014322916666666666
7 0.47802734375 0.3951822916666667 0.0361328125 0.022135416666666668
0 0.48388671875 0.400390625 0.0478515625 0.04296875
7 0.5888671875 0.3951822916666667 0.140625 0.022135416666666668
0 0.5888671875 0.400390625 0.1640625 0.04296875
7 0.73779296875 0.3951822916666667 0.1123046875 0.022135416666666668
0 0.73828125 0.400390625 0.13671875 0.04296875
7 0.84033203125 0.3951822916666667 0.0458984375 0.022135416666666668
0 0.83984375 0.400390625 0.068359375 0.04296875
7 0.90087890625 0.3951822916666667 0.0322265625 0.022135416666666668
0 0.90087890625 0.400390625 0.0556640625 0.04296875
7 0.9697265625 0.3951822916666667 0.060546875 0.022135416666666668
0 0.9638671875 0.400390625 0.072265625 0.04296875
2 0.72998046875 0.4700520833333333 0.5400390625 0.046875
4 0.5087890625 0.6497395833333334 0.09765625 0.16927083333333334
2 0.6220703125 0.609375 0.109375 0.0859375
4 0.79150390625 0.6497395833333334 0.1279296875 0.16927083333333334
2 0.93212890625 0.609375 0.1357421875 0.0859375
4 0.5087890625 0.8626302083333334 0.09765625 0.17057291666666666
2 0.6376953125 0.8522135416666666 0.140625 0.14713541666666666
4 0.79150390625 0.8619791666666666 0.1279296875 0.16927083333333334
2 0.92578125 0.822265625 0.123046875 0.08723958333333333
2 0.63720703125 0.9856770833333334 0.1396484375 0.028645833333333332
2 0.93212890625 0.9856770833333334 0.1357421875 0.028645833333333332