4 0.447265625 0.3763020833333333 0.083984375 0.0625
7 0.447265625 0.4309895833333333 0.083984375 0.046875
4 0.23828125 0.11067708333333333 0.0234375 0.020833333333333332
0 0.23828125 0.11002604166666667 0.033203125 0.03515625
7 0.19091796875 0.11067708333333333 0.0400390625 0.018229166666666668
4 0.13818359375 0.4524739583333333 0.0693359375 0.053385416666666664
0 0.13916015625 0.4524739583333333 0.0712890625 0.053385416666666664
4 0.26904296875 0.4524739583333333 0.0693359375 0.053385416666666664
0 0.27001953125 0.4524739583333333 0.0712890625 0.053385416666666664
4 0.39990234375 0.4524739583333333 0.0693359375 0.053385416666666664
0 0.4033203125 0.4524739583333333 0.076171875 0.053385416666666664
2 0.658203125 0.033203125 0.337890625 0.06640625
2 0.70166015625 0.130859375 0.4248046875 0.15755208333333334
2 0.7099609375 0.20247395833333334 0.44140625 0.14973958333333334
0 0.54052734375 0.3430989583333333 0.1025390625 0.05859375
0 0.5244140625 0.2682291666666667 0.0703125 0.03125
4 0.74462890625 0.23958333333333334 0.5107421875 0.4791666666666667
4 0.09326171875 0.4915364583333333 0.0283203125 0.024739583333333332
4 0.15380859375 0.4837239583333333 0.0869140625 0.009114583333333334
4 0.09326171875 0.517578125 0.0283203125 0.01953125
4 0.15380859375 0.5149739583333334 0.0869140625 0.009114583333333334
4 0.09326171875 0.544921875 0.0283203125 0.024739583333333332
4 0.15380859375 0.54296875 0.0869140625 0.010416666666666666
4 0.09326171875 0.5774739583333334 0.0283203125 0.037760416666666664
4 0.15380859375 0.5755208333333334 0.0869140625 0.010416666666666666
7 0.08642578125 0.615234375 0.0068359375 0.01171875
7 0.14404296875 0.615234375 0.1103515625 0.01171875
0 0.9375 0.4876302083333333 0.03125 0.016927083333333332
0 0.986328125 0.4889322916666667 0.02734375 0.01953125
0 0.50048828125 0.4869791666666667 0.0224609375 0.015625
0 0.54736328125 0.4869791666666667 0.0322265625 0.015625
0 0.626953125 0.4869791666666667 0.087890625 0.015625
0 0.74072265625 0.4869791666666667 0.1005859375 0.015625
4 0.58251953125 0.5729166666666666 0.1865234375 0.052083333333333336
0 0.50439453125 0.6614583333333334 0.0302734375 0.052083333333333336
0 0.5634765625 0.6614583333333334 0.060546875 0.052083333333333336
0 0.62353515625 0.6614583333333334 0.0322265625 0.052083333333333336
0 0.68505859375 0.6614583333333334 0.0634765625 0.052083333333333336
0 0.7744140625 0.6614583333333334 0.087890625 0.052083333333333336
0 0.86083984375 0.6614583333333334 0.0576171875 0.052083333333333336
0 0.92236328125 0.6614583333333334 0.0380859375 0.052083333333333336
0 0.9775390625 0.6614583333333334 0.044921875 0.052083333333333336
0 0.53076171875 0.708984375 0.0732421875 0.02734375
0 0.58642578125 0.708984375 0.0302734375 0.02734375
0 0.63671875 0.708984375 0.0625 0.02734375
1 0.912109375 0.7115885416666666 0.146484375 0.02734375
0 0.74462890625 0.8958333333333334 0.5107421875 0.20833333333333334
4 0.74462890625 0.8958333333333334 0.5107421875 0.20833333333333334