4 0.24658203125 0.20638020833333334 0.4267578125 0.4127604166666667
0 0.24267578125 0.23958333333333334 0.4345703125 0.4791666666666667
2 0.20849609375 0.4329427083333333 0.3583984375 0.09244791666666667
7 0.72998046875 0.4270833333333333 0.5400390625 0.10416666666666667
2 0.03125 0.7923177083333334 0.0625 0.04296875
0 0.09375 0.8854166666666666 0.1875 0.22916666666666666
2 0.09375 0.8372395833333334 0.1875 0.049479166666666664
7 0.09375 0.89453125 0.1875 0.026041666666666668
7 0.09375 0.95703125 0.1875 0.0859375
2 0.2958984375 0.7923177083333334 0.0625 0.04296875
0 0.3623046875 0.8854166666666666 0.1953125 0.22916666666666666
2 0.3623046875 0.8372395833333334 0.1953125 0.049479166666666664
7 0.3623046875 0.89453125 0.1953125 0.026041666666666668
7 0.3623046875 0.95703125 0.1953125 0.0859375
4 0.72998046875 0.5123697916666666 0.5400390625 0.06640625
4 0.513671875 0.5123697916666666 0.05859375 0.06640625
6 0.62744140625 0.5084635416666666 0.0791015625 0.024739583333333332
6 0.708984375 0.5084635416666666 0.044921875 0.024739583333333332
6 0.78857421875 0.5084635416666666 0.0751953125 0.024739583333333332
6 0.86474609375 0.5084635416666666 0.0380859375 0.024739583333333332
4 0.72998046875 0.7395833333333334 0.5400390625 0.5208333333333334
4 0.79443359375 0.7838541666666666 0.0517578125 0.08072916666666667
2 0.91943359375 0.7682291666666666 0.1611328125 0.046875
2 0.91943359375 0.8098958333333334 0.1611328125 0.046875
7 0.88427734375 0.890625 0.2314453125 0.078125
7 0.88427734375 0.9635416666666666 0.2314453125 0.026041666666666668
6 0.81884765625 0.98828125 0.1005859375 0.0234375
2 0.5263671875 0.5631510416666666 0.083984375 0.024739583333333332
4 0.626953125 0.5598958333333334 0.09765625 0.028645833333333332
4 0.72998046875 0.796875 0.5400390625 0.40625
4 0.72998046875 0.796875 0.5400390625 0.40625
2 0.7060546875 0.8821614583333334 0.451171875 0.11848958333333333
2 0.7421875 0.97265625 0.515625 0.0546875