2 0.2021484375 0.171875 0.361328125 0.34375
4 0.8701171875 0.08138020833333333 0.259765625 0.16276041666666666
2 0.794921875 0.189453125 0.41015625 0.37890625
4 0.7060546875 0.2662760416666667 0.228515625 0.16796875
2 0.9189453125 0.22981770833333334 0.162109375 0.09244791666666667
7 0.34033203125 0.3899739583333333 0.3369140625 0.022135416666666668
4 0.306640625 0.3951822916666667 0.03515625 0.032552083333333336
6 0.0322265625 0.4817708333333333 0.064453125 0.041666666666666664
7 0.08642578125 0.4817708333333333 0.0439453125 0.041666666666666664
6 0.166015625 0.4817708333333333 0.1171875 0.041666666666666664
7 0.0283203125 0.5260416666666666 0.056640625 0.026041666666666668
6 0.076171875 0.5260416666666666 0.041015625 0.026041666666666668
7 0.10498046875 0.5260416666666666 0.0185546875 0.026041666666666668
6 0.16064453125 0.5260416666666666 0.0927734375 0.026041666666666668
6 0.0302734375 0.5774739583333334 0.060546875 0.022135416666666668
4 0.0791015625 0.5794270833333334 0.015625 0.020833333333333332
6 0.15576171875 0.5774739583333334 0.1396484375 0.022135416666666668
4 0.244140625 0.5794270833333334 0.015625 0.020833333333333332
6 0.1875 0.591796875 0.375 0.05078125
6 0.5185546875 0.5188802083333334 0.0625 0.022135416666666668
6 0.564453125 0.5188802083333334 0.025390625 0.022135416666666668
7 0.5830078125 0.5188802083333334 0.013671875 0.022135416666666668
6 0.53369140625 0.5572916666666666 0.1123046875 0.020833333333333332
4 0.08203125 0.7291666666666666 0.1640625 0.033854166666666664
7 0.01513671875 0.732421875 0.0302734375 0.045572916666666664
4 0.22607421875 0.8203125 0.1474609375 0.125
7 0.01513671875 0.7819010416666666 0.0302734375 0.022135416666666668
7 0.05419921875 0.7819010416666666 0.0478515625 0.022135416666666668
6 0.06494140625 0.7962239583333334 0.1298828125 0.05078125
7 0.03857421875 0.810546875 0.0771484375 0.022135416666666668
6 0.10546875 0.810546875 0.05859375 0.022135416666666668
7 0.044921875 0.8391927083333334 0.08984375 0.022135416666666668
7 0.0615234375 0.8678385416666666 0.123046875 0.022135416666666668
6 0.04345703125 0.9108072916666666 0.0869140625 0.05078125
7 0.03466796875 0.9251302083333334 0.0380859375 0.022135416666666668
6 0.09375 0.9251302083333334 0.083984375 0.022135416666666668
7 0.13818359375 0.9251302083333334 0.0048828125 0.022135416666666668
7 0.0517578125 0.962890625 0.103515625 0.022135416666666668
6 0.130859375 0.962890625 0.056640625 0.022135416666666668
7 0.13671875 0.9759114583333334 0.2734375 0.048177083333333336
6 0.0654296875 0.990234375 0.080078125 0.01953125
7 0.1220703125 0.990234375 0.037109375 0.01953125
6 0.17431640625 0.990234375 0.0693359375 0.01953125
7 0.12744140625 0.990234375 0.2548828125 0.01953125
4 0.46728515625 0.7291666666666666 0.2451171875 0.033854166666666664
4 0.36865234375 0.7298177083333334 0.0380859375 0.05078125
7 0.4306640625 0.732421875 0.09375 0.045572916666666664
7 0.3916015625 0.7819010416666666 0.064453125 0.022135416666666668
7 0.43994140625 0.7819010416666666 0.0341796875 0.022135416666666668
6 0.49462890625 0.7819010416666666 0.0771484375 0.022135416666666668
7 0.556640625 0.7819010416666666 0.048828125 0.022135416666666668
6 0.5849609375 0.7819010416666666 0.009765625 0.022135416666666668
7 0.474609375 0.7962239583333334 0.23046875 0.05078125
7 0.474609375 0.8626302083333334 0.23046875 0.05078125
6 0.5458984375 0.876953125 0.087890625 0.022135416666666668
6 0.38916015625 0.9055989583333334 0.0595703125 0.022135416666666668
7 0.47998046875 0.9055989583333334 0.1240234375 0.022135416666666668
6 0.5537109375 0.9055989583333334 0.025390625 0.022135416666666668
7 0.57763671875 0.9055989583333334 0.0244140625 0.022135416666666668
6 0.4111328125 0.9342447916666666 0.103515625 0.022135416666666668
7 0.474609375 0.9615885416666666 0.23046875 0.07682291666666667
6 0.4609375 0.990234375 0.0703125 0.01953125
7 0.474609375 0.990234375 0.23046875 0.01953125
7 0.6982421875 0.4908854166666667 0.216796875 0.028645833333333332
0 0.7119140625 0.4908854166666667 0.244140625 0.0390625
7 0.931640625 0.4908854166666667 0.13671875 0.028645833333333332
0 0.9267578125 0.4908854166666667 0.146484375 0.0390625
7 0.68505859375 0.5481770833333334 0.1904296875 0.020833333333333332
4 0.7119140625 0.7194010416666666 0.244140625 0.29296875
0 0.7119140625 0.7194010416666666 0.244140625 0.29296875
4 0.59912109375 0.916015625 0.0185546875 0.02734375
0 0.640625 0.916015625 0.1015625 0.10026041666666667
7 0.65673828125 0.916015625 0.0693359375 0.10026041666666667
4 0.75830078125 0.890625 0.0205078125 0.026041666666666668
0 0.78173828125 0.890625 0.0673828125 0.026041666666666668
7 0.798828125 0.890625 0.033203125 0.026041666666666668
4 0.75830078125 0.94140625 0.0205078125 0.026041666666666668
0 0.775390625 0.94140625 0.0546875 0.026041666666666668
7 0.79248046875 0.94140625 0.0205078125 0.026041666666666668
4 0.873046875 0.5494791666666666 0.009765625 0.013020833333333334
7 0.9462890625 0.5494791666666666 0.107421875 0.028645833333333332
3 0.9267578125 0.73828125 0.146484375 0.3255208333333333
7 0.95068359375 0.93359375 0.0986328125 0.020833333333333332