7 0.0556640625 0.0078125 0.099609375 0.015625
0 0.10888671875 0.016276041666666668 0.2177734375 0.032552083333333336
7 0.27197265625 0.0078125 0.0478515625 0.015625
0 0.3466796875 0.016276041666666668 0.2265625 0.032552083333333336
7 0.50927734375 0.0078125 0.0380859375 0.015625
0 0.52734375 0.016276041666666668 0.103515625 0.032552083333333336
4 0.35498046875 0.3639322916666667 0.4482421875 0.4908854166666667
7 0.06689453125 0.23177083333333334 0.1337890625 0.10416666666666667
1 0.28955078125 0.3541666666666667 0.5791015625 0.078125
4 0.9091796875 0.024088541666666668 0.076171875 0.048177083333333336
0 0.90966796875 0.012369791666666666 0.0771484375 0.024739583333333332
4 0.78955078125 0.3489583333333333 0.4208984375 0.5208333333333334
0 0.78955078125 0.3489583333333333 0.4208984375 0.5208333333333334
7 0.78955078125 0.4244791666666667 0.4208984375 0.026041666666666668
2 0.78955078125 0.5071614583333334 0.4208984375 0.14192708333333334
4 0.21875 0.6783854166666666 0.224609375 0.052083333333333336
0 0.21875 0.6588541666666666 0.224609375 0.09895833333333333
0 0.02099609375 0.767578125 0.0419921875 0.10286458333333333
0 0.10986328125 0.767578125 0.1376953125 0.10286458333333333
0 0.22412109375 0.767578125 0.0927734375 0.10286458333333333
0 0.3173828125 0.767578125 0.095703125 0.10286458333333333
0 0.41796875 0.767578125 0.107421875 0.10286458333333333
0 0.50927734375 0.767578125 0.0771484375 0.10286458333333333
3 0.28955078125 0.9225260416666666 0.5791015625 0.15494791666666666
4 0.21875 0.9889322916666666 0.0390625 0.022135416666666668
0 0.28955078125 0.9889322916666666 0.5791015625 0.022135416666666668
4 0.78955078125 0.6595052083333334 0.4208984375 0.10026041666666667
4 0.61865234375 0.9225260416666666 0.0791015625 0.15494791666666666
4 0.95654296875 0.9225260416666666 0.0869140625 0.15494791666666666
7 0.671875 0.8548177083333334 0.185546875 0.12109375
0 0.650390625 0.9166666666666666 0.142578125 0.046875
0 0.865234375 0.8502604166666666 0.123046875 0.0546875
0 0.97216796875 0.8502604166666666 0.0556640625 0.057291666666666664
7 0.58935546875 0.97265625 0.0205078125 0.0234375
7 0.86083984375 0.97265625 0.1787109375 0.0234375