4 0.0693359375 0.013020833333333334 0.138671875 0.026041666666666668
7 0.00927734375 0.08203125 0.0185546875 0.026041666666666668
0 0.0908203125 0.08072916666666667 0.181640625 0.0625
7 0.2568359375 0.08203125 0.08984375 0.026041666666666668
0 0.29345703125 0.08072916666666667 0.1923828125 0.0625
7 0.03466796875 0.16536458333333334 0.0693359375 0.026041666666666668
0 0.0908203125 0.1640625 0.181640625 0.0625
7 0.23583984375 0.16536458333333334 0.0478515625 0.026041666666666668
0 0.29345703125 0.1640625 0.1923828125 0.0625
7 0.671875 0.016276041666666668 0.455078125 0.032552083333333336
7 0.48876953125 0.046223958333333336 0.0888671875 0.022135416666666668
6 0.56591796875 0.046223958333333336 0.0693359375 0.022135416666666668
6 0.642578125 0.046223958333333336 0.078125 0.022135416666666668
7 0.74560546875 0.046223958333333336 0.1279296875 0.022135416666666668
6 0.662109375 0.060546875 0.435546875 0.05078125
6 0.95263671875 0.031901041666666664 0.0478515625 0.022135416666666668
7 0.6572265625 0.14973958333333334 0.466796875 0.046875
4 0.6572265625 0.2584635416666667 0.439453125 0.12109375
7 0.953125 0.14973958333333334 0.09375 0.046875
7 0.1455078125 0.5670572916666666 0.291015625 0.49609375
0 0.1455078125 0.5670572916666666 0.291015625 0.49609375
0 0.349609375 0.5436197916666666 0.080078125 0.44921875
6 0.349609375 0.6263020833333334 0.080078125 0.15625
7 0.349609375 0.7532552083333334 0.080078125 0.022135416666666668
2 0.19482421875 0.88671875 0.3896484375 0.06770833333333333
6 0.07958984375 0.986328125 0.1591796875 0.022135416666666668
6 0.318359375 0.986328125 0.017578125 0.022135416666666668
4 0.71875 0.3841145833333333 0.0625 0.08333333333333333
2 0.71875 0.509765625 0.484375 0.04296875
2 0.71875 0.556640625 0.259765625 0.04296875
7 0.71875 0.6673177083333334 0.17578125 0.024739583333333332
0 0.71875 0.6673177083333334 0.2109375 0.06901041666666667
4 0.69482421875 0.8665364583333334 0.6103515625 0.2669270833333333