4 0.4560546875 0.189453125 0.2265625 0.37890625
7 0.19287109375 0.1015625 0.3056640625 0.10416666666666667
1 0.310546875 0.22395833333333334 0.517578125 0.078125
4 0.63037109375 0.19921875 0.1220703125 0.359375
0 0.63037109375 0.19921875 0.1220703125 0.359375
4 0.82958984375 0.19921875 0.2724609375 0.359375
0 0.82958984375 0.19921875 0.2724609375 0.359375
2 0.76708984375 0.3704427083333333 0.1162109375 0.016927083333333332
0 0.76708984375 0.37109375 0.1162109375 0.013020833333333334
1 0.24462890625 0.4088541666666667 0.4892578125 0.028645833333333332
1 0.18212890625 0.453125 0.0634765625 0.028645833333333332
7 0.244140625 0.5 0.48828125 0.020833333333333332
7 0.28466796875 0.5436197916666666 0.5693359375 0.02734375
6 0.1943359375 0.6360677083333334 0.17578125 0.01953125
7 0.0126953125 0.673828125 0.025390625 0.016927083333333332
7 0.02880859375 0.66796875 0.0087890625 0.015625
7 0.05908203125 0.673828125 0.0537109375 0.016927083333333332
7 0.08935546875 0.66796875 0.0087890625 0.015625
7 0.1279296875 0.673828125 0.0703125 0.016927083333333332
7 0.16650390625 0.66796875 0.0087890625 0.015625
7 0.294921875 0.673828125 0.25 0.016927083333333332
7 0.78125 0.498046875 0.423828125 0.029947916666666668
7 0.78125 0.568359375 0.423828125 0.029947916666666668
7 0.78125 0.638671875 0.423828125 0.029947916666666668
7 0.78125 0.6673177083333334 0.423828125 0.029947916666666668
7 0.78125 0.751953125 0.423828125 0.05859375
7 0.78125 0.8365885416666666 0.423828125 0.029947916666666668