4 0.50341796875 0.2532552083333333 0.2314453125 0.5065104166666666
7 0.23779296875 0.11328125 0.3056640625 0.10416666666666667
1 0.35791015625 0.23567708333333334 0.5224609375 0.078125
2 0.46533203125 0.595703125 0.3076171875 0.02734375
7 0.66259765625 0.134765625 0.0869140625 0.029947916666666668
7 0.66455078125 0.173828125 0.0908203125 0.029947916666666668
2 0.8095703125 0.5208333333333334 0.380859375 0.06770833333333333
7 0.71630859375 0.5924479166666666 0.1943359375 0.033854166666666664
4 0.1953125 0.8196614583333334 0.390625 0.3606770833333333
4 0.5283203125 0.8131510416666666 0.181640625 0.3736979166666667
7 0.6640625 0.6263020833333334 0.08984375 0.03125
0 0.673828125 0.6321614583333334 0.109375 0.045572916666666664
4 0.8056640625 0.853515625 0.373046875 0.29296875