2 0.119140625 0.06770833333333333 0.2265625 0.06510416666666667
2 0.1201171875 0.126953125 0.169921875 0.022135416666666668
2 0.119140625 0.15559895833333334 0.1875 0.022135416666666668
7 0.1318359375 0.236328125 0.263671875 0.04296875
0 0.13232421875 0.236328125 0.2646484375 0.05859375
7 0.13232421875 0.310546875 0.2646484375 0.04296875
0 0.13232421875 0.310546875 0.2646484375 0.05859375
7 0.13330078125 0.37890625 0.1669921875 0.0234375
0 0.13232421875 0.3802083333333333 0.2646484375 0.036458333333333336
4 0.22998046875 0.24479166666666666 0.4599609375 0.4895833333333333
2 0.2060546875 0.3971354166666667 0.412109375 0.109375
7 0.1220703125 0.042317708333333336 0.244140625 0.08463541666666667
2 0.32861328125 0.14322916666666666 0.2626953125 0.109375
7 0.32861328125 0.3033854166666667 0.2626953125 0.171875
2 0.2060546875 0.4088541666666667 0.412109375 0.109375
4 0.22998046875 0.24479166666666666 0.4599609375 0.4895833333333333
4 0.7099609375 0.24479166666666666 0.5 0.4895833333333333
6 0.71435546875 0.022135416666666668 0.0341796875 0.015625
0 0.927734375 0.022135416666666668 0.05859375 0.0390625
1 0.78759765625 0.018880208333333332 0.0126953125 0.016927083333333332
5 0.8388671875 0.020833333333333332 0.083984375 0.020833333333333332
4 0.7373046875 0.10872395833333333 0.09375 0.05078125
6 0.73681640625 0.14453125 0.0595703125 0.020833333333333332
7 0.87939453125 0.10416666666666667 0.1494140625 0.041666666666666664
4 0.3095703125 0.5891927083333334 0.166015625 0.15755208333333334
7 0.021484375 0.5110677083333334 0.0078125 0.01953125
6 0.03662109375 0.5110677083333334 0.0224609375 0.01953125
7 0.09765625 0.5110677083333334 0.095703125 0.01953125
7 0.15380859375 0.5110677083333334 0.0205078125 0.01953125
6 0.0205078125 0.537109375 0.041015625 0.01953125
7 0.06884765625 0.537109375 0.0556640625 0.01953125
6 0.11962890625 0.537109375 0.0498046875 0.01953125
7 0.08349609375 0.5501302083333334 0.1669921875 0.045572916666666664
6 0.0693359375 0.5631510416666666 0.130859375 0.01953125
7 0.0966796875 0.576171875 0.193359375 0.045572916666666664
6 0.0390625 0.5891927083333334 0.078125 0.01953125
7 0.08349609375 0.5891927083333334 0.0146484375 0.01953125
6 0.10986328125 0.5891927083333334 0.0400390625 0.01953125
7 0.1396484375 0.5891927083333334 0.021484375 0.01953125
6 0.0966796875 0.615234375 0.193359375 0.01953125
7 0.19775390625 0.615234375 0.0107421875 0.01953125
6 0.03759765625 0.6412760416666666 0.0751953125 0.01953125
7 0.08544921875 0.6412760416666666 0.0205078125 0.01953125
6 0.12939453125 0.6412760416666666 0.0712890625 0.01953125
7 0.083984375 0.6803385416666666 0.16796875 0.045572916666666664
6 0.146484375 0.693359375 0.228515625 0.01953125
7 0.18994140625 0.732421875 0.3798828125 0.09765625
7 0.060546875 0.771484375 0.12109375 0.01953125
7 0.1552734375 0.771484375 0.0703125 0.01953125
6 0.21826171875 0.771484375 0.0576171875 0.01953125
6 0.26416015625 0.771484375 0.0283203125 0.01953125
7 0.18798828125 0.7845052083333334 0.3759765625 0.045572916666666664
6 0.13427734375 0.7975260416666666 0.0224609375 0.01953125
7 0.23046875 0.7975260416666666 0.166015625 0.01953125
7 0.19677734375 0.810546875 0.3935546875 0.045572916666666664
6 0.00341796875 0.8235677083333334 0.0068359375 0.01953125
7 0.03857421875 0.8235677083333334 0.0576171875 0.01953125
7 0.08740234375 0.8235677083333334 0.0439453125 0.01953125
6 0.1455078125 0.8235677083333334 0.07421875 0.01953125
7 0.22509765625 0.8235677083333334 0.0849609375 0.01953125
6 0.17529296875 0.8365885416666666 0.3505859375 0.045572916666666664
7 0.1376953125 0.849609375 0.130859375 0.01953125
6 0.35888671875 0.8834635416666666 0.0888671875 0.01953125
7 0.0634765625 0.9283854166666666 0.126953125 0.0234375
6 0.27880859375 0.9283854166666666 0.0419921875 0.013020833333333334
7 0.3037109375 0.9283854166666666 0.0078125 0.013020833333333334
6 0.3125 0.9283854166666666 0.01171875 0.013020833333333334
7 0.3212890625 0.9283854166666666 0.0078125 0.013020833333333334
6 0.341796875 0.9283854166666666 0.037109375 0.013020833333333334
7 0.3642578125 0.9283854166666666 0.0078125 0.013020833333333334
6 0.38134765625 0.9283854166666666 0.0283203125 0.013020833333333334
4 0.314453125 0.986328125 0.15625 0.02734375
6 0.03271484375 0.9733072916666666 0.0654296875 0.01953125
7 0.07568359375 0.9733072916666666 0.0205078125 0.01953125
6 0.12451171875 0.9733072916666666 0.0810546875 0.01953125
7 0.1767578125 0.9733072916666666 0.0234375 0.01953125
6 0.02587890625 0.9947916666666666 0.0517578125 0.010416666666666666
7 0.05615234375 0.9947916666666666 0.0087890625 0.010416666666666666
6 0.076171875 0.9947916666666666 0.03515625 0.010416666666666666
7 0.10009765625 0.9947916666666666 0.0146484375 0.010416666666666666
6 0.1650390625 0.9947916666666666 0.1171875 0.010416666666666666
6 0.44921875 0.533203125 0.021484375 0.01953125
7 0.44921875 0.6321614583333334 0.021484375 0.09765625
6 0.44580078125 0.8352864583333334 0.0283203125 0.016927083333333332
4 0.43798828125 0.88671875 0.0224609375 0.03125
7 0.44921875 0.939453125 0.021484375 0.01953125
6 0.44921875 0.9733072916666666 0.021484375 0.01953125
6 0.59765625 0.7083333333333334 0.126953125 0.0234375
2 0.61328125 0.7486979166666666 0.158203125 0.036458333333333336
6 0.6005859375 0.7838541666666666 0.1328125 0.03125
4 0.74755859375 0.7122395833333334 0.4658203125 0.3776041666666667
4 0.5107421875 0.7369791666666666 0.02734375 0.036458333333333336
4 0.9814453125 0.7369791666666666 0.02734375 0.036458333333333336
0 0.54052734375 0.9889322916666666 0.0517578125 0.022135416666666668