7 0.2646484375 0.00390625 0.529296875 0.0078125
2 0.2646484375 0.028645833333333332 0.529296875 0.03125
7 0.48583984375 0.11848958333333333 0.0869140625 0.052083333333333336
7 0.03076171875 0.119140625 0.0380859375 0.01953125
7 0.09814453125 0.119140625 0.0361328125 0.01953125
7 0.08203125 0.1875 0.072265625 0.015625
2 0.14453125 0.21549479166666666 0.197265625 0.03515625
7 0.16943359375 0.2819010416666667 0.2470703125 0.07942708333333333
6 0.103515625 0.310546875 0.078125 0.022135416666666668
7 0.14453125 0.310546875 0.005859375 0.022135416666666668
7 0.17578125 0.39453125 0.259765625 0.13020833333333334
7 0.38134765625 0.19270833333333334 0.0439453125 0.03125
4 0.38134765625 0.2265625 0.0380859375 0.026041666666666668
7 0.45458984375 0.19270833333333334 0.0341796875 0.03125
4 0.45458984375 0.2265625 0.0380859375 0.026041666666666668
7 0.51904296875 0.19270833333333334 0.0205078125 0.03125
4 0.51904296875 0.2265625 0.0205078125 0.026041666666666668
7 0.43701171875 0.3697916666666667 0.1845703125 0.1796875
2 0.7470703125 0.024739583333333332 0.435546875 0.049479166666666664
0 0.6640625 0.13151041666666666 0.123046875 0.059895833333333336
2 0.62890625 0.43359375 0.19921875 0.036458333333333336
2 0.91796875 0.43359375 0.1640625 0.036458333333333336
2 0.037109375 0.5416666666666666 0.07421875 0.033854166666666664
2 0.037109375 0.7799479166666666 0.07421875 0.033854166666666664
2 0.037109375 0.9166666666666666 0.07421875 0.033854166666666664
4 0.16162109375 0.5032552083333334 0.1416015625 0.08723958333333333
0 0.16162109375 0.5032552083333334 0.1416015625 0.08723958333333333
4 0.302734375 0.5032552083333334 0.142578125 0.08723958333333333
0 0.302734375 0.5032552083333334 0.142578125 0.08723958333333333
4 0.4443359375 0.5032552083333334 0.142578125 0.08723958333333333
0 0.4443359375 0.5032552083333334 0.142578125 0.08723958333333333
4 0.16162109375 0.6165364583333334 0.1416015625 0.14192708333333334
0 0.16162109375 0.6165364583333334 0.1416015625 0.14192708333333334
4 0.302734375 0.6165364583333334 0.142578125 0.14192708333333334
0 0.302734375 0.6165364583333334 0.142578125 0.14192708333333334
4 0.4443359375 0.6165364583333334 0.142578125 0.14192708333333334
0 0.4443359375 0.6165364583333334 0.142578125 0.14192708333333334
4 0.16162109375 0.7578125 0.1416015625 0.14322916666666666
0 0.16162109375 0.7578125 0.1416015625 0.14322916666666666
4 0.302734375 0.7578125 0.142578125 0.14322916666666666
0 0.302734375 0.7578125 0.142578125 0.14322916666666666
4 0.4443359375 0.7578125 0.142578125 0.14322916666666666
0 0.4443359375 0.7578125 0.142578125 0.14322916666666666
4 0.16162109375 0.8990885416666666 0.1416015625 0.14192708333333334
0 0.16162109375 0.8990885416666666 0.1416015625 0.14192708333333334
4 0.302734375 0.8990885416666666 0.142578125 0.14192708333333334
0 0.302734375 0.8990885416666666 0.142578125 0.14192708333333334
4 0.4443359375 0.8990885416666666 0.142578125 0.14192708333333334
0 0.4443359375 0.8990885416666666 0.142578125 0.14192708333333334
4 0.16162109375 0.984375 0.1416015625 0.03125
0 0.16162109375 0.984375 0.1416015625 0.03125
4 0.302734375 0.984375 0.142578125 0.03125
0 0.302734375 0.984375 0.142578125 0.03125
4 0.4443359375 0.984375 0.142578125 0.03125
0 0.4443359375 0.984375 0.142578125 0.03125
0 0.59716796875 0.5078125 0.0791015625 0.0703125
0 0.70654296875 0.5078125 0.1318359375 0.0703125
0 0.81982421875 0.5078125 0.0869140625 0.0703125
6 0.900390625 0.5201822916666666 0.046875 0.06640625
2 0.7646484375 0.6881510416666666 0.470703125 0.14973958333333334
2 0.896484375 0.73046875 0.20703125 0.06510416666666667
7 0.7646484375 0.7975260416666666 0.470703125 0.03515625
0 0.84765625 0.880859375 0.21484375 0.06640625
0 0.84765625 0.8802083333333334 0.21484375 0.020833333333333332
7 0.84765625 0.9544270833333334 0.29296875 0.0546875