4 0.3427734375 0.039713541666666664 0.56640625 0.07942708333333333
7 0.3447265625 0.103515625 0.689453125 0.016927083333333332
2 0.3447265625 0.1328125 0.689453125 0.03125
7 0.642578125 0.22265625 0.09375 0.052083333333333336
7 0.03173828125 0.22330729166666666 0.0615234375 0.01953125
7 0.11376953125 0.22330729166666666 0.0439453125 0.01953125
7 0.18408203125 0.22330729166666666 0.0380859375 0.01953125
7 0.25146484375 0.22330729166666666 0.0361328125 0.01953125
7 0.013671875 0.2916666666666667 0.02734375 0.015625
2 0.0263671875 0.3196614583333333 0.052734375 0.03515625
7 0.08203125 0.4231770833333333 0.1640625 0.15364583333333334
7 0.2353515625 0.2916666666666667 0.072265625 0.015625
2 0.2978515625 0.3196614583333333 0.197265625 0.03515625
7 0.32275390625 0.3860677083333333 0.2470703125 0.07942708333333333
6 0.2568359375 0.4147135416666667 0.078125 0.022135416666666668
7 0.2978515625 0.4147135416666667 0.005859375 0.022135416666666668
7 0.3291015625 0.466796875 0.259765625 0.06640625
7 0.53466796875 0.296875 0.0439453125 0.03125
4 0.53466796875 0.3307291666666667 0.0380859375 0.026041666666666668
7 0.60791015625 0.296875 0.0341796875 0.03125
4 0.60791015625 0.3307291666666667 0.0380859375 0.026041666666666668
7 0.67578125 0.296875 0.02734375 0.03125
4 0.67578125 0.3307291666666667 0.02734375 0.026041666666666668
7 0.59375 0.4420572916666667 0.19140625 0.11588541666666667
6 0.8447265625 0.25 0.310546875 0.5
0 0.8447265625 0.06575520833333333 0.310546875 0.13151041666666666
7 0.8447265625 0.22526041666666666 0.310546875 0.14583333333333334
7 0.70703125 0.3326822916666667 0.03515625 0.02734375
0 0.70703125 0.3326822916666667 0.03515625 0.02734375
7 0.8447265625 0.3600260416666667 0.310546875 0.02734375
4 0.73974609375 0.4680989583333333 0.1005859375 0.06380208333333333
0 0.73974609375 0.4680989583333333 0.1005859375 0.06380208333333333
2 0.880859375 0.3600260416666667 0.083984375 0.040364583333333336
7 0.91943359375 0.4388020833333333 0.1611328125 0.078125
0 0.91943359375 0.4388020833333333 0.1611328125 0.078125
7 0.87060546875 0.4908854166666667 0.0634765625 0.018229166666666668
6 0.67138671875 0.5110677083333334 0.0361328125 0.014322916666666666
6 0.62109375 0.5110677083333334 0.03515625 0.014322916666666666
6 0.56298828125 0.5110677083333334 0.0498046875 0.014322916666666666
6 0.49658203125 0.5110677083333334 0.0537109375 0.014322916666666666
1 0.57080078125 0.5696614583333334 0.1689453125 0.02734375
1 0.6748046875 0.5729166666666666 0.0234375 0.03125
1 0.07080078125 0.646484375 0.1376953125 0.024739583333333332
6 0.19140625 0.6458333333333334 0.064453125 0.018229166666666668
6 0.2568359375 0.6458333333333334 0.029296875 0.018229166666666668
6 0.3046875 0.6458333333333334 0.025390625 0.018229166666666668
4 0.103515625 0.8841145833333334 0.046875 0.0625
7 0.173828125 0.8717447916666666 0.0078125 0.01953125
6 0.21630859375 0.8717447916666666 0.0771484375 0.01953125
7 0.173828125 0.896484375 0.0078125 0.01953125
6 0.19775390625 0.896484375 0.0400390625 0.01953125
4 0.3603515625 0.8841145833333334 0.046875 0.0625
7 0.4306640625 0.8717447916666666 0.0078125 0.01953125
6 0.48779296875 0.8717447916666666 0.1064453125 0.01953125
7 0.4306640625 0.896484375 0.0078125 0.01953125
6 0.4921875 0.896484375 0.115234375 0.01953125
2 0.33349609375 0.9596354166666666 0.6669921875 0.03125
7 0.18359375 0.994140625 0.3671875 0.01171875
7 0.8447265625 0.8352864583333334 0.310546875 0.13151041666666666
7 0.8447265625 0.955078125 0.310546875 0.08984375