4 0.08203125 0.201171875 0.029296875 0.037760416666666664
7 0.19970703125 0.20182291666666666 0.1787109375 0.0390625
4 0.08203125 0.2923177083333333 0.029296875 0.037760416666666664
7 0.259765625 0.29296875 0.298828125 0.0390625
4 0.08203125 0.3834635416666667 0.029296875 0.037760416666666664
7 0.2021484375 0.3841145833333333 0.18359375 0.0390625
4 0.76953125 0.17447916666666666 0.4609375 0.3489583333333333
2 0.76953125 0.046875 0.4609375 0.09375
2 0.89453125 0.061848958333333336 0.2109375 0.06380208333333333
1 0.861328125 0.181640625 0.27734375 0.06640625
7 0.76953125 0.3932291666666667 0.4609375 0.046875
0 0.92724609375 0.4661458333333333 0.1455078125 0.052083333333333336
2 0.26953125 0.58984375 0.5390625 0.046875
0 0.26953125 0.6419270833333334 0.5390625 0.19791666666666666
7 0.26953125 0.6529947916666666 0.5390625 0.02734375
7 0.24609375 0.6901041666666666 0.4921875 0.020833333333333332
6 0.23779296875 0.7897135416666666 0.1103515625 0.022135416666666668
7 0.13232421875 0.853515625 0.0908203125 0.022135416666666668
7 0.2001953125 0.853515625 0.044921875 0.022135416666666668
4 0.27978515625 0.8548177083333334 0.1181640625 0.05859375
7 0.3623046875 0.853515625 0.048828125 0.022135416666666668
4 0.66552734375 0.78515625 0.2529296875 0.4296875
4 0.85107421875 0.7799479166666666 0.2978515625 0.4401041666666667
4 0.8603515625 0.7044270833333334 0.26953125 0.07291666666666667
7 0.7685546875 0.7630208333333334 0.05078125 0.015625
7 0.80615234375 0.7630208333333334 0.0205078125 0.015625
7 0.8408203125 0.7630208333333334 0.044921875 0.015625
7 0.765625 0.78125 0.044921875 0.015625
7 0.75244140625 0.8059895833333334 0.0185546875 0.015625
7 0.80419921875 0.8059895833333334 0.0458984375 0.015625
7 0.96484375 0.7623697916666666 0.01171875 0.014322916666666666
4 0.9794921875 0.76171875 0.01171875 0.015625
7 0.759765625 0.8515625 0.033203125 0.015625
7 0.78857421875 0.8515625 0.0205078125 0.015625
7 0.81884765625 0.8515625 0.0361328125 0.015625
7 0.7578125 0.8697916666666666 0.029296875 0.015625
7 0.78857421875 0.8697916666666666 0.0283203125 0.015625
7 0.8193359375 0.8697916666666666 0.029296875 0.015625
7 0.75244140625 0.89453125 0.0185546875 0.015625
7 0.80419921875 0.89453125 0.0458984375 0.015625
7 0.96484375 0.8509114583333334 0.01171875 0.014322916666666666
4 0.9794921875 0.8502604166666666 0.01171875 0.015625
7 0.759765625 0.9401041666666666 0.033203125 0.015625
7 0.78857421875 0.9401041666666666 0.0205078125 0.015625
7 0.81884765625 0.9401041666666666 0.0361328125 0.015625
7 0.74853515625 0.9583333333333334 0.0107421875 0.015625
7 0.76708984375 0.9583333333333334 0.0205078125 0.015625
7 0.78369140625 0.9583333333333334 0.0107421875 0.015625
7 0.802734375 0.9583333333333334 0.021484375 0.015625
7 0.82373046875 0.9583333333333334 0.0185546875 0.015625
7 0.84326171875 0.9583333333333334 0.0166015625 0.015625
7 0.8681640625 0.9583333333333334 0.029296875 0.015625
7 0.75244140625 0.9830729166666666 0.0185546875 0.015625
7 0.80419921875 0.9830729166666666 0.0458984375 0.015625
7 0.96484375 0.939453125 0.01171875 0.014322916666666666
4 0.9794921875 0.9388020833333334 0.01171875 0.015625