4 0.3525390625 0.0078125 0.041015625 0.015625
7 0.37060546875 0.091796875 0.0771484375 0.11328125
7 0.37060546875 0.23111979166666666 0.0771484375 0.032552083333333336
7 0.0341796875 0.09114583333333333 0.068359375 0.0390625
7 0.09423828125 0.18229166666666666 0.1884765625 0.0390625
2 0.591796875 0.13346354166666666 0.365234375 0.037760416666666664
2 0.44189453125 0.18424479166666666 0.0654296875 0.06380208333333333
2 0.587890625 0.18424479166666666 0.228515625 0.06380208333333333
7 0.591796875 0.244140625 0.365234375 0.029947916666666668
0 0.46728515625 0.009114583333333334 0.1162109375 0.018229166666666668
0 0.56298828125 0.009114583333333334 0.0751953125 0.018229166666666668
0 0.66455078125 0.009114583333333334 0.1279296875 0.018229166666666668
0 0.77685546875 0.009114583333333334 0.0966796875 0.018229166666666668
7 0.44970703125 0.041015625 0.0732421875 0.022135416666666668
6 0.57080078125 0.041015625 0.1689453125 0.022135416666666668
2 0.20458984375 0.4947916666666667 0.4091796875 0.0859375
2 0.20458984375 0.6015625 0.4091796875 0.07291666666666667
0 0.1630859375 0.8098958333333334 0.166015625 0.057291666666666664
7 0.20458984375 0.9192708333333334 0.4091796875 0.16145833333333334
7 0.59765625 0.2981770833333333 0.376953125 0.028645833333333332
7 0.85498046875 0.2981770833333333 0.0751953125 0.0234375
0 0.85498046875 0.2981770833333333 0.1083984375 0.044270833333333336
7 0.45556640625 0.3795572916666667 0.0927734375 0.02734375
0 0.56787109375 0.3802083333333333 0.1240234375 0.03125
7 0.98828125 0.3815104166666667 0.0234375 0.0234375
0 0.97998046875 0.3815104166666667 0.0400390625 0.044270833333333336
2 0.45703125 0.6705729166666666 0.095703125 0.2734375
4 0.8056640625 0.7122395833333334 0.076171875 0.1015625
0 0.79931640625 0.712890625 0.4013671875 0.31640625