2 0.12841796875 0.16731770833333334 0.2568359375 0.07421875
2 0.09716796875 0.240234375 0.1943359375 0.07421875
2 0.1845703125 0.3352864583333333 0.369140625 0.08463541666666667
0 0.01953125 0.421875 0.0390625 0.049479166666666664
1 0.61865234375 0.020182291666666668 0.2099609375 0.040364583333333336
1 0.61865234375 0.06901041666666667 0.2099609375 0.044270833333333336
1 0.61865234375 0.11979166666666667 0.2099609375 0.044270833333333336
1 0.61865234375 0.17057291666666666 0.2099609375 0.044270833333333336
1 0.61865234375 0.22135416666666666 0.2099609375 0.044270833333333336
7 0.61865234375 0.2630208333333333 0.0771484375 0.020833333333333332
7 0.541015625 0.3111979166666667 0.126953125 0.020833333333333332
7 0.69482421875 0.3125 0.0576171875 0.015625
0 0.69482421875 0.3118489583333333 0.0576171875 0.02734375
7 0.7490234375 0.3125 0.037109375 0.015625
0 0.7490234375 0.3118489583333333 0.037109375 0.02734375
7 0.56396484375 0.33984375 0.3603515625 0.015625
7 0.79931640625 0.33984375 0.1123046875 0.015625
3 0.671875 0.4114583333333333 0.60546875 0.1171875
7 0.4248046875 0.5377604166666666 0.111328125 0.0234375
2 0.1845703125 0.8040364583333334 0.369140625 0.055989583333333336
7 0.17041015625 0.92578125 0.3408203125 0.13541666666666666
4 0.6845703125 0.7747395833333334 0.630859375 0.4505208333333333
0 0.6845703125 0.7747395833333334 0.630859375 0.4505208333333333
4 0.373046875 0.8606770833333334 0.0078125 0.020833333333333332