2 0.1201171875 0.3014322916666667 0.240234375 0.07682291666666667
4 0.35546875 0.24739583333333334 0.16796875 0.18489583333333334
4 0.5087890625 0.022786458333333332 0.138671875 0.045572916666666664
4 0.66796875 0.024088541666666668 0.04296875 0.048177083333333336
7 0.72900390625 0.020833333333333332 0.0419921875 0.0234375
4 0.837890625 0.024739583333333332 0.05859375 0.046875
0 0.8837890625 0.039713541666666664 0.1875 0.07942708333333333
7 0.9208984375 0.020833333333333332 0.07421875 0.0234375
2 0.68798828125 0.20247395833333334 0.4970703125 0.053385416666666664
7 0.68798828125 0.275390625 0.4970703125 0.06901041666666667
7 0.2197265625 0.3990885416666667 0.439453125 0.08984375
7 0.28759765625 0.5149739583333334 0.3037109375 0.11588541666666667
7 0.28759765625 0.8177083333333334 0.3037109375 0.13020833333333334
2 0.84375 0.67578125 0.271484375 0.140625
0 0.84375 0.716796875 0.271484375 0.22265625
7 0.84375 0.818359375 0.271484375 0.01953125
4 0.72607421875 0.9817708333333334 0.0361328125 0.036458333333333336
0 0.7880859375 0.9811197916666666 0.16015625 0.037760416666666664
4 0.7197265625 0.669921875 0.560546875 0.66015625