6 0.0546875 0.010416666666666666 0.10546875 0.020833333333333332
6 0.13720703125 0.010416666666666666 0.0302734375 0.020833333333333332
6 0.20361328125 0.010416666666666666 0.0732421875 0.020833333333333332
6 0.27685546875 0.010416666666666666 0.0439453125 0.020833333333333332
6 0.3369140625 0.010416666666666666 0.046875 0.020833333333333332
1 0.4755859375 0.014322916666666666 0.126953125 0.028645833333333332
4 0.26953125 0.107421875 0.5390625 0.11588541666666667
4 0.26953125 0.23958333333333334 0.5390625 0.359375
0 0.70751953125 0.08854166666666667 0.3369140625 0.17708333333333334
2 0.96728515625 0.125 0.0654296875 0.020833333333333332
2 0.740234375 0.251953125 0.1484375 0.022135416666666668
7 0.732421875 0.2975260416666667 0.291015625 0.05859375
7 0.9560546875 0.2975260416666667 0.087890625 0.05859375
7 0.33056640625 0.4505208333333333 0.4169921875 0.0625
7 0.36376953125 0.53515625 0.3505859375 0.09114583333333333
4 0.0185546875 0.8229166666666666 0.037109375 0.3541666666666667
4 0.166015625 0.8932291666666666 0.23046875 0.21354166666666666
4 0.4052734375 0.9876302083333334 0.0234375 0.024739583333333332
0 0.4052734375 0.9791666666666666 0.048828125 0.041666666666666664
4 0.26953125 0.923828125 0.5390625 0.15234375
7 0.7470703125 0.4244791666666667 0.416015625 0.010416666666666666
7 0.8720703125 0.4576822916666667 0.255859375 0.029947916666666668
4 0.76953125 0.4967447916666667 0.4609375 0.15494791666666666
4 0.94970703125 0.455078125 0.0986328125 0.07161458333333333
2 0.65380859375 0.5579427083333334 0.2294921875 0.040364583333333336
1 0.6083984375 0.67578125 0.111328125 0.026041666666666668
2 0.64501953125 0.7486979166666666 0.2119140625 0.020833333333333332
7 0.83935546875 0.5501302083333334 0.0439453125 0.01953125
7 0.90869140625 0.5598958333333334 0.1826171875 0.0390625
5 0.84765625 0.6106770833333334 0.060546875 0.015625
1 0.93896484375 0.611328125 0.1083984375 0.024739583333333332
5 0.8447265625 0.6380208333333334 0.0546875 0.015625
1 0.93896484375 0.638671875 0.1083984375 0.024739583333333332
1 0.82421875 0.6686197916666666 0.013671875 0.016927083333333332
5 0.91162109375 0.671875 0.1552734375 0.015625
1 0.84716796875 0.6998697916666666 0.0595703125 0.024739583333333332
6 0.8759765625 0.7311197916666666 0.1171875 0.016927083333333332
7 0.9453125 0.7311197916666666 0.0234375 0.016927083333333332
6 0.97802734375 0.7311197916666666 0.0439453125 0.016927083333333332
7 0.85546875 0.765625 0.076171875 0.015625
7 0.90869140625 0.796875 0.1826171875 0.078125
6 0.95654296875 0.828125 0.0654296875 0.015625
7 0.990234375 0.828125 0.00390625 0.015625
6 0.97265625 0.90625 0.0546875 0.015625
7 0.734375 0.9934895833333334 0.390625 0.013020833333333334