4 0.31494140625 0.3092447916666667 0.6298828125 0.6184895833333334
2 0.17626953125 0.6595052083333334 0.3525390625 0.23567708333333334
2 0.53466796875 0.6158854166666666 0.1904296875 0.11458333333333333
0 0.52001953125 0.6412760416666666 0.2197265625 0.27734375
4 0.46435546875 0.720703125 0.0498046875 0.02734375
4 0.69189453125 0.3307291666666667 0.0205078125 0.026041666666666668
4 0.720703125 0.3307291666666667 0.01953125 0.026041666666666668
4 0.74951171875 0.3307291666666667 0.0205078125 0.026041666666666668
2 0.77197265625 0.4029947916666667 0.2841796875 0.06640625
2 0.9560546875 0.4029947916666667 0.087890625 0.06640625
7 0.81494140625 0.4680989583333333 0.3701171875 0.03515625
7 0.81494140625 0.513671875 0.3701171875 0.03515625
7 0.693359375 0.587890625 0.126953125 0.032552083333333336
6 0.79150390625 0.587890625 0.0712890625 0.032552083333333336
7 0.65283203125 0.6295572916666666 0.0458984375 0.032552083333333336
7 0.75048828125 0.6315104166666666 0.1513671875 0.0234375
7 0.29345703125 0.8248697916666666 0.5869140625 0.05859375
7 0.083984375 0.8899739583333334 0.16796875 0.05078125
7 0.1708984375 0.8899739583333334 0.005859375 0.05078125
7 0.29345703125 0.955078125 0.5869140625 0.05859375
0 0.7080078125 0.787109375 0.03515625 0.014322916666666666
4 0.705078125 0.814453125 0.029296875 0.00390625
2 0.677734375 0.8802083333333334 0.095703125 0.059895833333333336
0 0.6845703125 0.8515625 0.109375 0.14322916666666666
4 0.650390625 0.8430989583333334 0.041015625 0.12630208333333334
4 0.6845703125 0.8626302083333334 0.109375 0.16536458333333334
4 0.9931640625 0.814453125 0.013671875 0.00390625
2 0.87646484375 0.8802083333333334 0.2470703125 0.059895833333333336
0 0.86962890625 0.8515625 0.2607421875 0.14322916666666666
4 0.8876953125 0.8430989583333334 0.1875 0.12630208333333334
4 0.86962890625 0.8626302083333334 0.2607421875 0.16536458333333334
3 0.81494140625 0.9720052083333334 0.3701171875 0.055989583333333336