0 0.0244140625 0.015625 0.041015625 0.03125
0 0.11865234375 0.015625 0.0791015625 0.03125
0 0.22509765625 0.015625 0.0654296875 0.03125
0 0.31298828125 0.015625 0.0419921875 0.03125
0 0.42626953125 0.015625 0.1162109375 0.03125
4 0.11181640625 0.2916666666666667 0.2236328125 0.5208333333333334
4 0.3916015625 0.2916666666666667 0.3359375 0.5208333333333334
7 0.27978515625 0.2916666666666667 0.5595703125 0.5208333333333334
2 0.689453125 0.06901041666666667 0.259765625 0.13802083333333334
2 0.69775390625 0.130859375 0.2763671875 0.14973958333333334
4 0.77978515625 0.2799479166666667 0.4404296875 0.5598958333333334
0 0.5947265625 0.5442708333333334 0.0703125 0.03125
4 0.27978515625 0.9505208333333334 0.5595703125 0.005208333333333333
0 0.57763671875 0.578125 0.0361328125 0.036458333333333336
0 0.63427734375 0.578125 0.0791015625 0.036458333333333336
0 0.72265625 0.578125 0.099609375 0.036458333333333336
0 0.8291015625 0.578125 0.115234375 0.036458333333333336
0 0.921875 0.578125 0.072265625 0.036458333333333336
0 0.978515625 0.578125 0.04296875 0.036458333333333336
6 0.583984375 0.6165364583333334 0.048828125 0.01953125
6 0.64599609375 0.6165364583333334 0.0478515625 0.01953125
6 0.69970703125 0.6165364583333334 0.0322265625 0.01953125
6 0.796875 0.6165364583333334 0.134765625 0.01953125
6 0.92919921875 0.6165364583333334 0.1025390625 0.01953125
4 0.65869140625 0.8294270833333334 0.1982421875 0.3411458333333333
0 0.65869140625 0.8294270833333334 0.1982421875 0.3411458333333333
2 0.88232421875 0.8294270833333334 0.2119140625 0.3411458333333333
7 0.78662109375 0.931640625 0.0205078125 0.01953125
6 0.833984375 0.931640625 0.076171875 0.01953125
7 0.87646484375 0.931640625 0.0107421875 0.01953125
7 0.90673828125 0.931640625 0.0517578125 0.01953125
7 0.77587890625 0.9765625 0.4326171875 0.046875