4 0.19873046875 0.087890625 0.3408203125 0.17578125
7 0.1845703125 0.087890625 0.369140625 0.17578125
4 0.03564453125 0.24088541666666666 0.0712890625 0.09114583333333333
0 0.03564453125 0.2701822916666667 0.0712890625 0.17578125
7 0.03564453125 0.302734375 0.0712890625 0.032552083333333336
4 0.1513671875 0.24088541666666666 0.109375 0.09114583333333333
0 0.1513671875 0.2701822916666667 0.109375 0.17578125
7 0.1513671875 0.302734375 0.109375 0.032552083333333336
7 0.2861328125 0.31640625 0.080078125 0.033854166666666664
0 0.2861328125 0.2701822916666667 0.109375 0.17578125
7 0.2861328125 0.36328125 0.080078125 0.033854166666666664
7 0.2861328125 0.302734375 0.109375 0.032552083333333336
2 0.0830078125 0.4231770833333333 0.08984375 0.036458333333333336
4 0.294921875 0.427734375 0.03515625 0.045572916666666664
0 0.294921875 0.4453125 0.041015625 0.018229166666666668
4 0.3388671875 0.427734375 0.03515625 0.045572916666666664
0 0.3388671875 0.4453125 0.041015625 0.018229166666666668
4 0.6845703125 0.06315104166666667 0.630859375 0.12630208333333334
7 0.88671875 0.07356770833333333 0.064453125 0.01953125
0 0.92724609375 0.07421875 0.1455078125 0.052083333333333336
7 0.96435546875 0.07421875 0.0712890625 0.0234375
2 0.53271484375 0.23177083333333334 0.3271484375 0.0546875
4 0.55224609375 0.3059895833333333 0.3662109375 0.3072916666666667
4 0.55224609375 0.3059895833333333 0.3662109375 0.3072916666666667
2 0.89697265625 0.23177083333333334 0.2060546875 0.0546875
4 0.87744140625 0.3059895833333333 0.2451171875 0.3072916666666667
4 0.87744140625 0.3059895833333333 0.2451171875 0.3072916666666667
0 0.83642578125 0.052734375 0.3271484375 0.07942708333333333
0 0.3759765625 0.4283854166666667 0.013671875 0.028645833333333332
7 0.40283203125 0.4283854166666667 0.0400390625 0.028645833333333332
0 0.41259765625 0.4283854166666667 0.0595703125 0.028645833333333332
7 0.46533203125 0.4283854166666667 0.0458984375 0.028645833333333332
0 0.47509765625 0.4283854166666667 0.0654296875 0.028645833333333332
1 0.7353515625 0.4270833333333333 0.263671875 0.0390625
0 0.92626953125 0.427734375 0.0986328125 0.040364583333333336
7 0.14208984375 0.4674479166666667 0.2841796875 0.015625
7 0.14208984375 0.5442708333333334 0.2841796875 0.10677083333333333
1 0.14208984375 0.65234375 0.2841796875 0.0625
4 0.2587890625 0.6497395833333334 0.04296875 0.057291666666666664
6 0.2197265625 0.7083333333333334 0.12890625 0.028645833333333332
0 0.0703125 0.7955729166666666 0.140625 0.06770833333333333
0 0.05419921875 0.951171875 0.1083984375 0.048177083333333336
0 0.26513671875 0.951171875 0.2080078125 0.048177083333333336
7 0.7578125 0.462890625 0.484375 0.006510416666666667
4 0.6845703125 0.7434895833333334 0.630859375 0.5130208333333334
2 0.720703125 0.7955729166666666 0.55859375 0.14583333333333334
0 0.841796875 0.9296875 0.2734375 0.0703125