2 0.119140625 0.048828125 0.23828125 0.040364583333333336
2 0.263671875 0.048828125 0.05078125 0.040364583333333336
2 0.357421875 0.048828125 0.140625 0.040364583333333336
7 0.236328125 0.12174479166666667 0.47265625 0.048177083333333336
0 0.099609375 0.20768229166666666 0.19921875 0.06380208333333333
7 0.236328125 0.2962239583333333 0.47265625 0.07421875
4 0.02392578125 0.361328125 0.0478515625 0.05859375
4 0.10107421875 0.361328125 0.0380859375 0.05859375
4 0.18798828125 0.361328125 0.0673828125 0.05859375
4 0.28173828125 0.361328125 0.0517578125 0.05859375
4 0.35498046875 0.361328125 0.0263671875 0.05859375
2 0.337890625 0.5638020833333334 0.50390625 0.036458333333333336
2 0.04541015625 0.6412760416666666 0.0908203125 0.03515625
2 0.212890625 0.6412760416666666 0.203125 0.03515625
2 0.39501953125 0.6380208333333334 0.1201171875 0.028645833333333332
2 0.53271484375 0.6412760416666666 0.1142578125 0.03515625
4 0.294921875 0.3294270833333333 0.58984375 0.6588541666666666
7 0.37890625 0.07096354166666667 0.421875 0.048177083333333336
7 0.40087890625 0.3294270833333333 0.3779296875 0.4036458333333333
7 0.45654296875 0.56640625 0.1298828125 0.020833333333333332
0 0.4609375 0.5625 0.234375 0.0625
4 0.52587890625 0.5651041666666666 0.0087890625 0.015625
1 0.73388671875 0.005859375 0.0517578125 0.01171875
0 0.611328125 0.059895833333333336 0.04296875 0.046875
0 0.67578125 0.059895833333333336 0.087890625 0.046875
7 0.794921875 0.20247395833333334 0.41015625 0.14713541666666666
6 0.736328125 0.2545572916666667 0.087890625 0.04296875
7 0.7861328125 0.2545572916666667 0.015625 0.04296875
6 0.8564453125 0.2545572916666667 0.126953125 0.04296875
7 0.9443359375 0.2545572916666667 0.05078125 0.04296875
6 0.984375 0.2545572916666667 0.03125 0.04296875
2 0.7861328125 0.3359375 0.392578125 0.028645833333333332
2 0.794921875 0.439453125 0.41015625 0.037760416666666664
4 0.6494140625 0.5865885416666666 0.09375 0.14453125
4 0.763671875 0.5865885416666666 0.09375 0.14453125
4 0.876953125 0.5865885416666666 0.09375 0.14453125
4 0.97216796875 0.5865885416666666 0.0556640625 0.14453125
4 0.294921875 0.8294270833333334 0.58984375 0.3411458333333333
0 0.294921875 0.8294270833333334 0.58984375 0.3411458333333333
2 0.294921875 0.8294270833333334 0.58984375 0.3411458333333333
4 0.794921875 0.8424479166666666 0.41015625 0.3151041666666667
0 0.794921875 0.8424479166666666 0.41015625 0.3151041666666667