2 0.02978515625 0.115234375 0.0595703125 0.040364583333333336
2 0.0849609375 0.115234375 0.05078125 0.040364583333333336
2 0.1787109375 0.115234375 0.140625 0.040364583333333336
7 0.14697265625 0.18815104166666666 0.2939453125 0.048177083333333336
7 0.14697265625 0.34765625 0.2939453125 0.044270833333333336
2 0.50146484375 0.059895833333333336 0.1552734375 0.0390625
7 0.4921875 0.22265625 0.173828125 0.052083333333333336
7 0.4921875 0.2747395833333333 0.173828125 0.052083333333333336
7 0.4921875 0.3268229166666667 0.173828125 0.052083333333333336
7 0.4921875 0.361328125 0.173828125 0.016927083333333332
4 0.28955078125 0.18489583333333334 0.5791015625 0.3697916666666667
4 0.5517578125 0.18489583333333334 0.046875 0.3697916666666667
7 0.28759765625 0.0546875 0.5751953125 0.052083333333333336
7 0.28759765625 0.13736979166666666 0.5751953125 0.048177083333333336
7 0.2822265625 0.2819010416666667 0.498046875 0.17578125
2 0.681640625 0.056640625 0.205078125 0.11328125
0 0.78955078125 0.18489583333333334 0.4208984375 0.3697916666666667
7 0.658203125 0.15559895833333334 0.158203125 0.053385416666666664
7 0.5869140625 0.24283854166666666 0.015625 0.022135416666666668
7 0.0458984375 0.40625 0.091796875 0.07291666666666667
0 0.0458984375 0.40625 0.091796875 0.07291666666666667
7 0.14599609375 0.5735677083333334 0.2919921875 0.01953125
7 0.359375 0.5735677083333334 0.13671875 0.01953125
7 0.28955078125 0.5833333333333334 0.5791015625 0.0390625
7 0.41796875 0.5930989583333334 0.15234375 0.01953125
7 0.28955078125 0.6126302083333334 0.5791015625 0.05859375
7 0.06689453125 0.6516927083333334 0.1337890625 0.01953125
7 0.28955078125 0.6907552083333334 0.5791015625 0.09765625
6 0.15380859375 0.7298177083333334 0.1611328125 0.01953125
7 0.39599609375 0.7298177083333334 0.3232421875 0.01953125
7 0.01123046875 0.802734375 0.0224609375 0.01953125
7 0.13232421875 0.802734375 0.2197265625 0.01953125
7 0.28955078125 0.822265625 0.5791015625 0.05859375
7 0.28955078125 0.9342447916666666 0.5791015625 0.13151041666666666
2 0.78466796875 0.421875 0.4111328125 0.078125
0 0.67431640625 0.5162760416666666 0.1904296875 0.06380208333333333
4 0.68310546875 0.7493489583333334 0.2080078125 0.07682291666666667
7 0.669921875 0.8170572916666666 0.181640625 0.09765625
4 0.83837890625 0.8190104166666666 0.0986328125 0.1015625
7 0.89453125 0.8170572916666666 0.2109375 0.09765625
7 0.77392578125 0.9583333333333334 0.3896484375 0.028645833333333332
7 0.984375 0.9583333333333334 0.03125 0.028645833333333332