2 0.2197265625 0.18098958333333334 0.439453125 0.2734375
7 0.05322265625 0.4192708333333333 0.1064453125 0.036458333333333336
0 0.173828125 0.4192708333333333 0.34765625 0.078125
4 0.3203125 0.4192708333333333 0.0234375 0.03125
7 0.0888671875 0.5182291666666666 0.177734375 0.036458333333333336
0 0.173828125 0.5182291666666666 0.34765625 0.078125
4 0.3203125 0.5182291666666666 0.0234375 0.03125
7 0.05712890625 0.6171875 0.1142578125 0.036458333333333336
0 0.173828125 0.6171875 0.34765625 0.078125
4 0.3203125 0.6171875 0.0234375 0.03125
4 0.830078125 0.19986979166666666 0.33984375 0.3997395833333333
0 0.7197265625 0.3880208333333333 0.560546875 0.026041666666666668
4 0.7197265625 0.19791666666666666 0.560546875 0.3958333333333333
2 0.6044921875 0.054036458333333336 0.330078125 0.10807291666666667
6 0.5498046875 0.07486979166666667 0.220703125 0.06640625
4 0.8056640625 0.427734375 0.009765625 0.014322916666666666
4 0.8310546875 0.427734375 0.009765625 0.014322916666666666
4 0.8564453125 0.427734375 0.009765625 0.014322916666666666
4 0.8818359375 0.427734375 0.009765625 0.014322916666666666
2 0.7197265625 0.5983072916666666 0.560546875 0.053385416666666664
4 0.55078125 0.6822916666666666 0.22265625 0.033854166666666664
4 0.84375 0.6822916666666666 0.302734375 0.033854166666666664
4 0.2197265625 0.7708333333333334 0.439453125 0.14322916666666666
2 0.2197265625 0.9505208333333334 0.439453125 0.033854166666666664
4 0.591796875 0.7740885416666666 0.3046875 0.061197916666666664
0 0.591796875 0.7766927083333334 0.3046875 0.06640625
2 0.90283203125 0.7727864583333334 0.1943359375 0.024739583333333332
0 0.45068359375 0.8365885416666666 0.0224609375 0.04296875
0 0.5234375 0.8365885416666666 0.125 0.04296875
0 0.6142578125 0.8365885416666666 0.05859375 0.04296875
0 0.68212890625 0.8365885416666666 0.0791015625 0.04296875
0 0.7705078125 0.8365885416666666 0.099609375 0.04296875
0 0.876953125 0.8365885416666666 0.115234375 0.04296875
0 0.966796875 0.8365885416666666 0.06640625 0.04296875
7 0.46337890625 0.8782552083333334 0.0478515625 0.022135416666666668
6 0.513671875 0.8782552083333334 0.0546875 0.01953125
6 0.60546875 0.8782552083333334 0.1015625 0.01953125
6 0.69384765625 0.8782552083333334 0.0478515625 0.01953125
6 0.74755859375 0.8782552083333334 0.0322265625 0.01953125
6 0.8447265625 0.8782552083333334 0.134765625 0.01953125
6 0.962890625 0.8782552083333334 0.07421875 0.01953125
4 0.62255859375 0.9602864583333334 0.3662109375 0.07942708333333333
0 0.62255859375 0.9602864583333334 0.3662109375 0.07942708333333333