2 0.6142578125 0.154296875 0.0703125 0.040364583333333336
2 0.6142578125 0.1953125 0.0703125 0.03125
0 0.6142578125 0.2845052083333333 0.0703125 0.06380208333333333
4 0.4912109375 0.16471354166666666 0.31640625 0.3294270833333333
7 0.021484375 0.03125 0.04296875 0.036458333333333336
0 0.14208984375 0.03515625 0.2841796875 0.0703125
4 0.2568359375 0.03125 0.0234375 0.03125
7 0.05712890625 0.13020833333333334 0.1142578125 0.036458333333333336
0 0.14208984375 0.13020833333333334 0.2841796875 0.078125
4 0.2568359375 0.13020833333333334 0.0234375 0.03125
7 0.025390625 0.22916666666666666 0.05078125 0.036458333333333336
0 0.14208984375 0.22916666666666666 0.2841796875 0.078125
4 0.2568359375 0.22916666666666666 0.0234375 0.03125
7 0.82470703125 0.16471354166666666 0.3505859375 0.3294270833333333
0 0.82470703125 0.16471354166666666 0.3505859375 0.3294270833333333
2 0.14697265625 0.359375 0.2939453125 0.059895833333333336
2 0.32470703125 0.4375 0.6494140625 0.078125
7 0.11279296875 0.5162760416666666 0.2255859375 0.06640625
7 0.1240234375 0.5325520833333334 0.1328125 0.033854166666666664
7 0.3974609375 0.5201822916666666 0.140625 0.06901041666666667
0 0.3974609375 0.5201822916666666 0.2265625 0.06901041666666667
4 0.32470703125 0.515625 0.6494140625 0.3151041666666667
4 0.32470703125 0.7057291666666666 0.6494140625 0.06510416666666667
0 0.00732421875 0.640625 0.0146484375 0.06510416666666667
0 0.04443359375 0.6458333333333334 0.0615234375 0.0546875
0 0.11474609375 0.6458333333333334 0.0810546875 0.0546875
0 0.1884765625 0.6458333333333334 0.068359375 0.0546875
0 0.2646484375 0.6458333333333334 0.0859375 0.0546875
4 0.20654296875 0.8561197916666666 0.4130859375 0.2877604166666667
4 0.20654296875 0.8561197916666666 0.4130859375 0.2877604166666667
2 0.55078125 0.73828125 0.197265625 0.078125
7 0.55078125 0.85546875 0.197265625 0.15625
7 0.61865234375 0.9772135416666666 0.0615234375 0.045572916666666664
0 0.55078125 0.9772135416666666 0.197265625 0.045572916666666664
4 0.82470703125 0.509765625 0.3505859375 0.3606770833333333
7 0.7109375 0.3841145833333333 0.123046875 0.0390625
0 0.87255859375 0.3795572916666667 0.0927734375 0.048177083333333336
0 0.7861328125 0.3841145833333333 0.2734375 0.057291666666666664
7 0.70361328125 0.447265625 0.1083984375 0.016927083333333332
7 0.67333984375 0.880859375 0.0478515625 0.016927083333333332