6 0.318359375 0.08268229166666667 0.0859375 0.022135416666666668
6 0.318359375 0.08268229166666667 0.0859375 0.022135416666666668
6 0.318359375 0.08268229166666667 0.0859375 0.022135416666666668
6 0.318359375 0.08268229166666667 0.0859375 0.022135416666666668
6 0.1630859375 0.48046875 0.326171875 0.052083333333333336
4 0.18310546875 0.2923177083333333 0.3662109375 0.4622395833333333
4 0.50048828125 0.12369791666666667 0.1982421875 0.09895833333333333
7 0.4384765625 0.185546875 0.07421875 0.022135416666666668
7 0.533203125 0.18684895833333334 0.115234375 0.01953125
4 0.50048828125 0.3072916666666667 0.1982421875 0.09895833333333333
7 0.48291015625 0.3821614583333333 0.1630859375 0.048177083333333336
4 0.50048828125 0.4986979166666667 0.1982421875 0.0625
2 0.69873046875 0.021484375 0.0986328125 0.04296875
4 0.88720703125 0.029296875 0.2255859375 0.05859375
0 0.88720703125 0.029296875 0.2255859375 0.05859375
2 0.8935546875 0.021484375 0.212890625 0.04296875
4 0.705078125 0.18489583333333334 0.111328125 0.21614583333333334
0 0.705078125 0.18489583333333334 0.111328125 0.21614583333333334
2 0.69873046875 0.23502604166666666 0.0986328125 0.08203125
4 0.88720703125 0.18489583333333334 0.2255859375 0.21614583333333334
0 0.88720703125 0.18489583333333334 0.2255859375 0.21614583333333334
0 0.8173828125 0.18033854166666666 0.060546875 0.016927083333333332
2 0.8935546875 0.23502604166666666 0.212890625 0.08203125
0 0.6884765625 0.4837239583333333 0.078125 0.016927083333333332
2 0.88330078125 0.4264322916666667 0.2333984375 0.061197916666666664
4 0.88330078125 0.5026041666666666 0.2333984375 0.0546875
0 0.88330078125 0.5026041666666666 0.2333984375 0.0546875
7 0.3154296875 0.7265625 0.5703125 0.06510416666666667
7 0.3154296875 0.8020833333333334 0.517578125 0.06510416666666667
0 0.2001953125 0.8997395833333334 0.16015625 0.059895833333333336
0 0.40771484375 0.8997395833333334 0.2060546875 0.059895833333333336
2 0.0224609375 0.5559895833333334 0.044921875 0.052083333333333336
0 0.48779296875 0.55078125 0.0751953125 0.0390625
0 0.591796875 0.55078125 0.115234375 0.0390625
4 0.81982421875 0.6028645833333334 0.2939453125 0.14583333333333334
7 0.71337890625 0.5514322916666666 0.0615234375 0.016927083333333332
2 0.8125 0.595703125 0.259765625 0.048177083333333336
7 0.73388671875 0.6451822916666666 0.1025390625 0.01953125
4 0.85400390625 0.646484375 0.0107421875 0.014322916666666666
7 0.90283203125 0.6451822916666666 0.0888671875 0.01953125
4 0.81982421875 0.818359375 0.2939453125 0.22005208333333334
7 0.70556640625 0.779296875 0.0458984375 0.016927083333333332
2 0.7939453125 0.8359375 0.22265625 0.07291666666666667
7 0.7333984375 0.8977864583333334 0.1015625 0.01953125
4 0.85400390625 0.8990885416666666 0.0107421875 0.014322916666666666
7 0.90283203125 0.8977864583333334 0.0888671875 0.01953125
7 0.9931640625 0.5598958333333334 0.013671875 0.018229166666666668
7 0.9931640625 0.6822916666666666 0.013671875 0.018229166666666668
7 0.9931640625 0.8059895833333334 0.013671875 0.018229166666666668
7 0.9931640625 0.9283854166666666 0.013671875 0.018229166666666668
4 0.74169921875 0.9811197916666666 0.1376953125 0.037760416666666664
7 0.8447265625 0.966796875 0.03125 0.016927083333333332