4 0.16455078125 0.18489583333333334 0.3291015625 0.3697916666666667
7 0.1650390625 0.359375 0.328125 0.020833333333333332
6 0.50830078125 0.05859375 0.3583984375 0.036458333333333336
2 0.66455078125 0.255859375 0.6708984375 0.037760416666666664
1 0.66455078125 0.333984375 0.6708984375 0.07161458333333333
7 0.19921875 0.529296875 0.18359375 0.053385416666666664
3 0.16455078125 0.7473958333333334 0.3291015625 0.1171875
7 0.07958984375 0.890625 0.1591796875 0.026041666666666668
7 0.03076171875 0.9270833333333334 0.0615234375 0.026041666666666668
7 0.07958984375 0.9596354166666666 0.1591796875 0.026041666666666668
3 0.03466796875 0.99609375 0.0693359375 0.0078125
4 0.2763671875 0.9635416666666666 0.046875 0.0625
7 0.32275390625 0.9518229166666666 0.0126953125 0.020833333333333332
7 0.6640625 0.4270833333333333 0.669921875 0.10416666666666667
7 0.578125 0.5403645833333334 0.4609375 0.10416666666666667
7 0.578125 0.6783854166666666 0.34765625 0.07552083333333333
7 0.56201171875 0.7884114583333334 0.1962890625 0.037760416666666664
0 0.578125 0.7884114583333334 0.27734375 0.06380208333333333
7 0.447265625 0.873046875 0.01953125 0.029947916666666668
6 0.599609375 0.87109375 0.23828125 0.028645833333333332