6 0.1083984375 0.016276041666666668 0.064453125 0.032552083333333336
0 0.1982421875 0.016276041666666668 0.076171875 0.032552083333333336
0 0.3369140625 0.005859375 0.109375 0.01171875
0 0.42724609375 0.016276041666666668 0.0244140625 0.032552083333333336
2 0.1025390625 0.16276041666666666 0.205078125 0.07291666666666667
7 0.1025390625 0.2721354166666667 0.205078125 0.08333333333333333
7 0.7470703125 0.07291666666666667 0.353515625 0.09114583333333333
7 0.73193359375 0.16927083333333334 0.5361328125 0.09114583333333333
7 0.69873046875 0.326171875 0.0478515625 0.024739583333333332
0 0.69873046875 0.326171875 0.0712890625 0.053385416666666664
7 0.7900390625 0.326171875 0.05859375 0.024739583333333332
0 0.7900390625 0.326171875 0.08203125 0.053385416666666664
4 0.04052734375 0.5455729166666666 0.0810546875 0.14583333333333334
0 0.04052734375 0.57421875 0.0810546875 0.203125
7 0.03271484375 0.6341145833333334 0.0654296875 0.03125
7 0.03271484375 0.6653645833333334 0.0654296875 0.020833333333333332
4 0.150390625 0.5455729166666666 0.109375 0.14583333333333334
0 0.150390625 0.57421875 0.109375 0.203125
7 0.142578125 0.6341145833333334 0.09375 0.03125
7 0.142578125 0.6653645833333334 0.09375 0.020833333333333332
4 0.2744140625 0.5455729166666666 0.109375 0.14583333333333334
0 0.2744140625 0.5872395833333334 0.109375 0.22916666666666666
7 0.2666015625 0.6471354166666666 0.09375 0.057291666666666664
7 0.2666015625 0.69140625 0.09375 0.020833333333333332
4 0.3916015625 0.5455729166666666 0.095703125 0.14583333333333334
0 0.3916015625 0.57421875 0.095703125 0.203125
7 0.390625 0.6341145833333334 0.09375 0.03125
7 0.390625 0.6653645833333334 0.09375 0.020833333333333332
7 0.16455078125 0.76953125 0.3291015625 0.03125
4 0.04052734375 0.8736979166666666 0.0810546875 0.14583333333333334
0 0.04052734375 0.900390625 0.0810546875 0.19921875
7 0.03271484375 0.9622395833333334 0.0654296875 0.03125
7 0.03271484375 0.9915364583333334 0.0654296875 0.016927083333333332
4 0.150390625 0.8736979166666666 0.109375 0.14583333333333334
0 0.150390625 0.900390625 0.109375 0.19921875
7 0.142578125 0.9622395833333334 0.09375 0.03125
7 0.142578125 0.9915364583333334 0.09375 0.016927083333333332
4 0.2744140625 0.8736979166666666 0.109375 0.14583333333333334
0 0.2744140625 0.900390625 0.109375 0.19921875
7 0.2666015625 0.9622395833333334 0.09375 0.03125
7 0.2666015625 0.9915364583333334 0.09375 0.016927083333333332
4 0.3916015625 0.8736979166666666 0.095703125 0.14583333333333334
0 0.3916015625 0.900390625 0.095703125 0.19921875
7 0.390625 0.9622395833333334 0.09375 0.03125
7 0.390625 0.9915364583333334 0.09375 0.016927083333333332
6 0.8828125 0.4765625 0.234375 0.020833333333333332
6 0.8828125 0.5026041666666666 0.234375 0.020833333333333332
6 0.8828125 0.5286458333333334 0.234375 0.020833333333333332
6 0.8828125 0.5546875 0.234375 0.020833333333333332
6 0.8828125 0.5807291666666666 0.234375 0.020833333333333332
6 0.8828125 0.6067708333333334 0.234375 0.020833333333333332
7 0.6337890625 0.5 0.388671875 0.08072916666666667
6 0.9296875 0.4713541666666667 0.134765625 0.020833333333333332
6 0.93115234375 0.4973958333333333 0.1376953125 0.020833333333333332
7 0.697265625 0.6614583333333334 0.083984375 0.026041666666666668
4 0.50927734375 0.765625 0.1337890625 0.11979166666666667
0 0.50927734375 0.8053385416666666 0.1337890625 0.19921875
2 0.50927734375 0.87109375 0.1337890625 0.06770833333333333
4 0.671875 0.765625 0.134765625 0.11979166666666667
0 0.671875 0.8053385416666666 0.134765625 0.19921875
2 0.671875 0.87109375 0.134765625 0.06770833333333333
6 0.5771484375 0.939453125 0.052734375 0.022135416666666668
6 0.6005859375 0.970703125 0.099609375 0.022135416666666668
6 0.57763671875 0.9954427083333334 0.0537109375 0.009114583333333334
7 0.8896484375 0.6666666666666666 0.025390625 0.018229166666666668
0 0.87890625 0.6666666666666666 0.06640625 0.0390625
7 0.95751953125 0.6666666666666666 0.0302734375 0.018229166666666668
0 0.94677734375 0.6666666666666666 0.0732421875 0.0390625
0 0.99072265625 0.6666666666666666 0.0185546875 0.0390625
7 0.90673828125 0.7063802083333334 0.1123046875 0.01171875
7 0.8779296875 0.8626302083333334 0.244140625 0.2747395833333333
7 0.44775390625 0.5950520833333334 0.0166015625 0.020833333333333332
0 0.4599609375 0.5950520833333334 0.041015625 0.06510416666666667
7 0.51611328125 0.5950520833333334 0.0439453125 0.020833333333333332
0 0.52099609375 0.5950520833333334 0.0830078125 0.06510416666666667
1 0.8779296875 0.5950520833333334 0.244140625 0.044270833333333336