7 0.12890625 0.1875 0.162109375 0.078125
0 0.1298828125 0.2688802083333333 0.216796875 0.31640625
7 0.3564453125 0.20833333333333334 0.126953125 0.11979166666666667
0 0.34326171875 0.2688802083333333 0.1533203125 0.31640625
0 0.1474609375 0.447265625 0.12890625 0.024739583333333332
0 0.31640625 0.4466145833333333 0.171875 0.026041666666666668
7 0.4423828125 0.026692708333333332 0.044921875 0.022135416666666668
6 0.52294921875 0.026692708333333332 0.0927734375 0.022135416666666668
6 0.6044921875 0.026692708333333332 0.044921875 0.022135416666666668
6 0.658203125 0.026692708333333332 0.037109375 0.022135416666666668
6 0.73486328125 0.026692708333333332 0.0908203125 0.022135416666666668
6 0.8388671875 0.026692708333333332 0.091796875 0.022135416666666668
6 0.94677734375 0.026692708333333332 0.0986328125 0.022135416666666668
3 0.7099609375 0.23177083333333334 0.580078125 0.3255208333333333
4 0.3486328125 0.7298177083333334 0.142578125 0.5403645833333334
0 0.1142578125 0.625 0.228515625 0.078125
4 0.201171875 0.625 0.0234375 0.03125
7 0.0869140625 0.7421875 0.173828125 0.07291666666666667
0 0.1142578125 0.7421875 0.228515625 0.11458333333333333
4 0.201171875 0.7421875 0.0234375 0.03125
7 0.08447265625 0.859375 0.1689453125 0.036458333333333336
0 0.1142578125 0.859375 0.228515625 0.078125
4 0.201171875 0.859375 0.0234375 0.03125
0 0.5546875 0.466796875 0.26953125 0.014322916666666666
7 0.47021484375 0.462890625 0.0126953125 0.006510416666666667
7 0.49267578125 0.462890625 0.0322265625 0.006510416666666667
7 0.5107421875 0.462890625 0.00390625 0.006510416666666667
7 0.52392578125 0.462890625 0.0224609375 0.006510416666666667
7 0.583984375 0.462890625 0.0625 0.006510416666666667
7 0.63916015625 0.462890625 0.0380859375 0.006510416666666667
4 0.6728515625 0.4641927083333333 0.01953125 0.009114583333333334
2 0.4267578125 0.5442708333333334 0.013671875 0.018229166666666668
2 0.43505859375 0.5442708333333334 0.0048828125 0.018229166666666668
2 0.5390625 0.4967447916666667 0.05078125 0.022135416666666668
2 0.54150390625 0.5240885416666666 0.0556640625 0.022135416666666668
2 0.53271484375 0.5442708333333334 0.0380859375 0.018229166666666668
2 0.5556640625 0.5442708333333334 0.005859375 0.018229166666666668
2 0.578125 0.5442708333333334 0.041015625 0.018229166666666668
2 0.60009765625 0.5442708333333334 0.0048828125 0.018229166666666668
2 0.7275390625 0.4967447916666667 0.083984375 0.022135416666666668
2 0.71337890625 0.5240885416666666 0.0556640625 0.022135416666666668
2 0.701171875 0.5442708333333334 0.03125 0.018229166666666668
2 0.720703125 0.5442708333333334 0.005859375 0.018229166666666668
2 0.7431640625 0.5442708333333334 0.041015625 0.018229166666666668
2 0.76513671875 0.5442708333333334 0.0048828125 0.018229166666666668
2 0.88671875 0.4967447916666667 0.05859375 0.022135416666666668
2 0.875 0.5240885416666666 0.03515625 0.022135416666666668
2 0.87255859375 0.5442708333333334 0.0302734375 0.018229166666666668
2 0.89208984375 0.5442708333333334 0.0048828125 0.018229166666666668
2 0.91455078125 0.5442708333333334 0.0400390625 0.018229166666666668
2 0.9365234375 0.5442708333333334 0.00390625 0.018229166666666668
4 0.49658203125 0.7278645833333334 0.1533203125 0.3020833333333333
2 0.484375 0.7454427083333334 0.12890625 0.06640625
0 0.484375 0.7955729166666666 0.12890625 0.16666666666666666
6 0.484375 0.8001302083333334 0.12890625 0.045572916666666664
6 0.484375 0.8502604166666666 0.12890625 0.057291666666666664
4 0.62646484375 0.623046875 0.0693359375 0.09244791666666667
0 0.69580078125 0.623046875 0.2080078125 0.09244791666666667
2 0.73583984375 0.6139322916666666 0.1279296875 0.06380208333333333
6 0.69580078125 0.658203125 0.2080078125 0.01953125
4 0.62646484375 0.728515625 0.0693359375 0.09244791666666667
0 0.69580078125 0.7278645833333334 0.2080078125 0.09114583333333333
2 0.73583984375 0.7194010416666666 0.1279296875 0.06380208333333333
6 0.69580078125 0.763671875 0.2080078125 0.01953125
4 0.62646484375 0.833984375 0.0693359375 0.09244791666666667
0 0.69580078125 0.8333333333333334 0.2080078125 0.09114583333333333
2 0.73583984375 0.8248697916666666 0.1279296875 0.06380208333333333
6 0.69580078125 0.869140625 0.2080078125 0.01953125
4 0.56884765625 0.9518229166666666 0.1474609375 0.09635416666666667
4 0.56884765625 0.9622395833333334 0.0595703125 0.07552083333333333
0 0.56396484375 0.9518229166666666 0.1572265625 0.09635416666666667
4 0.72607421875 0.9518229166666666 0.1474609375 0.09635416666666667
4 0.72607421875 0.9622395833333334 0.0595703125 0.07552083333333333
0 0.72119140625 0.9518229166666666 0.1572265625 0.09635416666666667
7 0.77294921875 0.9915364583333334 0.0439453125 0.016927083333333332
1 0.91943359375 0.5983072916666666 0.1611328125 0.04296875
7 0.9501953125 0.6744791666666666 0.099609375 0.020833333333333332
0 0.91943359375 0.6751302083333334 0.1611328125 0.061197916666666664
7 0.91943359375 0.7395833333333334 0.1611328125 0.0234375
7 0.89990234375 0.7701822916666666 0.1220703125 0.024739583333333332
0 0.90966796875 0.7708333333333334 0.1416015625 0.026041666666666668
4 0.970703125 0.7727864583333334 0.015625 0.022135416666666668
7 0.966796875 0.8274739583333334 0.06640625 0.022135416666666668
7 0.88623046875 0.9108072916666666 0.0947265625 0.024739583333333332
7 0.93212890625 0.974609375 0.1357421875 0.022135416666666668