2 0.3779296875 0.017578125 0.642578125 0.03515625
3 0.20556640625 0.11002604166666667 0.2978515625 0.10286458333333333
7 0.3779296875 0.19596354166666666 0.642578125 0.029947916666666668
7 0.3779296875 0.2662760416666667 0.642578125 0.029947916666666668
7 0.3974609375 0.3365885416666667 0.603515625 0.029947916666666668
7 0.3974609375 0.365234375 0.603515625 0.029947916666666668
7 0.3779296875 0.4498697916666667 0.642578125 0.05859375
7 0.3779296875 0.5345052083333334 0.642578125 0.029947916666666668
7 0.78369140625 0.14908854166666666 0.1689453125 0.032552083333333336
6 0.908203125 0.14908854166666666 0.08203125 0.032552083333333336
7 0.95166015625 0.14908854166666666 0.0068359375 0.032552083333333336
7 0.759765625 0.19140625 0.12109375 0.018229166666666668
6 0.88818359375 0.19140625 0.1357421875 0.018229166666666668
7 0.95751953125 0.19140625 0.0048828125 0.018229166666666668
6 0.72119140625 0.2630208333333333 0.0419921875 0.020833333333333332
7 0.751953125 0.2630208333333333 0.021484375 0.020833333333333332
6 0.79345703125 0.2630208333333333 0.0615234375 0.020833333333333332
6 0.71923828125 0.2981770833333333 0.0380859375 0.020833333333333332
7 0.7431640625 0.2981770833333333 0.00390625 0.020833333333333332
6 0.794921875 0.2981770833333333 0.0859375 0.020833333333333332
7 0.8486328125 0.2981770833333333 0.021484375 0.020833333333333332
6 0.8779296875 0.2981770833333333 0.041015625 0.020833333333333332
7 0.9033203125 0.2981770833333333 0.00390625 0.020833333333333332
6 0.9482421875 0.2981770833333333 0.072265625 0.020833333333333332
7 0.9892578125 0.2981770833333333 0.00390625 0.020833333333333332
6 0.7236328125 0.3255208333333333 0.046875 0.020833333333333332
7 0.75244140625 0.3255208333333333 0.0048828125 0.020833333333333332
6 0.8037109375 0.3255208333333333 0.0859375 0.020833333333333332
7 0.8515625 0.3255208333333333 0.00390625 0.020833333333333332
6 0.91552734375 0.3255208333333333 0.1103515625 0.020833333333333332
7 0.79541015625 0.4075520833333333 0.1923828125 0.0234375
6 0.72802734375 0.4524739583333333 0.0576171875 0.01953125
7 0.759765625 0.4524739583333333 0.0078125 0.01953125
6 0.77490234375 0.4524739583333333 0.0224609375 0.01953125
7 0.8359375 0.4524739583333333 0.095703125 0.01953125
7 0.89208984375 0.4524739583333333 0.0205078125 0.01953125
6 0.7392578125 0.478515625 0.080078125 0.01953125
7 0.80712890625 0.478515625 0.0556640625 0.01953125
6 0.85791015625 0.478515625 0.0498046875 0.01953125
7 0.80224609375 0.4915364583333333 0.2060546875 0.045572916666666664
6 0.8076171875 0.5045572916666666 0.130859375 0.01953125
7 0.8154296875 0.517578125 0.232421875 0.045572916666666664
6 0.7587890625 0.5305989583333334 0.115234375 0.01953125
7 0.82177734375 0.5305989583333334 0.0146484375 0.01953125
6 0.84814453125 0.5305989583333334 0.0400390625 0.01953125
7 0.8779296875 0.5305989583333334 0.021484375 0.01953125
0 0.73974609375 0.026041666666666668 0.0810546875 0.052083333333333336
0 0.98095703125 0.026041666666666668 0.0380859375 0.052083333333333336
0 0.05615234375 0.626953125 0.1123046875 0.05859375
0 0.14501953125 0.626953125 0.0673828125 0.05859375
0 0.22412109375 0.626953125 0.0927734375 0.05859375
0 0.31591796875 0.626953125 0.0927734375 0.05859375
0 0.41748046875 0.626953125 0.1123046875 0.05859375
2 0.1396484375 0.7428385416666666 0.220703125 0.04296875
0 0.349609375 0.7747395833333334 0.69921875 0.234375
7 0.265625 0.7923177083333334 0.4453125 0.05859375
2 0.10107421875 0.9635416666666666 0.2021484375 0.052083333333333336
0 0.42041015625 0.9720052083333334 0.2314453125 0.055989583333333336
4 0.849609375 0.7630208333333334 0.30078125 0.4270833333333333