2 0.24462890625 0.19270833333333334 0.4892578125 0.044270833333333336
3 0.146484375 0.2897135416666667 0.29296875 0.10286458333333333
7 0.24462890625 0.3756510416666667 0.4892578125 0.029947916666666668
7 0.24462890625 0.4459635416666667 0.4892578125 0.029947916666666668
7 0.26171875 0.5162760416666666 0.455078125 0.029947916666666668
7 0.26171875 0.544921875 0.455078125 0.029947916666666668
7 0.67333984375 0.057291666666666664 0.3681640625 0.11458333333333333
0 0.509765625 0.20052083333333334 0.041015625 0.046875
2 0.71484375 0.3489583333333333 0.076171875 0.052083333333333336
2 0.8173828125 0.3489583333333333 0.130859375 0.052083333333333336
2 0.94091796875 0.3489583333333333 0.1181640625 0.052083333333333336
4 0.517578125 0.474609375 0.056640625 0.048177083333333336
0 0.517578125 0.4791666666666667 0.056640625 0.057291666666666664
7 0.55517578125 0.5572916666666666 0.1318359375 0.03125
4 0.7509765625 0.474609375 0.0625 0.08463541666666667
0 0.7509765625 0.4791666666666667 0.0625 0.09375
7 0.7509765625 0.5572916666666666 0.212890625 0.03125
4 0.97802734375 0.474609375 0.0439453125 0.08463541666666667
0 0.97802734375 0.4791666666666667 0.0439453125 0.09375
7 0.9404296875 0.5572916666666666 0.119140625 0.03125
7 0.033203125 0.6236979166666666 0.06640625 0.03125
0 0.033203125 0.6236979166666666 0.06640625 0.07291666666666667
4 0.06787109375 0.8828125 0.1357421875 0.234375
4 0.22119140625 0.8828125 0.1552734375 0.234375
4 0.39794921875 0.8828125 0.1826171875 0.234375
4 0.74462890625 0.6881510416666666 0.5107421875 0.21744791666666666
0 0.74462890625 0.6881510416666666 0.5107421875 0.21744791666666666
6 0.72705078125 0.59765625 0.4755859375 0.036458333333333336
7 0.74462890625 0.904296875 0.5107421875 0.19140625