7 0.15966796875 0.7721354166666666 0.3193359375 0.033854166666666664
7 0.1181640625 0.7838541666666666 0.236328125 0.010416666666666666
6 0.27734375 0.7838541666666666 0.083984375 0.010416666666666666
4 0.15966796875 0.06315104166666667 0.3193359375 0.11848958333333333
7 0.01513671875 0.3040364583333333 0.0302734375 0.02734375
6 0.048828125 0.3040364583333333 0.037109375 0.02734375
6 0.09228515625 0.3040364583333333 0.0439453125 0.02734375
7 0.1162109375 0.3040364583333333 0.00390625 0.02734375
4 0.15966796875 0.6028645833333334 0.3193359375 0.3723958333333333
2 0.61083984375 0.018229166666666668 0.5830078125 0.036458333333333336
2 0.4248046875 0.059895833333333336 0.2109375 0.0546875
3 0.47705078125 0.3014322916666667 0.2958984375 0.10286458333333333
1 0.359375 0.3782552083333333 0.060546875 0.040364583333333336
4 0.9580078125 0.5319010416666666 0.083984375 0.20703125
4 0.15966796875 0.89453125 0.3193359375 0.2109375
2 0.43603515625 0.8450520833333334 0.2333984375 0.0390625
2 0.65966796875 0.8880208333333334 0.6806640625 0.033854166666666664
4 0.50537109375 0.9596354166666666 0.0283203125 0.036458333333333336
0 0.42431640625 0.9654947916666666 0.2099609375 0.06901041666666667
4 0.42431640625 0.9654947916666666 0.2099609375 0.06901041666666667
4 0.42431640625 0.9654947916666666 0.2099609375 0.06901041666666667
4 0.74560546875 0.9596354166666666 0.0283203125 0.036458333333333336
4 0.65869140625 0.9654947916666666 0.2216796875 0.06901041666666667
0 0.65869140625 0.9654947916666666 0.2216796875 0.06901041666666667
4 0.65869140625 0.9654947916666666 0.2216796875 0.06901041666666667
4 0.98583984375 0.9596354166666666 0.0283203125 0.036458333333333336
4 0.89404296875 0.9654947916666666 0.2119140625 0.06901041666666667
0 0.89404296875 0.9654947916666666 0.2119140625 0.06901041666666667
4 0.89404296875 0.9654947916666666 0.2119140625 0.06901041666666667