0 0.046875 0.052083333333333336 0.0390625 0.052083333333333336
0 0.103515625 0.052083333333333336 0.0390625 0.052083333333333336
0 0.16015625 0.052083333333333336 0.0390625 0.052083333333333336
0 0.216796875 0.052083333333333336 0.0390625 0.052083333333333336
0 0.2734375 0.052083333333333336 0.0390625 0.052083333333333336
0 0.046875 0.12760416666666666 0.0390625 0.052083333333333336
0 0.103515625 0.12760416666666666 0.0390625 0.052083333333333336
0 0.16015625 0.12760416666666666 0.0390625 0.052083333333333336
0 0.216796875 0.12760416666666666 0.0390625 0.052083333333333336
0 0.2734375 0.12760416666666666 0.0390625 0.052083333333333336
0 0.046875 0.203125 0.0390625 0.052083333333333336
0 0.103515625 0.203125 0.0390625 0.052083333333333336
0 0.16015625 0.203125 0.0390625 0.052083333333333336
0 0.216796875 0.203125 0.0390625 0.052083333333333336
0 0.2734375 0.203125 0.0390625 0.052083333333333336
0 0.046875 0.2786458333333333 0.0390625 0.052083333333333336
0 0.103515625 0.2786458333333333 0.0390625 0.052083333333333336
0 0.16015625 0.2786458333333333 0.0390625 0.052083333333333336
4 0.21484375 0.046875 0.4296875 0.09375
6 0.03466796875 0.21354166666666666 0.0693359375 0.0546875
7 0.08984375 0.275390625 0.1796875 0.02734375
6 0.19384765625 0.275390625 0.0283203125 0.02734375
7 0.271484375 0.275390625 0.126953125 0.02734375
6 0.353515625 0.275390625 0.037109375 0.02734375
6 0.39697265625 0.275390625 0.0439453125 0.02734375
7 0.4208984375 0.275390625 0.00390625 0.02734375
7 0.0146484375 0.3248697916666667 0.029296875 0.02734375
6 0.04541015625 0.3248697916666667 0.0322265625 0.02734375
7 0.087890625 0.3248697916666667 0.052734375 0.02734375
6 0.00732421875 0.353515625 0.0146484375 0.02734375
7 0.0673828125 0.353515625 0.10546875 0.02734375
6 0.15869140625 0.353515625 0.0771484375 0.02734375
7 0.19921875 0.353515625 0.00390625 0.02734375
4 0.21484375 0.4440104166666667 0.4296875 0.11197916666666667
2 0.51904296875 0.06510416666666667 0.1787109375 0.1015625
2 0.6240234375 0.06510416666666667 0.03515625 0.1015625
2 0.77880859375 0.06510416666666667 0.2763671875 0.1015625
2 0.92626953125 0.06510416666666667 0.0185546875 0.1015625
2 0.47705078125 0.16927083333333334 0.0947265625 0.1015625
2 0.5419921875 0.16927083333333334 0.03515625 0.1015625
2 0.66455078125 0.16927083333333334 0.2119140625 0.1015625
2 0.85595703125 0.16927083333333334 0.1748046875 0.1015625
1 0.5849609375 0.453125 0.310546875 0.09375
7 0.79296875 0.458984375 0.046875 0.053385416666666664
4 0.83251953125 0.4602864583333333 0.0146484375 0.01953125
0 0.9580078125 0.453125 0.083984375 0.09375
2 0.21484375 0.98828125 0.4296875 0.0234375
6 0.53759765625 0.5071614583333334 0.0888671875 0.014322916666666666
7 0.64208984375 0.5208333333333334 0.4248046875 0.041666666666666664
4 0.658203125 0.5494791666666666 0.45703125 0.09114583333333333
2 0.46142578125 0.53515625 0.0634765625 0.03125
2 0.595703125 0.53515625 0.20703125 0.03125
7 0.642578125 0.5625 0.42578125 0.026041666666666668
4 0.4658203125 0.6067708333333334 0.072265625 0.0390625
7 0.54638671875 0.603515625 0.0556640625 0.032552083333333336
0 0.55322265625 0.603515625 0.0830078125 0.032552083333333336
7 0.634765625 0.603515625 0.068359375 0.032552083333333336
0 0.6416015625 0.603515625 0.095703125 0.032552083333333336
7 0.72216796875 0.603515625 0.0537109375 0.032552083333333336
0 0.72900390625 0.603515625 0.0810546875 0.032552083333333336
7 0.80126953125 0.603515625 0.0517578125 0.032552083333333336
0 0.80810546875 0.603515625 0.0791015625 0.032552083333333336
2 0.587890625 0.9134114583333334 0.31640625 0.048177083333333336
0 0.71484375 0.8274739583333334 0.5703125 0.3450520833333333
2 0.587890625 0.9811197916666666 0.31640625 0.037760416666666664