7 0.357421875 0.022786458333333332 0.583984375 0.045572916666666664
4 0.3662109375 0.181640625 0.21484375 0.14713541666666666
0 0.357421875 0.18619791666666666 0.583984375 0.15625
0 0.70947265625 0.048177083333333336 0.1201171875 0.09635416666666667
0 0.8486328125 0.048177083333333336 0.16015625 0.09635416666666667
0 0.978515625 0.044270833333333336 0.04296875 0.0390625
0 0.72998046875 0.23763020833333334 0.1611328125 0.2825520833333333
7 0.65478515625 0.12825520833333334 0.0107421875 0.029947916666666668
7 0.66943359375 0.12825520833333334 0.0087890625 0.029947916666666668
7 0.7041015625 0.12825520833333334 0.0625 0.029947916666666668
7 0.76318359375 0.12890625 0.0439453125 0.0234375
6 0.87353515625 0.11653645833333333 0.0888671875 0.029947916666666668
0 0.91455078125 0.23763020833333334 0.1708984375 0.2825520833333333
7 0.841796875 0.13997395833333334 0.025390625 0.029947916666666668
7 0.93310546875 0.12825520833333334 0.0087890625 0.029947916666666668
7 0.958984375 0.12825520833333334 0.044921875 0.029947916666666668
7 0.99365234375 0.12890625 0.0126953125 0.0234375
7 0.6875 0.13020833333333334 0.076171875 0.03125
7 0.81982421875 0.109375 0.1025390625 0.044270833333333336
0 0.81982421875 0.13020833333333334 0.1572265625 0.13541666666666666
6 0.81982421875 0.15364583333333334 0.1337890625 0.026041666666666668
4 0.77392578125 0.3515625 0.2490234375 0.2552083333333333
4 0.77392578125 0.3515625 0.2490234375 0.2552083333333333
7 0.80517578125 0.24153645833333334 0.1474609375 0.029947916666666668
7 0.96240234375 0.09244791666666667 0.0732421875 0.018229166666666668
0 0.958984375 0.09244791666666667 0.08203125 0.03125
2 0.958984375 0.18229166666666666 0.08203125 0.13020833333333334
6 0.958984375 0.2721354166666667 0.08203125 0.0234375
7 0.962890625 0.3502604166666667 0.07421875 0.018229166666666668
0 0.958984375 0.3502604166666667 0.08203125 0.03125
2 0.958984375 0.423828125 0.08203125 0.09765625
4 0.26904296875 0.662109375 0.5380859375 0.3658854166666667
2 0.26171875 0.6842447916666666 0.5234375 0.04296875
0 0.26904296875 0.5221354166666666 0.5380859375 0.020833333333333332
7 0.26171875 0.7291666666666666 0.5234375 0.028645833333333332
4 0.0234375 0.8821614583333334 0.046875 0.20442708333333334
4 0.1767578125 0.8821614583333334 0.232421875 0.20442708333333334
6 0.07861328125 0.9973958333333334 0.0361328125 0.005208333333333333
4 0.42236328125 0.8821614583333334 0.2314453125 0.20442708333333334
6 0.3193359375 0.9973958333333334 0.025390625 0.005208333333333333
7 0.6083984375 0.7317708333333334 0.08203125 0.5052083333333334
2 0.85009765625 0.5442708333333334 0.1923828125 0.08854166666666667
2 0.876953125 0.6223958333333334 0.24609375 0.08854166666666667
7 0.876953125 0.7317708333333334 0.24609375 0.078125
0 0.876953125 0.8463541666666666 0.24609375 0.06770833333333333
6 0.80517578125 0.9388020833333334 0.1025390625 0.026041666666666668