4 0.2001953125 0.08138020833333333 0.21484375 0.14713541666666666
0 0.25048828125 0.0859375 0.5009765625 0.15625
7 0.61083984375 0.5013020833333334 0.1630859375 0.1171875
0 0.9462890625 0.5247395833333334 0.083984375 0.0234375
4 0.6552734375 0.020833333333333332 0.134765625 0.0390625
0 0.6552734375 0.01953125 0.134765625 0.026041666666666668
0 0.85546875 0.0234375 0.07421875 0.018229166666666668
0 0.921875 0.0234375 0.056640625 0.018229166666666668
0 0.9755859375 0.0234375 0.048828125 0.018229166666666668
0 0.5390625 0.07877604166666667 0.01953125 0.01953125
0 0.5791015625 0.07877604166666667 0.060546875 0.01953125
0 0.6376953125 0.07877604166666667 0.056640625 0.01953125
0 0.71142578125 0.07877604166666667 0.0908203125 0.01953125
0 0.78857421875 0.07877604166666667 0.0634765625 0.01953125
0 0.8486328125 0.07877604166666667 0.056640625 0.01953125
0 0.9384765625 0.07877604166666667 0.123046875 0.01953125
0 0.7646484375 0.14518229166666666 0.470703125 0.04296875
7 0.7646484375 0.14518229166666666 0.470703125 0.04296875
7 0.7646484375 0.20638020833333334 0.470703125 0.029947916666666668
0 0.7646484375 0.3756510416666667 0.470703125 0.3684895833333333
2 0.689453125 0.2526041666666667 0.3203125 0.0625
4 0.7646484375 0.4290364583333333 0.470703125 0.26171875
0 0.1982421875 0.7799479166666666 0.396484375 0.4401041666666667
7 0.48681640625 0.8704427083333334 0.0849609375 0.06380208333333333
0 0.46240234375 0.7604166666666666 0.1337890625 0.4010416666666667
7 0.5576171875 0.5846354166666666 0.056640625 0.020833333333333332
0 0.5625 0.5865885416666666 0.06640625 0.053385416666666664
7 0.6806640625 0.5846354166666666 0.044921875 0.020833333333333332
0 0.6806640625 0.5865885416666666 0.064453125 0.053385416666666664
7 0.8017578125 0.5846354166666666 0.0546875 0.020833333333333332
0 0.8017578125 0.5865885416666666 0.07421875 0.053385416666666664
7 0.9326171875 0.5846354166666666 0.0625 0.020833333333333332
0 0.9326171875 0.5865885416666666 0.08203125 0.053385416666666664
2 0.80908203125 0.7877604166666666 0.3818359375 0.11458333333333333
1 0.7919921875 0.9407552083333334 0.416015625 0.07421875
4 0.61279296875 0.939453125 0.0185546875 0.024739583333333332