0 0.0166015625 0.022135416666666668 0.033203125 0.036458333333333336
0 0.10205078125 0.022135416666666668 0.1162109375 0.036458333333333336
0 0.19384765625 0.022135416666666668 0.0458984375 0.036458333333333336
0 0.2587890625 0.022135416666666668 0.0625 0.036458333333333336
0 0.32666015625 0.022135416666666668 0.0517578125 0.036458333333333336
0 0.39306640625 0.022135416666666668 0.0615234375 0.036458333333333336
0 0.44189453125 0.022135416666666668 0.0146484375 0.036458333333333336
4 0.224609375 0.234375 0.44921875 0.3255208333333333
4 0.05615234375 0.5 0.1123046875 0.15364583333333334
0 0.05615234375 0.5462239583333334 0.1123046875 0.24609375
7 0.05615234375 0.6256510416666666 0.1123046875 0.08723958333333333
4 0.29052734375 0.5462239583333334 0.3173828125 0.24609375
0 0.29052734375 0.5462239583333334 0.3173828125 0.24609375
4 0.724609375 0.3444010416666667 0.55078125 0.6497395833333334
0 0.724609375 0.3444010416666667 0.55078125 0.6497395833333334
4 0.03662109375 0.80078125 0.0732421875 0.10677083333333333
4 0.14208984375 0.80078125 0.0966796875 0.10677083333333333
4 0.25927734375 0.80078125 0.0966796875 0.10677083333333333
4 0.37646484375 0.80078125 0.0966796875 0.10677083333333333
7 0.0703125 0.9850260416666666 0.140625 0.02734375
4 0.24169921875 0.9778645833333334 0.0478515625 0.044270833333333336
7 0.36181640625 0.986328125 0.1748046875 0.02734375
3 0.783203125 0.8346354166666666 0.43359375 0.3307291666666667
4 0.5380859375 0.681640625 0.0703125 0.024739583333333332
0 0.53759765625 0.6875 0.0693359375 0.036458333333333336
2 0.7119140625 0.8912760416666666 0.3828125 0.21744791666666666