2 0.0302734375 0.014973958333333334 0.060546875 0.029947916666666668
7 0.2744140625 0.014973958333333334 0.421875 0.029947916666666668
2 0.029296875 0.054036458333333336 0.05859375 0.029947916666666668
7 0.275390625 0.054036458333333336 0.427734375 0.029947916666666668
7 0.00927734375 0.12760416666666666 0.0185546875 0.0390625
0 0.01708984375 0.12760416666666666 0.0341796875 0.041666666666666664
7 0.103515625 0.12760416666666666 0.0703125 0.0390625
0 0.103515625 0.12760416666666666 0.1015625 0.041666666666666664
2 0.28955078125 0.4010416666666667 0.5791015625 0.06770833333333333
7 0.390625 0.4908854166666667 0.376953125 0.0703125
2 0.78955078125 0.061197916666666664 0.4208984375 0.03125
7 0.78955078125 0.10026041666666667 0.4208984375 0.026041666666666668
7 0.78955078125 0.3209635416666667 0.4208984375 0.022135416666666668
6 0.61962890625 0.35546875 0.0810546875 0.015625
4 0.28955078125 0.7454427083333334 0.5791015625 0.4309895833333333
2 0.28955078125 0.5572916666666666 0.5791015625 0.0546875
1 0.26904296875 0.6764322916666666 0.5380859375 0.07682291666666667
7 0.1650390625 0.9947916666666666 0.291015625 0.010416666666666666
0 0.3779296875 0.994140625 0.095703125 0.01171875
0 0.71044921875 0.5703125 0.1240234375 0.059895833333333336
0 0.7119140625 0.62890625 0.126953125 0.059895833333333336
0 0.69921875 0.6875 0.1015625 0.059895833333333336
0 0.82421875 0.8157552083333334 0.3515625 0.053385416666666664
0 0.6845703125 0.9036458333333334 0.072265625 0.059895833333333336
0 0.70458984375 0.962890625 0.1123046875 0.061197916666666664
4 0.78955078125 0.7649739583333334 0.4208984375 0.4700520833333333
0 0.78955078125 0.7649739583333334 0.4208984375 0.4700520833333333