2 0.07666015625 0.016927083333333332 0.1162109375 0.026041666666666668
1 0.33154296875 0.022135416666666668 0.3369140625 0.044270833333333336
2 0.26220703125 0.21940104166666666 0.4755859375 0.06640625
2 0.08349609375 0.2923177083333333 0.1181640625 0.029947916666666668
7 0.32275390625 0.2923177083333333 0.3544921875 0.029947916666666668
2 0.08837890625 0.3229166666666667 0.1279296875 0.013020833333333334
7 0.32763671875 0.3229166666666667 0.3447265625 0.013020833333333334
2 0.75 0.16471354166666666 0.5 0.3294270833333333
2 0.75 0.16471354166666666 0.5 0.3294270833333333
2 0.75 0.0625 0.5 0.10416666666666667
7 0.75 0.17057291666666666 0.5 0.033854166666666664
0 0.6826171875 0.279296875 0.208984375 0.06640625
7 0.2607421875 0.3626302083333333 0.478515625 0.06640625
6 0.0654296875 0.4127604166666667 0.087890625 0.020833333333333332
7 0.291015625 0.4127604166666667 0.36328125 0.020833333333333332
3 0.30859375 0.376953125 0.3828125 0.09505208333333333
7 0.0185546875 0.5240885416666666 0.037109375 0.02734375
0 0.03173828125 0.5240885416666666 0.0634765625 0.040364583333333336
4 0.04638671875 0.525390625 0.0166015625 0.022135416666666668
4 0.158203125 0.5247395833333334 0.16015625 0.052083333333333336
0 0.158203125 0.5247395833333334 0.16015625 0.052083333333333336
4 0.44140625 0.7858072916666666 0.1171875 0.41796875
2 0.1796875 0.673828125 0.3203125 0.11067708333333333
7 0.18603515625 0.7864583333333334 0.3330078125 0.07552083333333333
2 0.25 0.6647135416666666 0.5 0.6705729166666666
0 0.8232421875 0.349609375 0.056640625 0.040364583333333336
0 0.90380859375 0.349609375 0.1064453125 0.040364583333333336
7 0.98486328125 0.3444010416666667 0.0302734375 0.01953125
0 0.97802734375 0.3502604166666667 0.0439453125 0.041666666666666664
2 0.7265625 0.6751302083333334 0.25390625 0.055989583333333336
7 0.7265625 0.6647135416666666 0.41796875 0.6705729166666666