4 0.3896484375 0.2109375 0.779296875 0.421875
2 0.169921875 0.06901041666666667 0.33984375 0.078125
2 0.076171875 0.15364583333333334 0.15234375 0.078125
0 0.0859375 0.2591145833333333 0.171875 0.059895833333333336
7 0.23583984375 0.46875 0.4716796875 0.033854166666666664
0 0.53662109375 0.46875 0.1025390625 0.036458333333333336
3 0.8896484375 0.083984375 0.220703125 0.09505208333333333
2 0.8232421875 0.3502604166666667 0.087890625 0.0390625
4 0.88037109375 0.439453125 0.2021484375 0.10026041666666667
0 0.88037109375 0.439453125 0.2021484375 0.10026041666666667
7 0.8896484375 0.439453125 0.220703125 0.06901041666666667
4 0.3896484375 0.60546875 0.779296875 0.10416666666666667
0 0.091796875 0.5885416666666666 0.18359375 0.13020833333333334
2 0.20703125 0.5859375 0.0703125 0.06510416666666667
0 0.21826171875 0.6471354166666666 0.0478515625 0.020833333333333332
7 0.3896484375 0.64453125 0.779296875 0.026041666666666668
2 0.2802734375 0.8873697916666666 0.560546875 0.08203125
7 0.0751953125 0.94921875 0.150390625 0.026041666666666668
7 0.27685546875 0.9915364583333334 0.5537109375 0.016927083333333332
1 0.697265625 0.8880208333333334 0.1640625 0.044270833333333336
4 0.626953125 0.9680989583333334 0.0234375 0.032552083333333336
2 0.67333984375 0.9661458333333334 0.0400390625 0.03125
2 0.91650390625 0.7447916666666666 0.1669921875 0.5104166666666666
1 0.87744140625 0.5221354166666666 0.1962890625 0.052083333333333336
1 0.8896484375 0.6002604166666666 0.220703125 0.052083333333333336
6 0.85888671875 0.693359375 0.0869140625 0.022135416666666668
7 0.91650390625 0.693359375 0.0283203125 0.022135416666666668
6 0.96533203125 0.693359375 0.0693359375 0.022135416666666668
1 0.9091796875 0.7747395833333334 0.181640625 0.07291666666666667