4 0.02978515625 0.16276041666666666 0.0380859375 0.1953125
2 0.212890625 0.16276041666666666 0.298828125 0.11197916666666667
0 0.212890625 0.16276041666666666 0.298828125 0.11197916666666667
7 0.53857421875 0.1640625 0.0419921875 0.020833333333333332
0 0.5341796875 0.16276041666666666 0.05078125 0.041666666666666664
7 0.0126953125 0.2740885416666667 0.025390625 0.024739583333333332
7 0.1044921875 0.2740885416666667 0.068359375 0.024739583333333332
7 0.23193359375 0.2740885416666667 0.0986328125 0.024739583333333332
7 0.35986328125 0.2740885416666667 0.0673828125 0.024739583333333332
7 0.4765625 0.2740885416666667 0.078125 0.024739583333333332
2 0.06103515625 0.3333333333333333 0.1220703125 0.0234375
7 0.1025390625 0.3684895833333333 0.205078125 0.046875
2 0.2998046875 0.3333333333333333 0.125 0.0234375
7 0.341796875 0.3684895833333333 0.208984375 0.046875
2 0.51904296875 0.3333333333333333 0.0810546875 0.0234375
7 0.51904296875 0.3684895833333333 0.0810546875 0.046875
3 0.77978515625 0.16796875 0.4404296875 0.3255208333333333
4 0.27978515625 0.5390625 0.5595703125 0.21875
2 0.0859375 0.4635416666666667 0.171875 0.06770833333333333
0 0.068359375 0.5345052083333334 0.103515625 0.05078125
0 0.12548828125 0.6744791666666666 0.2509765625 0.0546875
0 0.4052734375 0.6744791666666666 0.30859375 0.0546875
2 0.27978515625 0.7884114583333334 0.5595703125 0.04296875
4 0.03955078125 0.890625 0.0791015625 0.13802083333333334
0 0.03955078125 0.9108072916666666 0.0791015625 0.17838541666666666
2 0.03955078125 0.9856770833333334 0.0791015625 0.028645833333333332
4 0.17236328125 0.890625 0.1298828125 0.13802083333333334
0 0.17236328125 0.9108072916666666 0.1591796875 0.17838541666666666
2 0.17236328125 0.9856770833333334 0.1298828125 0.028645833333333332
4 0.330078125 0.890625 0.12890625 0.13802083333333334
0 0.330078125 0.9108072916666666 0.12890625 0.17838541666666666
2 0.330078125 0.9856770833333334 0.12890625 0.028645833333333332
4 0.48779296875 0.890625 0.1298828125 0.13802083333333334
0 0.48779296875 0.9108072916666666 0.1298828125 0.17838541666666666
2 0.48779296875 0.9856770833333334 0.1298828125 0.028645833333333332
2 0.6572265625 0.689453125 0.1953125 0.048177083333333336
0 0.77978515625 0.67578125 0.4404296875 0.4895833333333333
2 0.6572265625 0.7688802083333334 0.1953125 0.061197916666666664
7 0.6572265625 0.8483072916666666 0.1953125 0.06640625
0 0.6171875 0.96875 0.115234375 0.018229166666666668
4 0.84228515625 0.9798177083333334 0.3154296875 0.040364583333333336
0 0.84228515625 0.96875 0.3154296875 0.018229166666666668