2 0.13623046875 0.032552083333333336 0.2724609375 0.06510416666666667
0 0.13623046875 0.032552083333333336 0.2724609375 0.06510416666666667
7 0.46875 0.010416666666666666 0.08203125 0.020833333333333332
0 0.46875 0.014973958333333334 0.099609375 0.029947916666666668
7 0.55126953125 0.010416666666666666 0.0166015625 0.020833333333333332
0 0.546875 0.014973958333333334 0.025390625 0.029947916666666668
7 0.0244140625 0.12044270833333333 0.048828125 0.024739583333333332
7 0.14208984375 0.12044270833333333 0.0986328125 0.024739583333333332
7 0.27001953125 0.12044270833333333 0.0673828125 0.024739583333333332
7 0.38671875 0.12044270833333333 0.078125 0.024739583333333332
7 0.4951171875 0.12044270833333333 0.048828125 0.024739583333333332
2 0.01611328125 0.1796875 0.0322265625 0.0234375
7 0.0576171875 0.21484375 0.115234375 0.046875
2 0.2099609375 0.1796875 0.125 0.0234375
7 0.251953125 0.21484375 0.208984375 0.046875
2 0.443359375 0.1796875 0.109375 0.0234375
7 0.47412109375 0.21484375 0.1708984375 0.046875
7 0.14111328125 0.3111979166666667 0.2822265625 0.03125
2 0.14111328125 0.3509114583333333 0.2822265625 0.048177083333333336
3 0.435546875 0.3671875 0.248046875 0.08333333333333333
0 0.7783203125 0.029296875 0.126953125 0.05859375
4 0.77978515625 0.2610677083333333 0.4404296875 0.2955729166666667
4 0.77978515625 0.2610677083333333 0.4404296875 0.2955729166666667
2 0.79736328125 0.2760416666666667 0.3466796875 0.06510416666666667
2 0.77978515625 0.3463541666666667 0.4404296875 0.0390625
4 0.796875 0.3971354166666667 0.08203125 0.005208333333333333
0 0.0224609375 0.44140625 0.044921875 0.0625
0 0.1318359375 0.44140625 0.115234375 0.0625
0 0.27880859375 0.44140625 0.1201171875 0.0625
0 0.4189453125 0.44140625 0.1015625 0.0625
0 0.52880859375 0.44140625 0.0595703125 0.0625
0 0.54833984375 0.5162760416666666 0.0224609375 0.08723958333333333
7 0.158203125 0.8411458333333334 0.31640625 0.17447916666666666
0 0.6806640625 0.48046875 0.2421875 0.0703125
0 0.6806640625 0.541015625 0.2421875 0.048177083333333336
0 0.6806640625 0.6015625 0.2421875 0.0703125
0 0.6806640625 0.6731770833333334 0.2421875 0.0703125
0 0.6806640625 0.7447916666666666 0.2421875 0.0703125
0 0.6806640625 0.8053385416666666 0.2421875 0.048177083333333336
0 0.6806640625 0.876953125 0.2421875 0.09244791666666667
0 0.6806640625 0.9596354166666666 0.2421875 0.0703125
4 0.904296875 0.7044270833333334 0.19140625 0.5911458333333334
0 0.904296875 0.7044270833333334 0.19140625 0.5911458333333334
2 0.91162109375 0.9381510416666666 0.1767578125 0.12369791666666667