4 0.22998046875 0.001953125 0.4599609375 0.00390625
7 0.32666015625 0.041015625 0.2666015625 0.07682291666666667
6 0.435546875 0.068359375 0.048828125 0.022135416666666668
7 0.3955078125 0.068359375 0.03125 0.022135416666666668
6 0.31884765625 0.068359375 0.1220703125 0.022135416666666668
7 0.25634765625 0.068359375 0.0029296875 0.022135416666666668
7 0.19140625 0.20182291666666666 0.30859375 0.078125
6 0.28125 0.22916666666666666 0.052734375 0.0234375
7 0.2392578125 0.22916666666666666 0.03125 0.0234375
6 0.16259765625 0.22916666666666666 0.1220703125 0.0234375
7 0.10009765625 0.22916666666666666 0.0029296875 0.0234375
4 0.22998046875 0.21223958333333334 0.4599609375 0.3776041666666667
4 0.22998046875 0.21223958333333334 0.4599609375 0.3776041666666667
0 0.22998046875 0.21223958333333334 0.4599609375 0.3776041666666667
7 0.052734375 0.109375 0.10546875 0.0625
6 0.080078125 0.19921875 0.16015625 0.0859375
4 0.45654296875 0.3671875 0.0068359375 0.026041666666666668
7 0.080078125 0.591796875 0.16015625 0.07682291666666667
7 0.080078125 0.5299479166666666 0.16015625 0.1015625
0 0.08984375 0.533203125 0.1796875 0.21223958333333334
6 0.080078125 0.6165364583333334 0.16015625 0.045572916666666664
7 0.35009765625 0.494140625 0.2197265625 0.07682291666666667
6 0.26953125 0.521484375 0.052734375 0.022135416666666668
7 0.45263671875 0.548828125 0.0146484375 0.022135416666666668
6 0.38427734375 0.548828125 0.1220703125 0.022135416666666668
7 0.32177734375 0.548828125 0.0029296875 0.022135416666666668
4 0.228515625 0.5755208333333334 0.01953125 0.026041666666666668
2 0.33837890625 0.478515625 0.2392578125 0.048177083333333336
7 0.2421875 0.5696614583333334 0.046875 0.01953125
4 0.4384765625 0.5690104166666666 0.01953125 0.026041666666666668
0 0.32958984375 0.5149739583333334 0.2607421875 0.17578125
4 0.45654296875 0.5690104166666666 0.0068359375 0.026041666666666668
4 0.72998046875 0.21875 0.5400390625 0.4375
2 0.78076171875 0.08854166666666667 0.4384765625 0.17708333333333334
7 0.78076171875 0.24674479166666666 0.4384765625 0.10286458333333333
2 0.78076171875 0.5052083333333334 0.4384765625 0.057291666666666664
7 0.78076171875 0.5963541666666666 0.4384765625 0.0859375
4 0.40478515625 0.779296875 0.1103515625 0.15494791666666666
7 0.23876953125 0.6490885416666666 0.4423828125 0.01953125
6 0.2294921875 0.6490885416666666 0.236328125 0.01953125
7 0.23876953125 0.6686197916666666 0.4423828125 0.05859375
0 0.0810546875 0.7721354166666666 0.126953125 0.059895833333333336
4 0.22998046875 0.9283854166666666 0.4599609375 0.14322916666666666
4 0.22998046875 0.9283854166666666 0.4599609375 0.14322916666666666
4 0.51513671875 0.6979166666666666 0.0419921875 0.0546875
2 0.75634765625 0.68359375 0.3955078125 0.028645833333333332
2 0.75634765625 0.7122395833333334 0.3955078125 0.028645833333333332
2 0.72998046875 0.8470052083333334 0.5400390625 0.053385416666666664
2 0.72998046875 0.916015625 0.5400390625 0.04296875