2 0.34912109375 0.14322916666666666 0.4013671875 0.21354166666666666
3 0.77490234375 0.031901041666666664 0.4501953125 0.06380208333333333
0 0.5966796875 0.12890625 0.09375 0.052083333333333336
0 0.6982421875 0.12890625 0.10546875 0.052083333333333336
0 0.81201171875 0.12890625 0.1181640625 0.052083333333333336
0 0.9365234375 0.12890625 0.126953125 0.052083333333333336
7 0.77490234375 0.19270833333333334 0.4501953125 0.0234375
4 0.77490234375 0.33984375 0.4501953125 0.21875
0 0.77490234375 0.33984375 0.4501953125 0.21875
7 0.41064453125 0.46875 0.2373046875 0.0390625
0 0.41015625 0.46875 0.259765625 0.0390625
7 0.77490234375 0.9016927083333334 0.4501953125 0.040364583333333336
7 0.6669921875 0.958984375 0.234375 0.04296875
4 0.8701171875 0.9694010416666666 0.048828125 0.061197916666666664
7 0.92333984375 0.9498697916666666 0.0322265625 0.01953125
7 0.95654296875 0.9498697916666666 0.0361328125 0.01953125
0 0.943359375 0.9830729166666666 0.072265625 0.033854166666666664
7 0.98876953125 0.9837239583333334 0.0185546875 0.01953125