4 0.12744140625 0.11197916666666667 0.2548828125 0.22395833333333334
0 0.12744140625 0.14453125 0.2548828125 0.2890625
7 0.572265625 0.13671875 0.46484375 0.125
7 0.51171875 0.2747395833333333 0.1015625 0.026041666666666668
0 0.51171875 0.2747395833333333 0.13671875 0.06770833333333333
0 0.03076171875 0.4375 0.0615234375 0.0390625
0 0.107421875 0.4375 0.091796875 0.0390625
0 0.1982421875 0.4375 0.08984375 0.0390625
0 0.27978515625 0.4375 0.0732421875 0.0390625
0 0.328125 0.4375 0.0234375 0.0390625
4 0.169921875 0.681640625 0.33984375 0.44921875
2 0.1240234375 0.6009114583333334 0.248046875 0.12630208333333334
0 0.1240234375 0.646484375 0.248046875 0.21744791666666666
2 0.1240234375 0.7154947916666666 0.248046875 0.07942708333333333
0 0.04150390625 0.7923177083333334 0.0830078125 0.05078125
0 0.14453125 0.7923177083333334 0.103515625 0.05078125
0 0.16357421875 0.9322916666666666 0.3271484375 0.0546875
7 0.78564453125 0.3984375 0.1689453125 0.018229166666666668
6 0.82958984375 0.3984375 0.0712890625 0.018229166666666668
6 0.86572265625 0.4401041666666667 0.0185546875 0.020833333333333332
7 0.361328125 0.3951822916666667 0.04296875 0.01171875
7 0.8701171875 0.40234375 0.03515625 0.026041666666666668
4 0.90673828125 0.3984375 0.0244140625 0.018229166666666668
7 0.931640625 0.3958333333333333 0.02734375 0.013020833333333334
4 0.96435546875 0.3984375 0.0244140625 0.018229166666666668
7 0.98779296875 0.3958333333333333 0.0244140625 0.013020833333333334
2 0.5166015625 0.4583333333333333 0.353515625 0.026041666666666668
0 0.5244140625 0.6145833333333334 0.369140625 0.3697916666666667
2 0.5166015625 0.5052083333333334 0.353515625 0.057291666666666664
7 0.65478515625 0.4583333333333333 0.0166015625 0.018229166666666668
7 0.67822265625 0.4583333333333333 0.0302734375 0.018229166666666668
6 0.5244140625 0.625 0.369140625 0.171875
2 0.875 0.4583333333333333 0.25 0.026041666666666668
0 0.8671875 0.6145833333333334 0.265625 0.3697916666666667
2 0.875 0.5052083333333334 0.25 0.057291666666666664
6 0.8671875 0.625 0.265625 0.171875
2 0.5166015625 0.8619791666666666 0.353515625 0.026041666666666668
0 0.5244140625 0.9166666666666666 0.369140625 0.16666666666666666
2 0.5166015625 0.9088541666666666 0.353515625 0.057291666666666664
7 0.658203125 0.8619791666666666 0.009765625 0.018229166666666668
7 0.67822265625 0.8619791666666666 0.0302734375 0.018229166666666668
6 0.5244140625 0.9713541666666666 0.369140625 0.057291666666666664
2 0.875 0.8619791666666666 0.25 0.026041666666666668
0 0.8671875 0.9166666666666666 0.265625 0.16666666666666666
2 0.875 0.9088541666666666 0.25 0.057291666666666664
6 0.8671875 0.9713541666666666 0.265625 0.057291666666666664