4 0.1748046875 0.1640625 0.349609375 0.328125
0 0.1748046875 0.1640625 0.349609375 0.328125
7 0.193359375 0.3600260416666667 0.3125 0.16015625
0 0.193359375 0.384765625 0.3125 0.20963541666666666
7 0.193359375 0.4713541666666667 0.3125 0.036458333333333336
7 0.4931640625 0.06901041666666667 0.287109375 0.078125
7 0.37060546875 0.19140625 0.0419921875 0.03125
0 0.421875 0.19140625 0.14453125 0.078125
7 0.43115234375 0.19140625 0.0791015625 0.03125
4 0.85986328125 0.11328125 0.2802734375 0.2265625
4 0.361328125 0.3899739583333333 0.0234375 0.02734375
4 0.4453125 0.3899739583333333 0.05859375 0.06640625
4 0.556640625 0.3899739583333333 0.078125 0.032552083333333336
4 0.65625 0.3899739583333333 0.03515625 0.040364583333333336
4 0.7509765625 0.3899739583333333 0.068359375 0.032552083333333336
4 0.853515625 0.3899739583333333 0.05078125 0.04296875
4 0.9609375 0.3919270833333333 0.078125 0.03125
7 0.1708984375 0.5813802083333334 0.341796875 0.024739583333333332
0 0.1748046875 0.6119791666666666 0.349609375 0.125
2 0.1708984375 0.6100260416666666 0.341796875 0.032552083333333336
7 0.1708984375 0.640625 0.341796875 0.028645833333333332
7 0.17236328125 0.8776041666666666 0.3447265625 0.24479166666666666
5 0.439453125 0.5032552083333334 0.115234375 0.02734375
0 0.439453125 0.5032552083333334 0.14453125 0.02734375
7 0.5546875 0.4934895833333333 0.052734375 0.0078125
0 0.55419921875 0.5013020833333334 0.0673828125 0.0234375
7 0.6328125 0.4934895833333333 0.076171875 0.0078125
0 0.6328125 0.5013020833333334 0.091796875 0.0234375
7 0.76513671875 0.4934895833333333 0.1591796875 0.0078125
0 0.765625 0.5013020833333334 0.17578125 0.0234375
7 0.89306640625 0.4934895833333333 0.0654296875 0.0078125
0 0.892578125 0.5013020833333334 0.080078125 0.0234375
2 0.6748046875 0.5709635416666666 0.650390625 0.055989583333333336
1 0.72216796875 0.640625 0.5556640625 0.0625
7 0.82080078125 0.7122395833333334 0.0634765625 0.028645833333333332
1 0.82080078125 0.75390625 0.2099609375 0.044270833333333336
1 0.82080078125 0.8046875 0.2099609375 0.044270833333333336
1 0.82080078125 0.85546875 0.2099609375 0.044270833333333336
1 0.82080078125 0.90625 0.2099609375 0.044270833333333336
1 0.82080078125 0.95703125 0.2099609375 0.044270833333333336
7 0.82080078125 0.994140625 0.0771484375 0.01171875