4 0.275390625 0.11393229166666667 0.5 0.22786458333333334
0 0.275390625 0.11393229166666667 0.5 0.22786458333333334
7 0.275390625 0.259765625 0.421875 0.16015625
0 0.275390625 0.3014322916666667 0.421875 0.24348958333333334
7 0.275390625 0.3880208333333333 0.421875 0.0703125
7 0.09375 0.4446614583333333 0.05859375 0.016927083333333332
7 0.1318359375 0.4446614583333333 0.017578125 0.016927083333333332
0 0.158203125 0.4453125 0.03515625 0.018229166666666668
4 0.42333984375 0.5970052083333334 0.1279296875 0.06380208333333333
0 0.42333984375 0.5970052083333334 0.1279296875 0.06380208333333333
7 0.19287109375 0.5970052083333334 0.2568359375 0.06380208333333333
0 0.19287109375 0.5970052083333334 0.2568359375 0.06380208333333333
7 0.58935546875 0.08072916666666667 0.0595703125 0.0625
0 0.59423828125 0.08072916666666667 0.0693359375 0.0625
7 0.66015625 0.08072916666666667 0.044921875 0.0625
0 0.66015625 0.08072916666666667 0.064453125 0.0625
7 0.734375 0.08072916666666667 0.06640625 0.0625
0 0.734375 0.08072916666666667 0.0859375 0.0625
7 0.82373046875 0.08072916666666667 0.0751953125 0.0625
0 0.82373046875 0.08072916666666667 0.0947265625 0.0625
7 0.8974609375 0.08072916666666667 0.03515625 0.0625
0 0.8974609375 0.08072916666666667 0.0546875 0.0625
4 0.70703125 0.3860677083333333 0.294921875 0.4856770833333333
0 0.70703125 0.3860677083333333 0.294921875 0.4856770833333333
4 0.93994140625 0.20572916666666666 0.0947265625 0.125
0 0.93994140625 0.20572916666666666 0.0947265625 0.125
4 0.93994140625 0.353515625 0.0947265625 0.12630208333333334
0 0.93994140625 0.353515625 0.0947265625 0.12630208333333334
4 0.93994140625 0.5149739583333334 0.0947265625 0.12630208333333334
0 0.93994140625 0.5149739583333334 0.0947265625 0.12630208333333334
4 0.93994140625 0.6145833333333334 0.0947265625 0.028645833333333332
0 0.93994140625 0.6145833333333334 0.0947265625 0.028645833333333332
7 0.25341796875 0.7858072916666666 0.5068359375 0.01953125
6 0.5341796875 0.7858072916666666 0.05078125 0.01953125
2 0.0302734375 0.8984375 0.060546875 0.0703125
2 0.2529296875 0.880859375 0.26953125 0.03515625
4 0.2529296875 0.9557291666666666 0.26953125 0.08854166666666667
0 0.2529296875 0.9557291666666666 0.26953125 0.08854166666666667
3 0.49609375 0.9186197916666666 0.126953125 0.16276041666666666
4 0.8017578125 0.6809895833333334 0.396484375 0.078125
0 0.8017578125 0.6783854166666666 0.396484375 0.0390625
0 0.59033203125 0.7799479166666666 0.0615234375 0.026041666666666668
0 0.6689453125 0.7799479166666666 0.076171875 0.026041666666666668
0 0.74462890625 0.7799479166666666 0.0556640625 0.026041666666666668
0 0.8359375 0.7799479166666666 0.107421875 0.026041666666666668
0 0.9443359375 0.7799479166666666 0.08984375 0.026041666666666668
7 0.77978515625 0.8404947916666666 0.4404296875 0.014322916666666666
3 0.77978515625 0.9270833333333334 0.4404296875 0.14583333333333334