7 0.22998046875 0.025390625 0.4599609375 0.05078125
6 0.291015625 0.037760416666666664 0.080078125 0.026041666666666668
4 0.2041015625 0.3203125 0.29296875 0.15625
4 0.1689453125 0.4772135416666667 0.0703125 0.09505208333333333
4 0.2392578125 0.4772135416666667 0.0703125 0.09505208333333333
2 0.5009765625 0.064453125 0.08203125 0.12890625
7 0.77978515625 0.03515625 0.4404296875 0.0703125
0 0.61279296875 0.09895833333333333 0.1064453125 0.0546875
0 0.7197265625 0.09895833333333333 0.109375 0.0546875
0 0.8310546875 0.09895833333333333 0.115234375 0.0546875
0 0.939453125 0.09895833333333333 0.103515625 0.0546875
4 0.5009765625 0.14713541666666666 0.08203125 0.041666666666666664
2 0.72998046875 0.21549479166666666 0.5400390625 0.04296875
2 0.48974609375 0.21809895833333334 0.0595703125 0.022135416666666668
2 0.5263671875 0.216796875 0.013671875 0.016927083333333332
0 0.4912109375 0.2819010416666667 0.0625 0.040364583333333336
0 0.4912109375 0.3372395833333333 0.0625 0.06770833333333333
0 0.4912109375 0.392578125 0.0625 0.040364583333333336
0 0.4912109375 0.4342447916666667 0.0625 0.040364583333333336
0 0.4912109375 0.4759114583333333 0.0625 0.040364583333333336
0 0.4912109375 0.5286458333333334 0.0625 0.0625
2 0.794921875 0.22916666666666666 0.41015625 0.044270833333333336
2 0.59375 0.21223958333333334 0.009765625 0.013020833333333334
0 0.79443359375 0.228515625 0.4111328125 0.06380208333333333
2 0.79443359375 0.22721354166666666 0.4111328125 0.061197916666666664
7 0.626953125 0.2740885416666667 0.07421875 0.01953125
7 0.66748046875 0.2740885416666667 0.0068359375 0.01953125
0 0.69091796875 0.2747395833333333 0.0419921875 0.020833333333333332
7 0.70703125 0.3404947916666667 0.234375 0.022135416666666668
0 0.91064453125 0.3411458333333333 0.1748046875 0.0234375
7 0.794921875 0.3541666666666667 0.41015625 0.049479166666666664
0 0.794921875 0.3821614583333333 0.41015625 0.05078125
7 0.794921875 0.4225260416666667 0.41015625 0.07682291666666667
7 0.85791015625 0.4498697916666667 0.0869140625 0.022135416666666668
7 0.90283203125 0.4498697916666667 0.0048828125 0.022135416666666668
2 0.59375 0.5208333333333334 0.009765625 0.013020833333333334
0 0.79443359375 0.5325520833333334 0.4111328125 0.0546875
2 0.79443359375 0.5325520833333334 0.4111328125 0.0546875
7 0.22998046875 0.6243489583333334 0.4599609375 0.09505208333333333
7 0.22998046875 0.705078125 0.4599609375 0.06901041666666667
7 0.140625 0.86328125 0.21875 0.03125
0 0.140625 0.8639322916666666 0.28125 0.08463541666666667
7 0.12060546875 0.9440104166666666 0.1435546875 0.026041666666666668
7 0.21142578125 0.9440104166666666 0.0419921875 0.026041666666666668
4 0.369140625 0.779296875 0.181640625 0.06380208333333333
4 0.0693359375 0.697265625 0.138671875 0.06380208333333333
4 0.17919921875 0.779296875 0.2119140625 0.06380208333333333
4 0.32763671875 0.826171875 0.0322265625 0.04296875
4 0.36474609375 0.861328125 0.0322265625 0.04296875
4 0.07470703125 0.9850260416666666 0.0322265625 0.029947916666666668
4 0.35009765625 0.8470052083333334 0.2119140625 0.06380208333333333
4 0.30419921875 0.7571614583333334 0.0322265625 0.04296875
4 0.14208984375 0.935546875 0.2119140625 0.06380208333333333
4 0.22998046875 0.8424479166666666 0.4599609375 0.3151041666666667
7 0.6240234375 0.65625 0.328125 0.06510416666666667
6 0.474609375 0.7024739583333334 0.029296875 0.022135416666666668
6 0.53125 0.7024739583333334 0.078125 0.022135416666666668
7 0.63427734375 0.7024739583333334 0.1279296875 0.022135416666666668
6 0.6142578125 0.716796875 0.30859375 0.05078125
6 0.84130859375 0.6881510416666666 0.0478515625 0.022135416666666668
6 0.9072265625 0.6881510416666666 0.05078125 0.022135416666666668
6 0.97265625 0.6881510416666666 0.044921875 0.022135416666666668
7 0.61962890625 0.8059895833333334 0.3193359375 0.046875
7 0.8974609375 0.8059895833333334 0.205078125 0.046875
4 0.90625 0.9205729166666666 0.1875 0.15885416666666666