4 0.61962890625 0.24479166666666666 0.7607421875 0.4895833333333333
4 0.77197265625 0.24479166666666666 0.4560546875 0.4895833333333333
2 0.37353515625 0.234375 0.2685546875 0.1953125
7 0.37353515625 0.39453125 0.2685546875 0.07291666666666667
6 0.12841796875 0.5247395833333334 0.0673828125 0.0234375
2 0.08349609375 0.6015625 0.1044921875 0.028645833333333332
2 0.11962890625 0.7018229166666666 0.2392578125 0.1015625
0 0.11962890625 0.7018229166666666 0.2392578125 0.12239583333333333
2 0.11962890625 0.8216145833333334 0.2392578125 0.09375
0 0.11962890625 0.8216145833333334 0.2392578125 0.11458333333333333
2 0.11962890625 0.921875 0.2392578125 0.0625
0 0.11962890625 0.921875 0.2392578125 0.08333333333333333
2 0.11962890625 0.9876302083333334 0.2392578125 0.024739583333333332
0 0.11962890625 0.982421875 0.2392578125 0.03515625
0 0.2529296875 0.5084635416666666 0.02734375 0.037760416666666664
0 0.34375 0.5084635416666666 0.046875 0.037760416666666664
0 0.45263671875 0.5084635416666666 0.0634765625 0.037760416666666664
0 0.56787109375 0.5084635416666666 0.0595703125 0.037760416666666664
0 0.67041015625 0.5084635416666666 0.0380859375 0.037760416666666664
0 0.771484375 0.5084635416666666 0.056640625 0.037760416666666664
0 0.88916015625 0.5084635416666666 0.0712890625 0.037760416666666664
4 0.9892578125 0.5084635416666666 0.021484375 0.037760416666666664
4 0.61962890625 0.5611979166666666 0.7607421875 0.06770833333333333
7 0.2734375 0.5618489583333334 0.068359375 0.032552083333333336
7 0.619140625 0.6419270833333334 0.64453125 0.0234375
4 0.38720703125 0.8313802083333334 0.2119140625 0.2825520833333333
2 0.61279296875 0.720703125 0.1806640625 0.037760416666666664
2 0.7294921875 0.7213541666666666 0.0234375 0.020833333333333332
2 0.73974609375 0.7552083333333334 0.4345703125 0.028645833333333332
2 0.5458984375 0.7858072916666666 0.046875 0.02734375
7 0.53662109375 0.828125 0.0283203125 0.0234375