2 0.22705078125 0.04296875 0.4541015625 0.07291666666666667
4 0.0654296875 0.3938802083333333 0.130859375 0.21223958333333334
7 0.45849609375 0.4850260416666667 0.0224609375 0.02734375
0 0.3740234375 0.3697916666666667 0.005859375 0.0390625
4 0.4580078125 0.4609375 0.015625 0.020833333333333332
2 0.724609375 0.04296875 0.1953125 0.020833333333333332
2 0.724609375 0.06575520833333333 0.1953125 0.024739583333333332
2 0.92333984375 0.04296875 0.1533203125 0.03125
2 0.724609375 0.11848958333333333 0.1953125 0.020833333333333332
2 0.724609375 0.14127604166666666 0.1953125 0.024739583333333332
2 0.92333984375 0.11848958333333333 0.1533203125 0.03125
6 0.51025390625 0.20572916666666666 0.0322265625 0.026041666666666668
7 0.52978515625 0.20572916666666666 0.0029296875 0.026041666666666668
6 0.58056640625 0.20572916666666666 0.0888671875 0.026041666666666668
7 0.63134765625 0.20572916666666666 0.0029296875 0.026041666666666668
6 0.66650390625 0.20572916666666666 0.0576171875 0.026041666666666668
7 0.69873046875 0.20572916666666666 0.0029296875 0.026041666666666668
7 0.7294921875 0.20572916666666666 0.048828125 0.026041666666666668
7 0.75732421875 0.20572916666666666 0.0029296875 0.026041666666666668
6 0.79443359375 0.20572916666666666 0.0615234375 0.026041666666666668
7 0.82861328125 0.20572916666666666 0.0029296875 0.026041666666666668
6 0.85498046875 0.20572916666666666 0.0400390625 0.026041666666666668
7 0.87841796875 0.20572916666666666 0.0029296875 0.026041666666666668
7 0.93359375 0.20572916666666666 0.0703125 0.026041666666666668
7 0.97216796875 0.20572916666666666 0.0029296875 0.026041666666666668
4 0.98876953125 0.21809895833333334 0.0224609375 0.037760416666666664
4 0.5244140625 0.3385416666666667 0.087890625 0.1171875
0 0.96728515625 0.2805989583333333 0.0009765625 0.0013020833333333333
7 0.77490234375 0.3287760416666667 0.3857421875 0.032552083333333336
0 0.96728515625 0.3001302083333333 0.0009765625 0.0013020833333333333
7 0.76318359375 0.3665364583333333 0.3623046875 0.037760416666666664
2 0.5244140625 0.4778645833333333 0.109375 0.044270833333333336
0 0.52392578125 0.4765625 0.1083984375 0.046875
2 0.6455078125 0.4778645833333333 0.11328125 0.044270833333333336
0 0.64453125 0.4765625 0.11328125 0.046875
2 0.7685546875 0.4778645833333333 0.11328125 0.044270833333333336
0 0.767578125 0.4765625 0.11328125 0.046875
2 0.8916015625 0.4778645833333333 0.11328125 0.044270833333333336
0 0.890625 0.4765625 0.11328125 0.046875
2 0.97900390625 0.4778645833333333 0.0419921875 0.044270833333333336
2 0.23486328125 0.5970052083333334 0.4697265625 0.19401041666666666
7 0.21923828125 0.7493489583333334 0.4384765625 0.032552083333333336
0 0.03076171875 0.86328125 0.0615234375 0.09114583333333333
0 0.2080078125 0.86328125 0.234375 0.09114583333333333
7 0.1201171875 0.9381510416666666 0.240234375 0.10026041666666667
0 0.1162109375 0.994140625 0.150390625 0.01171875
7 0.7021484375 0.5143229166666666 0.30078125 0.028645833333333332
0 0.90087890625 0.578125 0.1650390625 0.06510416666666667
0 0.513671875 0.578125 0.087890625 0.06510416666666667
0 0.609375 0.578125 0.103515625 0.06510416666666667
0 0.6953125 0.578125 0.068359375 0.06510416666666667
0 0.7724609375 0.578125 0.0859375 0.06510416666666667
0 0.99169921875 0.578125 0.0166015625 0.06510416666666667
7 0.94287109375 0.5162760416666666 0.1142578125 0.032552083333333336
7 0.98291015625 0.515625 0.0341796875 0.03125
7 0.5615234375 0.6328125 0.064453125 0.015625
2 0.58251953125 0.8216145833333334 0.2255859375 0.09375
4 0.802734375 0.8483072916666666 0.126953125 0.09505208333333333
0 0.802734375 0.8489583333333334 0.126953125 0.09635416666666667
2 0.93701171875 0.8587239583333334 0.1220703125 0.12369791666666667
2 0.99853515625 0.908203125 0.0029296875 0.024739583333333332
4 0.802734375 0.986328125 0.126953125 0.02734375
0 0.802734375 0.986328125 0.126953125 0.02734375
2 0.935546875 0.984375 0.119140625 0.03125