7 0.35986328125 0.11848958333333333 0.7197265625 0.028645833333333332
0 0.04052734375 0.11848958333333333 0.0810546875 0.06770833333333333
7 0.1748046875 0.11848958333333333 0.11328125 0.028645833333333332
0 0.173828125 0.11848958333333333 0.1875 0.06770833333333333
7 0.35546875 0.11848958333333333 0.109375 0.028645833333333332
0 0.34912109375 0.11848958333333333 0.1650390625 0.06770833333333333
7 0.52490234375 0.11848958333333333 0.1123046875 0.028645833333333332
0 0.52392578125 0.11848958333333333 0.1865234375 0.06770833333333333
7 0.68505859375 0.11848958333333333 0.0693359375 0.028645833333333332
0 0.66796875 0.11848958333333333 0.103515625 0.06770833333333333
7 0.01171875 0.18619791666666666 0.0234375 0.028645833333333332
0 0.02197265625 0.18619791666666666 0.0439453125 0.06770833333333333
7 0.18701171875 0.359375 0.3740234375 0.12239583333333333
4 0.111328125 0.45703125 0.22265625 0.0078125
7 0.18701171875 0.4700520833333333 0.3740234375 0.018229166666666668
7 0.85986328125 0.17513020833333334 0.2802734375 0.3502604166666667
2 0.85986328125 0.44140625 0.2802734375 0.057291666666666664
4 0.0556640625 0.5260416666666666 0.111328125 0.09375
0 0.63623046875 0.5390625 0.0830078125 0.0390625
0 0.7060546875 0.5390625 0.02734375 0.0390625
0 0.0556640625 0.619140625 0.111328125 0.022135416666666668
0 0.19189453125 0.619140625 0.1611328125 0.022135416666666668
0 0.35791015625 0.619140625 0.1708984375 0.022135416666666668
0 0.5244140625 0.619140625 0.162109375 0.022135416666666668
1 0.6728515625 0.6184895833333334 0.09375 0.036458333333333336
4 0.033203125 0.8463541666666666 0.06640625 0.3072916666666667
7 0.35986328125 0.8463541666666666 0.7197265625 0.3072916666666667
4 0.85986328125 0.630859375 0.2802734375 0.11848958333333333
4 0.85986328125 0.8606770833333334 0.2802734375 0.2786458333333333
7 0.9580078125 0.900390625 0.083984375 0.08723958333333333
7 0.9580078125 0.9674479166666666 0.083984375 0.046875