4 0.1796875 0.08463541666666667 0.359375 0.16927083333333334
0 0.1796875 0.08463541666666667 0.359375 0.16927083333333334
7 0.32958984375 0.2669270833333333 0.6591796875 0.028645833333333332
7 0.05859375 0.2669270833333333 0.11328125 0.028645833333333332
0 0.07568359375 0.2669270833333333 0.1513671875 0.06770833333333333
7 0.2392578125 0.2669270833333333 0.109375 0.028645833333333332
0 0.23291015625 0.2669270833333333 0.1650390625 0.06770833333333333
7 0.40869140625 0.2669270833333333 0.1123046875 0.028645833333333332
0 0.40771484375 0.2669270833333333 0.1865234375 0.06770833333333333
7 0.5908203125 0.2669270833333333 0.11328125 0.028645833333333332
0 0.57958984375 0.2669270833333333 0.1591796875 0.06770833333333333
7 0.12890625 0.5078125 0.2578125 0.12239583333333333
4 0.05322265625 0.60546875 0.1064453125 0.0078125
7 0.12890625 0.6341145833333334 0.2578125 0.049479166666666664
7 0.7158203125 0.031901041666666664 0.11328125 0.06380208333333333
2 0.74853515625 0.10481770833333333 0.1787109375 0.029947916666666668
1 0.76513671875 0.17513020833333334 0.2119140625 0.08463541666666667
7 0.79638671875 0.271484375 0.2744140625 0.032552083333333336
0 0.69921875 0.3287760416666667 0.07421875 0.032552083333333336
2 0.67578125 0.546875 0.033203125 0.046875
4 0.853515625 0.63671875 0.29296875 0.044270833333333336
0 0.85107421875 0.6360677083333334 0.2978515625 0.045572916666666664
2 0.4326171875 0.6875 0.453125 0.03125
7 0.4189453125 0.712890625 0.42578125 0.01953125
6 0.642578125 0.712890625 0.021484375 0.01953125
7 0.6533203125 0.712890625 0.00390625 0.01953125
5 0.75439453125 0.6653645833333334 0.1904296875 0.013020833333333334
1 0.75439453125 0.6920572916666666 0.1904296875 0.040364583333333336
1 0.75390625 0.7506510416666666 0.189453125 0.037760416666666664
6 0.68212890625 0.8059895833333334 0.0458984375 0.018229166666666668
7 0.71875 0.8059895833333334 0.02734375 0.018229166666666668
6 0.76953125 0.8059895833333334 0.076171875 0.018229166666666668
7 0.8076171875 0.8059895833333334 0.00390625 0.018229166666666668
0 0.76708984375 0.9817708333333334 0.2158203125 0.036458333333333336