7 0.2099609375 0.010416666666666666 0.419921875 0.020833333333333332
7 0.2099609375 0.05078125 0.419921875 0.026041666666666668
7 0.1669921875 0.12760416666666666 0.078125 0.049479166666666664
0 0.1669921875 0.12760416666666666 0.078125 0.049479166666666664
4 0.47216796875 0.279296875 0.1044921875 0.4596354166666667
7 0.7744140625 0.10091145833333333 0.44140625 0.032552083333333336
2 0.595703125 0.17903645833333334 0.083984375 0.08463541666666667
2 0.7421875 0.17903645833333334 0.2109375 0.08463541666666667
2 0.62548828125 0.251953125 0.1435546875 0.08463541666666667
7 0.759765625 0.3333333333333333 0.412109375 0.0234375
6 0.60888671875 0.3645833333333333 0.1103515625 0.0234375
0 0.60888671875 0.451171875 0.1103515625 0.06380208333333333
0 0.09814453125 0.5169270833333334 0.1162109375 0.015625
1 0.2197265625 0.5169270833333334 0.126953125 0.015625
0 0.267578125 0.5182291666666666 0.03125 0.018229166666666668
0 0.33740234375 0.5169270833333334 0.0888671875 0.015625
4 0.2099609375 0.8053385416666666 0.419921875 0.3893229166666667
0 0.2099609375 0.8053385416666666 0.419921875 0.3893229166666667
7 0.390625 0.634765625 0.05859375 0.01953125
2 0.44580078125 0.5774739583333334 0.0517578125 0.06901041666666667
0 0.44970703125 0.5774739583333334 0.0595703125 0.08984375
7 0.49658203125 0.6549479166666666 0.1025390625 0.036458333333333336
0 0.49658203125 0.6627604166666666 0.1181640625 0.041666666666666664
7 0.6533203125 0.6614583333333334 0.150390625 0.036458333333333336
0 0.6533203125 0.6627604166666666 0.166015625 0.041666666666666664
7 0.78955078125 0.6549479166666666 0.0615234375 0.036458333333333336
0 0.78955078125 0.6627604166666666 0.0771484375 0.041666666666666664
4 0.86083984375 0.6653645833333334 0.0205078125 0.026041666666666668
0 0.86083984375 0.6653645833333334 0.0361328125 0.046875
7 0.95166015625 0.5494791666666666 0.0654296875 0.03125
0 0.95166015625 0.55078125 0.0810546875 0.036458333333333336
2 0.634765625 0.8209635416666666 0.4296875 0.053385416666666664
0 0.63818359375 0.822265625 0.4365234375 0.061197916666666664
7 0.98974609375 0.830078125 0.0205078125 0.03515625
7 0.50439453125 0.9381510416666666 0.1689453125 0.03515625
7 0.5 0.966796875 0.16015625 0.03515625
1 0.8271484375 0.939453125 0.345703125 0.037760416666666664