6 0.53076171875 0.031901041666666664 0.0810546875 0.06380208333333333
4 0.61083984375 0.013671875 0.0166015625 0.02734375
0 0.60302734375 0.043619791666666664 0.0322265625 0.08723958333333333
4 0.3095703125 0.2506510416666667 0.619140625 0.3268229166666667
4 0.09033203125 0.57421875 0.1806640625 0.049479166666666664
4 0.52734375 0.57421875 0.18359375 0.049479166666666664
7 0.1435546875 0.548828125 0.287109375 0.10026041666666667
0 0.3876953125 0.5546875 0.123046875 0.0546875
0 0.53564453125 0.5546875 0.1376953125 0.057291666666666664
3 0.8095703125 0.022135416666666668 0.380859375 0.044270833333333336
0 0.8095703125 0.16536458333333334 0.380859375 0.026041666666666668
4 0.8095703125 0.41015625 0.380859375 0.3776041666666667
0 0.8095703125 0.41015625 0.380859375 0.3776041666666667
4 0.8095703125 0.2916666666666667 0.380859375 0.5833333333333334
0 0.8095703125 0.2916666666666667 0.380859375 0.5833333333333334
4 0.3095703125 0.6432291666666666 0.619140625 0.08854166666666667
4 0.2275390625 0.7994791666666666 0.455078125 0.4010416666666667
4 0.142578125 0.8111979166666666 0.09765625 0.1953125
3 0.556640625 0.7506510416666666 0.125 0.3033854166666667
0 0.638671875 0.640625 0.0390625 0.059895833333333336
0 0.72021484375 0.640625 0.1240234375 0.059895833333333336
0 0.81103515625 0.640625 0.0576171875 0.059895833333333336
0 0.90625 0.640625 0.1328125 0.059895833333333336
0 0.630859375 0.68359375 0.0234375 0.049479166666666664
0 0.6826171875 0.68359375 0.080078125 0.049479166666666664
0 0.78271484375 0.68359375 0.1201171875 0.049479166666666664
0 0.87841796875 0.68359375 0.0712890625 0.049479166666666664
0 0.95703125 0.68359375 0.0859375 0.049479166666666664
2 0.8095703125 0.7955729166666666 0.380859375 0.078125
2 0.8095703125 0.8541666666666666 0.380859375 0.0390625
7 0.67626953125 0.9518229166666666 0.1142578125 0.036458333333333336
0 0.6767578125 0.9518229166666666 0.115234375 0.0390625
7 0.876953125 0.9518229166666666 0.24609375 0.036458333333333336
0 0.87646484375 0.9518229166666666 0.2470703125 0.0390625