0 0.0283203125 0.18033854166666666 0.056640625 0.07421875
0 0.15869140625 0.18033854166666666 0.1591796875 0.07421875
0 0.3076171875 0.18033854166666666 0.09375 0.07421875
0 0.42333984375 0.18033854166666666 0.0927734375 0.07421875
6 0.56591796875 0.216796875 0.0810546875 0.10026041666666667
7 0.5537109375 0.034505208333333336 0.0703125 0.06640625
0 0.58251953125 0.035807291666666664 0.1748046875 0.07161458333333333
7 0.609375 0.034505208333333336 0.04296875 0.01953125
4 0.64697265625 0.034505208333333336 0.0146484375 0.01953125
4 0.64990234375 0.21419270833333334 0.0244140625 0.032552083333333336
0 0.64599609375 0.216796875 0.0478515625 0.14713541666666666
4 0.3349609375 0.4296875 0.669921875 0.2786458333333333
2 0.8349609375 0.033854166666666664 0.330078125 0.03125
1 0.951171875 0.2955729166666667 0.09765625 0.057291666666666664
1 0.951171875 0.3561197916666667 0.09765625 0.048177083333333336
4 0.10888671875 0.8821614583333334 0.0087890625 0.01171875
4 0.13525390625 0.8821614583333334 0.0087890625 0.01171875
4 0.16259765625 0.8821614583333334 0.0087890625 0.01171875
4 0.18896484375 0.8821614583333334 0.0087890625 0.01171875
4 0.21533203125 0.8821614583333334 0.0087890625 0.01171875
4 0.24169921875 0.8821614583333334 0.0087890625 0.01171875
4 0.26904296875 0.8821614583333334 0.0087890625 0.01171875
4 0.29541015625 0.8821614583333334 0.0087890625 0.01171875
7 0.2353515625 0.734375 0.470703125 0.3307291666666667
0 0.2353515625 0.734375 0.470703125 0.3307291666666667
2 0.0302734375 0.7688802083333334 0.060546875 0.02734375
2 0.1494140625 0.7688802083333334 0.1796875 0.02734375
6 0.22265625 0.814453125 0.4453125 0.048177083333333336
7 0.57080078125 0.734375 0.1982421875 0.3307291666666667
0 0.57080078125 0.734375 0.1982421875 0.3307291666666667
2 0.58642578125 0.7845052083333334 0.1669921875 0.06380208333333333
6 0.58642578125 0.845703125 0.1669921875 0.048177083333333336
2 0.3349609375 0.9654947916666666 0.669921875 0.032552083333333336
1 0.76611328125 0.5846354166666666 0.1923828125 0.03125
0 0.84619140625 0.583984375 0.0322265625 0.029947916666666668
6 0.96728515625 0.630859375 0.0654296875 0.01953125
2 0.8349609375 0.7233072916666666 0.330078125 0.06380208333333333
2 0.8349609375 0.7786458333333334 0.330078125 0.0390625
2 0.8974609375 0.8619791666666666 0.205078125 0.03125
0 0.8798828125 0.9583333333333334 0.240234375 0.08333333333333333