2 0.26171875 0.177734375 0.375 0.25390625
7 0.2822265625 0.3600260416666667 0.333984375 0.032552083333333336
0 0.2978515625 0.4739583333333333 0.138671875 0.09114583333333333
0 0.4228515625 0.4739583333333333 0.052734375 0.09114583333333333
7 0.224609375 0.5390625 0.44921875 0.08072916666666667
7 0.7197265625 0.009765625 0.541015625 0.01953125
7 0.7197265625 0.13997395833333334 0.541015625 0.07421875
7 0.7197265625 0.205078125 0.541015625 0.05859375
0 0.47607421875 0.2845052083333333 0.0537109375 0.05078125
7 0.7197265625 0.4537760416666667 0.541015625 0.037760416666666664
7 0.55029296875 0.486328125 0.2021484375 0.024739583333333332
6 0.7001953125 0.486328125 0.099609375 0.024739583333333332
7 0.80029296875 0.486328125 0.1025390625 0.024739583333333332
4 0.81591796875 0.55859375 0.3486328125 0.041666666666666664
4 0.224609375 0.6490885416666666 0.44921875 0.13932291666666666
4 0.10595703125 0.8977864583333334 0.2119140625 0.20442708333333334
4 0.34521484375 0.8977864583333334 0.2080078125 0.20442708333333334
0 0.34521484375 0.8977864583333334 0.2080078125 0.20442708333333334
6 0.56884765625 0.5885416666666666 0.2392578125 0.018229166666666668
1 0.642578125 0.6640625 0.38671875 0.059895833333333336
7 0.919921875 0.662109375 0.0234375 0.032552083333333336
0 0.919921875 0.66015625 0.05859375 0.09895833333333333
6 0.978515625 0.6608072916666666 0.0234375 0.032552083333333336
0 0.978515625 0.66015625 0.0234375 0.036458333333333336
4 0.48779296875 0.8430989583333334 0.0771484375 0.25390625
0 0.48974609375 0.845703125 0.0810546875 0.2591145833333333
4 0.68115234375 0.8430989583333334 0.3037109375 0.25390625
0 0.68310546875 0.845703125 0.3076171875 0.2591145833333333
4 0.9111328125 0.8430989583333334 0.150390625 0.25390625
0 0.9130859375 0.845703125 0.154296875 0.2591145833333333
4 0.99462890625 0.8430989583333334 0.0107421875 0.25390625
0 0.99462890625 0.845703125 0.0107421875 0.2591145833333333