0 0.091796875 0.005859375 0.171875 0.01171875
0 0.2763671875 0.005859375 0.091796875 0.01171875
0 0.3994140625 0.005859375 0.09375 0.01171875
0 0.51806640625 0.005859375 0.0830078125 0.01171875
2 0.34521484375 0.2688802083333333 0.4287109375 0.25390625
7 0.36572265625 0.451171875 0.3876953125 0.032552083333333336
3 0.77978515625 0.033854166666666664 0.4404296875 0.06770833333333333
7 0.759765625 0.080078125 0.05859375 0.016927083333333332
0 0.61083984375 0.14453125 0.0751953125 0.09114583333333333
0 0.68798828125 0.14453125 0.0810546875 0.09114583333333333
0 0.767578125 0.14453125 0.080078125 0.09114583333333333
0 0.8447265625 0.14453125 0.076171875 0.09114583333333333
4 0.982421875 0.14453125 0.03125 0.041666666666666664
4 0.77978515625 0.21158854166666666 0.4404296875 0.040364583333333336
0 0.77978515625 0.21158854166666666 0.4404296875 0.040364583333333336
0 0.61279296875 0.2526041666666667 0.1064453125 0.0390625
0 0.6943359375 0.2526041666666667 0.056640625 0.0390625
0 0.7490234375 0.2526041666666667 0.052734375 0.0390625
0 0.8046875 0.2526041666666667 0.05859375 0.0390625
0 0.85498046875 0.2526041666666667 0.0419921875 0.0390625
0 0.93505859375 0.2526041666666667 0.1181640625 0.0390625
4 0.77978515625 0.3997395833333333 0.4404296875 0.20052083333333334
0 0.77978515625 0.3997395833333333 0.4404296875 0.20052083333333334
2 0.52685546875 0.7799479166666666 0.0654296875 0.140625
0 0.52685546875 0.8209635416666666 0.0654296875 0.22265625
7 0.52685546875 0.9225260416666666 0.0654296875 0.01953125
4 0.27978515625 0.75 0.5595703125 0.5
2 0.75634765625 0.6067708333333334 0.3935546875 0.10416666666666667
7 0.75634765625 0.7526041666666666 0.3935546875 0.125
0 0.5927734375 0.9010416666666666 0.06640625 0.046875