7 0.4345703125 0.005859375 0.26953125 0.01171875
7 0.0830078125 0.064453125 0.162109375 0.024739583333333332
0 0.09716796875 0.064453125 0.1943359375 0.07421875
7 0.27392578125 0.064453125 0.1298828125 0.024739583333333332
0 0.28173828125 0.064453125 0.1767578125 0.07421875
7 0.45458984375 0.064453125 0.1396484375 0.024739583333333332
0 0.4619140625 0.064453125 0.185546875 0.07421875
2 0.22314453125 0.212890625 0.3427734375 0.15755208333333334
7 0.22314453125 0.3430989583333333 0.3427734375 0.09505208333333333
0 0.12939453125 0.4537760416666667 0.1318359375 0.053385416666666664
0 0.29052734375 0.4537760416666667 0.1748046875 0.053385416666666664
2 0.51220703125 0.189453125 0.1142578125 0.048177083333333336
7 0.4755859375 0.259765625 0.009765625 0.024739583333333332
7 0.5185546875 0.259765625 0.076171875 0.024739583333333332
7 0.5625 0.259765625 0.013671875 0.024739583333333332
7 0.4755859375 0.291015625 0.009765625 0.024739583333333332
7 0.5 0.291015625 0.0390625 0.024739583333333332
7 0.5224609375 0.291015625 0.009765625 0.024739583333333332
7 0.4755859375 0.322265625 0.009765625 0.024739583333333332
7 0.50439453125 0.322265625 0.0478515625 0.024739583333333332
7 0.53271484375 0.322265625 0.0107421875 0.024739583333333332
7 0.55322265625 0.322265625 0.0322265625 0.024739583333333332
7 0.4755859375 0.353515625 0.009765625 0.024739583333333332
7 0.5 0.353515625 0.0390625 0.024739583333333332
7 0.5224609375 0.353515625 0.009765625 0.024739583333333332
7 0.4755859375 0.416015625 0.009765625 0.024739583333333332
7 0.49072265625 0.416015625 0.0205078125 0.024739583333333332
7 0.50390625 0.416015625 0.009765625 0.024739583333333332
7 0.5390625 0.416015625 0.060546875 0.024739583333333332
7 0.4755859375 0.447265625 0.009765625 0.024739583333333332
7 0.48583984375 0.447265625 0.0107421875 0.024739583333333332
7 0.49560546875 0.447265625 0.0107421875 0.024739583333333332
7 0.5341796875 0.447265625 0.0703125 0.024739583333333332
6 0.62060546875 0.004557291666666667 0.0263671875 0.009114583333333334
6 0.70166015625 0.004557291666666667 0.0322265625 0.009114583333333334
6 0.7734375 0.004557291666666667 0.037109375 0.009114583333333334
0 0.5810546875 0.054036458333333336 0.0234375 0.016927083333333332
0 0.58203125 0.080078125 0.025390625 0.016927083333333332
0 0.58203125 0.09700520833333333 0.025390625 0.016927083333333332
0 0.58203125 0.11393229166666667 0.025390625 0.016927083333333332
0 0.58203125 0.130859375 0.025390625 0.016927083333333332
0 0.58203125 0.14778645833333334 0.025390625 0.016927083333333332
0 0.58203125 0.16471354166666666 0.025390625 0.016927083333333332
0 0.58203125 0.181640625 0.025390625 0.016927083333333332
0 0.58203125 0.19856770833333334 0.025390625 0.016927083333333332
0 0.58203125 0.21549479166666666 0.025390625 0.016927083333333332
0 0.58203125 0.232421875 0.025390625 0.016927083333333332
0 0.6435546875 0.051432291666666664 0.068359375 0.016927083333333332
0 0.6435546875 0.068359375 0.068359375 0.016927083333333332
0 0.6435546875 0.08528645833333333 0.068359375 0.016927083333333332
0 0.6435546875 0.10221354166666667 0.068359375 0.016927083333333332
0 0.6435546875 0.119140625 0.068359375 0.016927083333333332
0 0.6435546875 0.13606770833333334 0.068359375 0.016927083333333332
0 0.6435546875 0.15299479166666666 0.068359375 0.016927083333333332
0 0.6435546875 0.169921875 0.068359375 0.016927083333333332
0 0.72705078125 0.054036458333333336 0.0654296875 0.016927083333333332
0 0.72705078125 0.080078125 0.0693359375 0.016927083333333332
0 0.72705078125 0.09700520833333333 0.0693359375 0.016927083333333332
0 0.72705078125 0.11393229166666667 0.0693359375 0.016927083333333332
0 0.72705078125 0.13932291666666666 0.0693359375 0.033854166666666664
0 0.72705078125 0.16471354166666666 0.0693359375 0.016927083333333332
0 0.72705078125 0.181640625 0.0693359375 0.016927083333333332
0 0.810546875 0.054036458333333336 0.064453125 0.016927083333333332
0 0.810546875 0.080078125 0.068359375 0.016927083333333332
0 0.810546875 0.09700520833333333 0.068359375 0.016927083333333332
0 0.810546875 0.11393229166666667 0.068359375 0.016927083333333332
0 0.810546875 0.130859375 0.068359375 0.016927083333333332
0 0.810546875 0.16861979166666666 0.064453125 0.016927083333333332
0 0.810546875 0.19466145833333334 0.068359375 0.016927083333333332
0 0.8935546875 0.054036458333333336 0.064453125 0.016927083333333332
0 0.8935546875 0.080078125 0.068359375 0.016927083333333332
0 0.8935546875 0.09700520833333333 0.068359375 0.016927083333333332
0 0.8935546875 0.11393229166666667 0.068359375 0.016927083333333332
0 0.8935546875 0.130859375 0.068359375 0.016927083333333332
0 0.8935546875 0.14778645833333334 0.068359375 0.016927083333333332
0 0.97216796875 0.054036458333333336 0.0556640625 0.016927083333333332
0 0.97119140625 0.080078125 0.0576171875 0.016927083333333332
0 0.97119140625 0.09700520833333333 0.0576171875 0.016927083333333332
0 0.97119140625 0.11393229166666667 0.0576171875 0.016927083333333332
0 0.97119140625 0.130859375 0.0576171875 0.016927083333333332
6 0.625 0.2890625 0.111328125 0.026041666666666668
7 0.7236328125 0.291015625 0.0859375 0.01953125
6 0.7802734375 0.291015625 0.02734375 0.01953125
7 0.81640625 0.291015625 0.048828125 0.01953125
7 0.666015625 0.3131510416666667 0.193359375 0.01953125
7 0.61474609375 0.349609375 0.0908203125 0.01953125
7 0.76513671875 0.349609375 0.2099609375 0.01953125
7 0.580078125 0.369140625 0.021484375 0.01953125
7 0.72607421875 0.369140625 0.2705078125 0.01953125
6 0.88671875 0.3697916666666667 0.0546875 0.015625
0 0.78466796875 0.4173177083333333 0.4306640625 0.02734375
6 0.59228515625 0.451171875 0.0458984375 0.01953125
7 0.6259765625 0.451171875 0.021484375 0.01953125
6 0.68359375 0.451171875 0.095703125 0.01953125
4 0.28466796875 0.7265625 0.5693359375 0.4739583333333333
7 0.68310546875 0.5188802083333334 0.1865234375 0.022135416666666668
7 0.7109375 0.623046875 0.283203125 0.022135416666666668
1 0.974609375 0.5572916666666666 0.05078125 0.0390625
1 0.96484375 0.642578125 0.013671875 0.016927083333333332
5 0.98681640625 0.646484375 0.0263671875 0.02734375
7 0.974609375 0.6881510416666666 0.05078125 0.016927083333333332
6 0.974609375 0.7063802083333334 0.05078125 0.016927083333333332
0 0.974609375 0.7864583333333334 0.05078125 0.052083333333333336
6 0.974609375 0.8697916666666666 0.05078125 0.020833333333333332