7 0.23583984375 0.03125 0.3271484375 0.0625
0 0.1728515625 0.13736979166666666 0.201171875 0.061197916666666664
2 0.4638671875 0.13346354166666666 0.12890625 0.07421875
7 0.4638671875 0.232421875 0.12890625 0.07942708333333333
4 0.77734375 0.20768229166666666 0.439453125 0.3919270833333333
1 0.638671875 0.4518229166666667 0.478515625 0.033854166666666664
7 0.93017578125 0.4602864583333333 0.0751953125 0.016927083333333332
0 0.9365234375 0.4518229166666667 0.12109375 0.033854166666666664
7 0.19970703125 0.9856770833333334 0.3994140625 0.028645833333333332
7 0.24462890625 0.5377604166666666 0.2197265625 0.13802083333333334
0 0.23876953125 0.685546875 0.2080078125 0.07942708333333333
4 0.0146484375 0.9375 0.029296875 0.1171875
4 0.1171875 0.9375 0.1171875 0.1171875
4 0.263671875 0.9375 0.1171875 0.1171875
4 0.37548828125 0.9375 0.0478515625 0.1171875
4 0.5849609375 0.6569010416666666 0.37109375 0.3684895833333333
7 0.5732421875 0.91796875 0.34765625 0.052083333333333336
6 0.59619140625 0.9309895833333334 0.0986328125 0.026041666666666668
7 0.556640625 0.9440104166666666 0.314453125 0.052083333333333336
4 0.88525390625 0.6569010416666666 0.2294921875 0.3684895833333333
6 0.83740234375 0.8658854166666666 0.1337890625 0.026041666666666668
7 0.88525390625 0.9049479166666666 0.2294921875 0.026041666666666668
7 0.88525390625 0.91796875 0.2294921875 0.052083333333333336
4 0.45361328125 0.990234375 0.0107421875 0.014322916666666666
0 0.45361328125 0.9915364583333334 0.0166015625 0.016927083333333332
4 0.46923828125 0.990234375 0.0107421875 0.014322916666666666
0 0.46923828125 0.9915364583333334 0.0166015625 0.016927083333333332
4 0.48486328125 0.990234375 0.0107421875 0.014322916666666666
0 0.48486328125 0.9915364583333334 0.0166015625 0.016927083333333332
4 0.8994140625 0.5670572916666666 0.201171875 0.09765625
3 0.8994140625 0.830078125 0.201171875 0.33984375