4 0.5126953125 0.08463541666666667 0.205078125 0.16927083333333334
0 0.5126953125 0.08463541666666667 0.205078125 0.16927083333333334
2 0.49560546875 0.2532552083333333 0.1708984375 0.11067708333333333
2 0.4482421875 0.3333333333333333 0.076171875 0.020833333333333332
4 0.7373046875 0.08463541666666667 0.205078125 0.16927083333333334
0 0.7373046875 0.08463541666666667 0.205078125 0.16927083333333334
2 0.732421875 0.2532552083333333 0.1953125 0.11067708333333333
2 0.6650390625 0.3333333333333333 0.060546875 0.020833333333333332
4 0.9296875 0.08463541666666667 0.140625 0.16927083333333334
0 0.9296875 0.08463541666666667 0.140625 0.16927083333333334
2 0.9296875 0.2727864583333333 0.140625 0.14973958333333334
2 0.890625 0.3723958333333333 0.0625 0.020833333333333332
7 0.7568359375 0.3873697916666667 0.42578125 0.032552083333333336
7 0.8544921875 0.435546875 0.0859375 0.029947916666666668
0 0.8544921875 0.435546875 0.0859375 0.029947916666666668
4 0.1845703125 0.724609375 0.369140625 0.5299479166666666
0 0.1845703125 0.724609375 0.369140625 0.5299479166666666
7 0.0849609375 0.6985677083333334 0.169921875 0.016927083333333332
2 0.1845703125 0.8138020833333334 0.369140625 0.1875
0 0.1845703125 0.814453125 0.369140625 0.18880208333333334
7 0.06103515625 0.9329427083333334 0.1220703125 0.016927083333333332
4 0.1845703125 0.7298177083333334 0.369140625 0.5403645833333334
7 0.2958984375 0.5403645833333334 0.146484375 0.0390625
7 0.33984375 0.5930989583333334 0.05859375 0.02734375
7 0.34423828125 0.9153645833333334 0.0498046875 0.026041666666666668
4 0.59375 0.5345052083333334 0.212890625 0.032552083333333336
0 0.59375 0.5338541666666666 0.212890625 0.03125
0 0.74658203125 0.5338541666666666 0.0576171875 0.033854166666666664
2 0.6845703125 0.7291666666666666 0.630859375 0.07291666666666667
7 0.6171875 0.8404947916666666 0.49609375 0.032552083333333336
7 0.59375 0.8873697916666666 0.376953125 0.032552083333333336
1 0.53857421875 0.98828125 0.3388671875 0.0234375
1 0.79931640625 0.98828125 0.1845703125 0.0234375