3 0.2197265625 0.14713541666666666 0.439453125 0.2942708333333333
2 0.2119140625 0.4205729166666667 0.318359375 0.13802083333333334
7 0.42138671875 0.373046875 0.0361328125 0.04296875
7 0.7197265625 0.20247395833333334 0.560546875 0.4049479166666667
0 0.720703125 0.20247395833333334 0.55859375 0.4049479166666667
2 0.720703125 0.4661458333333333 0.55859375 0.046875
2 0.2197265625 0.5084635416666666 0.439453125 0.037760416666666664
7 0.2197265625 0.5546875 0.439453125 0.0546875
0 0.33349609375 0.6588541666666666 0.1298828125 0.049479166666666664
2 0.1201171875 0.8984375 0.240234375 0.09114583333333333
2 0.35888671875 0.8984375 0.1611328125 0.09114583333333333
7 0.7197265625 0.6829427083333334 0.560546875 0.38671875
7 0.6923828125 0.5234375 0.400390625 0.06770833333333333
0 0.59423828125 0.634765625 0.2041015625 0.037760416666666664
4 0.88720703125 0.8248697916666666 0.0439453125 0.00390625
7 0.86572265625 0.921875 0.2685546875 0.026041666666666668