4 0.26953125 0.23502604166666666 0.5390625 0.4700520833333333
0 0.26953125 0.23502604166666666 0.5390625 0.4700520833333333
2 0.26953125 0.3391927083333333 0.5390625 0.032552083333333336
0 0.26953125 0.3391927083333333 0.5390625 0.032552083333333336
7 0.26953125 0.3828125 0.5390625 0.052083333333333336
7 0.07080078125 0.4270833333333333 0.1416015625 0.0234375
0 0.0712890625 0.427734375 0.142578125 0.032552083333333336
7 0.1923828125 0.427734375 0.064453125 0.022135416666666668
0 0.5673828125 0.012369791666666666 0.0546875 0.024739583333333332
0 0.56005859375 0.05859375 0.0419921875 0.041666666666666664
7 0.63037109375 0.001953125 0.0224609375 0.00390625
6 0.669921875 0.001953125 0.056640625 0.00390625
7 0.74853515625 0.001953125 0.1044921875 0.00390625
7 0.62548828125 0.017578125 0.0126953125 0.01953125
6 0.6650390625 0.017578125 0.06640625 0.01953125
7 0.62548828125 0.041015625 0.0126953125 0.01953125
6 0.64697265625 0.041015625 0.0302734375 0.01953125
7 0.62548828125 0.064453125 0.0126953125 0.01953125
6 0.67236328125 0.064453125 0.0810546875 0.01953125
6 0.7353515625 0.13541666666666666 0.21484375 0.0390625
0 0.7353515625 0.14713541666666666 0.232421875 0.08854166666666667
6 0.7353515625 0.17057291666666666 0.1875 0.015625
6 0.92529296875 0.001953125 0.0888671875 0.00390625
6 0.9404296875 0.029296875 0.119140625 0.04296875
6 0.9404296875 0.076171875 0.119140625 0.04296875
6 0.9404296875 0.111328125 0.119140625 0.01953125
6 0.9404296875 0.134765625 0.119140625 0.01953125
7 0.93359375 0.18359375 0.1328125 0.046875
7 0.59814453125 0.2701822916666667 0.1181640625 0.01953125
4 0.97607421875 0.2721354166666667 0.0244140625 0.020833333333333332
0 0.97900390625 0.2721354166666667 0.0419921875 0.078125
7 0.994140625 0.2721354166666667 0.01171875 0.020833333333333332
7 0.62353515625 0.37890625 0.1689453125 0.020833333333333332
7 0.73046875 0.3372395833333333 0.025390625 0.018229166666666668
0 0.73583984375 0.3372395833333333 0.0556640625 0.052083333333333336
4 0.74951171875 0.3372395833333333 0.0087890625 0.010416666666666666
7 0.74072265625 0.3795572916666667 0.0341796875 0.022135416666666668
7 0.88232421875 0.37890625 0.2353515625 0.020833333333333332
4 0.73681640625 0.4466145833333333 0.0576171875 0.16666666666666666
7 0.447265625 0.57421875 0.12890625 0.03125
0 0.419921875 0.57421875 0.23828125 0.0625
7 0.3818359375 0.640625 0.162109375 0.020833333333333332
7 0.5009765625 0.640625 0.0390625 0.020833333333333332
4 0.53125 0.640625 0.015625 0.020833333333333332
7 0.39697265625 0.689453125 0.1923828125 0.01953125
6 0.51611328125 0.689453125 0.0458984375 0.01953125
7 0.31201171875 0.712890625 0.0224609375 0.01953125
6 0.35986328125 0.712890625 0.0732421875 0.01953125
7 0.39794921875 0.712890625 0.0048828125 0.01953125
0 0.63134765625 0.5885416666666666 0.1240234375 0.03125
4 0.869140625 0.9205729166666666 0.076171875 0.1015625
0 0.8310546875 0.8815104166666666 0.337890625 0.23697916666666666