2 0.2177734375 0.15234375 0.435546875 0.1875
7 0.59912109375 0.039713541666666664 0.0185546875 0.01171875
0 0.59912109375 0.039713541666666664 0.0185546875 0.01171875
1 0.794921875 0.10286458333333333 0.41015625 0.052083333333333336
4 0.8544921875 0.17447916666666666 0.08203125 0.06510416666666667
7 0.95458984375 0.173828125 0.0908203125 0.016927083333333332
2 0.8134765625 0.22005208333333334 0.2109375 0.041666666666666664
4 0.08154296875 0.5416666666666666 0.1630859375 0.2526041666666667
2 0.41357421875 0.4524739583333333 0.3525390625 0.06380208333333333
2 0.41357421875 0.587890625 0.3525390625 0.12630208333333334
4 0.0634765625 0.9231770833333334 0.126953125 0.049479166666666664
7 0.23828125 0.919921875 0.0625 0.05078125
4 0.42041015625 0.9231770833333334 0.1767578125 0.049479166666666664
2 0.8935546875 0.37109375 0.212890625 0.12239583333333333
7 0.8935546875 0.5221354166666666 0.212890625 0.06770833333333333
4 0.6884765625 0.525390625 0.197265625 0.5325520833333334
7 0.87060546875 0.6438802083333334 0.1201171875 0.03515625
0 0.87060546875 0.64453125 0.1669921875 0.06510416666666667
4 0.71240234375 0.9459635416666666 0.2451171875 0.10807291666666667
7 0.716796875 0.96875 0.25390625 0.03125
7 0.89404296875 0.96875 0.1005859375 0.03125