2 0.2001953125 0.14322916666666666 0.400390625 0.1875
2 0.2001953125 0.3151041666666667 0.400390625 0.078125
7 0.65625 0.030598958333333332 0.333984375 0.029947916666666668
2 0.74462890625 0.12825520833333334 0.5107421875 0.037760416666666664
4 0.51025390625 0.2819010416666667 0.0419921875 0.15494791666666666
0 0.51025390625 0.2819010416666667 0.0419921875 0.15494791666666666
4 0.6435546875 0.275390625 0.1015625 0.16796875
0 0.6435546875 0.275390625 0.1015625 0.16796875
4 0.806640625 0.28125 0.1015625 0.15625
0 0.806640625 0.28125 0.1015625 0.15625
4 0.95947265625 0.275390625 0.0810546875 0.16796875
0 0.95947265625 0.275390625 0.0810546875 0.16796875
7 0.56591796875 0.33203125 0.1533203125 0.0546875
6 0.98583984375 0.3528645833333333 0.0283203125 0.013020833333333334
0 0.8642578125 0.353515625 0.1015625 0.01171875
2 0.1875 0.3671875 0.375 0.015625
2 0.421875 0.3671875 0.095703125 0.015625
2 0.13427734375 0.6529947916666666 0.2685546875 0.07421875
2 0.275390625 0.6380208333333334 0.015625 0.03125
2 0.3857421875 0.6529947916666666 0.20703125 0.07421875
2 0.24462890625 0.7265625 0.4892578125 0.044270833333333336
0 0.1533203125 0.8346354166666666 0.216796875 0.06770833333333333
6 0.58642578125 0.3697916666666667 0.0947265625 0.015625
6 0.70654296875 0.3697916666666667 0.1025390625 0.015625
6 0.81103515625 0.3697916666666667 0.0615234375 0.015625
6 0.89404296875 0.3697916666666667 0.0595703125 0.015625
6 0.97119140625 0.3697916666666667 0.0517578125 0.015625
2 0.61181640625 0.5911458333333334 0.2451171875 0.1328125
7 0.5439453125 0.697265625 0.109375 0.03515625
7 0.52197265625 0.4856770833333333 0.0654296875 0.013020833333333334
7 0.5703125 0.8059895833333334 0.162109375 0.018229166666666668
0 0.59033203125 0.8053385416666666 0.2021484375 0.061197916666666664
4 0.82470703125 0.7369791666666666 0.0283203125 0.015625
4 0.88525390625 0.7350260416666666 0.0869140625 0.009114583333333334
4 0.82470703125 0.763671875 0.0283203125 0.01953125
4 0.88525390625 0.7623697916666666 0.0869140625 0.009114583333333334
4 0.82470703125 0.7962239583333334 0.0283203125 0.037760416666666664
4 0.88525390625 0.7942708333333334 0.0869140625 0.010416666666666666
4 0.82470703125 0.8287760416666666 0.0283203125 0.01953125
4 0.88525390625 0.826171875 0.0869140625 0.009114583333333334
4 0.82470703125 0.8561197916666666 0.0283203125 0.024739583333333332
4 0.88525390625 0.8541666666666666 0.0869140625 0.010416666666666666
4 0.82470703125 0.888671875 0.0283203125 0.037760416666666664
4 0.88525390625 0.88671875 0.0869140625 0.010416666666666666
7 0.81787109375 0.9264322916666666 0.0068359375 0.01171875
7 0.87548828125 0.9264322916666666 0.1103515625 0.01171875
7 0.96533203125 0.7037760416666666 0.0693359375 0.040364583333333336