2 0.13037109375 0.06770833333333333 0.2392578125 0.09375
4 0.0380859375 0.20052083333333334 0.0546875 0.07291666666666667
7 0.16552734375 0.19986979166666666 0.1689453125 0.02734375
4 0.0380859375 0.3046875 0.0546875 0.07291666666666667
7 0.1484375 0.3040364583333333 0.134765625 0.02734375
4 0.0380859375 0.4088541666666667 0.0546875 0.07291666666666667
7 0.1201171875 0.408203125 0.078125 0.02734375
7 0.20556640625 0.408203125 0.0888671875 0.022135416666666668
4 0.53076171875 0.22265625 0.5615234375 0.359375
7 0.919921875 0.054036458333333336 0.16015625 0.022135416666666668
0 0.919921875 0.13671875 0.16015625 0.13541666666666666
7 0.919921875 0.24934895833333334 0.16015625 0.022135416666666668
0 0.919921875 0.3151041666666667 0.16015625 0.1015625
7 0.919921875 0.4108072916666667 0.16015625 0.022135416666666668
0 0.919921875 0.4596354166666667 0.16015625 0.06770833333333333
2 0.5810546875 0.5787760416666666 0.662109375 0.055989583333333336
2 0.9228515625 0.5651041666666666 0.021484375 0.049479166666666664
7 0.53076171875 0.6861979166666666 0.5615234375 0.10677083333333333
0 0.9345703125 0.71875 0.130859375 0.041666666666666664
7 0.0283203125 0.76953125 0.056640625 0.020833333333333332
0 0.03515625 0.7727864583333334 0.0703125 0.06640625
7 0.10791015625 0.76953125 0.0478515625 0.020833333333333332
0 0.1083984375 0.7727864583333334 0.078125 0.06640625
7 0.18994140625 0.76953125 0.0576171875 0.020833333333333332
0 0.18994140625 0.7727864583333334 0.0869140625 0.06640625
4 0.1513671875 0.857421875 0.197265625 0.05078125
7 0.181640625 0.9095052083333334 0.1328125 0.016927083333333332
4 0.02099609375 0.9791666666666666 0.0419921875 0.041666666666666664
0 0.02099609375 0.9791666666666666 0.0419921875 0.041666666666666664
2 0.09716796875 0.9791666666666666 0.1943359375 0.041666666666666664
2 0.3544921875 0.7701822916666666 0.208984375 0.061197916666666664
2 0.68115234375 0.763671875 0.3818359375 0.045572916666666664
7 0.4208984375 0.9186197916666666 0.341796875 0.16276041666666666
4 0.65771484375 0.888671875 0.0654296875 0.08723958333333333
0 0.673828125 0.9231770833333334 0.068359375 0.11458333333333333
4 0.7998046875 0.9296875 0.09765625 0.13020833333333334
2 0.88818359375 0.8736979166666666 0.0341796875 0.026041666666666668
7 0.935546875 0.9049479166666666 0.12890625 0.0234375
7 0.935546875 0.96484375 0.12890625 0.0703125