2 0.03369140625 0.013020833333333334 0.0673828125 0.026041666666666668
0 0.03369140625 0.01953125 0.0673828125 0.020833333333333332
2 0.17333984375 0.17838541666666666 0.3466796875 0.09375
7 0.0771484375 0.310546875 0.154296875 0.02734375
7 0.24560546875 0.310546875 0.1787109375 0.022135416666666668
7 0.05322265625 0.4147135416666667 0.1064453125 0.02734375
7 0.20166015625 0.4147135416666667 0.1865234375 0.022135416666666668
7 0.02490234375 0.5188802083333334 0.0498046875 0.02734375
7 0.21142578125 0.5188802083333334 0.3193359375 0.022135416666666668
1 0.478515625 0.453125 0.021484375 0.0390625
1 0.48291015625 0.5384114583333334 0.0126953125 0.016927083333333332
6 0.478515625 0.6022135416666666 0.021484375 0.016927083333333332
4 0.8564453125 0.0234375 0.0234375 0.03125
0 0.8564453125 0.024739583333333332 0.0390625 0.049479166666666664
0 0.9345703125 0.0234375 0.09375 0.046875
7 0.91015625 0.10611979166666667 0.078125 0.022135416666666668
4 0.9697265625 0.10611979166666667 0.0234375 0.032552083333333336
2 0.5048828125 0.2604166666666667 0.03125 0.052083333333333336
2 0.74462890625 0.3463541666666667 0.5107421875 0.052083333333333336
1 0.6220703125 0.4375 0.265625 0.0625
2 0.08837890625 0.9140625 0.1767578125 0.171875
4 0.24462890625 0.8294270833333334 0.4892578125 0.3411458333333333
4 0.24462890625 0.8294270833333334 0.4892578125 0.3411458333333333
2 0.603515625 0.6725260416666666 0.228515625 0.02734375
0 0.603515625 0.689453125 0.228515625 0.061197916666666664
6 0.603515625 0.7057291666666666 0.228515625 0.028645833333333332
6 0.51318359375 0.736328125 0.0478515625 0.016927083333333332
7 0.5400390625 0.736328125 0.009765625 0.016927083333333332
6 0.62890625 0.736328125 0.169921875 0.016927083333333332
7 0.71484375 0.736328125 0.00390625 0.016927083333333332
2 0.603515625 0.791015625 0.228515625 0.029947916666666668
0 0.603515625 0.8053385416666666 0.228515625 0.05859375
6 0.603515625 0.8229166666666666 0.228515625 0.0234375
2 0.603515625 0.876953125 0.228515625 0.029947916666666668
0 0.603515625 0.8912760416666666 0.228515625 0.05859375
6 0.603515625 0.9088541666666666 0.228515625 0.0234375
2 0.603515625 0.962890625 0.228515625 0.029947916666666668
0 0.603515625 0.9739583333333334 0.228515625 0.052083333333333336
6 0.603515625 0.9915364583333334 0.228515625 0.016927083333333332
7 0.81884765625 0.669921875 0.1025390625 0.016927083333333332
6 0.86181640625 0.6920572916666666 0.1884765625 0.016927083333333332
7 0.8173828125 0.7141927083333334 0.099609375 0.016927083333333332
6 0.86181640625 0.736328125 0.1884765625 0.016927083333333332
7 0.8115234375 0.7584635416666666 0.087890625 0.016927083333333332
6 0.8837890625 0.7916666666666666 0.232421875 0.0390625
7 0.8173828125 0.8248697916666666 0.099609375 0.016927083333333332
6 0.86181640625 0.8470052083333334 0.1884765625 0.016927083333333332
7 0.8115234375 0.869140625 0.087890625 0.016927083333333332
6 0.86181640625 0.8912760416666666 0.1884765625 0.016927083333333332
7 0.8173828125 0.9134114583333334 0.099609375 0.016927083333333332
6 0.86376953125 0.9466145833333334 0.1923828125 0.0390625
7 0.8115234375 0.9798177083333334 0.087890625 0.016927083333333332
6 0.86181640625 0.9967447916666666 0.1884765625 0.006510416666666667
2 0.8837890625 0.9283854166666666 0.232421875 0.028645833333333332
6 0.970703125 0.9654947916666666 0.05859375 0.016927083333333332