2 0.20849609375 0.061197916666666664 0.4169921875 0.057291666666666664
6 0.0478515625 0.109375 0.048828125 0.028645833333333332
7 0.09716796875 0.109375 0.0498046875 0.028645833333333332
6 0.1650390625 0.109375 0.08984375 0.028645833333333332
7 0.21337890625 0.109375 0.0087890625 0.028645833333333332
6 0.236328125 0.109375 0.037109375 0.028645833333333332
7 0.25732421875 0.109375 0.0087890625 0.028645833333333332
6 0.30810546875 0.109375 0.0927734375 0.028645833333333332
7 0.36474609375 0.109375 0.0224609375 0.028645833333333332
6 0.39453125 0.109375 0.0390625 0.028645833333333332
7 0.41552734375 0.109375 0.0048828125 0.028645833333333332
0 0.04443359375 0.17838541666666666 0.0888671875 0.044270833333333336
4 0.64306640625 0.234375 0.3662109375 0.46875
4 0.64794921875 0.234375 0.3759765625 0.46875
7 0.6318359375 0.3932291666666667 0.34375 0.15104166666666666
1 0.1982421875 0.5377604166666666 0.396484375 0.028645833333333332
1 0.08935546875 0.58203125 0.0634765625 0.028645833333333332
7 0.19775390625 0.62890625 0.3955078125 0.020833333333333332
7 0.22998046875 0.6725260416666666 0.4599609375 0.02734375
6 0.1015625 0.7649739583333334 0.17578125 0.01953125
7 0.03515625 0.802734375 0.0703125 0.016927083333333332
7 0.07373046875 0.796875 0.0087890625 0.015625
7 0.2021484375 0.802734375 0.25 0.016927083333333332
4 0.87939453125 0.5104166666666666 0.2412109375 0.08333333333333333
7 0.84033203125 0.6015625 0.0712890625 0.018229166666666668
1 0.90283203125 0.6399739583333334 0.1943359375 0.037760416666666664
7 0.83740234375 0.68359375 0.0654296875 0.018229166666666668
1 0.90283203125 0.7220052083333334 0.1943359375 0.037760416666666664
4 0.81298828125 0.7708333333333334 0.0166015625 0.020833333333333332
7 0.87255859375 0.771484375 0.0888671875 0.01953125
0 0.8447265625 0.828125 0.080078125 0.020833333333333332
0 0.99365234375 0.828125 0.0126953125 0.020833333333333332
7 0.892578125 0.8880208333333334 0.21484375 0.046875
4 0.85595703125 0.9283854166666666 0.1396484375 0.033854166666666664
4 0.96435546875 0.9283854166666666 0.0712890625 0.033854166666666664