4 0.05029296875 0.13151041666666666 0.0966796875 0.10677083333333333
4 0.16748046875 0.13151041666666666 0.0966796875 0.10677083333333333
4 0.28466796875 0.13151041666666666 0.0966796875 0.10677083333333333
4 0.40185546875 0.13151041666666666 0.0966796875 0.10677083333333333
4 0.490234375 0.13151041666666666 0.0390625 0.10677083333333333
4 0.01123046875 0.3177083333333333 0.0224609375 0.0625
7 0.05419921875 0.3157552083333333 0.0458984375 0.02734375
6 0.091796875 0.3815104166666667 0.18359375 0.020833333333333332
6 0.04638671875 0.4205729166666667 0.0927734375 0.020833333333333332
6 0.03466796875 0.4596354166666667 0.0693359375 0.020833333333333332
6 0.0400390625 0.4986979166666667 0.080078125 0.020833333333333332
6 0.0146484375 0.5377604166666666 0.029296875 0.020833333333333332
4 0.30908203125 0.3177083333333333 0.0478515625 0.0625
7 0.42578125 0.3157552083333333 0.16796875 0.02734375
7 0.39990234375 0.4075520833333333 0.2197265625 0.07291666666666667
6 0.39990234375 0.4466145833333333 0.2197265625 0.046875
4 0.7548828125 0.2890625 0.490234375 0.5208333333333334
0 0.7548828125 0.2890625 0.490234375 0.5208333333333334
7 0.07275390625 0.7545572916666666 0.1455078125 0.11328125
4 0.33447265625 0.7747395833333334 0.3505859375 0.4505208333333333
7 0.52197265625 0.5716145833333334 0.0244140625 0.03125
6 0.52197265625 0.8470052083333334 0.0244140625 0.016927083333333332
4 0.6796875 0.7141927083333334 0.220703125 0.3294270833333333
4 0.5908203125 0.572265625 0.029296875 0.040364583333333336
0 0.6796875 0.6204427083333334 0.220703125 0.14192708333333334
4 0.59033203125 0.572265625 0.0302734375 0.040364583333333336
7 0.73583984375 0.5716145833333334 0.0927734375 0.03125
2 0.716796875 0.720703125 0.267578125 0.022135416666666668
7 0.65283203125 0.7623697916666666 0.1396484375 0.01953125
7 0.671875 0.8287760416666666 0.177734375 0.10807291666666667
0 0.63134765625 0.8489583333333334 0.0966796875 0.0234375
6 0.73095703125 0.8470052083333334 0.1025390625 0.016927083333333332
4 0.880859375 0.6061197916666666 0.103515625 0.11328125
0 0.880859375 0.6061197916666666 0.103515625 0.11328125
0 0.880859375 0.6373697916666666 0.103515625 0.05078125
4 0.96923828125 0.6061197916666666 0.0615234375 0.11328125
0 0.96923828125 0.6061197916666666 0.0615234375 0.11328125
0 0.96923828125 0.6373697916666666 0.0615234375 0.05078125
4 0.880859375 0.7278645833333334 0.103515625 0.1171875
0 0.880859375 0.7278645833333334 0.103515625 0.1171875
0 0.880859375 0.7604166666666666 0.103515625 0.052083333333333336
4 0.96923828125 0.7278645833333334 0.0615234375 0.1171875
0 0.96923828125 0.7278645833333334 0.0615234375 0.1171875
0 0.96923828125 0.7604166666666666 0.0615234375 0.052083333333333336
6 0.8818359375 0.8209635416666666 0.10546875 0.01953125
0 0.57373046875 0.9459635416666666 0.0966796875 0.05859375
0 0.6669921875 0.9459635416666666 0.083984375 0.05859375
0 0.76220703125 0.9459635416666666 0.1005859375 0.05859375
7 0.9306640625 0.9973958333333334 0.029296875 0.005208333333333333
1 0.96826171875 0.994140625 0.0400390625 0.01171875