7 0.31689453125 0.037760416666666664 0.4658203125 0.07552083333333333
6 0.13330078125 0.1171875 0.1279296875 0.0234375
7 0.31640625 0.19205729166666666 0.494140625 0.17317708333333334
6 0.1123046875 0.296875 0.0859375 0.0234375
7 0.3076171875 0.3118489583333333 0.4765625 0.053385416666666664
6 0.498046875 0.3268229166666667 0.11328125 0.0234375
7 0.3017578125 0.3717447916666667 0.46484375 0.053385416666666664
0 0.72607421875 0.037109375 0.0869140625 0.048177083333333336
0 0.72607421875 0.126953125 0.0869140625 0.048177083333333336
0 0.72607421875 0.251953125 0.0869140625 0.11848958333333333
0 0.72607421875 0.3860677083333333 0.0869140625 0.06640625
7 0.8203125 0.05859375 0.1015625 0.059895833333333336
7 0.921875 0.05859375 0.103515625 0.059895833333333336
7 0.986328125 0.05859375 0.02734375 0.059895833333333336
7 0.8291015625 0.13671875 0.1171875 0.041666666666666664
2 0.0859375 0.443359375 0.119140625 0.045572916666666664
4 0.05126953125 0.5325520833333334 0.0498046875 0.06770833333333333
0 0.05126953125 0.5325520833333334 0.0498046875 0.06770833333333333
2 0.17529296875 0.5384114583333334 0.1806640625 0.07942708333333333
7 0.18505859375 0.58984375 0.2001953125 0.026041666666666668
4 0.05126953125 0.6419270833333334 0.0498046875 0.06770833333333333
0 0.05126953125 0.6419270833333334 0.0498046875 0.06770833333333333
2 0.17236328125 0.6608072916666666 0.1748046875 0.10546875
7 0.18505859375 0.7252604166666666 0.2001953125 0.026041666666666668
4 0.05126953125 0.77734375 0.0498046875 0.06770833333333333
0 0.05126953125 0.77734375 0.0498046875 0.06770833333333333
2 0.18359375 0.783203125 0.197265625 0.07942708333333333
7 0.18505859375 0.8346354166666666 0.2001953125 0.026041666666666668
4 0.05126953125 0.88671875 0.0498046875 0.06770833333333333
0 0.05126953125 0.88671875 0.0498046875 0.06770833333333333
2 0.17822265625 0.892578125 0.1865234375 0.07942708333333333
7 0.18505859375 0.9440104166666666 0.2001953125 0.026041666666666668
4 0.05126953125 0.9811197916666666 0.0498046875 0.037760416666666664
0 0.05126953125 0.9811197916666666 0.0498046875 0.037760416666666664
2 0.1728515625 0.9811197916666666 0.17578125 0.037760416666666664
4 0.3583984375 0.5325520833333334 0.05078125 0.06770833333333333
0 0.3583984375 0.5325520833333334 0.05078125 0.06770833333333333
2 0.48583984375 0.5514322916666666 0.1865234375 0.10546875
7 0.49267578125 0.6158854166666666 0.2001953125 0.026041666666666668
4 0.3583984375 0.66796875 0.05078125 0.06770833333333333
0 0.3583984375 0.66796875 0.05078125 0.06770833333333333
2 0.48974609375 0.673828125 0.1943359375 0.07942708333333333
7 0.49267578125 0.7252604166666666 0.2001953125 0.026041666666666668
4 0.3583984375 0.77734375 0.05078125 0.06770833333333333
0 0.3583984375 0.77734375 0.05078125 0.06770833333333333
2 0.4814453125 0.7701822916666666 0.177734375 0.053385416666666664
7 0.49267578125 0.80859375 0.2001953125 0.026041666666666668
4 0.3583984375 0.8606770833333334 0.05078125 0.06770833333333333
0 0.3583984375 0.8606770833333334 0.05078125 0.06770833333333333
2 0.48876953125 0.853515625 0.1923828125 0.053385416666666664
7 0.49267578125 0.8919270833333334 0.2001953125 0.026041666666666668
4 0.3583984375 0.9440104166666666 0.05078125 0.06770833333333333
0 0.3583984375 0.9440104166666666 0.05078125 0.06770833333333333
2 0.470703125 0.9498697916666666 0.15625 0.07942708333333333
7 0.49267578125 0.994140625 0.2001953125 0.01171875
4 0.666015625 0.5325520833333334 0.05078125 0.06770833333333333
0 0.666015625 0.5325520833333334 0.05078125 0.06770833333333333
2 0.73486328125 0.5384114583333334 0.0693359375 0.07942708333333333
7 0.73486328125 0.58984375 0.0693359375 0.026041666666666668
4 0.666015625 0.6419270833333334 0.05078125 0.06770833333333333
0 0.666015625 0.6419270833333334 0.05078125 0.06770833333333333
2 0.73486328125 0.6608072916666666 0.0693359375 0.10546875
7 0.73486328125 0.7252604166666666 0.0693359375 0.026041666666666668
4 0.666015625 0.77734375 0.05078125 0.06770833333333333
0 0.666015625 0.77734375 0.05078125 0.06770833333333333
2 0.73486328125 0.783203125 0.0693359375 0.07942708333333333
7 0.73486328125 0.8346354166666666 0.0693359375 0.026041666666666668
4 0.666015625 0.88671875 0.05078125 0.06770833333333333
0 0.666015625 0.88671875 0.05078125 0.06770833333333333
2 0.73486328125 0.892578125 0.0693359375 0.07942708333333333
7 0.73486328125 0.9440104166666666 0.0693359375 0.026041666666666668
4 0.666015625 0.9811197916666666 0.05078125 0.037760416666666664
0 0.666015625 0.9811197916666666 0.05078125 0.037760416666666664
2 0.73486328125 0.9811197916666666 0.0693359375 0.037760416666666664
7 0.884765625 0.4921875 0.23046875 0.0078125
6 0.884765625 0.560546875 0.23046875 0.08203125
7 0.884765625 0.6256510416666666 0.23046875 0.02734375
6 0.7939453125 0.7434895833333334 0.046875 0.020833333333333332
6 0.88525390625 0.8014322916666666 0.2294921875 0.09244791666666667
7 0.80078125 0.865234375 0.060546875 0.024739583333333332
6 0.79150390625 0.9479166666666666 0.0419921875 0.020833333333333332
6 0.88525390625 0.9798177083333334 0.2294921875 0.040364583333333336