0 0.36572265625 0.014973958333333334 0.1279296875 0.029947916666666668
6 0.13623046875 0.18815104166666666 0.2724609375 0.048177083333333336
7 0.03271484375 0.2604166666666667 0.0654296875 0.028645833333333332
0 0.03271484375 0.26171875 0.0654296875 0.059895833333333336
7 0.02880859375 0.3190104166666667 0.0576171875 0.028645833333333332
0 0.02880859375 0.3203125 0.0576171875 0.059895833333333336
6 0.0771484375 0.103515625 0.154296875 0.029947916666666668
2 0.21484375 0.19075520833333334 0.4296875 0.07421875
7 0.21484375 0.271484375 0.4296875 0.06901041666666667
0 0.0703125 0.373046875 0.140625 0.061197916666666664
0 0.0703125 0.4205729166666667 0.140625 0.036458333333333336
4 0.71484375 0.19921875 0.5703125 0.3984375
2 0.71484375 0.033203125 0.5703125 0.06640625
0 0.734375 0.12760416666666666 0.2734375 0.0703125
7 0.734375 0.3177083333333333 0.033203125 0.020833333333333332
0 0.734375 0.3255208333333333 0.078125 0.10416666666666667
4 0.71484375 0.4186197916666667 0.5703125 0.040364583333333336
6 0.5322265625 0.3821614583333333 0.056640625 0.022135416666666668
6 0.60986328125 0.3821614583333333 0.0498046875 0.022135416666666668
6 0.71240234375 0.3821614583333333 0.1103515625 0.022135416666666668
6 0.83154296875 0.3821614583333333 0.0810546875 0.022135416666666668
6 0.9306640625 0.3821614583333333 0.068359375 0.022135416666666668
6 0.44091796875 0.416015625 0.0224609375 0.01953125
6 0.53271484375 0.416015625 0.1220703125 0.01953125
6 0.6474609375 0.416015625 0.0703125 0.01953125
6 0.759765625 0.416015625 0.115234375 0.01953125
6 0.890625 0.416015625 0.10546875 0.01953125
7 0.71484375 0.3606770833333333 0.5703125 0.036458333333333336
6 0.5185546875 0.4016927083333333 0.177734375 0.024739583333333332
7 0.71484375 0.4140625 0.5703125 0.049479166666666664
6 0.55712890625 0.4264322916666667 0.0869140625 0.024739583333333332
7 0.7470703125 0.4264322916666667 0.29296875 0.024739583333333332
4 0.203125 0.4915364583333333 0.17578125 0.10546875
6 0.0859375 0.6979166666666666 0.171875 0.026041666666666668
6 0.0859375 0.765625 0.171875 0.026041666666666668
6 0.0859375 0.8333333333333334 0.171875 0.026041666666666668
6 0.0859375 0.9010416666666666 0.171875 0.026041666666666668
6 0.0859375 0.96875 0.171875 0.026041666666666668
6 0.33154296875 0.6979166666666666 0.1962890625 0.026041666666666668
6 0.33154296875 0.765625 0.1962890625 0.026041666666666668
6 0.33154296875 0.8333333333333334 0.1962890625 0.026041666666666668
6 0.33154296875 0.9010416666666666 0.1962890625 0.026041666666666668
6 0.33154296875 0.96875 0.1962890625 0.026041666666666668
2 0.71484375 0.4798177083333333 0.5703125 0.037760416666666664
1 0.71484375 0.564453125 0.5703125 0.08463541666666667
1 0.71484375 0.6686197916666666 0.5703125 0.08463541666666667
1 0.71484375 0.7727864583333334 0.5703125 0.08463541666666667
0 0.71875 0.9759114583333334 0.5625 0.032552083333333336