2 0.15185546875 0.1484375 0.3037109375 0.171875
7 0.12744140625 0.2942708333333333 0.2548828125 0.078125
0 0.05615234375 0.4166666666666667 0.1123046875 0.078125
7 0.04931640625 0.4166666666666667 0.0791015625 0.03125
4 0.0634765625 0.615234375 0.05859375 0.06640625
4 0.1748046875 0.615234375 0.078125 0.032552083333333336
4 0.2744140625 0.615234375 0.03515625 0.040364583333333336
4 0.34716796875 0.615234375 0.0244140625 0.032552083333333336
0 0.76171875 0.06575520833333333 0.314453125 0.06380208333333333
4 0.43505859375 0.14322916666666666 0.1513671875 0.22135416666666666
4 0.79443359375 0.298828125 0.2841796875 0.07682291666666667
4 0.36962890625 0.3756510416666667 0.0205078125 0.11588541666666667
7 0.47216796875 0.3665364583333333 0.2255859375 0.09765625
4 0.65087890625 0.3678385416666667 0.0751953125 0.10026041666666667
7 0.76171875 0.3665364583333333 0.296875 0.09765625
4 0.96923828125 0.3684895833333333 0.0615234375 0.1015625
7 0.96923828125 0.3665364583333333 0.0615234375 0.09765625
4 0.49462890625 0.45703125 0.2705078125 0.03125
7 0.6796875 0.5078125 0.640625 0.028645833333333332
2 0.6796875 0.6510416666666666 0.640625 0.044270833333333336
4 0.126953125 0.7434895833333334 0.25390625 0.12760416666666666
7 0.123046875 0.9016927083333334 0.24609375 0.13151041666666666
0 0.2158203125 0.9850260416666666 0.076171875 0.029947916666666668
7 0.337890625 0.947265625 0.04296875 0.022135416666666668
4 0.33154296875 0.98046875 0.0302734375 0.0390625
4 0.3544921875 0.98046875 0.009765625 0.0390625
4 0.6796875 0.83984375 0.640625 0.3203125
4 0.75390625 0.744140625 0.3359375 0.08984375
7 0.68310546875 0.8138020833333334 0.5107421875 0.0390625
0 0.7021484375 0.8138020833333334 0.595703125 0.057291666666666664
7 0.61865234375 0.876953125 0.1025390625 0.016927083333333332
7 0.67578125 0.8756510416666666 0.013671875 0.01953125
7 0.72900390625 0.876953125 0.0927734375 0.016927083333333332
7 0.78271484375 0.8756510416666666 0.0146484375 0.01953125
7 0.8564453125 0.876953125 0.134765625 0.016927083333333332
7 0.4873046875 0.923828125 0.10546875 0.01953125
7 0.4873046875 0.939453125 0.109375 0.01953125