4 0.0087890625 0.07291666666666667 0.017578125 0.03125
0 0.0146484375 0.07096354166666667 0.029296875 0.06640625
7 0.55078125 0.07096354166666667 0.037109375 0.06380208333333333
0 0.5390625 0.0703125 0.060546875 0.06510416666666667
2 0.169921875 0.33203125 0.33984375 0.171875
7 0.1455078125 0.4739583333333333 0.291015625 0.0703125
4 0.4716796875 0.3717447916666667 0.1953125 0.2747395833333333
7 0.78466796875 0.08268229166666667 0.4306640625 0.13151041666666666
7 0.78466796875 0.23372395833333334 0.4306640625 0.13151041666666666
2 0.68212890625 0.3938802083333333 0.2255859375 0.03515625
7 0.68212890625 0.4583333333333333 0.2255859375 0.0703125
7 0.916015625 0.4329427083333333 0.16796875 0.11067708333333333
0 0.916015625 0.4329427083333333 0.16796875 0.11067708333333333
2 0.28466796875 0.560546875 0.5693359375 0.10286458333333333
6 0.07421875 0.5638020833333334 0.044921875 0.0234375
6 0.181640625 0.5638020833333334 0.125 0.0234375
6 0.32275390625 0.5638020833333334 0.1123046875 0.0234375
6 0.43017578125 0.5638020833333334 0.0576171875 0.0234375
6 0.51708984375 0.5638020833333334 0.0712890625 0.0234375
4 0.3486328125 0.8216145833333334 0.3984375 0.3567708333333333
0 0.3486328125 0.8216145833333334 0.3984375 0.3567708333333333
4 0.05908203125 0.732421875 0.1181640625 0.17838541666666666
0 0.05908203125 0.732421875 0.1181640625 0.17838541666666666
7 0.0546875 0.9147135416666666 0.109375 0.15494791666666666
0 0.05908203125 0.9147135416666666 0.1181640625 0.15755208333333334
7 0.7578125 0.521484375 0.376953125 0.024739583333333332
6 0.59375 0.5709635416666666 0.048828125 0.024739583333333332
6 0.61279296875 0.6022135416666666 0.0869140625 0.024739583333333332
7 0.69140625 0.673828125 0.244140625 0.024739583333333332
6 0.8662109375 0.673828125 0.10546875 0.024739583333333332
7 0.74609375 0.705078125 0.353515625 0.08723958333333333
6 0.57666015625 0.7897135416666666 0.0146484375 0.024739583333333332
6 0.64599609375 0.7897135416666666 0.0771484375 0.024739583333333332
6 0.76025390625 0.7897135416666666 0.1044921875 0.024739583333333332
6 0.8916015625 0.7897135416666666 0.111328125 0.024739583333333332
6 0.62890625 0.8209635416666666 0.095703125 0.024739583333333332
6 0.72998046875 0.8209635416666666 0.0595703125 0.024739583333333332
7 0.7578125 0.93359375 0.376953125 0.1328125