4 0.33544921875 0.007161458333333333 0.0205078125 0.014322916666666666
4 0.3642578125 0.007161458333333333 0.01953125 0.014322916666666666
4 0.39306640625 0.007161458333333333 0.0205078125 0.014322916666666666
2 0.27880859375 0.07356770833333333 0.5576171875 0.06640625
2 0.64990234375 0.07356770833333333 0.1884765625 0.06640625
7 0.384765625 0.138671875 0.76953125 0.03515625
7 0.384765625 0.18424479166666666 0.76953125 0.03515625
7 0.32861328125 0.2584635416666667 0.1435546875 0.032552083333333336
6 0.43505859375 0.2584635416666667 0.0712890625 0.032552083333333336
7 0.28955078125 0.3001302083333333 0.0595703125 0.032552083333333336
7 0.39404296875 0.3020833333333333 0.1513671875 0.0234375
3 0.884765625 0.16145833333333334 0.23046875 0.1171875
7 0.884765625 0.2786458333333333 0.23046875 0.026041666666666668
7 0.884765625 0.3046875 0.23046875 0.026041666666666668
7 0.77978515625 0.3658854166666667 0.0205078125 0.020833333333333332
6 0.8291015625 0.3658854166666667 0.078125 0.020833333333333332
7 0.93310546875 0.3658854166666667 0.1337890625 0.020833333333333332
7 0.884765625 0.37890625 0.23046875 0.046875
7 0.8056640625 0.4192708333333333 0.072265625 0.018229166666666668
7 0.86474609375 0.4192708333333333 0.0458984375 0.018229166666666668
7 0.77978515625 0.4713541666666667 0.0205078125 0.015625
6 0.82958984375 0.4713541666666667 0.0791015625 0.015625
7 0.93408203125 0.4713541666666667 0.1318359375 0.015625
4 0.11083984375 0.6569010416666666 0.2216796875 0.24869791666666666
7 0.47119140625 0.5553385416666666 0.4814453125 0.045572916666666664
6 0.26416015625 0.5904947916666666 0.0673828125 0.022135416666666668
7 0.4775390625 0.6022135416666666 0.494140625 0.045572916666666664
6 0.333984375 0.6139322916666666 0.078125 0.022135416666666668
7 0.39404296875 0.6139322916666666 0.0439453125 0.022135416666666668
7 0.48388671875 0.681640625 0.5068359375 0.06901041666666667
6 0.41552734375 0.705078125 0.0576171875 0.022135416666666668
7 0.447265625 0.705078125 0.005859375 0.022135416666666668
7 0.3994140625 0.7493489583333334 0.337890625 0.022135416666666668
6 0.5927734375 0.7493489583333334 0.05078125 0.022135416666666668
7 0.482421875 0.7610677083333334 0.50390625 0.045572916666666664
6 0.33740234375 0.7727864583333334 0.1884765625 0.022135416666666668
7 0.43212890625 0.7727864583333334 0.0048828125 0.022135416666666668
7 0.369140625 0.8177083333333334 0.73828125 0.0234375
7 0.37451171875 0.8619791666666666 0.7275390625 0.0234375
7 0.37451171875 0.8854166666666666 0.7275390625 0.0234375
7 0.37451171875 0.9088541666666666 0.7275390625 0.0234375
7 0.1474609375 0.931640625 0.2734375 0.022135416666666668
6 0.37353515625 0.931640625 0.1787109375 0.022135416666666668
7 0.46337890625 0.931640625 0.0048828125 0.022135416666666668
7 0.37451171875 0.9557291666666666 0.7275390625 0.0234375
7 0.37451171875 0.9791666666666666 0.7275390625 0.0234375
7 0.37451171875 0.9954427083333334 0.7275390625 0.009114583333333334
4 0.759765625 0.5494791666666666 0.01171875 0.015625
4 0.759765625 0.5768229166666666 0.01171875 0.015625
4 0.759765625 0.6041666666666666 0.01171875 0.015625
4 0.759765625 0.6315104166666666 0.01171875 0.015625
4 0.759765625 0.6588541666666666 0.01171875 0.015625
4 0.759765625 0.6861979166666666 0.01171875 0.015625
4 0.759765625 0.7135416666666666 0.01171875 0.015625
4 0.759765625 0.7408854166666666 0.01171875 0.015625
7 0.76171875 0.7688802083333334 0.015625 0.01953125
4 0.759765625 0.7955729166666666 0.01171875 0.015625
4 0.759765625 0.8229166666666666 0.01171875 0.015625
7 0.76171875 0.8509114583333334 0.015625 0.01953125
4 0.759765625 0.8776041666666666 0.01171875 0.015625
4 0.759765625 0.9049479166666666 0.01171875 0.015625
4 0.759765625 0.9322916666666666 0.01171875 0.015625
4 0.759765625 0.9869791666666666 0.01171875 0.015625
4 0.884765625 0.7395833333333334 0.23046875 0.5208333333333334