4 0.23974609375 0.01953125 0.4794921875 0.0390625
2 0.25439453125 0.015625 0.4208984375 0.03125
0 0.25439453125 0.026692708333333332 0.4208984375 0.022135416666666668
7 0.23974609375 0.06315104166666667 0.4794921875 0.02734375
2 0.21337890625 0.291015625 0.4267578125 0.08203125
7 0.03515625 0.3528645833333333 0.0703125 0.026041666666666668
7 0.13232421875 0.4440104166666667 0.2646484375 0.026041666666666668
6 0.20263671875 0.46484375 0.4052734375 0.06770833333333333
7 0.23974609375 0.505859375 0.4794921875 0.06640625
0 0.6083984375 0.03515625 0.2578125 0.0703125
0 0.98046875 0.052083333333333336 0.0390625 0.0390625
2 0.54541015625 0.134765625 0.1318359375 0.02734375
6 0.80810546875 0.134765625 0.3837890625 0.02734375
4 0.69580078125 0.3619791666666667 0.4326171875 0.3541666666666667
0 0.6962890625 0.3619791666666667 0.43359375 0.3541666666666667
4 0.96044921875 0.28515625 0.0791015625 0.20052083333333334
0 0.96044921875 0.3580729166666667 0.0791015625 0.3463541666666667
2 0.96533203125 0.3802083333333333 0.0693359375 0.028645833333333332
7 0.96533203125 0.4453125 0.0693359375 0.09375
7 0.947265625 0.5045572916666666 0.033203125 0.024739583333333332
1 0.22900390625 0.5677083333333334 0.4580078125 0.057291666666666664
1 0.470703125 0.5677083333333334 0.017578125 0.057291666666666664
2 0.23095703125 0.708984375 0.4619140625 0.05859375
7 0.1884765625 0.7662760416666666 0.24609375 0.02734375
7 0.1884765625 0.802734375 0.265625 0.02734375
7 0.1884765625 0.8391927083333334 0.177734375 0.02734375
7 0.1884765625 0.908203125 0.23046875 0.05859375
0 0.1884765625 0.908203125 0.23046875 0.05859375
7 0.1376953125 0.974609375 0.05859375 0.022135416666666668
7 0.18798828125 0.974609375 0.0419921875 0.022135416666666668
7 0.23876953125 0.974609375 0.0595703125 0.022135416666666668
1 0.89697265625 0.5436197916666666 0.2060546875 0.009114583333333334
7 0.82568359375 0.5729166666666666 0.0654296875 0.018229166666666668
1 0.89697265625 0.611328125 0.2060546875 0.037760416666666664
4 0.80126953125 0.66015625 0.0166015625 0.020833333333333332
7 0.86083984375 0.6608072916666666 0.0888671875 0.01953125
0 0.98828125 0.6614583333333334 0.0234375 0.033854166666666664
0 0.98828125 0.6627604166666666 0.0234375 0.036458333333333336
0 0.8330078125 0.7174479166666666 0.080078125 0.020833333333333332
0 0.98779296875 0.7174479166666666 0.0244140625 0.020833333333333332
7 0.88671875 0.77734375 0.2265625 0.046875
4 0.84423828125 0.8177083333333334 0.1396484375 0.033854166666666664
4 0.95849609375 0.8177083333333334 0.0830078125 0.033854166666666664