4 0.01171875 0.20442708333333334 0.01953125 0.026041666666666668
4 0.04052734375 0.20442708333333334 0.0205078125 0.026041666666666668
2 0.1025390625 0.2766927083333333 0.205078125 0.06640625
2 0.29736328125 0.2766927083333333 0.1884765625 0.06640625
7 0.19970703125 0.341796875 0.3994140625 0.03515625
7 0.19970703125 0.3873697916666667 0.3994140625 0.03515625
7 0.02392578125 0.4615885416666667 0.0478515625 0.032552083333333336
6 0.08251953125 0.4615885416666667 0.0712890625 0.032552083333333336
7 0.05859375 0.5013020833333334 0.1171875 0.015625
2 0.68896484375 0.037109375 0.5791015625 0.07421875
2 0.76708984375 0.052734375 0.1005859375 0.04296875
2 0.82373046875 0.052734375 0.0166015625 0.04296875
2 0.8681640625 0.052734375 0.07421875 0.04296875
2 0.90869140625 0.052734375 0.0087890625 0.04296875
2 0.42919921875 0.095703125 0.0595703125 0.04296875
2 0.46630859375 0.095703125 0.0166015625 0.04296875
2 0.5322265625 0.095703125 0.115234375 0.04296875
2 0.59716796875 0.095703125 0.0166015625 0.04296875
2 0.70361328125 0.095703125 0.1982421875 0.04296875
2 0.8271484375 0.095703125 0.052734375 0.04296875
2 0.46826171875 0.138671875 0.1376953125 0.04296875
2 0.54052734375 0.138671875 0.0087890625 0.04296875
4 0.45458984375 0.3151041666666667 0.1103515625 0.21614583333333334
0 0.45654296875 0.328125 0.1142578125 0.24739583333333334
4 0.59130859375 0.30859375 0.1220703125 0.22916666666666666
0 0.59228515625 0.3216145833333333 0.1279296875 0.2604166666666667
7 0.591796875 0.4850260416666667 0.37890625 0.029947916666666668
3 0.19970703125 0.5572916666666666 0.3994140625 0.09635416666666667
0 0.19970703125 0.6705729166666666 0.3994140625 0.07291666666666667
0 0.53466796875 0.5618489583333334 0.2080078125 0.10546875
0 0.76123046875 0.5618489583333334 0.2080078125 0.10546875
0 0.94189453125 0.5618489583333334 0.1162109375 0.10546875
4 0.67626953125 0.7545572916666666 0.5537109375 0.4908854166666667
4 0.67626953125 0.7545572916666666 0.5537109375 0.4908854166666667
7 0.990234375 0.5859375 0.01953125 0.018229166666666668
0 0.986328125 0.5859375 0.02734375 0.03125
2 0.990234375 0.7265625 0.017578125 0.0234375
6 0.986328125 0.765625 0.02734375 0.0234375