4 0.2763671875 0.043619791666666664 0.552734375 0.06640625
2 0.1162109375 0.037109375 0.232421875 0.06380208333333333
0 0.1162109375 0.064453125 0.232421875 0.022135416666666668
7 0.2763671875 0.10091145833333333 0.552734375 0.02734375
2 0.09716796875 0.3287760416666667 0.1943359375 0.08203125
6 0.08642578125 0.5026041666666666 0.1728515625 0.06770833333333333
7 0.138671875 0.5651041666666666 0.27734375 0.109375
4 0.3662109375 0.396484375 0.078125 0.17838541666666666
7 0.42041015625 0.3190104166666667 0.0302734375 0.020833333333333332
6 0.4609375 0.34375 0.111328125 0.0703125
1 0.431640625 0.5286458333333334 0.208984375 0.044270833333333336
4 0.3388671875 0.6087239583333334 0.0234375 0.032552083333333336
2 0.38525390625 0.6067708333333334 0.0400390625 0.03125
7 0.5244140625 0.6067708333333334 0.0234375 0.03125
7 0.86279296875 0.591796875 0.0341796875 0.024739583333333332
7 0.93994140625 0.591796875 0.1201171875 0.024739583333333332
7 0.08203125 0.72265625 0.130859375 0.0234375
0 0.08203125 0.72265625 0.146484375 0.046875
4 0.50830078125 0.8352864583333334 0.1025390625 0.2643229166666667
2 0.1123046875 0.8984375 0.224609375 0.11458333333333333
4 0.52001953125 0.9205729166666666 0.0791015625 0.15885416666666666
0 0.52001953125 0.9205729166666666 0.0791015625 0.15885416666666666
2 0.5888671875 0.6790364583333334 0.05859375 0.02734375
2 0.6669921875 0.6790364583333334 0.0390625 0.02734375
2 0.7392578125 0.6790364583333334 0.046875 0.02734375
7 0.865234375 0.6809895833333334 0.146484375 0.044270833333333336
0 0.865234375 0.6809895833333334 0.146484375 0.044270833333333336
2 0.763671875 0.9029947916666666 0.408203125 0.19401041666666666