0 0.19677734375 0.016927083333333332 0.1435546875 0.033854166666666664
2 0.22802734375 0.16927083333333334 0.4560546875 0.125
7 0.05517578125 0.3229166666666667 0.1103515625 0.026041666666666668
0 0.07470703125 0.322265625 0.1494140625 0.055989583333333336
4 0.25 0.4479166666666667 0.5 0.4036458333333333
1 0.75634765625 0.20572916666666666 0.4873046875 0.059895833333333336
2 0.77587890625 0.3483072916666667 0.4482421875 0.05859375
7 0.8251953125 0.4055989583333333 0.24609375 0.02734375
7 0.8251953125 0.4420572916666667 0.265625 0.02734375
7 0.8251953125 0.478515625 0.177734375 0.02734375
7 0.8251953125 0.5475260416666666 0.23046875 0.05859375
0 0.8251953125 0.5475260416666666 0.23046875 0.05859375
7 0.7744140625 0.6139322916666666 0.05859375 0.022135416666666668
7 0.82470703125 0.6139322916666666 0.0419921875 0.022135416666666668
7 0.87548828125 0.6139322916666666 0.0595703125 0.022135416666666668
3 0.287109375 0.7623697916666666 0.42578125 0.11848958333333333
2 0.03857421875 0.8763020833333334 0.0771484375 0.026041666666666668
7 0.01708984375 0.947265625 0.0341796875 0.053385416666666664
6 0.06982421875 0.9375 0.0576171875 0.020833333333333332
7 0.07421875 0.9596354166666666 0.06640625 0.020833333333333332
7 0.15869140625 0.93359375 0.0361328125 0.020833333333333332
0 0.19677734375 0.93359375 0.0419921875 0.026041666666666668
6 0.1630859375 0.9583333333333334 0.044921875 0.020833333333333332
7 0.208984375 0.9596354166666666 0.046875 0.015625
7 0.3583984375 0.9348958333333334 0.0078125 0.015625
7 0.3623046875 0.9348958333333334 0.00390625 0.015625
7 0.38916015625 0.9348958333333334 0.0517578125 0.015625
2 0.48095703125 0.8763020833333334 0.0380859375 0.026041666666666668
7 0.48095703125 0.947265625 0.0380859375 0.053385416666666664
6 0.5263671875 0.6595052083333334 0.052734375 0.01953125
6 0.51220703125 0.689453125 0.0244140625 0.022135416666666668
6 0.599609375 0.6595052083333334 0.046875 0.01953125
6 0.59228515625 0.689453125 0.0322265625 0.022135416666666668
6 0.69189453125 0.6595052083333334 0.0927734375 0.01953125
6 0.6640625 0.689453125 0.037109375 0.022135416666666668
6 0.92431640625 0.6907552083333334 0.0087890625 0.01953125
6 0.93359375 0.6907552083333334 0.01171875 0.01953125
6 0.9462890625 0.6907552083333334 0.013671875 0.01953125
6 0.958984375 0.6907552083333334 0.013671875 0.01953125
6 0.9716796875 0.6907552083333334 0.013671875 0.01953125
6 0.982421875 0.6907552083333334 0.01171875 0.01953125
6 0.994140625 0.6907552083333334 0.01171875 0.01953125
0 0.5341796875 0.7428385416666666 0.068359375 0.016927083333333332
0 0.5341796875 0.759765625 0.068359375 0.016927083333333332
0 0.5341796875 0.7766927083333334 0.068359375 0.016927083333333332
0 0.5341796875 0.7936197916666666 0.068359375 0.016927083333333332
0 0.5341796875 0.810546875 0.068359375 0.016927083333333332
0 0.5341796875 0.8274739583333334 0.068359375 0.016927083333333332
0 0.5341796875 0.8444010416666666 0.068359375 0.016927083333333332
0 0.5341796875 0.861328125 0.068359375 0.016927083333333332
0 0.61767578125 0.7454427083333334 0.0654296875 0.016927083333333332
0 0.61767578125 0.771484375 0.0693359375 0.016927083333333332
0 0.61767578125 0.7884114583333334 0.0693359375 0.016927083333333332
0 0.61767578125 0.8053385416666666 0.0693359375 0.016927083333333332
0 0.61767578125 0.8307291666666666 0.0693359375 0.033854166666666664
0 0.61767578125 0.8561197916666666 0.0693359375 0.016927083333333332
0 0.61767578125 0.873046875 0.0693359375 0.016927083333333332
0 0.701171875 0.7454427083333334 0.064453125 0.016927083333333332
0 0.701171875 0.771484375 0.068359375 0.016927083333333332
0 0.701171875 0.7884114583333334 0.068359375 0.016927083333333332
0 0.701171875 0.8053385416666666 0.068359375 0.016927083333333332
0 0.701171875 0.822265625 0.068359375 0.016927083333333332
0 0.701171875 0.8600260416666666 0.064453125 0.016927083333333332
0 0.701171875 0.8860677083333334 0.068359375 0.016927083333333332
0 0.7841796875 0.7454427083333334 0.064453125 0.016927083333333332
0 0.7841796875 0.771484375 0.068359375 0.016927083333333332
0 0.7841796875 0.7884114583333334 0.068359375 0.016927083333333332
0 0.7841796875 0.8053385416666666 0.068359375 0.016927083333333332
0 0.7841796875 0.822265625 0.068359375 0.016927083333333332
0 0.7841796875 0.8391927083333334 0.068359375 0.016927083333333332
0 0.86669921875 0.7454427083333334 0.0634765625 0.016927083333333332
0 0.86669921875 0.771484375 0.0673828125 0.016927083333333332
0 0.86669921875 0.7884114583333334 0.0673828125 0.016927083333333332
0 0.86669921875 0.8053385416666666 0.0673828125 0.016927083333333332
0 0.86669921875 0.822265625 0.0673828125 0.016927083333333332
0 0.94873046875 0.7454427083333334 0.0634765625 0.016927083333333332
0 0.94873046875 0.771484375 0.0673828125 0.016927083333333332
0 0.94873046875 0.7884114583333334 0.0673828125 0.016927083333333332
0 0.94873046875 0.8053385416666666 0.0673828125 0.016927083333333332
0 0.94873046875 0.822265625 0.0673828125 0.016927083333333332
0 0.94873046875 0.8391927083333334 0.0673828125 0.016927083333333332
0 0.94873046875 0.8561197916666666 0.0673828125 0.016927083333333332
0 0.94873046875 0.873046875 0.0673828125 0.016927083333333332
0 0.94873046875 0.8899739583333334 0.0673828125 0.016927083333333332
6 0.53564453125 0.98046875 0.0712890625 0.026041666666666668
7 0.6142578125 0.982421875 0.0859375 0.01953125
6 0.6708984375 0.982421875 0.02734375 0.01953125
7 0.70703125 0.982421875 0.048828125 0.01953125