4 0.1298828125 0.275390625 0.259765625 0.24869791666666666
0 0.1298828125 0.275390625 0.259765625 0.24869791666666666
2 0.42041015625 0.05859375 0.3212890625 0.1171875
2 0.42041015625 0.271484375 0.3212890625 0.2565104166666667
4 0.8095703125 0.22330729166666666 0.380859375 0.3528645833333333
4 0.6298828125 0.19986979166666666 0.740234375 0.3997395833333333
4 0.4453125 0.13346354166666666 0.3515625 0.2669270833333333
7 0.796875 0.037760416666666664 0.28125 0.07552083333333333
0 0.7470703125 0.14908854166666666 0.181640625 0.07161458333333333
2 0.1298828125 0.5911458333333334 0.259765625 0.078125
7 0.1298828125 0.654296875 0.259765625 0.032552083333333336
2 0.1298828125 0.9700520833333334 0.259765625 0.059895833333333336
0 0.65478515625 0.4440104166666667 0.0810546875 0.08854166666666667
0 0.65478515625 0.5208333333333334 0.0810546875 0.06510416666666667
0 0.65478515625 0.5859375 0.0810546875 0.06510416666666667
0 0.65478515625 0.6510416666666666 0.0810546875 0.06510416666666667
0 0.65478515625 0.7161458333333334 0.0810546875 0.06510416666666667
0 0.65478515625 0.78125 0.0810546875 0.06510416666666667
0 0.65478515625 0.8736979166666666 0.0810546875 0.11979166666666667
0 0.65478515625 0.9661458333333334 0.0810546875 0.06510416666666667
4 0.62451171875 0.6458333333333334 0.7294921875 0.4739583333333333
0 0.62451171875 0.64453125 0.7294921875 0.0234375
7 0.38037109375 0.7721354166666666 0.2412109375 0.026041666666666668
7 0.38037109375 0.8450520833333334 0.2412109375 0.026041666666666668
2 0.619140625 0.9401041666666666 0.71875 0.046875
2 0.619140625 0.9798177083333334 0.71875 0.024739583333333332
0 0.90380859375 0.9583333333333334 0.1318359375 0.052083333333333336