4 0.27978515625 0.2545572916666667 0.5595703125 0.5091145833333334
0 0.27978515625 0.2545572916666667 0.5595703125 0.5091145833333334
7 0.2861328125 0.2916666666666667 0.546875 0.026041666666666668
2 0.2861328125 0.3743489583333333 0.546875 0.14192708333333334
7 0.05419921875 0.48046875 0.0830078125 0.0234375
7 0.14013671875 0.48046875 0.0810546875 0.020833333333333332
4 0.67138671875 0.17708333333333334 0.2236328125 0.3255208333333333
0 0.67138671875 0.17708333333333334 0.2236328125 0.3255208333333333
7 0.66357421875 0.24544270833333334 0.2080078125 0.02734375
7 0.66357421875 0.271484375 0.2080078125 0.02734375
6 0.66357421875 0.3053385416666667 0.2080078125 0.022135416666666668
4 0.89306640625 0.17708333333333334 0.2138671875 0.3255208333333333
0 0.89306640625 0.17708333333333334 0.2138671875 0.3255208333333333
7 0.90087890625 0.24544270833333334 0.1982421875 0.02734375
7 0.90087890625 0.271484375 0.1982421875 0.02734375
6 0.90087890625 0.3053385416666667 0.1982421875 0.022135416666666668
2 0.77978515625 0.40234375 0.4404296875 0.041666666666666664
0 0.615234375 0.4739583333333333 0.111328125 0.052083333333333336
0 0.72216796875 0.4739583333333333 0.0888671875 0.052083333333333336
0 0.81787109375 0.4739583333333333 0.0888671875 0.052083333333333336
0 0.91357421875 0.4739583333333333 0.0888671875 0.052083333333333336
0 0.982421875 0.4739583333333333 0.03515625 0.052083333333333336
4 0.23291015625 0.9069010416666666 0.0107421875 0.014322916666666666
4 0.01318359375 0.7252604166666666 0.0146484375 0.036458333333333336
4 0.53564453125 0.7252604166666666 0.0146484375 0.036458333333333336
4 0.2763671875 0.724609375 0.552734375 0.41015625
2 0.05517578125 0.982421875 0.1103515625 0.029947916666666668
2 0.77978515625 0.5149739583333334 0.4404296875 0.01171875
7 0.77978515625 0.5305989583333334 0.4404296875 0.01953125
2 0.77978515625 0.58203125 0.4404296875 0.03125
7 0.77978515625 0.6171875 0.4404296875 0.0390625
2 0.77978515625 0.6783854166666666 0.4404296875 0.03125
7 0.69677734375 0.7037760416666666 0.2744140625 0.01953125
6 0.8447265625 0.7037760416666666 0.021484375 0.01953125
7 0.85546875 0.7037760416666666 0.00390625 0.01953125