4 0.25 0.13541666666666666 0.5 0.2708333333333333
7 0.25 0.23958333333333334 0.5 0.0625
0 0.25 0.265625 0.5 0.018229166666666668
4 0.494140625 0.2526041666666667 0.0078125 0.010416666666666666
4 0.03759765625 0.3548177083333333 0.0751953125 0.18880208333333334
2 0.2939453125 0.34375 0.412109375 0.03125
4 0.09765625 0.3854166666666667 0.01953125 0.026041666666666668
7 0.14208984375 0.3854166666666667 0.0595703125 0.026041666666666668
7 0.220703125 0.3854166666666667 0.076171875 0.026041666666666668
7 0.4970703125 0.3860677083333333 0.005859375 0.02734375
7 0.45849609375 0.3860677083333333 0.0166015625 0.02734375
7 0.474609375 0.3860677083333333 0.0078125 0.01953125
4 0.75 0.224609375 0.5 0.44921875
4 0.75 0.21744791666666666 0.5 0.4348958333333333
3 0.75 0.21744791666666666 0.5 0.4348958333333333
2 0.75 0.08072916666666667 0.5 0.08333333333333333
7 0.75 0.15559895833333334 0.5 0.045572916666666664
0 0.69921875 0.22591145833333334 0.1484375 0.06380208333333333
0 0.88232421875 0.22591145833333334 0.1884765625 0.06380208333333333
7 0.228515625 0.57421875 0.30859375 0.078125
6 0.318359375 0.6015625 0.052734375 0.0234375
7 0.2763671875 0.6015625 0.03125 0.0234375
6 0.19970703125 0.6015625 0.1220703125 0.0234375
7 0.13720703125 0.6015625 0.0029296875 0.0234375
4 0.25 0.611328125 0.5 0.32421875
4 0.25 0.611328125 0.5 0.32421875
0 0.25 0.611328125 0.5 0.32421875
7 0.0712890625 0.4817708333333333 0.142578125 0.0625
6 0.0986328125 0.5716145833333334 0.197265625 0.0859375
4 0.4951171875 0.7395833333333334 0.009765625 0.026041666666666668
7 0.0986328125 0.962890625 0.197265625 0.07421875
6 0.01025390625 0.990234375 0.0205078125 0.01953125
7 0.0986328125 0.90234375 0.197265625 0.1015625
0 0.1083984375 0.8997395833333334 0.216796875 0.20052083333333334
6 0.0986328125 0.9830729166666666 0.197265625 0.033854166666666664
7 0.388671875 0.8665364583333334 0.22265625 0.07682291666666667
6 0.306640625 0.8938802083333334 0.052734375 0.022135416666666668
7 0.4912109375 0.9212239583333334 0.017578125 0.022135416666666668
6 0.42138671875 0.9212239583333334 0.1220703125 0.022135416666666668
7 0.35888671875 0.9212239583333334 0.0029296875 0.022135416666666668
4 0.265625 0.9479166666666666 0.01953125 0.026041666666666668
2 0.37548828125 0.8509114583333334 0.2392578125 0.048177083333333336
7 0.279296875 0.9420572916666666 0.046875 0.01953125
4 0.4755859375 0.94140625 0.01953125 0.026041666666666668
0 0.3681640625 0.8873697916666666 0.263671875 0.17578125
4 0.4951171875 0.94140625 0.009765625 0.026041666666666668
0 0.583984375 0.46875 0.16796875 0.0234375
7 0.5703125 0.5338541666666666 0.140625 0.08072916666666667
0 0.583984375 0.5859375 0.16796875 0.0234375
7 0.57470703125 0.6510416666666666 0.1494140625 0.08072916666666667
0 0.583984375 0.703125 0.16796875 0.0234375
7 0.57421875 0.7845052083333334 0.1484375 0.11328125
0 0.583984375 0.8528645833333334 0.16796875 0.0234375
3 0.84326171875 0.5833333333333334 0.2939453125 0.2682291666666667
7 0.84326171875 0.75 0.2451171875 0.028645833333333332
1 0.83935546875 0.8151041666666666 0.2373046875 0.044270833333333336
0 0.83935546875 0.8684895833333334 0.2373046875 0.044270833333333336
6 0.841796875 0.9049479166666666 0.046875 0.015625
7 0.8671875 0.9049479166666666 0.00390625 0.015625