4 0.23046875 0.11002604166666667 0.4609375 0.22005208333333334
7 0.23046875 0.18880208333333334 0.4609375 0.0625
0 0.23046875 0.21484375 0.4609375 0.018229166666666668
4 0.3896484375 0.20182291666666666 0.0078125 0.010416666666666666
2 0.23046875 0.29296875 0.4609375 0.03125
7 0.03759765625 0.3346354166666667 0.0595703125 0.026041666666666668
7 0.1162109375 0.3346354166666667 0.076171875 0.026041666666666668
7 0.44189453125 0.3352864583333333 0.0166015625 0.02734375
7 0.4580078125 0.3352864583333333 0.0078125 0.01953125
7 0.39794921875 0.3352864583333333 0.0166015625 0.02734375
7 0.41357421875 0.3352864583333333 0.0068359375 0.01953125
7 0.35400390625 0.3352864583333333 0.0166015625 0.02734375
7 0.3701171875 0.3352864583333333 0.0078125 0.01953125
2 0.23046875 0.453125 0.4609375 0.0625
7 0.037109375 0.5104166666666666 0.05859375 0.026041666666666668
7 0.1162109375 0.5104166666666666 0.076171875 0.026041666666666668
7 0.44189453125 0.5110677083333334 0.0166015625 0.02734375
7 0.4580078125 0.5110677083333334 0.0078125 0.01953125
7 0.39794921875 0.5110677083333334 0.0166015625 0.02734375
7 0.41357421875 0.5110677083333334 0.0068359375 0.01953125
7 0.35400390625 0.5110677083333334 0.0166015625 0.02734375
7 0.3701171875 0.5110677083333334 0.0078125 0.01953125
2 0.23046875 0.61328125 0.4609375 0.0625
2 0.57373046875 0.07552083333333333 0.1474609375 0.057291666666666664
6 0.60693359375 0.19140625 0.1220703125 0.020833333333333332
0 0.53271484375 0.22526041666666666 0.0654296875 0.026041666666666668
0 0.6015625 0.22526041666666666 0.060546875 0.026041666666666668
0 0.51953125 0.2591145833333333 0.0390625 0.026041666666666668
0 0.57470703125 0.2591145833333333 0.0595703125 0.026041666666666668
0 0.6337890625 0.2591145833333333 0.048828125 0.026041666666666668
0 0.52685546875 0.29296875 0.0537109375 0.026041666666666668
0 0.59521484375 0.29296875 0.0732421875 0.026041666666666668
0 0.52294921875 0.3268229166666667 0.0458984375 0.026041666666666668
0 0.58740234375 0.3268229166666667 0.0712890625 0.026041666666666668
6 0.60400390625 0.4153645833333333 0.1279296875 0.020833333333333332
0 0.51806640625 0.44921875 0.0361328125 0.026041666666666668
0 0.58203125 0.44921875 0.080078125 0.026041666666666668
0 0.52978515625 0.4830729166666667 0.0478515625 0.026041666666666668
0 0.59521484375 0.4830729166666667 0.0712890625 0.026041666666666668
0 0.50537109375 0.5169270833333334 0.0107421875 0.026041666666666668
0 0.54931640625 0.5169270833333334 0.0673828125 0.026041666666666668
0 0.61962890625 0.5169270833333334 0.0615234375 0.026041666666666668
0 0.5302734375 0.55078125 0.060546875 0.026041666666666668
2 0.83984375 0.06510416666666667 0.3203125 0.026041666666666668
4 0.8271484375 0.18294270833333334 0.294921875 0.19921875
4 0.703125 0.3274739583333333 0.03125 0.04296875
4 0.75390625 0.3274739583333333 0.03125 0.04296875
4 0.8046875 0.3274739583333333 0.03125 0.04296875
4 0.85546875 0.3274739583333333 0.03125 0.04296875
4 0.90625 0.3274739583333333 0.03125 0.04296875
2 0.83984375 0.3938802083333333 0.3203125 0.024739583333333332
0 0.751953125 0.4381510416666667 0.14453125 0.04296875
0 0.751953125 0.4798177083333333 0.14453125 0.04296875
0 0.751953125 0.521484375 0.14453125 0.04296875
0 0.751953125 0.5631510416666666 0.14453125 0.04296875
0 0.751953125 0.6048177083333334 0.14453125 0.04296875
0 0.751953125 0.6373697916666666 0.14453125 0.024739583333333332
0 0.896484375 0.4381510416666667 0.14453125 0.04296875
0 0.896484375 0.4798177083333333 0.14453125 0.04296875
0 0.896484375 0.521484375 0.14453125 0.04296875
0 0.896484375 0.5631510416666666 0.14453125 0.04296875
0 0.896484375 0.6048177083333334 0.14453125 0.04296875
0 0.896484375 0.6373697916666666 0.14453125 0.024739583333333332
2 0.83984375 0.5403645833333334 0.3203125 0.21875
3 0.25 0.6875 0.5 0.07552083333333333
7 0.25 0.77734375 0.5 0.052083333333333336
4 0.25 0.9147135416666666 0.5 0.17057291666666666
0 0.25 0.9147135416666666 0.5 0.17057291666666666
6 0.56298828125 0.6569010416666666 0.1259765625 0.014322916666666666
4 0.75 0.8248697916666666 0.5 0.3502604166666667
2 0.6953125 0.9733072916666666 0.390625 0.053385416666666664