7 0.03662109375 0.08854166666666667 0.0732421875 0.041666666666666664
7 0.03662109375 0.17838541666666666 0.0732421875 0.041666666666666664
3 0.22412109375 0.23567708333333334 0.2939453125 0.3255208333333333
2 0.439453125 0.080078125 0.099609375 0.024739583333333332
2 0.439453125 0.11263020833333333 0.099609375 0.024739583333333332
0 0.439453125 0.11263020833333333 0.099609375 0.024739583333333332
7 0.439453125 0.197265625 0.099609375 0.12369791666666667
2 0.439453125 0.2845052083333333 0.099609375 0.024739583333333332
0 0.439453125 0.2845052083333333 0.099609375 0.024739583333333332
7 0.439453125 0.3567708333333333 0.099609375 0.09895833333333333
2 0.439453125 0.431640625 0.099609375 0.024739583333333332
0 0.439453125 0.431640625 0.099609375 0.024739583333333332
0 0.11083984375 0.4791666666666667 0.1884765625 0.049479166666666664
0 0.33837890625 0.4791666666666667 0.1884765625 0.049479166666666664
0 0.11083984375 0.5390625 0.1884765625 0.049479166666666664
0 0.33837890625 0.5390625 0.1884765625 0.049479166666666664
0 0.11083984375 0.5989583333333334 0.1884765625 0.049479166666666664
0 0.33837890625 0.5989583333333334 0.1884765625 0.049479166666666664
7 0.57958984375 0.5403645833333334 0.1806640625 0.049479166666666664
0 0.50634765625 0.609375 0.0341796875 0.028645833333333332
0 0.60107421875 0.6497395833333334 0.2236328125 0.018229166666666668
7 0.640625 0.020182291666666668 0.302734375 0.02734375
4 0.61376953125 0.20963541666666666 0.2490234375 0.3515625
7 0.6064453125 0.42578125 0.134765625 0.018229166666666668
7 0.6064453125 0.4869791666666667 0.1328125 0.018229166666666668
4 0.794921875 0.032552083333333336 0.03515625 0.06510416666666667
4 0.826171875 0.041666666666666664 0.029296875 0.08333333333333333
4 0.857421875 0.028645833333333332 0.02734375 0.036458333333333336
7 0.9365234375 0.02734375 0.103515625 0.018229166666666668
1 0.9375 0.027994791666666668 0.125 0.055989583333333336
4 0.826171875 0.12565104166666666 0.029296875 0.08463541666666667
4 0.857421875 0.11328125 0.02734375 0.036458333333333336
7 0.9169921875 0.11197916666666667 0.064453125 0.018229166666666668
7 0.97412109375 0.11197916666666667 0.0498046875 0.018229166666666668
1 0.9375 0.11263020833333333 0.125 0.055989583333333336
4 0.826171875 0.21028645833333334 0.029296875 0.08463541666666667
4 0.857421875 0.19791666666666666 0.02734375 0.036458333333333336
7 0.9365234375 0.19661458333333334 0.103515625 0.018229166666666668
1 0.9375 0.197265625 0.125 0.055989583333333336
4 0.826171875 0.294921875 0.029296875 0.08463541666666667
4 0.857421875 0.2825520833333333 0.02734375 0.036458333333333336
7 0.9365234375 0.28125 0.103515625 0.018229166666666668
1 0.9375 0.2819010416666667 0.125 0.055989583333333336
4 0.826171875 0.3795572916666667 0.029296875 0.08463541666666667
4 0.857421875 0.3671875 0.02734375 0.036458333333333336
7 0.9423828125 0.3658854166666667 0.115234375 0.018229166666666668
1 0.9375 0.3665364583333333 0.125 0.055989583333333336
4 0.826171875 0.4641927083333333 0.029296875 0.08463541666666667
4 0.857421875 0.4518229166666667 0.02734375 0.036458333333333336
7 0.9423828125 0.4505208333333333 0.115234375 0.018229166666666668
1 0.9375 0.451171875 0.125 0.055989583333333336
4 0.826171875 0.548828125 0.029296875 0.08463541666666667
4 0.857421875 0.5364583333333334 0.02734375 0.036458333333333336
7 0.9189453125 0.53515625 0.068359375 0.018229166666666668
7 0.9765625 0.53515625 0.046875 0.018229166666666668
1 0.9375 0.5358072916666666 0.125 0.055989583333333336
4 0.892578125 0.6119791666666666 0.01953125 0.026041666666666668
7 0.91943359375 0.6119791666666666 0.0244140625 0.018229166666666668
4 0.24462890625 0.8430989583333334 0.4892578125 0.3138020833333333
0 0.24462890625 0.8430989583333334 0.4892578125 0.3138020833333333
2 0.107421875 0.84765625 0.21484375 0.21875
0 0.1123046875 0.84765625 0.224609375 0.24479166666666666
4 0.7734375 0.7506510416666666 0.3984375 0.18359375
0 0.7734375 0.7506510416666666 0.3984375 0.18359375
7 0.736328125 0.9303385416666666 0.32421875 0.13932291666666666
0 0.7734375 0.9309895833333334 0.3984375 0.13802083333333334
7 0.51171875 0.7571614583333334 0.044921875 0.15494791666666666
0 0.51611328125 0.7571614583333334 0.0537109375 0.15755208333333334