3 0.04931640625 0.17708333333333334 0.0986328125 0.3255208333333333
2 0.23828125 0.021484375 0.2421875 0.024739583333333332
2 0.23828125 0.054036458333333336 0.2421875 0.024739583333333332
0 0.23828125 0.054036458333333336 0.2421875 0.024739583333333332
7 0.23828125 0.138671875 0.2421875 0.12369791666666667
2 0.23828125 0.22591145833333334 0.2421875 0.024739583333333332
0 0.23828125 0.22591145833333334 0.2421875 0.024739583333333332
7 0.23828125 0.2981770833333333 0.2421875 0.09895833333333333
2 0.23828125 0.373046875 0.2421875 0.024739583333333332
0 0.23828125 0.373046875 0.2421875 0.024739583333333332
0 0.080078125 0.4205729166666667 0.16015625 0.049479166666666664
0 0.27880859375 0.4205729166666667 0.1611328125 0.049479166666666664
7 0.4091796875 0.09049479166666667 0.099609375 0.022135416666666668
7 0.447265625 0.19466145833333334 0.17578125 0.022135416666666668
1 0.81591796875 0.024739583333333332 0.3681640625 0.049479166666666664
7 0.81591796875 0.08919270833333333 0.3681640625 0.02734375
1 0.666015625 0.12890625 0.068359375 0.0390625
1 0.72705078125 0.12890625 0.0556640625 0.0390625
1 0.7841796875 0.12890625 0.060546875 0.0390625
4 0.83154296875 0.12825520833333334 0.0166015625 0.022135416666666668
0 0.83154296875 0.13020833333333334 0.0166015625 0.026041666666666668
7 0.81591796875 0.17513020833333334 0.3681640625 0.02734375
1 0.6474609375 0.21419270833333334 0.013671875 0.016927083333333332
5 0.6923828125 0.21809895833333334 0.072265625 0.02734375
1 0.748046875 0.21419270833333334 0.013671875 0.016927083333333332
5 0.78271484375 0.21809895833333334 0.0517578125 0.02734375
1 0.8232421875 0.21419270833333334 0.013671875 0.016927083333333332
5 0.869140625 0.21809895833333334 0.07421875 0.02734375
4 0.92333984375 0.216796875 0.0166015625 0.022135416666666668
0 0.92333984375 0.21875 0.0166015625 0.026041666666666668
7 0.7216796875 0.259765625 0.1796875 0.016927083333333332
6 0.82666015625 0.259765625 0.0302734375 0.016927083333333332
7 0.84423828125 0.259765625 0.0068359375 0.016927083333333332
6 0.87451171875 0.259765625 0.0556640625 0.016927083333333332
7 0.9111328125 0.259765625 0.021484375 0.016927083333333332
6 0.6669921875 0.2779947916666667 0.0703125 0.016927083333333332
7 0.783203125 0.287109375 0.302734375 0.03515625
0 0.72705078125 0.3580729166666667 0.1904296875 0.052083333333333336
6 0.67431640625 0.4401041666666667 0.0849609375 0.018229166666666668
7 0.81689453125 0.4401041666666667 0.2021484375 0.018229166666666668
2 0.1787109375 0.5091145833333334 0.357421875 0.036458333333333336
1 0.0625 0.61328125 0.125 0.08854166666666667
7 0.2001953125 0.61328125 0.083984375 0.0234375
0 0.2001953125 0.61328125 0.1328125 0.08854166666666667
4 0.1796875 0.8483072916666666 0.359375 0.22786458333333334
5 0.14599609375 0.7708333333333334 0.0322265625 0.028645833333333332
5 0.28369140625 0.7708333333333334 0.0498046875 0.028645833333333332
2 0.16845703125 0.8522135416666666 0.0771484375 0.029947916666666668
2 0.306640625 0.8522135416666666 0.095703125 0.029947916666666668
2 0.16455078125 0.9446614583333334 0.0693359375 0.029947916666666668
2 0.306640625 0.9446614583333334 0.095703125 0.029947916666666668
7 0.6796875 0.494140625 0.640625 0.06901041666666667
7 0.6923828125 0.65234375 0.21875 0.03125
0 0.6923828125 0.6529947916666666 0.28125 0.08463541666666667
7 0.67236328125 0.7330729166666666 0.1435546875 0.026041666666666668
7 0.76318359375 0.7330729166666666 0.0419921875 0.026041666666666668
4 0.9150390625 0.568359375 0.169921875 0.06380208333333333
4 0.75537109375 0.8365885416666666 0.0322265625 0.04296875
4 0.58447265625 0.486328125 0.2119140625 0.06380208333333333
4 0.73095703125 0.568359375 0.2119140625 0.06380208333333333
4 0.86962890625 0.8782552083333334 0.0322265625 0.04296875
4 0.87939453125 0.615234375 0.0322265625 0.04296875
4 0.91650390625 0.650390625 0.0322265625 0.04296875
4 0.62646484375 0.7805989583333334 0.0322265625 0.04296875
4 0.45458984375 0.6256510416666666 0.0322265625 0.04296875
4 0.81201171875 0.8977864583333334 0.0322265625 0.04296875
4 0.89794921875 0.6360677083333334 0.2041015625 0.06380208333333333
4 0.52001953125 0.5631510416666666 0.0322265625 0.04296875
4 0.93505859375 0.8196614583333334 0.0322265625 0.04296875
4 0.85595703125 0.5462239583333334 0.0322265625 0.04296875
4 0.69384765625 0.724609375 0.2119140625 0.06380208333333333
4 0.6796875 0.7369791666666666 0.640625 0.5260416666666666