4 0.25 0.19986979166666666 0.5 0.3997395833333333
2 0.25 0.09765625 0.5 0.11197916666666667
2 0.25 0.181640625 0.5 0.05859375
4 0.75732421875 0.11653645833333333 0.4853515625 0.23307291666666666
6 0.56494140625 0.2578125 0.1005859375 0.026041666666666668
7 0.75732421875 0.3098958333333333 0.4853515625 0.052083333333333336
6 0.94287109375 0.3229166666666667 0.0986328125 0.026041666666666668
7 0.75732421875 0.3359375 0.4853515625 0.052083333333333336
4 0.80029296875 0.3821614583333333 0.0107421875 0.014322916666666666
0 0.80029296875 0.3834635416666667 0.0166015625 0.016927083333333332
4 0.81591796875 0.3821614583333333 0.0107421875 0.014322916666666666
0 0.81591796875 0.3834635416666667 0.0166015625 0.016927083333333332
4 0.83154296875 0.3821614583333333 0.0107421875 0.014322916666666666
0 0.83154296875 0.3834635416666667 0.0166015625 0.016927083333333332
4 0.25 0.5403645833333334 0.5 0.28125
1 0.30859375 0.453125 0.3828125 0.06770833333333333
4 0.25 0.7298177083333334 0.5 0.3190104166666667
2 0.2138671875 0.6647135416666666 0.427734375 0.055989583333333336
7 0.2138671875 0.7161458333333334 0.427734375 0.03125
7 0.2138671875 0.7473958333333334 0.427734375 0.03125
7 0.2138671875 0.7786458333333334 0.427734375 0.03125
4 0.48583984375 0.681640625 0.0224609375 0.029947916666666668
4 0.48583984375 0.728515625 0.0224609375 0.029947916666666668
4 0.48583984375 0.775390625 0.0224609375 0.029947916666666668
7 0.166015625 0.9830729166666666 0.15625 0.0234375
6 0.27197265625 0.9830729166666666 0.0576171875 0.0234375
7 0.30322265625 0.9830729166666666 0.0068359375 0.0234375
6 0.3310546875 0.9830729166666666 0.05078125 0.0234375
7 0.369140625 0.9830729166666666 0.02734375 0.0234375
6 0.412109375 0.9830729166666666 0.060546875 0.0234375
7 0.470703125 0.9830729166666666 0.05859375 0.0234375
7 0.58154296875 0.4830729166666667 0.1630859375 0.0234375
7 0.58154296875 0.5130208333333334 0.1630859375 0.0234375
7 0.58154296875 0.54296875 0.1630859375 0.0234375
6 0.53662109375 0.6217447916666666 0.0732421875 0.029947916666666668
0 0.552734375 0.6315104166666666 0.10546875 0.07552083333333333
7 0.51513671875 0.701171875 0.0048828125 0.02734375
7 0.58154296875 0.7721354166666666 0.1630859375 0.036458333333333336
4 0.8505859375 0.6171875 0.298828125 0.4348958333333333
7 0.50927734375 0.8815104166666666 0.0166015625 0.026041666666666668
6 0.568359375 0.8821614583333334 0.103515625 0.024739583333333332
7 0.728515625 0.9361979166666666 0.119140625 0.026041666666666668
3 0.75 0.9817708333333334 0.5 0.036458333333333336