2 0.1474609375 0.06705729166666667 0.193359375 0.029947916666666668
4 0.21484375 0.12955729166666666 0.34375 0.06640625
7 0.451171875 0.11653645833333333 0.037109375 0.024739583333333332
7 0.451171875 0.142578125 0.037109375 0.024739583333333332
4 0.18994140625 0.19466145833333334 0.2939453125 0.06640625
7 0.451171875 0.181640625 0.037109375 0.024739583333333332
7 0.451171875 0.20768229166666666 0.037109375 0.024739583333333332
6 0.41845703125 0.2513020833333333 0.0791015625 0.026041666666666668
2 0.232421875 0.2936197916666667 0.36328125 0.029947916666666668
6 0.1220703125 0.3372395833333333 0.11328125 0.026041666666666668
6 0.1494140625 0.3697916666666667 0.16796875 0.026041666666666668
6 0.1171875 0.4010416666666667 0.103515625 0.026041666666666668
6 0.1806640625 0.4322916666666667 0.23046875 0.026041666666666668
2 0.1279296875 0.5260416666666666 0.169921875 0.028645833333333332
4 0.16455078125 0.58203125 0.2431640625 0.0546875
7 0.80224609375 0.021484375 0.3955078125 0.04296875
7 0.50341796875 0.08984375 0.0673828125 0.0234375
0 0.51025390625 0.08854166666666667 0.0810546875 0.059895833333333336
7 0.62109375 0.08984375 0.115234375 0.0234375
0 0.62158203125 0.08854166666666667 0.1435546875 0.059895833333333336
7 0.7646484375 0.08984375 0.1171875 0.0234375
0 0.7646484375 0.08854166666666667 0.14453125 0.059895833333333336
7 0.91162109375 0.08984375 0.1240234375 0.0234375
0 0.91162109375 0.08854166666666667 0.1513671875 0.059895833333333336
4 0.65478515625 0.380859375 0.3701171875 0.44921875
0 0.65478515625 0.380859375 0.3701171875 0.44921875
2 0.6494140625 0.5026041666666666 0.359375 0.036458333333333336
6 0.6494140625 0.5618489583333334 0.359375 0.055989583333333336
2 0.9267578125 0.21223958333333334 0.146484375 0.08333333333333333
0 0.9267578125 0.22721354166666666 0.146484375 0.11328125
6 0.9267578125 0.271484375 0.146484375 0.024739583333333332
2 0.9267578125 0.337890625 0.146484375 0.055989583333333336
0 0.9267578125 0.3528645833333333 0.146484375 0.0859375
6 0.9267578125 0.3834635416666667 0.146484375 0.024739583333333332
2 0.9267578125 0.4635416666666667 0.146484375 0.08333333333333333
0 0.9267578125 0.478515625 0.146484375 0.11328125
6 0.9267578125 0.5227864583333334 0.146484375 0.024739583333333332
7 0.9560546875 0.5755208333333334 0.087890625 0.0234375
0 0.9560546875 0.5774739583333334 0.087890625 0.055989583333333336
0 0.18603515625 0.6510416666666666 0.3720703125 0.08333333333333333
2 0.0498046875 0.6451822916666666 0.099609375 0.048177083333333336
2 0.123046875 0.6360677083333334 0.0234375 0.024739583333333332
7 0.18212890625 0.8020833333333334 0.3642578125 0.15625
0 0.037109375 0.9427083333333334 0.07421875 0.0625
7 0.1474609375 0.9420572916666666 0.0859375 0.024739583333333332
4 0.19970703125 0.94140625 0.0126953125 0.015625
4 0.44384765625 0.646484375 0.0517578125 0.07421875
0 0.44384765625 0.9427083333333334 0.0517578125 0.0625
6 0.72509765625 0.6197916666666666 0.1455078125 0.020833333333333332
7 0.86865234375 0.6197916666666666 0.1416015625 0.020833333333333332
4 0.6630859375 0.701171875 0.01953125 0.02734375
7 0.73583984375 0.6998697916666666 0.0966796875 0.022135416666666668
7 0.97607421875 0.74609375 0.0048828125 0.018229166666666668
6 0.98828125 0.74609375 0.0234375 0.018229166666666668
2 0.68896484375 0.7630208333333334 0.0732421875 0.026041666666666668
4 0.6650390625 0.8717447916666666 0.01953125 0.02734375
7 0.70703125 0.8704427083333334 0.05859375 0.17578125
7 0.77880859375 0.798828125 0.0810546875 0.022135416666666668
6 0.86669921875 0.798828125 0.0966796875 0.022135416666666668
7 0.869140625 0.8274739583333334 0.26171875 0.07942708333333333
6 0.869140625 0.884765625 0.26171875 0.022135416666666668
7 0.869140625 0.9134114583333334 0.26171875 0.07942708333333333
2 0.69140625 0.990234375 0.078125 0.01953125
2 0.53662109375 0.8046875 0.1337890625 0.390625
6 0.482421875 0.6217447916666666 0.025390625 0.01953125
6 0.4873046875 0.646484375 0.03515625 0.01953125
6 0.50732421875 0.6712239583333334 0.0751953125 0.01953125
2 0.52587890625 0.7154947916666666 0.1123046875 0.01953125
6 0.509765625 0.7467447916666666 0.080078125 0.01953125
6 0.47998046875 0.771484375 0.0205078125 0.01953125
6 0.51220703125 0.7962239583333334 0.0849609375 0.01953125
6 0.48095703125 0.8209635416666666 0.0224609375 0.01953125
2 0.52587890625 0.865234375 0.1123046875 0.01953125
6 0.517578125 0.896484375 0.095703125 0.01953125
6 0.4892578125 0.9212239583333334 0.0390625 0.01953125
6 0.4931640625 0.9459635416666666 0.046875 0.01953125
6 0.48876953125 0.970703125 0.0380859375 0.01953125
6 0.484375 0.9928385416666666 0.029296875 0.014322916666666666