4 0.26953125 0.099609375 0.5390625 0.19921875
2 0.26953125 0.06705729166666667 0.5390625 0.05859375
7 0.77978515625 0.039713541666666664 0.4404296875 0.03515625
7 0.77978515625 0.08528645833333333 0.4404296875 0.03515625
7 0.96533203125 0.15950520833333334 0.0693359375 0.032552083333333336
7 0.96337890625 0.19205729166666666 0.0595703125 0.014322916666666666
7 0.20361328125 0.20182291666666666 0.0322265625 0.005208333333333333
0 0.18994140625 0.20833333333333334 0.0830078125 0.018229166666666668
7 0.2978515625 0.20182291666666666 0.04296875 0.005208333333333333
0 0.2841796875 0.20833333333333334 0.09375 0.018229166666666668
7 0.39404296875 0.20182291666666666 0.0361328125 0.005208333333333333
0 0.38037109375 0.20833333333333334 0.0869140625 0.018229166666666668
7 0.48583984375 0.208984375 0.0810546875 0.01953125
0 0.48583984375 0.208984375 0.0810546875 0.01953125
7 0.1171875 0.2734375 0.08984375 0.026041666666666668
0 0.1708984375 0.2721354166666667 0.2265625 0.0625
7 0.35888671875 0.2734375 0.0888671875 0.026041666666666668
0 0.4130859375 0.2721354166666667 0.2265625 0.0625
7 0.09619140625 0.3567708333333333 0.0478515625 0.026041666666666668
0 0.1708984375 0.35546875 0.2265625 0.0625
7 0.33349609375 0.3567708333333333 0.0380859375 0.026041666666666668
0 0.4130859375 0.35546875 0.2265625 0.0625
4 0.26318359375 0.7259114583333334 0.5263671875 0.5065104166666666
1 0.2177734375 0.7083333333333334 0.435546875 0.078125
4 0.5693359375 0.2682291666666667 0.060546875 0.06770833333333333
0 0.85498046875 0.2760416666666667 0.0751953125 0.028645833333333332
0 0.96044921875 0.2760416666666667 0.0791015625 0.028645833333333332
2 0.86474609375 0.54296875 0.2705078125 0.3828125
2 0.8359375 0.4309895833333333 0.328125 0.059895833333333336
7 0.76953125 0.5481770833333334 0.4609375 0.0625
4 0.61572265625 0.6380208333333334 0.0498046875 0.06510416666666667
0 0.62255859375 0.6380208333333334 0.1669921875 0.06510416666666667
0 0.630859375 0.708984375 0.18359375 0.05078125
4 0.82470703125 0.6380208333333334 0.0498046875 0.06510416666666667
0 0.82421875 0.6380208333333334 0.1796875 0.06510416666666667
0 0.83251953125 0.708984375 0.1962890625 0.05078125
0 0.97119140625 0.6380208333333334 0.0576171875 0.06510416666666667
0 0.97119140625 0.708984375 0.0576171875 0.05078125
2 0.76953125 0.8743489583333334 0.4609375 0.024739583333333332
2 0.7666015625 0.9479166666666666 0.455078125 0.10416666666666667