2 0.2412109375 0.095703125 0.1953125 0.19140625
6 0.03515625 0.004557291666666667 0.060546875 0.009114583333333334
7 0.08984375 0.004557291666666667 0.044921875 0.009114583333333334
0 0.42431640625 0.006510416666666667 0.1533203125 0.013020833333333334
6 0.40576171875 0.004557291666666667 0.0595703125 0.009114583333333334
7 0.455078125 0.004557291666666667 0.033203125 0.009114583333333334
6 0.06201171875 0.054036458333333336 0.1240234375 0.032552083333333336
0 0.06201171875 0.06770833333333333 0.1240234375 0.059895833333333336
6 0.02880859375 0.083984375 0.0576171875 0.01953125
7 0.07861328125 0.083984375 0.0361328125 0.01953125
6 0.43505859375 0.054036458333333336 0.1533203125 0.032552083333333336
0 0.43505859375 0.06770833333333333 0.1533203125 0.059895833333333336
6 0.4150390625 0.083984375 0.060546875 0.01953125
7 0.46533203125 0.083984375 0.0380859375 0.01953125
6 0.0673828125 0.138671875 0.134765625 0.032552083333333336
0 0.0673828125 0.15234375 0.134765625 0.059895833333333336
6 0.046875 0.16861979166666666 0.060546875 0.01953125
7 0.09033203125 0.16861979166666666 0.0224609375 0.01953125
6 0.42431640625 0.138671875 0.1533203125 0.032552083333333336
0 0.42431640625 0.15234375 0.1533203125 0.059895833333333336
6 0.4111328125 0.16861979166666666 0.060546875 0.01953125
7 0.45556640625 0.16861979166666666 0.0244140625 0.01953125
6 0.11181640625 0.22330729166666666 0.1533203125 0.032552083333333336
0 0.11181640625 0.23697916666666666 0.1533203125 0.059895833333333336
6 0.0927734375 0.2532552083333333 0.060546875 0.01953125
7 0.14306640625 0.2532552083333333 0.0361328125 0.01953125
6 0.37060546875 0.22330729166666666 0.1533203125 0.032552083333333336
0 0.37060546875 0.23697916666666666 0.1533203125 0.059895833333333336
6 0.35498046875 0.2532552083333333 0.0595703125 0.01953125
7 0.40185546875 0.2532552083333333 0.0283203125 0.01953125
1 0.2138671875 0.3333333333333333 0.38671875 0.057291666666666664
5 0.36279296875 0.333984375 0.0185546875 0.032552083333333336
4 0.38232421875 0.3326822916666667 0.0126953125 0.01171875
7 0.43408203125 0.3352864583333333 0.0224609375 0.029947916666666668
0 0.43408203125 0.3333333333333333 0.0556640625 0.057291666666666664
4 0.1328125 0.423828125 0.025390625 0.024739583333333332
0 0.2412109375 0.419921875 0.26953125 0.037760416666666664
7 0.24951171875 0.4231770833333333 0.2021484375 0.020833333333333332
4 0.35595703125 0.423828125 0.0126953125 0.01171875
7 0.8349609375 0.3385416666666667 0.330078125 0.13020833333333334
6 0.8095703125 0.4069010416666667 0.279296875 0.048177083333333336
6 0.78955078125 0.4205729166666667 0.0927734375 0.020833333333333332
7 0.8349609375 0.037109375 0.330078125 0.029947916666666668
0 0.8349609375 0.23046875 0.330078125 0.4166666666666667
2 0.8349609375 0.08333333333333333 0.330078125 0.0625
4 0.8349609375 0.2838541666666667 0.330078125 0.3098958333333333
4 0.3349609375 0.5045572916666666 0.669921875 0.13151041666666666
2 0.1064453125 0.4830729166666667 0.212890625 0.08854166666666667
2 0.31103515625 0.4498697916666667 0.1025390625 0.022135416666666668
2 0.5546875 0.45703125 0.10546875 0.036458333333333336
2 0.3486328125 0.5162760416666666 0.177734375 0.029947916666666668
2 0.55517578125 0.5162760416666666 0.1064453125 0.05859375
2 0.0439453125 0.6243489583333334 0.087890625 0.04296875
4 0.236328125 0.6282552083333334 0.017578125 0.024739583333333332
7 0.27685546875 0.6282552083333334 0.0634765625 0.022135416666666668
7 0.3603515625 0.6282552083333334 0.103515625 0.022135416666666668
1 0.20751953125 0.6803385416666666 0.4091796875 0.06640625
2 0.5634765625 0.6243489583333334 0.150390625 0.037760416666666664
0 0.57666015625 0.6803385416666666 0.1767578125 0.06640625
2 0.06201171875 0.8795572916666666 0.1240234375 0.24088541666666666
2 0.04638671875 0.9166666666666666 0.0478515625 0.16666666666666666
2 0.2099609375 0.8990885416666666 0.375 0.07682291666666667
7 0.03076171875 0.947265625 0.0166015625 0.022135416666666668
6 0.0751953125 0.947265625 0.072265625 0.022135416666666668
7 0.166015625 0.947265625 0.109375 0.022135416666666668
6 0.28271484375 0.947265625 0.1240234375 0.022135416666666668
7 0.2333984375 0.984375 0.421875 0.03125
2 0.57177734375 0.7779947916666666 0.1962890625 0.037760416666666664
4 0.51025390625 0.8854166666666666 0.0732421875 0.09895833333333333
7 0.6162109375 0.8828125 0.107421875 0.08333333333333333
0 0.57177734375 0.8854166666666666 0.1962890625 0.09895833333333333
4 0.51025390625 0.9798177083333334 0.0732421875 0.040364583333333336
7 0.6162109375 0.9895833333333334 0.107421875 0.020833333333333332
0 0.57177734375 0.9798177083333334 0.1962890625 0.040364583333333336
0 0.71533203125 0.521484375 0.0908203125 0.10286458333333333
0 0.8134765625 0.521484375 0.107421875 0.10286458333333333
0 0.90478515625 0.521484375 0.0771484375 0.10286458333333333
3 0.8349609375 0.76171875 0.330078125 0.3255208333333333
0 0.8349609375 0.7578125 0.330078125 0.052083333333333336
0 0.6826171875 0.8697916666666666 0.025390625 0.015625
0 0.7822265625 0.8697916666666666 0.095703125 0.015625
0 0.67626953125 0.9375 0.0126953125 0.015625
0 0.77587890625 0.9375 0.1083984375 0.015625
0 0.931640625 0.9375 0.126953125 0.015625