4 0.08984375 0.150390625 0.1796875 0.06640625
7 0.26123046875 0.13736979166666666 0.0712890625 0.024739583333333332
7 0.287109375 0.16341145833333334 0.123046875 0.024739583333333332
7 0.45751953125 0.150390625 0.1044921875 0.06640625
4 0.06494140625 0.21549479166666666 0.1298828125 0.06640625
7 0.283203125 0.20247395833333334 0.115234375 0.024739583333333332
7 0.28173828125 0.228515625 0.1123046875 0.024739583333333332
7 0.45751953125 0.21549479166666666 0.1044921875 0.06640625
6 0.21142578125 0.2721354166666667 0.0791015625 0.026041666666666668
2 0.7548828125 0.11002604166666667 0.490234375 0.22005208333333334
7 0.7548828125 0.2884114583333333 0.490234375 0.04296875
4 0.2548828125 0.400390625 0.509765625 0.18098958333333334
0 0.134765625 0.376953125 0.234375 0.10546875
2 0.224609375 0.9251302083333334 0.4140625 0.14973958333333334
2 0.58544921875 0.3365885416666667 0.1513671875 0.053385416666666664
0 0.58544921875 0.3411458333333333 0.1513671875 0.0625
7 0.96142578125 0.4166666666666667 0.0283203125 0.0390625
0 0.96875 0.4173177083333333 0.0625 0.05859375
7 0.98779296875 0.4069010416666667 0.0205078125 0.022135416666666668
7 0.98876953125 0.4264322916666667 0.0224609375 0.022135416666666668
7 0.51611328125 0.41796875 0.0126953125 0.033854166666666664
0 0.52783203125 0.4173177083333333 0.0361328125 0.05859375
7 0.60107421875 0.41796875 0.0888671875 0.033854166666666664
0 0.60693359375 0.4173177083333333 0.1240234375 0.05859375
7 0.70849609375 0.41796875 0.0576171875 0.033854166666666664
0 0.71435546875 0.4173177083333333 0.0927734375 0.05859375
7 0.79833984375 0.41796875 0.0537109375 0.033854166666666664
0 0.80419921875 0.4173177083333333 0.0888671875 0.05859375
0 0.51904296875 0.4700520833333333 0.0185546875 0.046875
0 0.5859375 0.4700520833333333 0.087890625 0.046875
0 0.68896484375 0.4700520833333333 0.0908203125 0.046875
0 0.7744140625 0.4700520833333333 0.052734375 0.046875
0 0.85791015625 0.4700520833333333 0.0869140625 0.046875
0 0.9521484375 0.4700520833333333 0.07421875 0.046875
2 0.5390625 0.5481770833333334 0.05859375 0.03125
0 0.7490234375 0.61328125 0.03515625 0.028645833333333332
4 0.7490234375 0.6477864583333334 0.03515625 0.00390625
2 0.63818359375 0.7135416666666666 0.2568359375 0.059895833333333336
0 0.64501953125 0.6686197916666666 0.2705078125 0.17578125
4 0.6318359375 0.6692708333333334 0.169921875 0.140625
4 0.64501953125 0.6796875 0.2705078125 0.19791666666666666
2 0.89697265625 0.7135416666666666 0.2060546875 0.059895833333333336
0 0.89013671875 0.6686197916666666 0.2197265625 0.17578125
4 0.9169921875 0.6692708333333334 0.166015625 0.140625
4 0.89013671875 0.6796875 0.2197265625 0.19791666666666666
0 0.7490234375 0.7890625 0.03515625 0.028645833333333332
4 0.74609375 0.8235677083333334 0.029296875 0.00390625
2 0.63818359375 0.8893229166666666 0.2568359375 0.059895833333333336
0 0.64501953125 0.8444010416666666 0.2705078125 0.17578125
4 0.63232421875 0.8450520833333334 0.1591796875 0.140625
4 0.64501953125 0.85546875 0.2705078125 0.19791666666666666
2 0.89697265625 0.8893229166666666 0.2060546875 0.059895833333333336
0 0.89013671875 0.8444010416666666 0.2197265625 0.17578125
4 0.91748046875 0.8450520833333334 0.1650390625 0.140625
4 0.89013671875 0.85546875 0.2197265625 0.19791666666666666