2 0.04443359375 0.008463541666666666 0.0888671875 0.016927083333333332
4 0.0595703125 0.13802083333333334 0.046875 0.0625
7 0.1298828125 0.11393229166666667 0.0078125 0.01953125
6 0.15185546875 0.11393229166666667 0.0361328125 0.01953125
7 0.1298828125 0.138671875 0.0078125 0.01953125
6 0.17529296875 0.138671875 0.0849609375 0.01953125
7 0.1298828125 0.16341145833333334 0.0078125 0.01953125
6 0.16943359375 0.16341145833333334 0.0712890625 0.01953125
4 0.3271484375 0.13802083333333334 0.044921875 0.0625
2 0.17919921875 0.21354166666666666 0.3408203125 0.03125
7 0.17919921875 0.251953125 0.3408203125 0.01953125
7 0.17919921875 0.2936197916666667 0.3408203125 0.01953125
7 0.17919921875 0.3059895833333333 0.3408203125 0.044270833333333336
7 0.10009765625 0.3600260416666667 0.1826171875 0.01953125
6 0.2373046875 0.3600260416666667 0.09375 0.01953125
7 0.28662109375 0.3600260416666667 0.0048828125 0.01953125
2 0.17919921875 0.4049479166666667 0.3408203125 0.03125
7 0.021484375 0.443359375 0.025390625 0.01953125
6 0.05224609375 0.443359375 0.0380859375 0.01953125
7 0.21044921875 0.443359375 0.2783203125 0.01953125
7 0.17919921875 0.4557291666666667 0.3408203125 0.044270833333333336
7 0.17919921875 0.5221354166666666 0.3408203125 0.044270833333333336
2 0.17919921875 0.5794270833333334 0.3408203125 0.03125
7 0.07568359375 0.6178385416666666 0.1337890625 0.01953125
6 0.1640625 0.6178385416666666 0.044921875 0.01953125
7 0.26806640625 0.6178385416666666 0.1630859375 0.01953125
4 0.90576171875 0.3111979166666667 0.1884765625 0.0625
7 0.90576171875 0.3658854166666667 0.1884765625 0.046875
7 0.90576171875 0.4427083333333333 0.1884765625 0.078125
6 0.88427734375 0.4713541666666667 0.0654296875 0.020833333333333332
7 0.90576171875 0.4856770833333333 0.1884765625 0.049479166666666664
7 0.90576171875 0.5143229166666666 0.1884765625 0.049479166666666664
4 0.64453125 0.045572916666666664 0.0234375 0.020833333333333332
0 0.64453125 0.044921875 0.033203125 0.03515625
7 0.59716796875 0.045572916666666664 0.0400390625 0.018229166666666668
4 0.54443359375 0.40625 0.0693359375 0.09114583333333333
0 0.54541015625 0.4244791666666667 0.0712890625 0.12760416666666666
7 0.54541015625 0.4765625 0.0712890625 0.0234375
4 0.67529296875 0.40625 0.0693359375 0.09114583333333333
0 0.67626953125 0.4244791666666667 0.0712890625 0.12760416666666666
7 0.67626953125 0.4765625 0.0712890625 0.0234375
4 0.80615234375 0.40625 0.0693359375 0.09114583333333333
0 0.8095703125 0.4244791666666667 0.076171875 0.12760416666666666
7 0.8095703125 0.4765625 0.076171875 0.0234375
6 0.1171875 0.7161458333333334 0.234375 0.028645833333333332
7 0.20166015625 0.7161458333333334 0.0771484375 0.020833333333333332
4 0.1474609375 0.86328125 0.224609375 0.2734375
0 0.1474609375 0.86328125 0.224609375 0.2734375
4 0.1474609375 0.86328125 0.224609375 0.2734375
4 0.30517578125 0.86328125 0.0888671875 0.2734375
0 0.30517578125 0.86328125 0.0888671875 0.2734375
4 0.30517578125 0.86328125 0.0888671875 0.2734375
4 0.6748046875 0.7786458333333334 0.650390625 0.2994791666666667
2 0.6748046875 0.65625 0.650390625 0.0546875
1 0.57861328125 0.7486979166666666 0.4580078125 0.078125