4 0.1123046875 0.18359375 0.046875 0.0625
7 0.1826171875 0.17122395833333334 0.0078125 0.01953125
6 0.23974609375 0.17122395833333334 0.1064453125 0.01953125
7 0.1826171875 0.19596354166666666 0.0078125 0.01953125
6 0.244140625 0.19596354166666666 0.115234375 0.01953125
2 0.19482421875 0.2591145833333333 0.3896484375 0.03125
7 0.0595703125 0.2975260416666667 0.119140625 0.01953125
7 0.1005859375 0.3391927083333333 0.201171875 0.01953125
6 0.2705078125 0.3391927083333333 0.140625 0.01953125
7 0.19482421875 0.3515625 0.3896484375 0.044270833333333336
2 0.19482421875 0.4505208333333333 0.3896484375 0.03125
7 0.05712890625 0.4889322916666667 0.1142578125 0.01953125
7 0.12548828125 0.4889322916666667 0.0263671875 0.01953125
7 0.19482421875 0.4895833333333333 0.3896484375 0.020833333333333332
2 0.69482421875 0.11263020833333333 0.6103515625 0.14192708333333334
2 0.69482421875 0.22981770833333334 0.6103515625 0.14192708333333334
7 0.69482421875 0.3326822916666667 0.6103515625 0.03515625
7 0.6826171875 0.3743489583333333 0.46484375 0.03515625
0 0.6826171875 0.470703125 0.26953125 0.05859375
7 0.02734375 0.9186197916666666 0.0546875 0.01953125
2 0.017578125 0.958984375 0.03515625 0.02734375
7 0.01708984375 0.9817708333333334 0.0341796875 0.036458333333333336
0 0.2412109375 0.5611979166666666 0.296875 0.09114583333333333
2 0.2607421875 0.56640625 0.19921875 0.07552083333333333
0 0.2412109375 0.6881510416666666 0.296875 0.13671875
2 0.2607421875 0.6946614583333334 0.19921875 0.12369791666666667
0 0.2412109375 0.81640625 0.296875 0.09114583333333333
2 0.2607421875 0.8216145833333334 0.19921875 0.07552083333333333
0 0.2412109375 0.9309895833333334 0.296875 0.11197916666666667
2 0.2607421875 0.9375 0.19921875 0.09895833333333333
0 0.41015625 0.525390625 0.041015625 0.02734375
0 0.48876953125 0.525390625 0.1162109375 0.02734375
0 0.57421875 0.525390625 0.0546875 0.02734375
0 0.88623046875 0.525390625 0.1181640625 0.02734375
0 0.97265625 0.525390625 0.0546875 0.02734375
4 0.4150390625 0.6139322916666666 0.05078125 0.11067708333333333
7 0.5146484375 0.6139322916666666 0.103515625 0.02734375
0 0.5146484375 0.6139322916666666 0.12890625 0.11067708333333333
7 0.6162109375 0.61328125 0.048828125 0.020833333333333332
7 0.67236328125 0.61328125 0.0634765625 0.020833333333333332
7 0.79345703125 0.6139322916666666 0.1279296875 0.02734375
0 0.79345703125 0.6139322916666666 0.1533203125 0.11067708333333333
7 0.94140625 0.6139322916666666 0.1171875 0.02734375
0 0.93505859375 0.6139322916666666 0.1298828125 0.11067708333333333
2 0.74267578125 0.7102864583333334 0.5146484375 0.02734375
2 0.6533203125 0.982421875 0.52734375 0.03515625
2 0.923828125 0.9856770833333334 0.015625 0.028645833333333332