6 0.40771484375 0.031901041666666664 0.1845703125 0.02734375
4 0.25 0.18684895833333334 0.5 0.28515625
0 0.75 0.16471354166666666 0.5 0.3294270833333333
2 0.22265625 0.5006510416666666 0.4453125 0.3424479166666667
4 0.01416015625 0.693359375 0.0283203125 0.00390625
0 0.05419921875 0.8125 0.1083984375 0.046875
7 0.5615234375 0.3404947916666667 0.095703125 0.022135416666666668
0 0.56201171875 0.3541666666666667 0.1240234375 0.049479166666666664
7 0.66064453125 0.3404947916666667 0.0439453125 0.022135416666666668
0 0.66064453125 0.3541666666666667 0.0732421875 0.049479166666666664
0 0.759765625 0.3541666666666667 0.125 0.049479166666666664
0 0.87939453125 0.3541666666666667 0.1142578125 0.049479166666666664
4 0.669921875 0.6282552083333334 0.33984375 0.3684895833333333
7 0.658203125 0.8893229166666666 0.31640625 0.052083333333333336
6 0.66552734375 0.90234375 0.0986328125 0.026041666666666668
7 0.6416015625 0.9153645833333334 0.283203125 0.052083333333333336
4 0.919921875 0.6282552083333334 0.16015625 0.3684895833333333
6 0.90673828125 0.8372395833333334 0.1337890625 0.026041666666666668
7 0.919921875 0.8763020833333334 0.16015625 0.026041666666666668
7 0.919921875 0.8893229166666666 0.16015625 0.052083333333333336
4 0.52294921875 0.9615885416666666 0.0107421875 0.014322916666666666
0 0.52294921875 0.962890625 0.0166015625 0.016927083333333332
4 0.53857421875 0.9615885416666666 0.0107421875 0.014322916666666666
0 0.53857421875 0.962890625 0.0166015625 0.016927083333333332
4 0.55419921875 0.9615885416666666 0.0107421875 0.014322916666666666
0 0.55419921875 0.962890625 0.0166015625 0.016927083333333332
4 0.93408203125 0.5384114583333334 0.1318359375 0.09765625
3 0.93408203125 0.8157552083333334 0.1318359375 0.3684895833333333