0 0.31494140625 0.169921875 0.6298828125 0.33984375
4 0.6240234375 0.2760416666666667 0.01171875 0.0625
4 0.814453125 0.15885416666666666 0.369140625 0.3177083333333333
2 0.806640625 0.16145833333333334 0.353515625 0.0859375
7 0.806640625 0.23958333333333334 0.353515625 0.049479166666666664
0 0.806640625 0.2890625 0.353515625 0.018229166666666668
0 0.2607421875 0.3561197916666667 0.05078125 0.032552083333333336
0 0.33837890625 0.3561197916666667 0.1064453125 0.032552083333333336
0 0.43310546875 0.3561197916666667 0.0849609375 0.032552083333333336
0 0.52734375 0.3561197916666667 0.10546875 0.032552083333333336
0 0.6044921875 0.3561197916666667 0.05078125 0.032552083333333336
7 0.173828125 0.4166666666666667 0.34765625 0.020833333333333332
7 0.3603515625 0.4166666666666667 0.025390625 0.020833333333333332
6 0.416015625 0.4166666666666667 0.08984375 0.020833333333333332
2 0.04736328125 0.4798177083333333 0.0947265625 0.032552083333333336
7 0.5283203125 0.4830729166666667 0.052734375 0.020833333333333332
0 0.595703125 0.4837239583333333 0.068359375 0.016927083333333332
1 0.31494140625 0.5358072916666666 0.6298828125 0.061197916666666664
2 0.0703125 0.6471354166666666 0.140625 0.0234375
7 0.02880859375 0.6712239583333334 0.0576171875 0.022135416666666668
7 0.0810546875 0.6725260416666666 0.048828125 0.016927083333333332
2 0.0703125 0.7643229166666666 0.140625 0.0234375
4 0.19970703125 0.6608072916666666 0.0263671875 0.03515625
2 0.29150390625 0.6471354166666666 0.1435546875 0.0234375
6 0.24853515625 0.6712239583333334 0.0576171875 0.022135416666666668
7 0.30126953125 0.6731770833333334 0.0478515625 0.015625
2 0.4091796875 0.6471354166666666 0.09375 0.0234375
7 0.3935546875 0.6712239583333334 0.0546875 0.022135416666666668
7 0.4375 0.6725260416666666 0.03515625 0.016927083333333332
4 0.19970703125 0.7779947916666666 0.0263671875 0.03515625
2 0.2861328125 0.7643229166666666 0.1328125 0.0234375
6 0.2578125 0.7884114583333334 0.076171875 0.022135416666666668
2 0.40380859375 0.7643229166666666 0.1044921875 0.0234375
7 0.38671875 0.7884114583333334 0.0703125 0.022135416666666668
7 0.4375 0.7884114583333334 0.03515625 0.022135416666666668
2 0.56591796875 0.658203125 0.1279296875 0.045572916666666664
4 0.56591796875 0.7493489583333334 0.1279296875 0.13932291666666666
7 0.55712890625 0.8118489583333334 0.0322265625 0.016927083333333332
7 0.52392578125 0.7936197916666666 0.0244140625 0.016927083333333332
7 0.52392578125 0.7610677083333334 0.0244140625 0.016927083333333332
7 0.52392578125 0.7272135416666666 0.0244140625 0.016927083333333332
7 0.51953125 0.6946614583333334 0.033203125 0.016927083333333332
3 0.31494140625 0.919921875 0.6298828125 0.11848958333333333
7 0.666015625 0.5390625 0.072265625 0.018229166666666668
0 0.68603515625 0.5384114583333334 0.1123046875 0.061197916666666664
4 0.87548828125 0.4700520833333333 0.0283203125 0.015625
4 0.93603515625 0.4680989583333333 0.0869140625 0.009114583333333334
4 0.87548828125 0.4967447916666667 0.0283203125 0.01953125
4 0.93603515625 0.4954427083333333 0.0869140625 0.009114583333333334
4 0.87548828125 0.529296875 0.0283203125 0.037760416666666664
4 0.93603515625 0.52734375 0.0869140625 0.010416666666666666
4 0.87548828125 0.5618489583333334 0.0283203125 0.01953125
4 0.93603515625 0.5592447916666666 0.0869140625 0.009114583333333334
4 0.87548828125 0.5891927083333334 0.0283203125 0.024739583333333332
4 0.93603515625 0.5872395833333334 0.0869140625 0.010416666666666666
4 0.87548828125 0.6217447916666666 0.0283203125 0.037760416666666664
4 0.93603515625 0.6197916666666666 0.0869140625 0.010416666666666666
7 0.86865234375 0.6595052083333334 0.0068359375 0.01171875
7 0.92626953125 0.6595052083333334 0.1103515625 0.01171875
7 0.99072265625 0.4368489583333333 0.0185546875 0.040364583333333336