7 0.2099609375 0.061848958333333336 0.419921875 0.11588541666666667
7 0.2099609375 0.34375 0.419921875 0.15885416666666666
4 0.7099609375 0.15169270833333334 0.580078125 0.3033854166666667
2 0.7099609375 0.056640625 0.580078125 0.05859375
1 0.7587890625 0.13932291666666666 0.482421875 0.052083333333333336
1 0.5419921875 0.140625 0.048828125 0.0546875
4 0.431640625 0.259765625 0.0234375 0.06380208333333333
2 0.50146484375 0.259765625 0.0986328125 0.02734375
4 0.64404296875 0.2591145833333333 0.0478515625 0.0625
2 0.7294921875 0.2591145833333333 0.10546875 0.026041666666666668
4 0.87353515625 0.2591145833333333 0.0478515625 0.0625
2 0.953125 0.2591145833333333 0.09375 0.026041666666666668
2 0.7099609375 0.3489583333333333 0.580078125 0.0390625
7 0.51171875 0.470703125 0.18359375 0.04296875
6 0.501953125 0.5247395833333334 0.1640625 0.026041666666666668
7 0.8154296875 0.470703125 0.21484375 0.04296875
6 0.80908203125 0.5247395833333334 0.2021484375 0.026041666666666668
7 0.0126953125 0.58984375 0.025390625 0.052083333333333336
4 0.01318359375 0.6393229166666666 0.0263671875 0.015625
7 0.0966796875 0.58984375 0.06640625 0.052083333333333336
7 0.20263671875 0.58984375 0.0478515625 0.052083333333333336
7 0.30859375 0.58984375 0.103515625 0.052083333333333336
7 0.3916015625 0.58984375 0.056640625 0.052083333333333336
7 0.072265625 0.7311197916666666 0.14453125 0.04296875
0 0.07568359375 0.73046875 0.1513671875 0.0859375
4 0.15234375 0.7311197916666666 0.01171875 0.055989583333333336
7 0.072265625 0.8170572916666666 0.14453125 0.04296875
0 0.07568359375 0.81640625 0.1513671875 0.0859375
4 0.15576171875 0.8170572916666666 0.0107421875 0.022135416666666668
7 0.072265625 0.9029947916666666 0.14453125 0.04296875
0 0.07568359375 0.90234375 0.1513671875 0.0859375
4 0.15576171875 0.9029947916666666 0.0107421875 0.022135416666666668
7 0.072265625 0.9837239583333334 0.14453125 0.032552083333333336
0 0.07568359375 0.97265625 0.1513671875 0.0546875
4 0.15576171875 0.9889322916666666 0.0107421875 0.022135416666666668
6 0.3046875 0.7154947916666666 0.23046875 0.05078125
4 0.3046875 0.8815104166666666 0.23046875 0.23697916666666666
7 0.57763671875 0.6171875 0.3154296875 0.09375
6 0.57568359375 0.712890625 0.3115234375 0.02734375
7 0.58251953125 0.7467447916666666 0.3251953125 0.09505208333333333
6 0.435546875 0.7805989583333334 0.03125 0.02734375
7 0.49560546875 0.7805989583333334 0.0908203125 0.02734375
6 0.58740234375 0.7805989583333334 0.0927734375 0.02734375
7 0.6513671875 0.7805989583333334 0.0390625 0.02734375
6 0.5751953125 0.7975260416666666 0.310546875 0.061197916666666664
4 0.88671875 0.7350260416666666 0.2265625 0.3268229166666667