2 0.126953125 0.043619791666666664 0.25390625 0.08723958333333333
0 0.01171875 0.09765625 0.0234375 0.059895833333333336
0 0.06005859375 0.09765625 0.0576171875 0.059895833333333336
0 0.12451171875 0.09765625 0.0556640625 0.059895833333333336
0 0.18701171875 0.09765625 0.0537109375 0.059895833333333336
0 0.251953125 0.09765625 0.060546875 0.059895833333333336
0 0.33349609375 0.09765625 0.0869140625 0.059895833333333336
0 0.4091796875 0.09765625 0.048828125 0.059895833333333336
0 0.4609375 0.09765625 0.0390625 0.059895833333333336
0 0.517578125 0.09765625 0.05859375 0.059895833333333336
2 0.3095703125 0.2571614583333333 0.619140625 0.08984375
4 0.73486328125 0.15234375 0.2314453125 0.3046875
0 0.73486328125 0.15234375 0.2314453125 0.3046875
7 0.923828125 0.05859375 0.052734375 0.0234375
6 0.9697265625 0.05859375 0.041015625 0.0234375
7 0.94873046875 0.07421875 0.1025390625 0.0546875
7 0.94873046875 0.1953125 0.1025390625 0.08854166666666667
7 0.94873046875 0.3138020833333333 0.1025390625 0.052083333333333336
2 0.11962890625 0.384765625 0.1982421875 0.029947916666666668
0 0.11962890625 0.4192708333333333 0.2216796875 0.15885416666666666
7 0.11962890625 0.4251302083333333 0.1982421875 0.053385416666666664
4 0.02734375 0.4713541666666667 0.013671875 0.018229166666666668
7 0.0888671875 0.4713541666666667 0.08984375 0.020833333333333332
2 0.35302734375 0.384765625 0.1982421875 0.029947916666666668
0 0.35302734375 0.4192708333333333 0.2216796875 0.15885416666666666
7 0.35302734375 0.4251302083333333 0.1982421875 0.053385416666666664
4 0.2607421875 0.4713541666666667 0.013671875 0.018229166666666668
7 0.337890625 0.4713541666666667 0.12109375 0.020833333333333332
2 0.55322265625 0.384765625 0.1318359375 0.029947916666666668
0 0.54736328125 0.4192708333333333 0.1435546875 0.15885416666666666
7 0.55322265625 0.4251302083333333 0.1318359375 0.053385416666666664
4 0.494140625 0.4713541666666667 0.013671875 0.018229166666666668
7 0.56494140625 0.4713541666666667 0.1083984375 0.020833333333333332
2 0.0537109375 0.642578125 0.107421875 0.029947916666666668
0 0.07666015625 0.6145833333333334 0.1533203125 0.23177083333333334
7 0.0537109375 0.669921875 0.107421875 0.02734375
2 0.34814453125 0.6165364583333334 0.3427734375 0.029947916666666668
0 0.34814453125 0.6145833333333334 0.3662109375 0.23177083333333334
7 0.34814453125 0.6569010416666666 0.3427734375 0.053385416666666664
4 0.18359375 0.703125 0.013671875 0.018229166666666668
7 0.25 0.703125 0.099609375 0.020833333333333332
7 0.1923828125 0.5455729166666666 0.384765625 0.036458333333333336
7 0.0458984375 0.60546875 0.091796875 0.028645833333333332
4 0.3603515625 0.60546875 0.015625 0.020833333333333332
7 0.18408203125 0.6614583333333334 0.3681640625 0.07291666666666667
7 0.0234375 0.8138020833333334 0.046875 0.0234375
0 0.0302734375 0.8138020833333334 0.060546875 0.0234375
4 0.09326171875 0.8138020833333334 0.0205078125 0.026041666666666668
0 0.111328125 0.8138020833333334 0.072265625 0.041666666666666664
7 0.12109375 0.8138020833333334 0.029296875 0.0234375
4 0.17236328125 0.8138020833333334 0.0205078125 0.026041666666666668
0 0.1875 0.8138020833333334 0.06640625 0.041666666666666664
7 0.197265625 0.8138020833333334 0.0234375 0.0234375
7 0.24365234375 0.8138020833333334 0.0322265625 0.044270833333333336
4 0.3427734375 0.8138020833333334 0.01953125 0.026041666666666668
0 0.3486328125 0.8138020833333334 0.03125 0.026041666666666668
6 0.04052734375 0.8951822916666666 0.0810546875 0.01953125
0 0.11474609375 0.8958333333333334 0.0615234375 0.020833333333333332
4 0.3271484375 0.8984375 0.013671875 0.018229166666666668
0 0.34521484375 0.8984375 0.0615234375 0.03125
7 0.349609375 0.8984375 0.03125 0.028645833333333332
2 0.07275390625 0.9388020833333334 0.1455078125 0.026041666666666668
7 0.02783203125 0.984375 0.0263671875 0.020833333333333332
0 0.0224609375 0.9837239583333334 0.044921875 0.032552083333333336
2 0.52197265625 0.6458333333333334 0.1943359375 0.026041666666666668
7 0.4306640625 0.7005208333333334 0.01953125 0.0234375
0 0.51416015625 0.7005208333333334 0.2099609375 0.0625
4 0.453125 0.7005208333333334 0.009765625 0.013020833333333334
4 0.4814453125 0.7005208333333334 0.03125 0.041666666666666664
7 0.5341796875 0.7005208333333334 0.05859375 0.0234375
7 0.4306640625 0.7643229166666666 0.01953125 0.0234375
0 0.51416015625 0.7643229166666666 0.2099609375 0.0625
4 0.453125 0.7643229166666666 0.009765625 0.013020833333333334
4 0.4814453125 0.7643229166666666 0.03125 0.041666666666666664
7 0.55322265625 0.7643229166666666 0.0966796875 0.0234375
7 0.4306640625 0.828125 0.01953125 0.0234375
0 0.51416015625 0.828125 0.2099609375 0.0625
4 0.453125 0.828125 0.009765625 0.013020833333333334
4 0.48046875 0.8268229166666666 0.0234375 0.03125
7 0.56201171875 0.828125 0.1142578125 0.0234375
7 0.4306640625 0.8919270833333334 0.01953125 0.0234375
0 0.51416015625 0.8919270833333334 0.2099609375 0.0625
4 0.453125 0.8919270833333334 0.009765625 0.013020833333333334
4 0.4814453125 0.8919270833333334 0.03125 0.041666666666666664
7 0.56201171875 0.8919270833333334 0.1142578125 0.0234375
7 0.4306640625 0.9557291666666666 0.01953125 0.0234375
0 0.51416015625 0.9557291666666666 0.2099609375 0.0625
4 0.453125 0.9557291666666666 0.009765625 0.013020833333333334
4 0.4814453125 0.9557291666666666 0.03125 0.041666666666666664
7 0.53369140625 0.9557291666666666 0.0576171875 0.0234375
1 0.81787109375 0.3502604166666667 0.1669921875 0.020833333333333332
1 0.95166015625 0.3502604166666667 0.0966796875 0.020833333333333332
7 0.75341796875 0.396484375 0.0380859375 0.016927083333333332
7 0.79833984375 0.396484375 0.0537109375 0.016927083333333332
7 0.8515625 0.396484375 0.0546875 0.016927083333333332
7 0.8955078125 0.396484375 0.03515625 0.016927083333333332
7 0.939453125 0.396484375 0.0546875 0.016927083333333332
7 0.98291015625 0.396484375 0.0341796875 0.016927083333333332
7 0.76171875 0.419921875 0.0546875 0.016927083333333332
7 0.82421875 0.419921875 0.072265625 0.016927083333333332
7 0.8818359375 0.419921875 0.044921875 0.016927083333333332
7 0.9296875 0.419921875 0.052734375 0.016927083333333332
7 0.97412109375 0.419921875 0.0380859375 0.016927083333333332
2 0.8671875 0.4700520833333333 0.265625 0.033854166666666664
6 0.78857421875 0.5084635416666666 0.1083984375 0.016927083333333332
7 0.9208984375 0.5084635416666666 0.158203125 0.016927083333333332
7 0.83154296875 0.5319010416666666 0.1943359375 0.016927083333333332
6 0.95654296875 0.5319010416666666 0.0576171875 0.016927083333333332
6 0.79296875 0.5553385416666666 0.1171875 0.016927083333333332
7 0.8525390625 0.5553385416666666 0.00390625 0.016927083333333332
2 0.8671875 0.60546875 0.265625 0.033854166666666664
2 0.76611328125 0.6848958333333334 0.0634765625 0.08333333333333333
2 0.8291015625 0.6829427083333334 0.056640625 0.024739583333333332
7 0.8671875 0.7532552083333334 0.265625 0.032552083333333336
0 0.771484375 0.7962239583333334 0.07421875 0.032552083333333336
0 0.9697265625 0.8001302083333334 0.056640625 0.024739583333333332
0 0.80712890625 0.82421875 0.1455078125 0.033854166666666664
0 0.970703125 0.82421875 0.05859375 0.033854166666666664
0 0.79052734375 0.8528645833333334 0.1123046875 0.033854166666666664
0 0.970703125 0.8528645833333334 0.05859375 0.033854166666666664
0 0.8056640625 0.8802083333333334 0.142578125 0.033854166666666664
0 0.970703125 0.8802083333333334 0.05859375 0.033854166666666664
0 0.7685546875 0.9088541666666666 0.068359375 0.033854166666666664
0 0.970703125 0.9088541666666666 0.05859375 0.033854166666666664
0 0.763671875 0.9361979166666666 0.05859375 0.033854166666666664
0 0.970703125 0.9361979166666666 0.05859375 0.033854166666666664
0 0.7568359375 0.96484375 0.044921875 0.033854166666666664