4 0.26953125 0.1796875 0.5390625 0.359375
0 0.26953125 0.1796875 0.5390625 0.359375
4 0.76953125 0.039713541666666664 0.4609375 0.07942708333333333
4 0.76953125 0.18684895833333334 0.4609375 0.18880208333333334
0 0.76953125 0.18684895833333334 0.4609375 0.19140625
7 0.580078125 0.16341145833333334 0.08203125 0.09765625
1 0.84375 0.08463541666666667 0.3125 0.049479166666666664
7 0.78173828125 0.06315104166666667 0.1884765625 0.024739583333333332
1 0.84375 0.17838541666666666 0.3125 0.049479166666666664
7 0.74169921875 0.18033854166666666 0.1083984375 0.024739583333333332
7 0.9833984375 0.17578125 0.033203125 0.0234375
0 0.9833984375 0.17643229166666666 0.033203125 0.02734375
7 0.8515625 0.2786458333333333 0.03515625 0.0234375
0 0.84375 0.2786458333333333 0.3125 0.0625
7 0.84375 0.3430989583333333 0.3125 0.024739583333333332
4 0.27001953125 0.677734375 0.5380859375 0.63671875
2 0.27734375 0.8352864583333334 0.5234375 0.04296875
0 0.27001953125 0.6731770833333334 0.5380859375 0.020833333333333332
7 0.27734375 0.8802083333333334 0.5234375 0.028645833333333332
4 0.11669921875 0.9654947916666666 0.2314453125 0.06901041666666667
4 0.3623046875 0.9654947916666666 0.232421875 0.06901041666666667
4 0.76953125 0.6510416666666666 0.4609375 0.5833333333333334
7 0.83642578125 0.62109375 0.3271484375 0.10677083333333333
6 0.611328125 0.94140625 0.14453125 0.1171875
4 0.54736328125 0.9348958333333334 0.0166015625 0.0078125
7 0.6611328125 0.9772135416666666 0.244140625 0.045572916666666664
6 0.89990234375 0.94140625 0.1552734375 0.1171875
4 0.84716796875 0.9348958333333334 0.0498046875 0.0078125
7 0.9111328125 0.9765625 0.177734375 0.046875