4 0.28466796875 0.2747395833333333 0.5693359375 0.5494791666666666
0 0.28466796875 0.2747395833333333 0.5693359375 0.5494791666666666
4 0.66455078125 0.01953125 0.1904296875 0.0390625
0 0.66455078125 0.0234375 0.1904296875 0.046875
0 0.9716796875 0.016927083333333332 0.056640625 0.033854166666666664
7 0.61767578125 0.087890625 0.0810546875 0.040364583333333336
0 0.61767578125 0.08854166666666667 0.0966796875 0.0546875
7 0.71435546875 0.08854166666666667 0.0302734375 0.020833333333333332
0 0.7138671875 0.08854166666666667 0.09765625 0.0546875
7 0.81103515625 0.087890625 0.0810546875 0.040364583333333336
0 0.810546875 0.08854166666666667 0.09765625 0.0546875
7 0.90771484375 0.08854166666666667 0.0498046875 0.020833333333333332
0 0.9072265625 0.08854166666666667 0.09765625 0.0546875
7 0.98193359375 0.087890625 0.0361328125 0.040364583333333336
0 0.9775390625 0.08854166666666667 0.044921875 0.0546875
0 0.66552734375 0.4759114583333333 0.0107421875 0.022135416666666668
4 0.6884765625 0.474609375 0.01171875 0.014322916666666666
4 0.7119140625 0.474609375 0.01171875 0.014322916666666666
4 0.7353515625 0.474609375 0.01171875 0.014322916666666666
4 0.7587890625 0.474609375 0.01171875 0.014322916666666666
0 0.78173828125 0.4759114583333333 0.0107421875 0.022135416666666668
4 0.630859375 0.3118489583333333 0.123046875 0.2825520833333333
0 0.63818359375 0.3118489583333333 0.1376953125 0.2825520833333333
2 0.8515625 0.19661458333333334 0.259765625 0.059895833333333336
6 0.7744140625 0.23828125 0.10546875 0.020833333333333332
7 0.85791015625 0.30859375 0.2724609375 0.08854166666666667
6 0.74462890625 0.37109375 0.0458984375 0.026041666666666668
2 0.6845703125 0.53125 0.23046875 0.033854166666666664
2 0.92724609375 0.53125 0.1376953125 0.026041666666666668
4 0.28466796875 0.7545572916666666 0.5693359375 0.41015625
7 0.78466796875 0.60546875 0.4306640625 0.0234375
4 0.6484375 0.822265625 0.158203125 0.3294270833333333
0 0.6484375 0.822265625 0.158203125 0.3294270833333333
7 0.75537109375 0.66796875 0.0185546875 0.020833333333333332
7 0.80517578125 0.66796875 0.0556640625 0.020833333333333332
7 0.86181640625 0.66796875 0.0322265625 0.020833333333333332
7 0.8994140625 0.66796875 0.017578125 0.020833333333333332
7 0.94287109375 0.66796875 0.0439453125 0.020833333333333332
7 0.98828125 0.66796875 0.0234375 0.020833333333333332
4 0.873046875 0.7643229166666666 0.25390625 0.15625
7 0.8046875 0.8619791666666666 0.1171875 0.020833333333333332
7 0.8974609375 0.8619791666666666 0.068359375 0.020833333333333332
7 0.95849609375 0.8619791666666666 0.0537109375 0.020833333333333332
7 0.99267578125 0.8619791666666666 0.0146484375 0.020833333333333332
7 0.8046875 0.8971354166666666 0.1171875 0.020833333333333332
7 0.8974609375 0.8971354166666666 0.068359375 0.020833333333333332
7 0.95849609375 0.8971354166666666 0.0537109375 0.020833333333333332
7 0.99267578125 0.8971354166666666 0.0146484375 0.020833333333333332
7 0.8046875 0.9322916666666666 0.1171875 0.020833333333333332
7 0.8974609375 0.9322916666666666 0.068359375 0.020833333333333332
7 0.95849609375 0.9322916666666666 0.0537109375 0.020833333333333332
7 0.99267578125 0.9322916666666666 0.0146484375 0.020833333333333332
7 0.8046875 0.9674479166666666 0.1171875 0.020833333333333332
7 0.8974609375 0.9674479166666666 0.068359375 0.020833333333333332
7 0.95849609375 0.9674479166666666 0.0537109375 0.020833333333333332
7 0.99267578125 0.9674479166666666 0.0146484375 0.020833333333333332
7 0.8046875 0.99609375 0.1171875 0.0078125
7 0.8974609375 0.99609375 0.068359375 0.0078125
7 0.95849609375 0.99609375 0.0537109375 0.0078125