2 0.134765625 0.171875 0.26953125 0.25
7 0.134765625 0.40234375 0.26953125 0.14583333333333334
7 0.5263671875 0.017578125 0.513671875 0.032552083333333336
7 0.50390625 0.056640625 0.171875 0.032552083333333336
7 0.41943359375 0.123046875 0.2998046875 0.032552083333333336
6 0.60205078125 0.123046875 0.0654296875 0.032552083333333336
7 0.64111328125 0.123046875 0.0126953125 0.032552083333333336
6 0.67236328125 0.123046875 0.0498046875 0.032552083333333336
7 0.70361328125 0.123046875 0.0126953125 0.032552083333333336
6 0.7490234375 0.123046875 0.078125 0.032552083333333336
2 0.4326171875 0.4440104166666667 0.080078125 0.018229166666666668
0 0.44091796875 0.4798177083333333 0.0966796875 0.01953125
2 0.54296875 0.4440104166666667 0.05078125 0.018229166666666668
0 0.58203125 0.4798177083333333 0.12890625 0.01953125
2 0.7392578125 0.4446614583333333 0.12890625 0.024739583333333332
0 0.7392578125 0.4798177083333333 0.12890625 0.01953125
2 0.85693359375 0.4440104166666667 0.0498046875 0.018229166666666668
0 0.89599609375 0.4798177083333333 0.1279296875 0.01953125
0 0.0927734375 0.6647135416666666 0.185546875 0.3502604166666667
2 0.087890625 0.7272135416666666 0.17578125 0.17317708333333334
7 0.091796875 0.9055989583333334 0.1484375 0.01953125
2 0.11181640625 0.9459635416666666 0.0693359375 0.02734375
7 0.111328125 0.9752604166666666 0.068359375 0.049479166666666664
4 0.634765625 0.7447916666666666 0.73046875 0.5104166666666666