2 0.19287109375 0.203125 0.3857421875 0.25
7 0.19287109375 0.43359375 0.3857421875 0.14583333333333334
0 0.05859375 0.6041666666666666 0.1171875 0.06510416666666667
6 0.94189453125 0.005208333333333333 0.0341796875 0.010416666666666666
7 0.60546875 0.154296875 0.26953125 0.024739583333333332
7 0.71044921875 0.21028645833333334 0.5009765625 0.016927083333333332
3 0.71044921875 0.27734375 0.5009765625 0.1171875
4 0.72998046875 0.5032552083333334 0.5400390625 0.29296875
0 0.72998046875 0.5032552083333334 0.5400390625 0.29296875
1 0.3056640625 0.6751302083333334 0.267578125 0.05078125
1 0.3056640625 0.732421875 0.267578125 0.048177083333333336
0 0.392578125 0.7786458333333334 0.09375 0.020833333333333332
6 0.30517578125 0.8860677083333334 0.0927734375 0.022135416666666668
7 0.294921875 0.9459635416666666 0.330078125 0.022135416666666668
4 0.3056640625 0.98046875 0.224609375 0.0234375
7 0.60693359375 0.8248697916666666 0.2939453125 0.3502604166666667
2 0.68359375 0.7395833333333334 0.34765625 0.07291666666666667
0 0.599609375 0.84375 0.1796875 0.052083333333333336
4 0.71826171875 0.8430989583333334 0.0205078125 0.02734375
0 0.79052734375 0.84375 0.1884765625 0.052083333333333336
7 0.80126953125 0.8444010416666666 0.1318359375 0.01953125
4 0.9404296875 0.8248697916666666 0.119140625 0.3502604166666667
0 0.9404296875 0.8248697916666666 0.119140625 0.3502604166666667