7 0.08837890625 0.04296875 0.1767578125 0.0859375
7 0.06005859375 0.171875 0.1201171875 0.07552083333333333
0 0.04248046875 0.2819010416666667 0.0849609375 0.06380208333333333
6 0.04345703125 0.3645833333333333 0.0869140625 0.028645833333333332
2 0.611328125 0.03125 0.36328125 0.0625
2 0.611328125 0.140625 0.36328125 0.078125
2 0.611328125 0.23697916666666666 0.36328125 0.0625
0 0.46484375 0.3528645833333333 0.0703125 0.057291666666666664
0 0.603515625 0.3528645833333333 0.166015625 0.057291666666666664
4 0.896484375 0.189453125 0.20703125 0.37890625
6 0.0234375 0.5455729166666666 0.046875 0.03125
6 0.10107421875 0.5455729166666666 0.0771484375 0.03125
2 0.21484375 0.6848958333333334 0.4296875 0.07291666666666667
1 0.21484375 0.7890625 0.4296875 0.052083333333333336
2 0.21484375 0.9479166666666666 0.4296875 0.036458333333333336
7 0.21484375 0.9895833333333334 0.4296875 0.020833333333333332
7 0.7763671875 0.4674479166666667 0.037109375 0.015625
0 0.7763671875 0.4674479166666667 0.06640625 0.015625
7 0.84814453125 0.4674479166666667 0.0478515625 0.015625
0 0.84814453125 0.4674479166666667 0.0771484375 0.015625
7 0.91796875 0.4674479166666667 0.033203125 0.015625
0 0.91796875 0.4674479166666667 0.0625 0.015625
2 0.65478515625 0.544921875 0.4501953125 0.045572916666666664
2 0.64501953125 0.599609375 0.4306640625 0.032552083333333336
7 0.47607421875 0.7024739583333334 0.0927734375 0.029947916666666668
0 0.49658203125 0.703125 0.1337890625 0.0625
0 0.70947265625 0.7044270833333334 0.2353515625 0.06510416666666667
4 0.65478515625 0.8932291666666666 0.4501953125 0.21354166666666666