2 0.259765625 0.2747395833333333 0.51953125 0.5494791666666666
0 0.0771484375 0.008463541666666666 0.0859375 0.016927083333333332
0 0.16748046875 0.008463541666666666 0.0966796875 0.016927083333333332
0 0.27001953125 0.008463541666666666 0.1103515625 0.016927083333333332
2 0.259765625 0.2747395833333333 0.51953125 0.5494791666666666
2 0.146484375 0.24479166666666666 0.29296875 0.09375
2 0.4140625 0.24479166666666666 0.2109375 0.09375
2 0.2490234375 0.3372395833333333 0.4140625 0.09375
2 0.259765625 0.4303385416666667 0.51953125 0.09244791666666667
7 0.259765625 0.5325520833333334 0.51953125 0.033854166666666664
2 0.62646484375 0.026041666666666668 0.2138671875 0.052083333333333336
0 0.62646484375 0.026041666666666668 0.2138671875 0.052083333333333336
0 0.55615234375 0.07096354166666667 0.0732421875 0.024739583333333332
7 0.55810546875 0.09440104166666667 0.0771484375 0.024739583333333332
7 0.63818359375 0.09440104166666667 0.0849609375 0.024739583333333332
4 0.78955078125 0.0234375 0.0361328125 0.046875
0 0.78955078125 0.0234375 0.0361328125 0.046875
2 0.9091796875 0.026041666666666668 0.181640625 0.052083333333333336
0 0.9091796875 0.026041666666666668 0.181640625 0.052083333333333336
0 0.84521484375 0.07096354166666667 0.0537109375 0.024739583333333332
4 0.880859375 0.0703125 0.013671875 0.018229166666666668
7 0.859375 0.09440104166666667 0.08203125 0.024739583333333332
7 0.9375 0.09440104166666667 0.076171875 0.024739583333333332
4 0.63818359375 0.2643229166666667 0.2373046875 0.21354166666666666
0 0.63818359375 0.2643229166666667 0.2373046875 0.21354166666666666
7 0.73583984375 0.3548177083333333 0.0263671875 0.016927083333333332
2 0.62646484375 0.4147135416666667 0.2138671875 0.053385416666666664
0 0.62646484375 0.4147135416666667 0.2138671875 0.053385416666666664
0 0.58837890625 0.4602864583333333 0.1376953125 0.024739583333333332
4 0.6650390625 0.4609375 0.013671875 0.018229166666666668
7 0.56005859375 0.4837239583333333 0.0810546875 0.024739583333333332
7 0.638671875 0.4837239583333333 0.078125 0.024739583333333332
4 0.8857421875 0.2643229166666667 0.228515625 0.21354166666666666
0 0.8857421875 0.2643229166666667 0.228515625 0.21354166666666666
4 0.78955078125 0.412109375 0.0361328125 0.048177083333333336
0 0.78955078125 0.412109375 0.0361328125 0.048177083333333336
2 0.9091796875 0.4147135416666667 0.181640625 0.053385416666666664
0 0.9091796875 0.4147135416666667 0.181640625 0.053385416666666664
0 0.8583984375 0.4602864583333333 0.080078125 0.024739583333333332
4 0.9072265625 0.4609375 0.013671875 0.018229166666666668
7 0.857421875 0.4837239583333333 0.078125 0.024739583333333332
7 0.93115234375 0.4837239583333333 0.0712890625 0.024739583333333332
3 0.259765625 0.5748697916666666 0.51953125 0.05078125
0 0.017578125 0.68359375 0.03515625 0.0546875
0 0.07568359375 0.68359375 0.0791015625 0.0546875
0 0.15576171875 0.68359375 0.0791015625 0.0546875
0 0.23486328125 0.68359375 0.0791015625 0.0546875
0 0.31494140625 0.68359375 0.0791015625 0.0546875
0 0.39501953125 0.68359375 0.0791015625 0.0546875
0 0.47509765625 0.68359375 0.0791015625 0.0546875
0 0.259765625 0.865234375 0.51953125 0.26953125
4 0.259765625 0.865234375 0.51953125 0.26953125
3 0.8046875 0.5846354166666666 0.390625 0.0703125
4 0.759765625 0.865234375 0.48046875 0.26953125
4 0.759765625 0.865234375 0.48046875 0.26953125
4 0.759765625 0.865234375 0.48046875 0.26953125