0 0.03662109375 0.009765625 0.0732421875 0.01953125
0 0.126953125 0.009765625 0.109375 0.01953125
0 0.23486328125 0.009765625 0.1083984375 0.01953125
4 0.14453125 0.2877604166666667 0.2890625 0.484375
2 0.0869140625 0.2819010416666667 0.173828125 0.08984375
2 0.14453125 0.4075520833333333 0.2890625 0.0546875
7 0.14453125 0.4537760416666667 0.2890625 0.029947916666666668
7 0.14453125 0.049479166666666664 0.2890625 0.09375
7 0.14453125 0.08333333333333333 0.2890625 0.026041666666666668
0 0.14453125 0.10221354166666667 0.2890625 0.06380208333333333
2 0.322265625 0.022786458333333332 0.06640625 0.045572916666666664
0 0.474609375 0.025390625 0.140625 0.05078125
0 0.6259765625 0.025390625 0.0859375 0.05078125
0 0.75341796875 0.025390625 0.0927734375 0.05078125
0 0.87060546875 0.025390625 0.0654296875 0.05078125
0 0.99560546875 0.0234375 0.0087890625 0.0390625
4 0.64453125 0.298828125 0.7109375 0.4622395833333333
2 0.41748046875 0.4348958333333333 0.2568359375 0.109375
2 0.64404296875 0.408203125 0.1025390625 0.029947916666666668
2 0.8876953125 0.408203125 0.10546875 0.05859375
2 0.681640625 0.478515625 0.177734375 0.029947916666666668
2 0.88818359375 0.478515625 0.1064453125 0.05859375
4 0.1865234375 0.5559895833333334 0.205078125 0.052083333333333336
0 0.1923828125 0.5598958333333334 0.193359375 0.015625
4 0.1162109375 0.7981770833333334 0.232421875 0.234375
2 0.1162109375 0.95703125 0.232421875 0.0625
2 0.42431640625 0.56640625 0.0947265625 0.06770833333333333
0 0.302734375 0.6106770833333334 0.02734375 0.059895833333333336
0 0.35107421875 0.6106770833333334 0.0537109375 0.059895833333333336
0 0.41748046875 0.6106770833333334 0.0634765625 0.059895833333333336
0 0.49072265625 0.6106770833333334 0.0673828125 0.059895833333333336
0 0.5517578125 0.6106770833333334 0.0390625 0.059895833333333336
0 0.900390625 0.6119791666666666 0.154296875 0.059895833333333336
0 0.900390625 0.6041666666666666 0.15625 0.046875
7 0.6357421875 0.8040364583333334 0.693359375 0.08984375
7 0.5625 0.919921875 0.546875 0.11588541666666667