0 0.11572265625 0.048177083333333336 0.2314453125 0.057291666666666664
2 0.1328125 0.22981770833333334 0.265625 0.03515625
7 0.2021484375 0.2890625 0.404296875 0.0546875
2 0.677734375 0.2760416666666667 0.31640625 0.049479166666666664
2 0.55029296875 0.3248697916666667 0.0615234375 0.048177083333333336
2 0.609375 0.3248697916666667 0.056640625 0.048177083333333336
4 0.4345703125 0.689453125 0.169921875 0.62109375
7 0.03857421875 0.5221354166666666 0.0771484375 0.036458333333333336
0 0.150390625 0.5221354166666666 0.30078125 0.078125
4 0.2734375 0.5221354166666666 0.0234375 0.03125
7 0.0751953125 0.62109375 0.150390625 0.036458333333333336
0 0.150390625 0.62109375 0.30078125 0.078125
4 0.2734375 0.62109375 0.0234375 0.03125
7 0.0791015625 0.7200520833333334 0.158203125 0.036458333333333336
0 0.150390625 0.7200520833333334 0.30078125 0.078125
4 0.2734375 0.7200520833333334 0.0234375 0.03125
4 0.55224609375 0.4368489583333333 0.0654296875 0.11588541666666667
0 0.55224609375 0.4720052083333333 0.0654296875 0.18619791666666666
7 0.55224609375 0.5358072916666666 0.0654296875 0.05859375
4 0.681640625 0.4368489583333333 0.17578125 0.11588541666666667
0 0.681640625 0.486328125 0.17578125 0.21484375
7 0.681640625 0.5501302083333334 0.17578125 0.08723958333333333
4 0.8662109375 0.4368489583333333 0.17578125 0.11588541666666667
0 0.8662109375 0.486328125 0.17578125 0.21484375
7 0.8662109375 0.5501302083333334 0.17578125 0.08723958333333333
7 0.9814453125 0.564453125 0.037109375 0.11588541666666667
4 0.80126953125 0.8899739583333334 0.1806640625 0.18098958333333334
0 0.80126953125 0.8899739583333334 0.1806640625 0.18098958333333334
7 0.95556640625 0.8092447916666666 0.0888671875 0.01953125
0 0.95556640625 0.904296875 0.0888671875 0.15755208333333334