2 0.21484375 0.15104166666666666 0.4296875 0.046875
6 0.095703125 0.24934895833333334 0.19140625 0.061197916666666664
0 0.095703125 0.3138020833333333 0.19140625 0.19010416666666666
4 0.095703125 0.34375 0.19140625 0.13020833333333334
6 0.3203125 0.24934895833333334 0.21875 0.061197916666666664
0 0.3203125 0.3138020833333333 0.21875 0.19010416666666666
4 0.3203125 0.34375 0.21875 0.13020833333333334
7 0.388671875 0.3828125 0.0703125 0.033854166666666664
0 0.38330078125 0.380859375 0.0927734375 0.055989583333333336
0 0.4501953125 0.03515625 0.041015625 0.03125
0 0.5302734375 0.03515625 0.08984375 0.03125
0 0.6181640625 0.03515625 0.056640625 0.015625
0 0.697265625 0.03515625 0.072265625 0.03125
0 0.77294921875 0.03515625 0.0498046875 0.015625
0 0.84814453125 0.03515625 0.0712890625 0.03125
0 0.9150390625 0.03515625 0.033203125 0.015625
0 0.98095703125 0.032552083333333336 0.0380859375 0.03125
4 0.71484375 0.24479166666666666 0.5703125 0.328125
4 0.71484375 0.24479166666666666 0.5703125 0.328125
2 0.53515625 0.3177083333333333 0.2109375 0.10416666666666667
4 0.71484375 0.306640625 0.5703125 0.20442708333333334
4 0.216796875 0.6328125 0.28515625 0.4479166666666667
0 0.45556640625 0.46875 0.0517578125 0.028645833333333332
0 0.55810546875 0.46875 0.0517578125 0.028645833333333332
0 0.68115234375 0.46875 0.0947265625 0.028645833333333332
0 0.81640625 0.46875 0.076171875 0.028645833333333332
0 0.94189453125 0.4674479166666667 0.0732421875 0.028645833333333332
4 0.6015625 0.6712239583333334 0.34375 0.33984375
4 0.892578125 0.6959635416666666 0.21484375 0.3893229166666667
2 0.5087890625 0.9212239583333334 0.158203125 0.024739583333333332
6 0.490234375 0.9752604166666666 0.12109375 0.046875
2 0.81787109375 0.9212239583333334 0.3642578125 0.024739583333333332