7 0.16650390625 0.009765625 0.3330078125 0.01953125
4 0.1826171875 0.036458333333333336 0.365234375 0.07291666666666667
2 0.0888671875 0.014322916666666666 0.177734375 0.028645833333333332
7 0.1669921875 0.040364583333333336 0.333984375 0.026041666666666668
7 0.0263671875 0.08138020833333333 0.052734375 0.032552083333333336
0 0.03662109375 0.08138020833333333 0.0732421875 0.032552083333333336
7 0.11328125 0.08138020833333333 0.068359375 0.032552083333333336
0 0.1201171875 0.08138020833333333 0.095703125 0.032552083333333336
7 0.20068359375 0.08138020833333333 0.0537109375 0.032552083333333336
0 0.20751953125 0.08138020833333333 0.0810546875 0.032552083333333336
7 0.27978515625 0.08138020833333333 0.0517578125 0.032552083333333336
0 0.28662109375 0.08138020833333333 0.0791015625 0.032552083333333336
7 0.60400390625 0.08463541666666667 0.0107421875 0.03125
2 0.1123046875 0.3912760416666667 0.224609375 0.048177083333333336
0 0.3046875 0.291015625 0.609375 0.31640625
2 0.81982421875 0.025390625 0.3603515625 0.02734375
7 0.81982421875 0.061848958333333336 0.3603515625 0.02734375
2 0.81982421875 0.10872395833333333 0.3603515625 0.02734375
7 0.81982421875 0.158203125 0.3603515625 0.053385416666666664
6 0.62744140625 0.3756510416666667 0.0341796875 0.016927083333333332
6 0.6923828125 0.3756510416666667 0.06640625 0.016927083333333332
6 0.7783203125 0.3756510416666667 0.078125 0.016927083333333332
2 0.083984375 0.6549479166666666 0.16796875 0.234375
2 0.10107421875 0.654296875 0.2021484375 0.08463541666666667
2 0.1435546875 0.732421875 0.287109375 0.08463541666666667
6 0.07666015625 0.85546875 0.0244140625 0.03125
0 0.14404296875 0.85546875 0.1748046875 0.057291666666666664
7 0.15869140625 0.8541666666666666 0.1259765625 0.026041666666666668
0 0.75 0.46875 0.154296875 0.0390625
4 0.7470703125 0.69140625 0.16796875 0.0546875
4 0.75 0.814453125 0.28125 0.09765625
2 0.76904296875 0.798828125 0.1650390625 0.06380208333333333
7 0.6943359375 0.853515625 0.015625 0.016927083333333332
7 0.74755859375 0.853515625 0.0927734375 0.016927083333333332
4 0.87060546875 0.8483072916666666 0.0126953125 0.016927083333333332
7 0.88623046875 0.8483072916666666 0.0107421875 0.014322916666666666
4 0.75 0.9375 0.28125 0.09895833333333333
2 0.76318359375 0.921875 0.1533203125 0.06510416666666667
7 0.69384765625 0.9759114583333334 0.0146484375 0.016927083333333332
7 0.744140625 0.9759114583333334 0.087890625 0.016927083333333332
4 0.87060546875 0.970703125 0.0126953125 0.016927083333333332
7 0.88623046875 0.970703125 0.0107421875 0.014322916666666666
4 0.96484375 0.814453125 0.0703125 0.09765625
4 0.96484375 0.9375 0.0703125 0.09895833333333333