7 0.2373046875 0.06380208333333333 0.185546875 0.049479166666666664
0 0.236328125 0.0625 0.208984375 0.052083333333333336
2 0.72998046875 0.2649739583333333 0.5400390625 0.5299479166666666
2 0.72998046875 0.2649739583333333 0.5400390625 0.5299479166666666
2 0.72998046875 0.0546875 0.5400390625 0.10416666666666667
7 0.72998046875 0.16276041666666666 0.5400390625 0.033854166666666664
0 0.92529296875 0.271484375 0.1494140625 0.06640625
6 0.22998046875 0.7200520833333334 0.4599609375 0.052083333333333336
4 0.22998046875 0.646484375 0.4599609375 0.23307291666666666
2 0.080078125 0.8190104166666666 0.16015625 0.020833333333333332
4 0.080078125 0.9342447916666666 0.16015625 0.13151041666666666
6 0.1513671875 0.818359375 0.013671875 0.01953125
2 0.3271484375 0.8190104166666666 0.265625 0.020833333333333332
6 0.3134765625 0.818359375 0.013671875 0.01953125
7 0.32470703125 0.818359375 0.0107421875 0.01953125
6 0.35009765625 0.818359375 0.0419921875 0.01953125
7 0.375 0.818359375 0.009765625 0.01953125
6 0.39892578125 0.818359375 0.0400390625 0.01953125
7 0.33203125 0.8404947916666666 0.05078125 0.01953125
6 0.373046875 0.8404947916666666 0.033203125 0.01953125
7 0.40234375 0.8404947916666666 0.02734375 0.01953125
6 0.4375 0.8404947916666666 0.044921875 0.01953125
4 0.26806640625 0.9186197916666666 0.1474609375 0.10286458333333333
7 0.384765625 0.8763020833333334 0.07421875 0.015625
7 0.43115234375 0.8763020833333334 0.0205078125 0.015625
7 0.40380859375 0.8854166666666666 0.1123046875 0.033854166666666664
6 0.40380859375 0.966796875 0.1123046875 0.06640625
4 0.8798828125 0.5481770833333334 0.078125 0.036458333333333336
2 0.77099609375 0.5924479166666666 0.4580078125 0.041666666666666664
2 0.77099609375 0.6959635416666666 0.4580078125 0.13671875
7 0.77099609375 0.8600260416666666 0.4580078125 0.15234375
0 0.85009765625 0.9934895833333334 0.2998046875 0.013020833333333334