2 0.01171875 0.091796875 0.0234375 0.05859375
4 0.08935546875 0.028645833333333332 0.1142578125 0.057291666666666664
0 0.08935546875 0.060546875 0.1142578125 0.12109375
2 0.08935546875 0.091796875 0.1142578125 0.05859375
4 0.21240234375 0.028645833333333332 0.1142578125 0.057291666666666664
0 0.21240234375 0.060546875 0.1142578125 0.12109375
2 0.21240234375 0.091796875 0.1142578125 0.05859375
4 0.33544921875 0.028645833333333332 0.1142578125 0.057291666666666664
0 0.33544921875 0.060546875 0.1142578125 0.12109375
2 0.33544921875 0.091796875 0.1142578125 0.05859375
4 0.45849609375 0.028645833333333332 0.1142578125 0.057291666666666664
0 0.45849609375 0.060546875 0.1142578125 0.12109375
2 0.45849609375 0.091796875 0.1142578125 0.05859375
4 0.03369140625 0.21549479166666666 0.0673828125 0.11848958333333333
7 0.11572265625 0.16796875 0.0498046875 0.0234375
7 0.181640625 0.169921875 0.06640625 0.01953125
2 0.2705078125 0.23111979166666666 0.359375 0.08984375
0 0.28173828125 0.21614583333333334 0.3818359375 0.0625
7 0.28173828125 0.2760416666666667 0.3818359375 0.046875
4 0.49755859375 0.19140625 0.0205078125 0.026041666666666668
0 0.498046875 0.18033854166666666 0.025390625 0.048177083333333336
4 0.49755859375 0.23177083333333334 0.0263671875 0.020833333333333332
0 0.498046875 0.234375 0.03515625 0.026041666666666668
4 0.03369140625 0.388671875 0.0673828125 0.10026041666666667
7 0.12158203125 0.3502604166666667 0.0615234375 0.0234375
7 0.1953125 0.3522135416666667 0.0703125 0.01953125
2 0.2783203125 0.4036458333333333 0.375 0.0703125
0 0.28173828125 0.3984375 0.3818359375 0.0625
4 0.498046875 0.3736979166666667 0.01953125 0.026041666666666668
0 0.498046875 0.3626302083333333 0.01953125 0.048177083333333336
4 0.49755859375 0.4140625 0.0263671875 0.020833333333333332
0 0.498046875 0.4166666666666667 0.03515625 0.026041666666666668
2 0.771484375 0.042317708333333336 0.45703125 0.08463541666666667
7 0.54736328125 0.353515625 0.0556640625 0.05078125
4 0.72607421875 0.3567708333333333 0.1767578125 0.049479166666666664
7 0.99072265625 0.353515625 0.0185546875 0.05078125
7 0.8046875 0.419921875 0.36328125 0.037760416666666664
2 0.23193359375 0.462890625 0.4638671875 0.032552083333333336
2 0.23193359375 0.5592447916666666 0.4638671875 0.032552083333333336
2 0.23193359375 0.6555989583333334 0.4638671875 0.032552083333333336
2 0.23193359375 0.767578125 0.4638671875 0.06380208333333333
2 0.04833984375 0.9010416666666666 0.0830078125 0.046875
2 0.21337890625 0.9010416666666666 0.1240234375 0.046875
2 0.38427734375 0.9010416666666666 0.0966796875 0.046875
0 0.15283203125 0.9876302083333334 0.3056640625 0.024739583333333332
0 0.59521484375 0.4596354166666667 0.1513671875 0.041666666666666664
6 0.6162109375 0.5201822916666666 0.193359375 0.024739583333333332
4 0.6708984375 0.71875 0.302734375 0.18229166666666666
2 0.64208984375 0.6959635416666666 0.2451171875 0.032552083333333336
7 0.64208984375 0.732421875 0.2451171875 0.02734375
4 0.8916015625 0.71875 0.216796875 0.18229166666666666
2 0.8916015625 0.6959635416666666 0.216796875 0.032552083333333336
7 0.8916015625 0.732421875 0.216796875 0.02734375
4 0.6708984375 0.91796875 0.302734375 0.1640625
2 0.64208984375 0.904296875 0.2451171875 0.032552083333333336
7 0.64208984375 0.9407552083333334 0.2451171875 0.02734375
4 0.8916015625 0.91796875 0.216796875 0.1640625
2 0.8916015625 0.904296875 0.216796875 0.032552083333333336
7 0.8916015625 0.9407552083333334 0.216796875 0.02734375