7 0.11279296875 0.016276041666666668 0.2255859375 0.01953125
7 0.1279296875 0.047526041666666664 0.255859375 0.01953125
7 0.130859375 0.07877604166666667 0.26171875 0.01953125
7 0.025390625 0.11067708333333333 0.05078125 0.020833333333333332
6 0.05712890625 0.14127604166666666 0.0439453125 0.01953125
7 0.1005859375 0.14127604166666666 0.033203125 0.01953125
7 0.1396484375 0.14127604166666666 0.033203125 0.01953125
7 0.162109375 0.14127604166666666 0.013671875 0.01953125
4 0.37451171875 0.038411458333333336 0.1181640625 0.07682291666666667
0 0.37451171875 0.041015625 0.1181640625 0.08203125
2 0.400390625 0.107421875 0.169921875 0.022135416666666668
0 0.400390625 0.11979166666666667 0.169921875 0.049479166666666664
2 0.39306640625 0.13216145833333334 0.1552734375 0.022135416666666668
0 0.0283203125 0.19270833333333334 0.056640625 0.0234375
0 0.09814453125 0.19270833333333334 0.0576171875 0.0234375
0 0.1611328125 0.19270833333333334 0.04296875 0.0234375
0 0.220703125 0.19270833333333334 0.05078125 0.0234375
0 0.2998046875 0.19270833333333334 0.08203125 0.0234375
0 0.38134765625 0.19270833333333334 0.0537109375 0.0234375
0 0.43994140625 0.19270833333333334 0.0400390625 0.0234375
0 0.4873046875 0.19270833333333334 0.029296875 0.0234375
4 0.41455078125 0.24153645833333334 0.0263671875 0.048177083333333336
1 0.21923828125 0.24153645833333334 0.4384765625 0.048177083333333336
7 0.47705078125 0.24153645833333334 0.0771484375 0.048177083333333336
0 0.47900390625 0.24153645833333334 0.0810546875 0.048177083333333336
7 0.01171875 0.28515625 0.0234375 0.020833333333333332
7 0.05224609375 0.28515625 0.0576171875 0.020833333333333332
7 0.09814453125 0.28515625 0.0361328125 0.020833333333333332
7 0.00732421875 0.3802083333333333 0.0048828125 0.020833333333333332
2 0.08544921875 0.3463541666666667 0.0458984375 0.0234375
2 0.126953125 0.3463541666666667 0.037109375 0.0234375
6 0.09716796875 0.37890625 0.0693359375 0.020833333333333332
2 0.119140625 0.4296875 0.11328125 0.0234375
7 0.07861328125 0.4733072916666667 0.0322265625 0.04296875
6 0.15478515625 0.4622395833333333 0.1064453125 0.020833333333333332
6 0.1669921875 0.4830729166666667 0.130859375 0.020833333333333332
7 0.07861328125 0.5149739583333334 0.0322265625 0.022135416666666668
6 0.1259765625 0.5143229166666666 0.048828125 0.020833333333333332
6 0.189453125 0.5143229166666666 0.0546875 0.020833333333333332
7 0.07861328125 0.5462239583333334 0.0322265625 0.022135416666666668
6 0.1259765625 0.5455729166666666 0.048828125 0.020833333333333332
6 0.20068359375 0.5455729166666666 0.0791015625 0.020833333333333332
2 0.3369140625 0.3463541666666667 0.041015625 0.0234375
4 0.41796875 0.37890625 0.203125 0.020833333333333332
0 0.361328125 0.3795572916666667 0.08984375 0.022135416666666668
7 0.357421875 0.3795572916666667 0.08203125 0.022135416666666668
6 0.462890625 0.3795572916666667 0.11328125 0.022135416666666668
4 0.41796875 0.41015625 0.203125 0.020833333333333332
0 0.34326171875 0.4108072916666667 0.0537109375 0.022135416666666668
7 0.33935546875 0.4108072916666667 0.0458984375 0.022135416666666668
6 0.44482421875 0.4108072916666667 0.1494140625 0.022135416666666668
4 0.41796875 0.44140625 0.203125 0.020833333333333332
0 0.3857421875 0.4420572916666667 0.138671875 0.022135416666666668
7 0.3818359375 0.4420572916666667 0.130859375 0.022135416666666668
6 0.48681640625 0.4420572916666667 0.0654296875 0.022135416666666668
7 0.04052734375 0.65625 0.0810546875 0.028645833333333332
4 0.24169921875 0.8326822916666666 0.0263671875 0.03515625
0 0.00634765625 0.8372395833333334 0.0126953125 0.020833333333333332
0 0.0322265625 0.8372395833333334 0.02734375 0.020833333333333332
0 0.08251953125 0.8372395833333334 0.0576171875 0.020833333333333332
0 0.134765625 0.8372395833333334 0.033203125 0.020833333333333332
0 0.22119140625 0.8372395833333334 0.1259765625 0.020833333333333332
0 0.38037109375 0.8372395833333334 0.1787109375 0.020833333333333332
7 0.45458984375 0.6302083333333334 0.1298828125 0.033854166666666664
7 0.45458984375 0.7057291666666666 0.1298828125 0.11458333333333333
0 0.447265625 0.810546875 0.14453125 0.053385416666666664
7 0.62451171875 0.033854166666666664 0.2099609375 0.020833333333333332
7 0.75927734375 0.033854166666666664 0.0634765625 0.020833333333333332
0 0.89892578125 0.033854166666666664 0.1572265625 0.026041666666666668
0 0.89892578125 0.033854166666666664 0.1689453125 0.0546875
7 0.759765625 0.4661458333333333 0.48046875 0.7604166666666666
0 0.759765625 0.4661458333333333 0.48046875 0.7604166666666666
7 0.611328125 0.6295572916666666 0.18359375 0.053385416666666664
2 0.6982421875 0.7180989583333334 0.357421875 0.08723958333333333
2 0.2255859375 0.8704427083333334 0.451171875 0.022135416666666668
7 0.10546875 0.9075520833333334 0.2109375 0.020833333333333332
7 0.21826171875 0.9368489583333334 0.4365234375 0.07942708333333333
7 0.083984375 0.99609375 0.16796875 0.0078125
0 0.759765625 0.9296875 0.48046875 0.140625
4 0.77490234375 0.9296875 0.4501953125 0.140625