4 0.294921875 0.0546875 0.58984375 0.109375
4 0.140625 0.004557291666666667 0.015625 0.009114583333333334
0 0.17822265625 0.005859375 0.0908203125 0.01171875
7 0.1884765625 0.005208333333333333 0.0703125 0.010416666666666666
4 0.25048828125 0.004557291666666667 0.0166015625 0.009114583333333334
0 0.2880859375 0.005859375 0.091796875 0.01171875
7 0.29833984375 0.005208333333333333 0.0712890625 0.010416666666666666
4 0.36083984375 0.004557291666666667 0.0166015625 0.009114583333333334
0 0.39794921875 0.005859375 0.0908203125 0.01171875
7 0.408203125 0.005208333333333333 0.0703125 0.010416666666666666
4 0.47021484375 0.004557291666666667 0.0166015625 0.009114583333333334
0 0.49658203125 0.005859375 0.0693359375 0.01171875
7 0.50634765625 0.005208333333333333 0.0478515625 0.010416666666666666
4 0.55810546875 0.004557291666666667 0.0166015625 0.009114583333333334
4 0.1259765625 0.15559895833333334 0.16015625 0.04296875
2 0.31787109375 0.220703125 0.5439453125 0.02734375
7 0.21337890625 0.267578125 0.3349609375 0.022135416666666668
7 0.22998046875 0.2845052083333333 0.3681640625 0.055989583333333336
7 0.26220703125 0.3014322916666667 0.2333984375 0.022135416666666668
0 0.15283203125 0.3723958333333333 0.2138671875 0.0546875
2 0.67529296875 0.18098958333333334 0.1708984375 0.06770833333333333
2 0.67529296875 0.2682291666666667 0.1708984375 0.07291666666666667
4 0.794921875 0.26953125 0.41015625 0.4791666666666667
4 0.794921875 0.26953125 0.41015625 0.4791666666666667
7 0.3837890625 0.5397135416666666 0.412109375 0.061197916666666664
7 0.4658203125 0.59765625 0.080078125 0.036458333333333336
7 0.37255859375 0.5983072916666666 0.0869140625 0.037760416666666664
0 0.31884765625 0.6744791666666666 0.1767578125 0.057291666666666664
0 0.50927734375 0.6744791666666666 0.1611328125 0.057291666666666664
4 0.294921875 0.7942708333333334 0.58984375 0.4114583333333333
4 0.294921875 0.90234375 0.58984375 0.1953125
7 0.62109375 0.5188802083333334 0.0625 0.01953125
0 0.6220703125 0.5260416666666666 0.064453125 0.033854166666666664
7 0.7060546875 0.5188802083333334 0.072265625 0.01953125
0 0.7060546875 0.5260416666666666 0.076171875 0.033854166666666664
7 0.80712890625 0.5188802083333334 0.0947265625 0.01953125
0 0.80712890625 0.5260416666666666 0.0986328125 0.033854166666666664
1 0.96484375 0.5240885416666666 0.0703125 0.029947916666666668
4 0.689453125 0.9772135416666666 0.19921875 0.02734375
4 0.89404296875 0.9772135416666666 0.2119140625 0.02734375
4 0.794921875 0.78515625 0.41015625 0.4114583333333333
2 0.646484375 0.7649739583333334 0.11328125 0.07421875
7 0.64453125 0.8795572916666666 0.109375 0.08723958333333333
0 0.6494140625 0.9485677083333334 0.119140625 0.02734375