2 0.3564453125 0.052083333333333336 0.15625 0.10416666666666667
1 0.1728515625 0.19596354166666666 0.345703125 0.029947916666666668
1 0.1728515625 0.19596354166666666 0.345703125 0.029947916666666668
7 0.38720703125 0.19596354166666666 0.0400390625 0.029947916666666668
1 0.58544921875 0.19596354166666666 0.3349609375 0.029947916666666668
4 0.11669921875 0.2623697916666667 0.0244140625 0.032552083333333336
6 0.173828125 0.2623697916666667 0.083984375 0.022135416666666668
4 0.25048828125 0.2623697916666667 0.0185546875 0.024739583333333332
6 0.302734375 0.2623697916666667 0.080078125 0.022135416666666668
4 0.37841796875 0.2623697916666667 0.0185546875 0.024739583333333332
6 0.43994140625 0.2623697916666667 0.0986328125 0.022135416666666668
4 0.49658203125 0.2623697916666667 0.0146484375 0.01953125
4 0.54248046875 0.2623697916666667 0.0185546875 0.024739583333333332
6 0.58203125 0.2623697916666667 0.0546875 0.022135416666666668
7 0.35693359375 0.5091145833333334 0.0498046875 0.020833333333333332
7 0.3251953125 0.53125 0.05859375 0.020833333333333332
6 0.384765625 0.53125 0.0625 0.020833333333333332
3 0.8798828125 0.13216145833333334 0.240234375 0.2643229166666667
7 0.97314453125 0.3248697916666667 0.0537109375 0.053385416666666664
4 0.8359375 0.4635416666666667 0.15234375 0.171875
0 0.8359375 0.478515625 0.15234375 0.20182291666666666
2 0.830078125 0.5696614583333334 0.140625 0.01953125
4 0.9638671875 0.4635416666666667 0.072265625 0.171875
0 0.9638671875 0.478515625 0.072265625 0.20182291666666666
2 0.9697265625 0.5696614583333334 0.060546875 0.01953125
7 0.95263671875 0.048828125 0.0947265625 0.022135416666666668
5 0.9375 0.103515625 0.125 0.02734375
1 0.9375 0.14453125 0.125 0.046875
5 0.9375 0.19596354166666666 0.125 0.02734375
1 0.9375 0.23697916666666666 0.125 0.046875
0 0.9375 0.2766927083333333 0.125 0.01953125
1 0.89111328125 0.33984375 0.0126953125 0.018229166666666668
5 0.9375 0.33984375 0.125 0.046875
7 0.99072265625 0.396484375 0.0185546875 0.032552083333333336
0 0.9375 0.396484375 0.125 0.053385416666666664
7 0.95361328125 0.4518229166666667 0.0927734375 0.026041666666666668
4 0.8798828125 0.2897135416666667 0.240234375 0.5794270833333334
7 0.8798828125 0.4440104166666667 0.240234375 0.11458333333333333
6 0.8798828125 0.5013020833333334 0.240234375 0.057291666666666664
6 0.84130859375 0.515625 0.0947265625 0.028645833333333332
7 0.8798828125 0.5403645833333334 0.240234375 0.078125
6 0.953125 0.5690104166666666 0.0703125 0.020833333333333332
7 0.0458984375 0.62109375 0.056640625 0.020833333333333332
7 0.208984375 0.62109375 0.15625 0.026041666666666668
0 0.21875 0.62109375 0.1953125 0.052083333333333336
2 0.650390625 0.9055989583333334 0.21875 0.06901041666666667
2 0.650390625 0.966796875 0.21875 0.06640625
4 0.67822265625 0.7897135416666666 0.1630859375 0.4205729166666667
4 0.47412109375 0.7897135416666666 0.5712890625 0.4205729166666667
0 0.47412109375 0.7897135416666666 0.5712890625 0.4205729166666667
2 0.8798828125 0.7057291666666666 0.240234375 0.052083333333333336
1 0.9013671875 0.796875 0.197265625 0.0625
4 0.849609375 0.796875 0.0234375 0.0625
0 0.849609375 0.796875 0.046875 0.0625