0 0.259765625 0.021484375 0.51953125 0.04296875
0 0.02099609375 0.07552083333333333 0.0419921875 0.0390625
5 0.1103515625 0.07552083333333333 0.078125 0.06510416666666667
4 0.1787109375 0.26171875 0.357421875 0.2552083333333333
0 0.1787109375 0.26171875 0.357421875 0.2552083333333333
2 0.45751953125 0.18229166666666666 0.1240234375 0.044270833333333336
0 0.44775390625 0.27734375 0.1435546875 0.09114583333333333
2 0.48193359375 0.2825520833333333 0.0751953125 0.07552083333333333
0 0.44775390625 0.3626302083333333 0.1435546875 0.053385416666666664
2 0.48193359375 0.369140625 0.0751953125 0.040364583333333336
4 0.759765625 0.1640625 0.48046875 0.328125
4 0.5439453125 0.20768229166666666 0.048828125 0.10546875
7 0.6669921875 0.19205729166666666 0.150390625 0.037760416666666664
4 0.7587890625 0.19466145833333334 0.015625 0.022135416666666668
7 0.64794921875 0.22721354166666666 0.1123046875 0.022135416666666668
7 0.54150390625 0.2955729166666667 0.0400390625 0.0625
7 0.64990234375 0.2955729166666667 0.0478515625 0.0625
7 0.7734375 0.2955729166666667 0.0703125 0.0625
7 0.91455078125 0.2955729166666667 0.0830078125 0.0625
4 0.68310546875 0.3736979166666667 0.3271484375 0.03125
6 0.63671875 0.3821614583333333 0.234375 0.014322916666666666
4 0.7705078125 0.3776041666666667 0.03515625 0.0234375
0 0.7705078125 0.3736979166666667 0.03515625 0.03125
4 0.8115234375 0.3776041666666667 0.03515625 0.0234375
0 0.8115234375 0.3736979166666667 0.046875 0.03125
0 0.93505859375 0.3684895833333333 0.1298828125 0.020833333333333332
7 0.77978515625 0.15169270833333334 0.0791015625 0.022135416666666668
7 0.8515625 0.1953125 0.22265625 0.044270833333333336
6 0.97705078125 0.259765625 0.0439453125 0.024739583333333332
0 0.9697265625 0.259765625 0.060546875 0.05078125
4 0.0068359375 0.7942708333333334 0.013671875 0.03125
7 0.07421875 0.7942708333333334 0.083984375 0.0234375
4 0.37255859375 0.7942708333333334 0.0166015625 0.020833333333333332
7 0.18701171875 0.8821614583333334 0.3740234375 0.08723958333333333
7 0.14697265625 0.9134114583333334 0.1044921875 0.024739583333333332
7 0.21533203125 0.9134114583333334 0.0341796875 0.024739583333333332
7 0.2783203125 0.9134114583333334 0.09375 0.024739583333333332
7 0.17138671875 0.9290364583333334 0.3427734375 0.055989583333333336
4 0.1982421875 0.6888020833333334 0.396484375 0.4661458333333333
2 0.6748046875 0.5598958333333334 0.310546875 0.049479166666666664
2 0.54736328125 0.6087239583333334 0.0556640625 0.048177083333333336
2 0.603515625 0.6087239583333334 0.056640625 0.048177083333333336
7 0.6748046875 0.6907552083333334 0.310546875 0.05859375
0 0.57958984375 0.8001302083333334 0.1201171875 0.07942708333333333
0 0.57373046875 0.8990885416666666 0.1083984375 0.07942708333333333
4 0.890625 0.7610677083333334 0.21875 0.4778645833333333
4 0.9345703125 0.7174479166666666 0.130859375 0.5651041666666666