2 0.20458984375 0.015625 0.4091796875 0.03125
0 0.08154296875 0.13932291666666666 0.1630859375 0.06510416666666667
0 0.08203125 0.13932291666666666 0.1640625 0.06770833333333333
2 0.0517578125 0.4231770833333333 0.103515625 0.0390625
7 0.068359375 0.4954427083333333 0.13671875 0.055989583333333336
6 0.083984375 0.5110677083333334 0.0703125 0.024739583333333332
7 0.0673828125 0.5266927083333334 0.134765625 0.055989583333333336
4 0.21337890625 0.4231770833333333 0.0322265625 0.041666666666666664
2 0.31689453125 0.4231770833333333 0.1611328125 0.0390625
7 0.32275390625 0.51171875 0.1728515625 0.09375
7 0.7412109375 0.11588541666666667 0.517578125 0.19791666666666666
1 0.70751953125 0.2513020833333333 0.5849609375 0.052083333333333336
7 0.732421875 0.3932291666666667 0.17578125 0.026041666666666668
0 0.744140625 0.3932291666666667 0.19921875 0.2109375
7 0.83203125 0.3932291666666667 0.0234375 0.03125
7 0.43310546875 0.3971354166666667 0.0478515625 0.020833333333333332
0 0.57666015625 0.52734375 0.3349609375 0.18489583333333334
7 0.431640625 0.4817708333333333 0.009765625 0.013020833333333334
7 0.49755859375 0.4830729166666667 0.1142578125 0.03125
4 0.51416015625 0.5846354166666666 0.2099609375 0.0703125
7 0.7783203125 0.4817708333333333 0.009765625 0.013020833333333334
0 0.8720703125 0.52734375 0.255859375 0.18489583333333334
7 0.82470703125 0.4830729166666667 0.0751953125 0.03125
4 0.92333984375 0.5794270833333334 0.1533203125 0.08072916666666667
4 0.11962890625 0.8098958333333334 0.2392578125 0.3802083333333333
4 0.32421875 0.8098958333333334 0.169921875 0.3802083333333333
2 0.341796875 0.6627604166666666 0.134765625 0.028645833333333332
2 0.341796875 0.8483072916666666 0.134765625 0.3033854166666667
2 0.49609375 0.6302083333333334 0.107421875 0.020833333333333332
2 0.6630859375 0.6302083333333334 0.228515625 0.020833333333333332
7 0.62939453125 0.6901041666666666 0.4404296875 0.07291666666666667
7 0.6572265625 0.75390625 0.080078125 0.036458333333333336
7 0.56396484375 0.7545572916666666 0.0869140625 0.037760416666666664
0 0.51025390625 0.8307291666666666 0.1767578125 0.057291666666666664
0 0.70849609375 0.8307291666666666 0.1767578125 0.057291666666666664
4 0.70458984375 0.8723958333333334 0.5908203125 0.2552083333333333