2 0.2041015625 0.15104166666666666 0.408203125 0.0625
2 0.22314453125 0.24479166666666666 0.4462890625 0.08072916666666667
0 0.09716796875 0.3932291666666667 0.1943359375 0.06510416666666667
0 0.09765625 0.3932291666666667 0.1953125 0.06770833333333333
2 0.67724609375 0.025390625 0.3193359375 0.032552083333333336
2 0.84130859375 0.025390625 0.0087890625 0.032552083333333336
2 0.88720703125 0.025390625 0.0830078125 0.032552083333333336
2 0.93310546875 0.025390625 0.0087890625 0.032552083333333336
2 0.63427734375 0.07161458333333333 0.2333984375 0.033854166666666664
2 0.7529296875 0.07161458333333333 0.00390625 0.033854166666666664
7 0.703125 0.11848958333333333 0.353515625 0.0234375
6 0.9326171875 0.11848958333333333 0.10546875 0.0234375
7 0.98681640625 0.11848958333333333 0.0029296875 0.0234375
7 0.72998046875 0.14713541666666666 0.4072265625 0.0234375
6 0.96142578125 0.14713541666666666 0.0556640625 0.0234375
7 0.99072265625 0.14713541666666666 0.0029296875 0.0234375
7 0.68701171875 0.17578125 0.3212890625 0.0234375
6 0.896484375 0.17578125 0.09765625 0.0234375
7 0.94677734375 0.17578125 0.0029296875 0.0234375
2 0.55712890625 0.283203125 0.1201171875 0.029947916666666668
7 0.5390625 0.3528645833333333 0.029296875 0.0234375
6 0.6640625 0.3528645833333333 0.21484375 0.0234375
7 0.53955078125 0.3815104166666667 0.0302734375 0.0234375
6 0.6044921875 0.3815104166666667 0.099609375 0.0234375
7 0.5390625 0.4309895833333333 0.029296875 0.0234375
6 0.60986328125 0.4309895833333333 0.1064453125 0.0234375
7 0.53955078125 0.4537760416666667 0.0302734375 0.01171875
6 0.6220703125 0.4537760416666667 0.134765625 0.01171875
4 0.22998046875 0.5911458333333334 0.4599609375 0.2630208333333333
0 0.00634765625 0.7135416666666666 0.0126953125 0.028645833333333332
0 0.02587890625 0.7135416666666666 0.0263671875 0.028645833333333332
0 0.05224609375 0.7135416666666666 0.0263671875 0.028645833333333332
2 0.109375 0.8841145833333334 0.21875 0.028645833333333332
2 0.18603515625 0.953125 0.3720703125 0.028645833333333332
2 0.72998046875 0.5358072916666666 0.5400390625 0.045572916666666664
1 0.79345703125 0.6295572916666666 0.4130859375 0.07682291666666667
6 0.9169921875 0.69140625 0.09375 0.0234375
7 0.72998046875 0.7688802083333334 0.5400390625 0.032552083333333336
4 0.72998046875 0.6861979166666666 0.5400390625 0.4036458333333333
2 0.72998046875 0.951171875 0.5400390625 0.037760416666666664