2 0.2353515625 0.05078125 0.46875 0.1015625
0 0.2353515625 0.05078125 0.46875 0.1015625
2 0.2353515625 0.2688802083333333 0.46875 0.08203125
7 0.0849609375 0.3307291666666667 0.16796875 0.026041666666666668
2 0.732421875 0.008463541666666666 0.525390625 0.016927083333333332
7 0.732421875 0.048177083333333336 0.525390625 0.03125
0 0.55615234375 0.3932291666666667 0.1728515625 0.046875
1 0.11962890625 0.4830729166666667 0.2392578125 0.046875
4 0.25634765625 0.4830729166666667 0.0244140625 0.03125
0 0.25634765625 0.4830729166666667 0.0341796875 0.046875
4 0.43408203125 0.4830729166666667 0.0205078125 0.026041666666666668
0 0.43408203125 0.4830729166666667 0.0302734375 0.0390625
7 0.44384765625 0.4694010416666667 0.0244140625 0.01953125
0 0.4638671875 0.4830729166666667 0.01171875 0.0390625
4 0.23486328125 0.7955729166666666 0.4697265625 0.390625
4 0.23486328125 0.8001302083333334 0.4697265625 0.3997395833333333
4 0.23486328125 0.7662760416666666 0.4697265625 0.3919270833333333
4 0.23486328125 0.78515625 0.4697265625 0.4296875
4 0.23486328125 0.7369791666666666 0.4697265625 0.390625
4 0.1533203125 0.7369791666666666 0.306640625 0.390625
4 0.05322265625 0.7337239583333334 0.1064453125 0.15755208333333334
0 0.05322265625 0.7369791666666666 0.1064453125 0.1640625
7 0.11376953125 0.7916666666666666 0.2275390625 0.018229166666666668
4 0.2529296875 0.8997395833333334 0.01953125 0.026041666666666668
0 0.2529296875 0.8997395833333334 0.029296875 0.0390625
4 0.2822265625 0.8997395833333334 0.01953125 0.026041666666666668
0 0.2822265625 0.8997395833333334 0.029296875 0.0390625
4 0.3408203125 0.5872395833333334 0.048828125 0.06510416666666667
6 0.42236328125 0.56640625 0.0947265625 0.0234375
0 0.42236328125 0.56640625 0.0947265625 0.0234375
0 0.42236328125 0.58984375 0.0947265625 0.0234375
7 0.41162109375 0.61328125 0.0732421875 0.0234375
7 0.34521484375 0.6510416666666666 0.0537109375 0.020833333333333332
0 0.34521484375 0.6510416666666666 0.0576171875 0.026041666666666668
7 0.39453125 0.6510416666666666 0.02734375 0.020833333333333332
0 0.39453125 0.6510416666666666 0.03125 0.026041666666666668
7 0.39306640625 0.7122395833333334 0.1533203125 0.0703125
4 0.39306640625 0.8997395833333334 0.1533203125 0.06510416666666667
4 0.23486328125 0.7708333333333334 0.4697265625 0.4583333333333333
4 0.23486328125 0.7662760416666666 0.4697265625 0.3919270833333333
4 0.23486328125 0.78515625 0.4697265625 0.4296875
4 0.23486328125 0.7955729166666666 0.4697265625 0.390625
4 0.23486328125 0.8001302083333334 0.4697265625 0.3997395833333333
4 0.73486328125 0.732421875 0.5302734375 0.53515625
2 0.619140625 0.7122395833333334 0.298828125 0.3411458333333333
7 0.50830078125 0.9348958333333334 0.0771484375 0.0234375
0 0.5205078125 0.9348958333333334 0.1015625 0.0546875
7 0.67529296875 0.9348958333333334 0.1005859375 0.0234375
0 0.67529296875 0.9348958333333334 0.1494140625 0.0546875
4 0.927734375 0.8821614583333334 0.14453125 0.23567708333333334