4 0.21484375 0.06705729166666667 0.4296875 0.040364583333333336
2 0.21484375 0.15559895833333334 0.4296875 0.13671875
0 0.21484375 0.15559895833333334 0.4296875 0.13671875
2 0.1630859375 0.3912760416666667 0.326171875 0.08203125
2 0.4921875 0.240234375 0.125 0.2747395833333333
4 0.77001953125 0.259765625 0.4326171875 0.3580729166666667
2 0.18896484375 0.5865885416666666 0.3779296875 0.2955729166666667
7 0.15869140625 0.76953125 0.3173828125 0.057291666666666664
4 0.05126953125 0.8854166666666666 0.1025390625 0.15104166666666666
7 0.2080078125 0.8372395833333334 0.181640625 0.0546875
7 0.2080078125 0.939453125 0.181640625 0.12109375
4 0.3583984375 0.8854166666666666 0.11328125 0.15104166666666666
7 0.3818359375 0.76953125 0.095703125 0.057291666666666664
7 0.38916015625 0.8333333333333334 0.0810546875 0.0546875
4 0.38916015625 0.9186197916666666 0.0810546875 0.10807291666666667
0 0.5048828125 0.5657552083333334 0.150390625 0.25390625
4 0.5048828125 0.4921875 0.150390625 0.10677083333333333
6 0.5 0.5774739583333334 0.140625 0.08463541666666667
6 0.5 0.6321614583333334 0.140625 0.01953125
6 0.5 0.6536458333333334 0.140625 0.018229166666666668
6 0.5 0.67578125 0.140625 0.015625
7 0.5 0.630859375 0.140625 0.01953125
6 0.50390625 0.6529947916666666 0.1484375 0.02734375
7 0.5 0.67578125 0.140625 0.015625
0 0.67529296875 0.5657552083333334 0.1767578125 0.25390625
4 0.67529296875 0.4921875 0.1767578125 0.10677083333333333
6 0.67529296875 0.5774739583333334 0.1572265625 0.08463541666666667
6 0.67529296875 0.6321614583333334 0.1572265625 0.01953125
6 0.67529296875 0.6536458333333334 0.1572265625 0.018229166666666668
6 0.67529296875 0.67578125 0.1572265625 0.015625
7 0.67529296875 0.630859375 0.1572265625 0.01953125
6 0.6416015625 0.6529947916666666 0.08984375 0.02734375
7 0.67529296875 0.67578125 0.1572265625 0.015625
0 0.85888671875 0.5657552083333334 0.1767578125 0.25390625
4 0.85888671875 0.4921875 0.1767578125 0.10677083333333333
6 0.85888671875 0.5774739583333334 0.1572265625 0.08463541666666667
6 0.85888671875 0.6321614583333334 0.1572265625 0.01953125
6 0.85888671875 0.6536458333333334 0.1572265625 0.018229166666666668
6 0.85888671875 0.67578125 0.1572265625 0.015625
7 0.85888671875 0.630859375 0.1572265625 0.01953125
6 0.84375 0.6529947916666666 0.126953125 0.02734375
7 0.85888671875 0.67578125 0.1572265625 0.015625
0 0.97705078125 0.5657552083333334 0.0458984375 0.25390625
6 0.98193359375 0.5774739583333334 0.0361328125 0.08463541666666667
6 0.98193359375 0.6321614583333334 0.0361328125 0.01953125
6 0.98193359375 0.6536458333333334 0.0361328125 0.018229166666666668
6 0.98193359375 0.67578125 0.0361328125 0.015625
7 0.98193359375 0.630859375 0.0361328125 0.01953125
6 0.98193359375 0.6529947916666666 0.0361328125 0.02734375
7 0.98193359375 0.67578125 0.0361328125 0.015625
2 0.71484375 0.7884114583333334 0.5703125 0.03515625
2 0.544921875 0.8815104166666666 0.23046875 0.0859375
0 0.60107421875 0.9049479166666666 0.3427734375 0.1328125
6 0.544921875 0.9381510416666666 0.23046875 0.01953125
7 0.544921875 0.9596354166666666 0.23046875 0.0234375
4 0.7236328125 0.8821614583333334 0.09765625 0.08723958333333333
0 0.49755859375 0.9609375 0.1357421875 0.0234375
2 0.89501953125 0.8815104166666666 0.2099609375 0.0859375
0 0.89501953125 0.9049479166666666 0.2099609375 0.1328125
6 0.89501953125 0.9381510416666666 0.2099609375 0.01953125
7 0.89501953125 0.9596354166666666 0.2099609375 0.0234375
0 0.8427734375 0.9609375 0.10546875 0.0234375