4 0.05322265625 0.12760416666666666 0.1064453125 0.21354166666666666
0 0.05322265625 0.12760416666666666 0.1064453125 0.21354166666666666
7 0.08544921875 0.21809895833333334 0.0263671875 0.016927083333333332
2 0.04150390625 0.2779947916666667 0.0830078125 0.053385416666666664
0 0.04150390625 0.2779947916666667 0.0830078125 0.053385416666666664
7 0.00830078125 0.3470052083333333 0.0166015625 0.024739583333333332
4 0.263671875 0.12760416666666666 0.28515625 0.21354166666666666
0 0.263671875 0.12760416666666666 0.28515625 0.21354166666666666
7 0.38134765625 0.21809895833333334 0.0341796875 0.016927083333333332
4 0.13916015625 0.275390625 0.0361328125 0.048177083333333336
0 0.13916015625 0.275390625 0.0361328125 0.048177083333333336
2 0.275390625 0.2779947916666667 0.21484375 0.053385416666666664
0 0.275390625 0.2779947916666667 0.21484375 0.053385416666666664
0 0.18603515625 0.3235677083333333 0.0361328125 0.024739583333333332
7 0.208984375 0.3470052083333333 0.08203125 0.024739583333333332
7 0.2880859375 0.3470052083333333 0.078125 0.024739583333333332
4 0.52001953125 0.12760416666666666 0.1982421875 0.21354166666666666
0 0.52001953125 0.12760416666666666 0.1982421875 0.21354166666666666
4 0.43896484375 0.275390625 0.0361328125 0.048177083333333336
0 0.43896484375 0.275390625 0.0361328125 0.048177083333333336
2 0.54345703125 0.2779947916666667 0.1513671875 0.053385416666666664
0 0.54345703125 0.2779947916666667 0.1513671875 0.053385416666666664
0 0.53662109375 0.3235677083333333 0.1376953125 0.024739583333333332
4 0.61328125 0.3229166666666667 0.01171875 0.018229166666666668
7 0.5087890625 0.3470052083333333 0.08203125 0.024739583333333332
7 0.583984375 0.3470052083333333 0.0703125 0.024739583333333332
4 0.05322265625 0.5169270833333334 0.1064453125 0.21354166666666666
0 0.05322265625 0.5169270833333334 0.1064453125 0.21354166666666666
7 0.08544921875 0.607421875 0.0263671875 0.016927083333333332
4 0.263671875 0.5169270833333334 0.28515625 0.21354166666666666
0 0.263671875 0.5169270833333334 0.28515625 0.21354166666666666
7 0.38525390625 0.607421875 0.0263671875 0.016927083333333332
4 0.52001953125 0.5169270833333334 0.1982421875 0.21354166666666666
0 0.52001953125 0.5169270833333334 0.1982421875 0.21354166666666666
7 0.76806640625 0.02734375 0.0380859375 0.049479166666666664
0 0.8095703125 0.13736979166666666 0.380859375 0.053385416666666664
6 0.8095703125 0.13736979166666666 0.380859375 0.02734375
6 0.8095703125 0.13736979166666666 0.380859375 0.02734375
6 0.8095703125 0.13736979166666666 0.380859375 0.02734375
6 0.8095703125 0.13736979166666666 0.380859375 0.02734375
7 0.8359375 0.02734375 0.03515625 0.046875
7 0.96142578125 0.02734375 0.0771484375 0.020833333333333332
0 0.95068359375 0.02734375 0.0986328125 0.049479166666666664
2 0.775390625 0.4270833333333333 0.3125 0.4453125
2 0.7451171875 0.345703125 0.251953125 0.10286458333333333
2 0.8095703125 0.4889322916666667 0.380859375 0.037760416666666664
0 0.65380859375 0.603515625 0.0693359375 0.08463541666666667
4 0.3330078125 0.6796875 0.09375 0.059895833333333336
1 0.3330078125 0.7591145833333334 0.267578125 0.057291666666666664
1 0.3330078125 0.8196614583333334 0.267578125 0.048177083333333336
0 0.419921875 0.8658854166666666 0.09375 0.020833333333333332
6 0.33251953125 0.9733072916666666 0.0927734375 0.022135416666666668
2 0.7373046875 0.6901041666666666 0.236328125 0.08072916666666667
7 0.7373046875 0.7610677083333334 0.236328125 0.06380208333333333