7 0.06005859375 0.013671875 0.0263671875 0.016927083333333332
2 0.02880859375 0.07356770833333333 0.0576171875 0.053385416666666664
0 0.02880859375 0.07356770833333333 0.0576171875 0.053385416666666664
7 0.35595703125 0.013671875 0.0341796875 0.016927083333333332
4 0.11376953125 0.07096354166666667 0.0361328125 0.048177083333333336
0 0.11376953125 0.07096354166666667 0.0361328125 0.048177083333333336
2 0.25 0.07356770833333333 0.21484375 0.053385416666666664
0 0.25 0.07356770833333333 0.21484375 0.053385416666666664
0 0.16064453125 0.119140625 0.0361328125 0.024739583333333332
7 0.18359375 0.142578125 0.08203125 0.024739583333333332
7 0.2626953125 0.142578125 0.078125 0.024739583333333332
4 0.41357421875 0.07096354166666667 0.0361328125 0.048177083333333336
0 0.41357421875 0.07096354166666667 0.0361328125 0.048177083333333336
2 0.52587890625 0.07356770833333333 0.1669921875 0.053385416666666664
0 0.52587890625 0.07356770833333333 0.1669921875 0.053385416666666664
0 0.51123046875 0.119140625 0.1376953125 0.024739583333333332
4 0.5888671875 0.11848958333333333 0.013671875 0.018229166666666668
7 0.4833984375 0.142578125 0.08203125 0.024739583333333332
7 0.5625 0.142578125 0.078125 0.024739583333333332
4 0.04052734375 0.302734375 0.0810546875 0.19401041666666666
0 0.04052734375 0.302734375 0.0810546875 0.19401041666666666
7 0.06005859375 0.3971354166666667 0.0263671875 0.005208333333333333
4 0.23828125 0.302734375 0.28515625 0.19401041666666666
0 0.23828125 0.302734375 0.28515625 0.19401041666666666
7 0.35986328125 0.3971354166666667 0.0263671875 0.005208333333333333
4 0.50244140625 0.302734375 0.2138671875 0.19401041666666666
0 0.50244140625 0.302734375 0.2138671875 0.19401041666666666
7 0.84765625 0.042317708333333336 0.3046875 0.08463541666666667
2 0.84765625 0.19205729166666666 0.3046875 0.05078125
0 0.732421875 0.2682291666666667 0.0703125 0.033854166666666664
7 0.78955078125 0.2682291666666667 0.0205078125 0.0390625
0 0.8056640625 0.2682291666666667 0.009765625 0.033854166666666664
0 0.8232421875 0.2682291666666667 0.009765625 0.033854166666666664
0 0.8408203125 0.2682291666666667 0.009765625 0.033854166666666664
0 0.8583984375 0.2682291666666667 0.009765625 0.033854166666666664
0 0.732421875 0.3072916666666667 0.0703125 0.033854166666666664
7 0.78955078125 0.306640625 0.0205078125 0.040364583333333336
0 0.8056640625 0.3072916666666667 0.009765625 0.033854166666666664
0 0.8232421875 0.3072916666666667 0.009765625 0.033854166666666664
0 0.8408203125 0.3072916666666667 0.009765625 0.033854166666666664
0 0.8583984375 0.3072916666666667 0.009765625 0.033854166666666664
0 0.8759765625 0.3072916666666667 0.009765625 0.033854166666666664
0 0.89697265625 0.3072916666666667 0.0185546875 0.033854166666666664
0 0.92333984375 0.3072916666666667 0.0185546875 0.033854166666666664
0 0.732421875 0.3463541666666667 0.0703125 0.033854166666666664
7 0.78955078125 0.345703125 0.0205078125 0.040364583333333336
0 0.81005859375 0.3463541666666667 0.0185546875 0.033854166666666664
0 0.83642578125 0.3463541666666667 0.0185546875 0.033854166666666664
0 0.86279296875 0.3463541666666667 0.0185546875 0.033854166666666664
0 0.888671875 0.3463541666666667 0.017578125 0.033854166666666664
0 0.91455078125 0.3463541666666667 0.0185546875 0.033854166666666664
0 0.94091796875 0.3463541666666667 0.0185546875 0.033854166666666664
0 0.966796875 0.3463541666666667 0.017578125 0.033854166666666664
0 0.99169921875 0.3463541666666667 0.0166015625 0.033854166666666664
0 0.732421875 0.3841145833333333 0.0703125 0.03125
7 0.78955078125 0.3821614583333333 0.0205078125 0.03515625
0 0.81005859375 0.3841145833333333 0.0185546875 0.03125
0 0.83642578125 0.3841145833333333 0.0185546875 0.03125
0 0.86279296875 0.3841145833333333 0.0185546875 0.03125
0 0.888671875 0.3841145833333333 0.017578125 0.03125
0 0.91455078125 0.3841145833333333 0.0185546875 0.03125
0 0.94091796875 0.3841145833333333 0.0185546875 0.03125
0 0.966796875 0.3841145833333333 0.017578125 0.03125
0 0.99169921875 0.3841145833333333 0.0166015625 0.03125
4 0.080078125 0.4055989583333333 0.041015625 0.01171875
4 0.1640625 0.4055989583333333 0.041015625 0.01171875
2 0.25146484375 0.4583333333333333 0.5029296875 0.059895833333333336
7 0.25146484375 0.5182291666666666 0.5029296875 0.036458333333333336
0 0.1220703125 0.5885416666666666 0.177734375 0.052083333333333336
6 0.12646484375 0.654296875 0.2529296875 0.024739583333333332
4 0.21044921875 0.8528645833333334 0.3037109375 0.18229166666666666
2 0.181640625 0.830078125 0.24609375 0.032552083333333336
7 0.181640625 0.8665364583333334 0.24609375 0.02734375
4 0.46630859375 0.8528645833333334 0.2861328125 0.18229166666666666
2 0.4462890625 0.830078125 0.24609375 0.032552083333333336
7 0.4462890625 0.8665364583333334 0.24609375 0.02734375
7 0.61376953125 0.4641927083333333 0.0087890625 0.022135416666666668
0 0.63623046875 0.4654947916666667 0.0185546875 0.024739583333333332
2 0.751953125 0.4654947916666667 0.150390625 0.022135416666666668
6 0.88720703125 0.4654947916666667 0.0361328125 0.022135416666666668
6 0.962890625 0.4654947916666667 0.07421875 0.022135416666666668
4 0.76025390625 0.6106770833333334 0.3017578125 0.21614583333333334
0 0.76025390625 0.611328125 0.3017578125 0.21744791666666666
7 0.73876953125 0.6614583333333334 0.2255859375 0.0703125
7 0.81787109375 0.6829427083333334 0.0380859375 0.01953125
4 0.76025390625 0.828125 0.3017578125 0.21614583333333334
0 0.76025390625 0.8287760416666666 0.3017578125 0.21744791666666666
7 0.73095703125 0.9036458333333334 0.2099609375 0.0703125
7 0.853515625 0.9251302083333334 0.0234375 0.01953125
2 0.96484375 0.5423177083333334 0.05078125 0.022135416666666668
4 0.955078125 0.7194010416666666 0.08984375 0.43359375
0 0.955078125 0.7194010416666666 0.08984375 0.43359375
7 0.96484375 0.8639322916666666 0.0703125 0.06901041666666667
4 0.93798828125 0.921875 0.0166015625 0.020833333333333332
7 0.97412109375 0.9212239583333334 0.0458984375 0.01953125
4 0.61279296875 0.9557291666666666 0.0068359375 0.0078125
4 0.62451171875 0.9557291666666666 0.0068359375 0.0078125
4 0.63623046875 0.9557291666666666 0.0068359375 0.0078125
4 0.64794921875 0.9557291666666666 0.0068359375 0.0078125
4 0.65966796875 0.9557291666666666 0.0068359375 0.0078125
4 0.67138671875 0.9557291666666666 0.0068359375 0.0078125
4 0.68310546875 0.9557291666666666 0.0068359375 0.0078125
4 0.69482421875 0.9557291666666666 0.0068359375 0.0078125
4 0.70654296875 0.9557291666666666 0.0068359375 0.0078125
4 0.71826171875 0.9557291666666666 0.0068359375 0.0078125
4 0.72998046875 0.9557291666666666 0.0068359375 0.0078125
4 0.74169921875 0.9557291666666666 0.0068359375 0.0078125
4 0.75341796875 0.9557291666666666 0.0068359375 0.0078125
4 0.76513671875 0.9557291666666666 0.0068359375 0.0078125
4 0.77685546875 0.9557291666666666 0.0068359375 0.0078125
2 0.97021484375 0.884765625 0.0595703125 0.048177083333333336
0 0.97021484375 0.9283854166666666 0.0595703125 0.020833333333333332
0 0.97021484375 0.9609375 0.0595703125 0.020833333333333332
0 0.97021484375 0.9915364583333334 0.0595703125 0.016927083333333332
3 0.9658203125 0.6653645833333334 0.068359375 0.3255208333333333