7 0.052734375 0.016927083333333332 0.087890625 0.028645833333333332
7 0.1455078125 0.016927083333333332 0.09765625 0.028645833333333332
7 0.0791015625 0.057942708333333336 0.017578125 0.02734375
6 0.138671875 0.052734375 0.06640625 0.016927083333333332
6 0.13134765625 0.072265625 0.0517578125 0.016927083333333332
7 0.0791015625 0.12044270833333333 0.009765625 0.02734375
6 0.138671875 0.115234375 0.06640625 0.016927083333333332
6 0.13134765625 0.134765625 0.0517578125 0.016927083333333332
7 0.0791015625 0.18294270833333334 0.009765625 0.02734375
6 0.138671875 0.177734375 0.06640625 0.016927083333333332
6 0.13134765625 0.197265625 0.0517578125 0.016927083333333332
7 0.0791015625 0.24544270833333334 0.017578125 0.02734375
6 0.138671875 0.240234375 0.06640625 0.016927083333333332
6 0.13134765625 0.259765625 0.0517578125 0.016927083333333332
7 0.0791015625 0.3079427083333333 0.009765625 0.02734375
6 0.138671875 0.302734375 0.06640625 0.016927083333333332
6 0.13134765625 0.322265625 0.0517578125 0.016927083333333332
7 0.0791015625 0.3704427083333333 0.009765625 0.02734375
6 0.138671875 0.365234375 0.06640625 0.016927083333333332
6 0.13134765625 0.384765625 0.0517578125 0.016927083333333332
7 0.0791015625 0.4329427083333333 0.017578125 0.02734375
6 0.138671875 0.427734375 0.06640625 0.016927083333333332
6 0.13134765625 0.447265625 0.0517578125 0.016927083333333332
7 0.0791015625 0.4954427083333333 0.017578125 0.02734375
6 0.138671875 0.490234375 0.06640625 0.016927083333333332
6 0.13134765625 0.509765625 0.0517578125 0.016927083333333332
4 0.4287109375 0.3424479166666667 0.0625 0.3333333333333333
4 0.4287109375 0.3424479166666667 0.0625 0.3333333333333333
4 0.34228515625 0.23177083333333334 0.2353515625 0.453125
4 0.34228515625 0.23177083333333334 0.2353515625 0.453125
4 0.24072265625 0.4466145833333333 0.0107421875 0.0234375
7 0.72998046875 0.050130208333333336 0.5400390625 0.03515625
1 0.65478515625 0.16471354166666666 0.2939453125 0.06380208333333333
0 0.9091796875 0.1640625 0.1796875 0.0625
2 0.72998046875 0.28125 0.5400390625 0.0390625
0 0.498046875 0.3502604166666667 0.076171875 0.046875
0 0.619140625 0.3502604166666667 0.16015625 0.046875
0 0.78173828125 0.3502604166666667 0.1572265625 0.046875
0 0.927734375 0.3502604166666667 0.12890625 0.046875
0 0.513671875 0.4166666666666667 0.107421875 0.046875
0 0.64111328125 0.4166666666666667 0.1396484375 0.046875
0 0.7890625 0.4166666666666667 0.1484375 0.046875
0 0.92333984375 0.4166666666666667 0.1123046875 0.046875
0 0.72998046875 0.478515625 0.5400390625 0.024739583333333332
7 0.60595703125 0.5162760416666666 0.2060546875 0.01953125
3 0.22998046875 0.6966145833333334 0.4599609375 0.2552083333333333
7 0.11083984375 0.6393229166666666 0.2216796875 0.052083333333333336
7 0.04052734375 0.6979166666666666 0.0810546875 0.0234375
4 0.15283203125 0.8782552083333334 0.3056640625 0.24348958333333334
0 0.15283203125 0.8782552083333334 0.3056640625 0.24348958333333334
2 0.41162109375 0.6686197916666666 0.0966796875 0.06380208333333333
6 0.41162109375 0.728515625 0.0966796875 0.01953125
7 0.40234375 0.75 0.078125 0.0234375
2 0.41162109375 0.9296875 0.0966796875 0.09375
6 0.41162109375 0.9973958333333334 0.0966796875 0.005208333333333333
7 0.41162109375 0.99609375 0.0966796875 0.0078125
4 0.72998046875 0.76953125 0.5400390625 0.13802083333333334
2 0.55029296875 0.8697916666666666 0.1806640625 0.08333333333333333
1 0.8671875 0.6979166666666666 0.265625 0.06770833333333333
1 0.8671875 0.78125 0.265625 0.06770833333333333
0 0.8671875 0.8619791666666666 0.265625 0.0625
6 0.9033203125 0.92578125 0.193359375 0.020833333333333332