7 0.3349609375 0.057942708333333336 0.669921875 0.05859375
7 0.3349609375 0.142578125 0.669921875 0.029947916666666668
6 0.02392578125 0.380859375 0.0478515625 0.016927083333333332
7 0.0595703125 0.380859375 0.025390625 0.016927083333333332
7 0.7470703125 0.0026041666666666665 0.154296875 0.005208333333333333
7 0.85107421875 0.0026041666666666665 0.0556640625 0.005208333333333333
7 0.8798828125 0.0026041666666666665 0.00390625 0.005208333333333333
0 0.68798828125 0.08854166666666667 0.0361328125 0.041666666666666664
0 0.77294921875 0.08854166666666667 0.0712890625 0.041666666666666664
4 0.8349609375 0.20377604166666666 0.330078125 0.37109375
4 0.3349609375 0.46875 0.669921875 0.15885416666666666
4 0.3349609375 0.44140625 0.669921875 0.10416666666666667
1 0.283203125 0.58984375 0.423828125 0.046875
4 0.47705078125 0.58984375 0.0205078125 0.026041666666666668
0 0.47705078125 0.58984375 0.0361328125 0.046875
4 0.57421875 0.5924479166666666 0.03125 0.041666666666666664
0 0.57421875 0.6041666666666666 0.03125 0.020833333333333332
0 0.6337890625 0.58984375 0.04296875 0.0234375
4 0.3349609375 0.6946614583333334 0.669921875 0.6106770833333334
7 0.2783203125 0.6640625 0.544921875 0.044270833333333336
0 0.62451171875 0.7063802083333334 0.0908203125 0.022135416666666668
7 0.041015625 0.8515625 0.08203125 0.020833333333333332
0 0.046875 0.8190104166666666 0.09375 0.16927083333333334
7 0.041015625 0.8776041666666666 0.08203125 0.020833333333333332
7 0.1591796875 0.8515625 0.083984375 0.020833333333333332
0 0.1591796875 0.8190104166666666 0.107421875 0.16927083333333334
7 0.1591796875 0.8776041666666666 0.083984375 0.020833333333333332
7 0.2783203125 0.8411458333333334 0.083984375 0.041666666666666664
0 0.2783203125 0.8190104166666666 0.107421875 0.16927083333333334
7 0.2783203125 0.8776041666666666 0.083984375 0.020833333333333332
7 0.3974609375 0.8411458333333334 0.083984375 0.041666666666666664
0 0.3974609375 0.8190104166666666 0.107421875 0.16927083333333334
7 0.3974609375 0.8776041666666666 0.083984375 0.020833333333333332
7 0.5166015625 0.8411458333333334 0.083984375 0.041666666666666664
0 0.5166015625 0.8190104166666666 0.107421875 0.16927083333333334
7 0.5166015625 0.8776041666666666 0.083984375 0.020833333333333332
7 0.6318359375 0.8411458333333334 0.076171875 0.041666666666666664
0 0.6259765625 0.8190104166666666 0.087890625 0.16927083333333334
7 0.6318359375 0.8776041666666666 0.076171875 0.020833333333333332
7 0.0146484375 0.96484375 0.029296875 0.0234375
7 0.4677734375 0.96484375 0.0703125 0.020833333333333332
4 0.55908203125 0.96484375 0.0224609375 0.0234375
4 0.60791015625 0.96484375 0.0166015625 0.0234375
4 0.63720703125 0.96484375 0.0166015625 0.0234375
7 0.84912109375 0.5703125 0.3017578125 0.3619791666666667
4 0.76708984375 0.904296875 0.0732421875 0.09765625
2 0.9189453125 0.8704427083333334 0.162109375 0.032552083333333336
7 0.9189453125 0.9544270833333334 0.162109375 0.09114583333333333