7 0.2646484375 0.054036458333333336 0.529296875 0.029947916666666668
7 0.2646484375 0.12434895833333333 0.529296875 0.029947916666666668
7 0.2646484375 0.15299479166666666 0.529296875 0.029947916666666668
7 0.2646484375 0.23763020833333334 0.529296875 0.05859375
7 0.2646484375 0.322265625 0.529296875 0.029947916666666668
2 0.67431640625 0.054036458333333336 0.2900390625 0.10807291666666667
0 0.591796875 0.16731770833333334 0.125 0.04296875
4 0.55029296875 0.345703125 0.0419921875 0.048177083333333336
4 0.87744140625 0.345703125 0.0341796875 0.048177083333333336
2 0.091796875 0.6295572916666666 0.0625 0.04296875
0 0.1884765625 0.740234375 0.255859375 0.2643229166666667
2 0.1884765625 0.6744791666666666 0.255859375 0.049479166666666664
7 0.1884765625 0.7317708333333334 0.255859375 0.026041666666666668
7 0.1884765625 0.8014322916666666 0.255859375 0.10026041666666667
2 0.4619140625 0.6920572916666666 0.134765625 0.16796875
7 0.4619140625 0.845703125 0.134765625 0.10026041666666667
6 0.47216796875 0.9368489583333334 0.1123046875 0.022135416666666668
6 0.46826171875 0.994140625 0.1044921875 0.01171875
2 0.7294921875 0.416015625 0.400390625 0.04296875
2 0.6875 0.462890625 0.259765625 0.04296875
7 0.6875 0.5735677083333334 0.17578125 0.024739583333333332
0 0.6875 0.5735677083333334 0.2109375 0.06901041666666667
4 0.7646484375 0.8196614583333334 0.470703125 0.3606770833333333