2 0.25390625 0.2916666666666667 0.32421875 0.046875
7 0.25390625 0.38671875 0.32421875 0.09375
7 0.25439453125 0.494140625 0.1298828125 0.01953125
0 0.25390625 0.494140625 0.2734375 0.055989583333333336
7 0.541015625 0.004557291666666667 0.138671875 0.009114583333333334
0 0.5478515625 0.012369791666666666 0.17578125 0.024739583333333332
7 0.7177734375 0.004557291666666667 0.13671875 0.009114583333333334
0 0.72314453125 0.012369791666666666 0.1767578125 0.024739583333333332
1 0.9013671875 0.053385416666666664 0.173828125 0.0390625
0 0.82470703125 0.07421875 0.1142578125 0.057291666666666664
0 0.9326171875 0.07421875 0.09375 0.057291666666666664
0 0.48388671875 0.14973958333333334 0.0478515625 0.0546875
0 0.55224609375 0.14973958333333334 0.0888671875 0.0546875
0 0.65771484375 0.14973958333333334 0.1220703125 0.0546875
2 0.67919921875 0.3203125 0.4384765625 0.15625
7 0.67919921875 0.4661458333333333 0.4384765625 0.0703125
4 0.22998046875 0.6940104166666666 0.4599609375 0.109375
4 0.22998046875 0.8899739583333334 0.4599609375 0.22005208333333334
7 0.41064453125 0.9576822916666666 0.0986328125 0.08463541666666667
7 0.5439453125 0.69140625 0.16796875 0.028645833333333332
7 0.54443359375 0.7252604166666666 0.1689453125 0.028645833333333332
1 0.5166015625 0.8828125 0.11328125 0.036458333333333336
7 0.64453125 0.8841145833333334 0.095703125 0.0234375
0 0.6572265625 0.8828125 0.142578125 0.036458333333333336
4 0.71826171875 0.8828125 0.0185546875 0.033854166666666664
1 0.6572265625 0.9205729166666666 0.1328125 0.03125
7 0.79931640625 0.8841145833333334 0.0947265625 0.0234375
0 0.81201171875 0.8828125 0.1416015625 0.036458333333333336
4 0.87255859375 0.8828125 0.0185546875 0.033854166666666664
1 0.81201171875 0.9205729166666666 0.1318359375 0.03125
1 0.927734375 0.8828125 0.064453125 0.036458333333333336
7 0.986328125 0.8828125 0.02734375 0.018229166666666668
2 0.92822265625 0.9869791666666666 0.1435546875 0.026041666666666668