2 0.09716796875 0.3046875 0.1943359375 0.046875
7 0.0869140625 0.3990885416666667 0.173828125 0.08463541666666667
6 0.119140625 0.4303385416666667 0.0234375 0.022135416666666668
7 0.1318359375 0.4303385416666667 0.00390625 0.022135416666666668
2 0.34326171875 0.3046875 0.1533203125 0.046875
7 0.34326171875 0.3997395833333333 0.1533203125 0.09375
7 0.43115234375 0.18684895833333334 0.0126953125 0.3736979166666667
7 0.62451171875 0.016927083333333332 0.0986328125 0.033854166666666664
7 0.68701171875 0.016927083333333332 0.0283203125 0.033854166666666664
1 0.80859375 0.014973958333333334 0.201171875 0.029947916666666668
7 0.62451171875 0.052734375 0.0986328125 0.040364583333333336
7 0.68701171875 0.052734375 0.0283203125 0.040364583333333336
1 0.80615234375 0.052734375 0.2060546875 0.032552083333333336
7 0.62451171875 0.091796875 0.0986328125 0.040364583333333336
7 0.68701171875 0.091796875 0.0283203125 0.040364583333333336
1 0.80615234375 0.091796875 0.2060546875 0.032552083333333336
7 0.62451171875 0.130859375 0.0986328125 0.040364583333333336
7 0.68701171875 0.130859375 0.0283203125 0.040364583333333336
1 0.80615234375 0.130859375 0.2060546875 0.032552083333333336
1 0.82421875 0.16796875 0.05078125 0.028645833333333332
1 0.880859375 0.16796875 0.056640625 0.028645833333333332
7 0.71826171875 0.2779947916666667 0.5634765625 0.006510416666666667
4 0.439453125 0.3704427083333333 0.005859375 0.006510416666666667
7 0.61572265625 0.328125 0.3486328125 0.09114583333333333
7 0.9052734375 0.3274739583333333 0.052734375 0.014322916666666666
4 0.93359375 0.3287760416666667 0.005859375 0.006510416666666667
4 0.974609375 0.328125 0.05078125 0.057291666666666664
4 0.43115234375 0.3815104166666667 0.0126953125 0.015625
4 0.44287109375 0.3815104166666667 0.0126953125 0.015625
4 0.2099609375 0.5234375 0.419921875 0.12760416666666666
4 0.2099609375 0.5169270833333334 0.419921875 0.11458333333333333
7 0.36572265625 0.6236979166666666 0.1083984375 0.015625
7 0.3623046875 0.6510416666666666 0.115234375 0.033854166666666664
7 0.3798828125 0.7044270833333334 0.080078125 0.03125
0 0.3798828125 0.703125 0.080078125 0.015625
1 0.35791015625 0.81640625 0.1240234375 0.028645833333333332
1 0.35791015625 0.8619791666666666 0.1240234375 0.028645833333333332
7 0.32080078125 0.9140625 0.0537109375 0.03125
2 0.11474609375 0.6119791666666666 0.2294921875 0.028645833333333332
7 0.10302734375 0.6868489583333334 0.2060546875 0.05078125
6 0.06787109375 0.701171875 0.1357421875 0.022135416666666668
7 0.1044921875 0.7298177083333334 0.208984375 0.07942708333333333
4 0.11376953125 0.8815104166666666 0.2275390625 0.13802083333333334
2 0.60888671875 0.9479166666666666 0.3779296875 0.10416666666666667
0 0.611328125 0.9440104166666666 0.3828125 0.11197916666666667
4 0.7099609375 0.767578125 0.580078125 0.46484375
7 0.4384765625 0.4908854166666667 0.037109375 0.020833333333333332
0 0.4423828125 0.49609375 0.044921875 0.07291666666666667
7 0.50439453125 0.4908854166666667 0.0634765625 0.020833333333333332
0 0.50439453125 0.49609375 0.0791015625 0.07291666666666667
7 0.5751953125 0.4908854166666667 0.046875 0.020833333333333332
0 0.5751953125 0.49609375 0.0625 0.07291666666666667
7 0.64208984375 0.4908854166666667 0.0556640625 0.020833333333333332
0 0.64208984375 0.49609375 0.0712890625 0.07291666666666667
7 0.70263671875 0.4908854166666667 0.0341796875 0.020833333333333332
0 0.70263671875 0.49609375 0.0498046875 0.07291666666666667
7 0.74853515625 0.4908854166666667 0.0263671875 0.020833333333333332
0 0.74853515625 0.49609375 0.0419921875 0.07291666666666667
7 0.794921875 0.4908854166666667 0.03515625 0.020833333333333332
0 0.794921875 0.49609375 0.05078125 0.07291666666666667
7 0.85009765625 0.4908854166666667 0.0439453125 0.020833333333333332
0 0.85009765625 0.49609375 0.0595703125 0.07291666666666667
7 0.91357421875 0.4908854166666667 0.0517578125 0.020833333333333332
0 0.93310546875 0.49609375 0.1064453125 0.07291666666666667
4 0.8173828125 0.4908854166666667 0.01171875 0.020833333333333332
0 0.81689453125 0.49609375 0.0439453125 0.07291666666666667
7 0.9072265625 0.48046875 0.10546875 0.020833333333333332
0 0.9072265625 0.49609375 0.13671875 0.07291666666666667
7 0.9072265625 0.50390625 0.10546875 0.015625
7 0.70556640625 0.796875 0.5712890625 0.046875
7 0.703125 0.875 0.56640625 0.08333333333333333
7 0.484375 0.96875 0.12890625 0.020833333333333332
6 0.60205078125 0.96875 0.1083984375 0.020833333333333332
7 0.771484375 0.96875 0.232421875 0.020833333333333332
6 0.68115234375 0.9791666666666666 0.5224609375 0.041666666666666664