4 0.146484375 0.12890625 0.29296875 0.21875
4 0.146484375 0.20182291666666666 0.29296875 0.3645833333333333
4 0.146484375 0.20182291666666666 0.29296875 0.3645833333333333
2 0.13525390625 0.21744791666666666 0.2705078125 0.057291666666666664
7 0.123046875 0.2825520833333333 0.24609375 0.046875
7 0.09619140625 0.34765625 0.1923828125 0.0234375
4 0.22314453125 0.34765625 0.0185546875 0.036458333333333336
4 0.26123046875 0.34765625 0.0185546875 0.036458333333333336
4 0.43017578125 0.12890625 0.2587890625 0.21875
4 0.43017578125 0.20182291666666666 0.2587890625 0.3645833333333333
4 0.43017578125 0.20182291666666666 0.2587890625 0.3645833333333333
2 0.44140625 0.23177083333333334 0.236328125 0.0859375
7 0.44140625 0.2981770833333333 0.236328125 0.020833333333333332
7 0.42578125 0.34765625 0.205078125 0.0234375
4 0.5546875 0.34765625 0.009765625 0.036458333333333336
7 0.158203125 0.4674479166666667 0.31640625 0.041666666666666664
0 0.12890625 0.521484375 0.169921875 0.01953125
2 0.77978515625 0.056640625 0.4404296875 0.029947916666666668
2 0.70556640625 0.10416666666666667 0.2822265625 0.0234375
2 0.873046875 0.10677083333333333 0.0546875 0.020833333333333332
0 0.73291015625 0.10416666666666667 0.3369140625 0.0234375
7 0.77978515625 0.2942708333333333 0.4404296875 0.0234375
7 0.828125 0.3600260416666667 0.03125 0.01953125
7 0.8505859375 0.388671875 0.03125 0.01953125
2 0.732421875 0.416015625 0.248046875 0.048177083333333336
7 0.732421875 0.462890625 0.248046875 0.029947916666666668
7 0.732421875 0.4915364583333333 0.248046875 0.029947916666666668
7 0.72412109375 0.51953125 0.1201171875 0.0234375
4 0.79248046875 0.5201822916666666 0.0166015625 0.022135416666666668
2 0.96044921875 0.416015625 0.0791015625 0.048177083333333336
7 0.96044921875 0.462890625 0.0791015625 0.029947916666666668
7 0.96044921875 0.4915364583333333 0.0791015625 0.029947916666666668
7 0.986328125 0.51953125 0.02734375 0.0234375
4 0.05078125 0.6608072916666666 0.1015625 0.22265625
2 0.34521484375 0.5592447916666666 0.4287109375 0.01953125
2 0.154296875 0.5852864583333334 0.046875 0.02734375
7 0.14501953125 0.6276041666666666 0.0283203125 0.0234375
0 0.0537109375 0.8600260416666666 0.04296875 0.029947916666666668
0 0.10546875 0.8600260416666666 0.029296875 0.029947916666666668
0 0.17578125 0.8600260416666666 0.080078125 0.029947916666666668
4 0.05078125 0.9466145833333334 0.1015625 0.10677083333333333
4 0.2275390625 0.9466145833333334 0.212890625 0.10677083333333333
4 0.45654296875 0.9466145833333334 0.2060546875 0.10677083333333333
7 0.7431640625 0.7962239583333334 0.16796875 0.032552083333333336
6 0.8515625 0.7962239583333334 0.048828125 0.032552083333333336
7 0.80615234375 0.833984375 0.2802734375 0.10807291666666667
6 0.83251953125 0.8717447916666666 0.1240234375 0.032552083333333336
7 0.9033203125 0.8717447916666666 0.017578125 0.032552083333333336
0 0.802734375 0.9401041666666666 0.248046875 0.041666666666666664
4 0.75927734375 0.7747395833333334 0.3994140625 0.4505208333333333
0 0.9921875 0.5638020833333334 0.015625 0.0234375
0 0.9921875 0.86328125 0.015625 0.0234375