4 0.1923828125 0.166015625 0.328125 0.12630208333333334
4 0.1923828125 0.166015625 0.328125 0.12630208333333334
4 0.1923828125 0.166015625 0.328125 0.12630208333333334
0 0.50439453125 0.072265625 0.1630859375 0.02734375
0 0.7421875 0.072265625 0.134765625 0.02734375
0 0.94970703125 0.072265625 0.1005859375 0.02734375
4 0.43994140625 0.197265625 0.0810546875 0.06380208333333333
0 0.43994140625 0.197265625 0.0810546875 0.06380208333333333
2 0.52197265625 0.19661458333333334 0.0654296875 0.06510416666666667
4 0.6728515625 0.197265625 0.11328125 0.06380208333333333
0 0.6728515625 0.197265625 0.11328125 0.06380208333333333
2 0.77490234375 0.19661458333333334 0.0732421875 0.06510416666666667
4 0.9208984375 0.197265625 0.11328125 0.06380208333333333
0 0.9208984375 0.197265625 0.11328125 0.06380208333333333
2 0.3046875 0.2630208333333333 0.052734375 0.041666666666666664
0 0.3046875 0.2630208333333333 0.052734375 0.041666666666666664
7 0.025390625 0.37109375 0.05078125 0.052083333333333336
0 0.03515625 0.37109375 0.0703125 0.052083333333333336
4 0.046875 0.37109375 0.01953125 0.026041666666666668
0 0.203125 0.24283854166666666 0.265625 0.02734375
7 0.10546875 0.3138020833333333 0.03125 0.028645833333333332
0 0.10546875 0.3138020833333333 0.0703125 0.0625
7 0.203125 0.37109375 0.2265625 0.052083333333333336
0 0.203125 0.37109375 0.265625 0.052083333333333336
7 0.203125 0.4231770833333333 0.2265625 0.052083333333333336
0 0.203125 0.4231770833333333 0.265625 0.052083333333333336
7 0.203125 0.4752604166666667 0.2265625 0.052083333333333336
0 0.203125 0.4752604166666667 0.265625 0.052083333333333336
7 0.025390625 0.4231770833333333 0.05078125 0.052083333333333336
0 0.03515625 0.4231770833333333 0.0703125 0.052083333333333336
7 0.025390625 0.4752604166666667 0.05078125 0.052083333333333336
0 0.03515625 0.4752604166666667 0.0703125 0.052083333333333336
4 0.046875 0.4752604166666667 0.01953125 0.026041666666666668
0 0.203125 0.24283854166666666 0.265625 0.02734375
7 0.111328125 0.3138020833333333 0.04296875 0.028645833333333332
0 0.111328125 0.3138020833333333 0.08203125 0.0625
7 0.203125 0.37109375 0.2265625 0.052083333333333336
0 0.203125 0.37109375 0.265625 0.052083333333333336
7 0.203125 0.4231770833333333 0.2265625 0.052083333333333336
0 0.203125 0.4231770833333333 0.265625 0.052083333333333336
7 0.203125 0.4752604166666667 0.2265625 0.052083333333333336
0 0.203125 0.4752604166666667 0.265625 0.052083333333333336
7 0.203125 0.52734375 0.2265625 0.052083333333333336
0 0.203125 0.52734375 0.265625 0.052083333333333336
7 0.203125 0.5794270833333334 0.2265625 0.052083333333333336
0 0.203125 0.5794270833333334 0.265625 0.052083333333333336
7 0.203125 0.6315104166666666 0.2265625 0.052083333333333336
0 0.203125 0.6315104166666666 0.265625 0.052083333333333336
7 0.203125 0.68359375 0.2265625 0.052083333333333336
0 0.203125 0.68359375 0.265625 0.052083333333333336
7 0.203125 0.7356770833333334 0.2265625 0.052083333333333336
0 0.203125 0.7356770833333334 0.265625 0.052083333333333336
7 0.025390625 0.52734375 0.05078125 0.052083333333333336
0 0.03515625 0.52734375 0.0703125 0.052083333333333336
4 0.046875 0.52734375 0.01953125 0.026041666666666668
0 0.203125 0.24283854166666666 0.265625 0.02734375
7 0.1416015625 0.3138020833333333 0.103515625 0.028645833333333332
0 0.1416015625 0.3138020833333333 0.142578125 0.0625
7 0.203125 0.37109375 0.2265625 0.052083333333333336
0 0.203125 0.37109375 0.265625 0.052083333333333336
7 0.203125 0.4231770833333333 0.2265625 0.052083333333333336
0 0.203125 0.4231770833333333 0.265625 0.052083333333333336
7 0.025390625 0.5794270833333334 0.05078125 0.052083333333333336
0 0.03515625 0.5794270833333334 0.0703125 0.052083333333333336
7 0.025390625 0.6315104166666666 0.05078125 0.052083333333333336
0 0.03515625 0.6315104166666666 0.0703125 0.052083333333333336
4 0.046875 0.6315104166666666 0.01953125 0.026041666666666668
0 0.203125 0.24283854166666666 0.265625 0.02734375
7 0.12451171875 0.3138020833333333 0.0693359375 0.028645833333333332
0 0.12451171875 0.3138020833333333 0.1083984375 0.0625
7 0.203125 0.37109375 0.2265625 0.052083333333333336
0 0.203125 0.37109375 0.265625 0.052083333333333336
7 0.203125 0.4231770833333333 0.2265625 0.052083333333333336
0 0.203125 0.4231770833333333 0.265625 0.052083333333333336
4 0.3125 0.4231770833333333 0.01953125 0.026041666666666668
7 0.37109375 0.3138020833333333 0.03125 0.028645833333333332
0 0.36767578125 0.3138020833333333 0.0634765625 0.0625
0 0.36767578125 0.37109375 0.0634765625 0.052083333333333336
0 0.36767578125 0.4231770833333333 0.0634765625 0.052083333333333336
7 0.203125 0.4752604166666667 0.2265625 0.052083333333333336
0 0.203125 0.4752604166666667 0.265625 0.052083333333333336
7 0.203125 0.52734375 0.2265625 0.052083333333333336
0 0.203125 0.52734375 0.265625 0.052083333333333336
7 0.203125 0.5794270833333334 0.2265625 0.052083333333333336
0 0.203125 0.5794270833333334 0.265625 0.052083333333333336
7 0.203125 0.6315104166666666 0.2265625 0.052083333333333336
0 0.203125 0.6315104166666666 0.265625 0.052083333333333336
7 0.203125 0.68359375 0.2265625 0.052083333333333336
0 0.203125 0.68359375 0.265625 0.052083333333333336
7 0.203125 0.7356770833333334 0.2265625 0.052083333333333336
0 0.203125 0.7356770833333334 0.265625 0.052083333333333336
7 0.203125 0.7877604166666666 0.2265625 0.052083333333333336
0 0.203125 0.7877604166666666 0.265625 0.052083333333333336
7 0.203125 0.83984375 0.2265625 0.052083333333333336
0 0.203125 0.83984375 0.265625 0.052083333333333336
4 0.3125 0.83984375 0.01953125 0.026041666666666668
7 0.37109375 0.3138020833333333 0.03125 0.028645833333333332
0 0.36767578125 0.3138020833333333 0.0634765625 0.0625
0 0.36767578125 0.37109375 0.0634765625 0.052083333333333336
0 0.36767578125 0.4231770833333333 0.0634765625 0.052083333333333336
7 0.203125 0.8919270833333334 0.2265625 0.052083333333333336
0 0.203125 0.8919270833333334 0.265625 0.052083333333333336
7 0.025390625 0.68359375 0.05078125 0.052083333333333336
0 0.03515625 0.68359375 0.0703125 0.052083333333333336
4 0.046875 0.68359375 0.01953125 0.026041666666666668
0 0.203125 0.24283854166666666 0.265625 0.02734375
7 0.123046875 0.3138020833333333 0.06640625 0.028645833333333332
0 0.123046875 0.3138020833333333 0.10546875 0.0625
7 0.203125 0.37109375 0.2265625 0.052083333333333336
0 0.203125 0.37109375 0.265625 0.052083333333333336
7 0.203125 0.4231770833333333 0.2265625 0.052083333333333336
0 0.203125 0.4231770833333333 0.265625 0.052083333333333336
7 0.203125 0.4752604166666667 0.2265625 0.052083333333333336
0 0.203125 0.4752604166666667 0.265625 0.052083333333333336
7 0.203125 0.52734375 0.2265625 0.052083333333333336
0 0.203125 0.52734375 0.265625 0.052083333333333336
7 0.203125 0.5794270833333334 0.2265625 0.052083333333333336
0 0.203125 0.5794270833333334 0.265625 0.052083333333333336
7 0.203125 0.6315104166666666 0.2265625 0.052083333333333336
0 0.203125 0.6315104166666666 0.265625 0.052083333333333336
7 0.025390625 0.7356770833333334 0.05078125 0.052083333333333336
0 0.03515625 0.7356770833333334 0.0703125 0.052083333333333336
7 0.025390625 0.7877604166666666 0.05078125 0.052083333333333336
0 0.03515625 0.7877604166666666 0.0703125 0.052083333333333336
7 0.025390625 0.83984375 0.05078125 0.052083333333333336
0 0.03515625 0.83984375 0.0703125 0.052083333333333336
7 0.025390625 0.8919270833333334 0.05078125 0.052083333333333336
0 0.03515625 0.8919270833333334 0.0703125 0.052083333333333336
4 0.046875 0.8919270833333334 0.01953125 0.026041666666666668
0 0.203125 0.24283854166666666 0.265625 0.02734375
7 0.12158203125 0.3138020833333333 0.0634765625 0.028645833333333332
0 0.12158203125 0.3138020833333333 0.1025390625 0.0625
7 0.203125 0.37109375 0.2265625 0.052083333333333336
0 0.203125 0.37109375 0.265625 0.052083333333333336
7 0.203125 0.4231770833333333 0.2265625 0.052083333333333336
0 0.203125 0.4231770833333333 0.265625 0.052083333333333336
7 0.203125 0.4752604166666667 0.2265625 0.052083333333333336
0 0.203125 0.4752604166666667 0.265625 0.052083333333333336
7 0.203125 0.52734375 0.2265625 0.052083333333333336
0 0.203125 0.52734375 0.265625 0.052083333333333336
7 0.025390625 0.9440104166666666 0.05078125 0.052083333333333336
0 0.03515625 0.9440104166666666 0.0703125 0.052083333333333336
0 0.203125 0.24283854166666666 0.265625 0.02734375
7 0.115234375 0.3138020833333333 0.05078125 0.028645833333333332
0 0.115234375 0.3138020833333333 0.08984375 0.0625
7 0.203125 0.37109375 0.2265625 0.052083333333333336
0 0.203125 0.37109375 0.265625 0.052083333333333336
7 0.203125 0.4231770833333333 0.2265625 0.052083333333333336
0 0.203125 0.4231770833333333 0.265625 0.052083333333333336
7 0.203125 0.4752604166666667 0.2265625 0.052083333333333336
0 0.203125 0.4752604166666667 0.265625 0.052083333333333336
0 0.203125 0.24283854166666666 0.265625 0.02734375
7 0.12548828125 0.3138020833333333 0.0712890625 0.028645833333333332
0 0.12548828125 0.3138020833333333 0.1103515625 0.0625
7 0.203125 0.37109375 0.2265625 0.052083333333333336
0 0.203125 0.37109375 0.265625 0.052083333333333336
7 0.203125 0.4231770833333333 0.2265625 0.052083333333333336
0 0.203125 0.4231770833333333 0.265625 0.052083333333333336
7 0.203125 0.4752604166666667 0.2265625 0.052083333333333336
0 0.203125 0.4752604166666667 0.265625 0.052083333333333336
7 0.203125 0.52734375 0.2265625 0.052083333333333336
0 0.203125 0.52734375 0.265625 0.052083333333333336
7 0.203125 0.5794270833333334 0.2265625 0.052083333333333336
0 0.203125 0.5794270833333334 0.265625 0.052083333333333336
7 0.203125 0.6315104166666666 0.2265625 0.052083333333333336
0 0.203125 0.6315104166666666 0.265625 0.052083333333333336
0 0.203125 0.24283854166666666 0.265625 0.02734375
7 0.1259765625 0.3138020833333333 0.072265625 0.028645833333333332
0 0.1259765625 0.3138020833333333 0.111328125 0.0625
7 0.203125 0.37109375 0.2265625 0.052083333333333336
0 0.203125 0.37109375 0.265625 0.052083333333333336
7 0.203125 0.4231770833333333 0.2265625 0.052083333333333336
0 0.203125 0.4231770833333333 0.265625 0.052083333333333336
0 0.203125 0.24283854166666666 0.265625 0.02734375
7 0.14990234375 0.3138020833333333 0.1201171875 0.028645833333333332
0 0.14990234375 0.3138020833333333 0.1591796875 0.0625
7 0.203125 0.37109375 0.2265625 0.052083333333333336
0 0.203125 0.37109375 0.265625 0.052083333333333336
7 0.203125 0.4231770833333333 0.2265625 0.052083333333333336
0 0.203125 0.4231770833333333 0.265625 0.052083333333333336
7 0.025390625 0.37109375 0.05078125 0.052083333333333336
0 0.03515625 0.37109375 0.0703125 0.052083333333333336
4 0.046875 0.37109375 0.01953125 0.026041666666666668
0 0.203125 0.24283854166666666 0.265625 0.02734375
7 0.1328125 0.3138020833333333 0.0859375 0.028645833333333332
0 0.1328125 0.3138020833333333 0.125 0.0625
7 0.203125 0.37109375 0.2265625 0.052083333333333336
0 0.203125 0.37109375 0.265625 0.052083333333333336
4 0.3125 0.37109375 0.01953125 0.026041666666666668
7 0.37744140625 0.3138020833333333 0.0439453125 0.028645833333333332
0 0.36767578125 0.3138020833333333 0.0634765625 0.0625
0 0.36767578125 0.37109375 0.0634765625 0.052083333333333336
0 0.36767578125 0.4231770833333333 0.0634765625 0.052083333333333336
0 0.36767578125 0.4752604166666667 0.0634765625 0.052083333333333336
0 0.36767578125 0.52734375 0.0634765625 0.052083333333333336
0 0.36767578125 0.5794270833333334 0.0634765625 0.052083333333333336
0 0.36767578125 0.6315104166666666 0.0634765625 0.052083333333333336
7 0.203125 0.4231770833333333 0.2265625 0.052083333333333336
0 0.203125 0.4231770833333333 0.265625 0.052083333333333336
4 0.3125 0.4231770833333333 0.01953125 0.026041666666666668
7 0.37353515625 0.3138020833333333 0.0361328125 0.028645833333333332
0 0.36767578125 0.3138020833333333 0.0634765625 0.0625
0 0.36767578125 0.37109375 0.0634765625 0.052083333333333336
0 0.36767578125 0.4231770833333333 0.0634765625 0.052083333333333336
0 0.36767578125 0.4752604166666667 0.0634765625 0.052083333333333336
0 0.36767578125 0.52734375 0.0634765625 0.052083333333333336
0 0.36767578125 0.5794270833333334 0.0634765625 0.052083333333333336
0 0.36767578125 0.6315104166666666 0.0634765625 0.052083333333333336
0 0.36767578125 0.68359375 0.0634765625 0.052083333333333336
0 0.36767578125 0.7356770833333334 0.0634765625 0.052083333333333336
7 0.203125 0.4752604166666667 0.2265625 0.052083333333333336
0 0.203125 0.4752604166666667 0.265625 0.052083333333333336
4 0.3125 0.4752604166666667 0.01953125 0.026041666666666668
7 0.37744140625 0.3138020833333333 0.0439453125 0.028645833333333332
0 0.36767578125 0.3138020833333333 0.0634765625 0.0625
0 0.36767578125 0.37109375 0.0634765625 0.052083333333333336
0 0.36767578125 0.4231770833333333 0.0634765625 0.052083333333333336
0 0.36767578125 0.4752604166666667 0.0634765625 0.052083333333333336
0 0.36767578125 0.52734375 0.0634765625 0.052083333333333336
0 0.36767578125 0.5794270833333334 0.0634765625 0.052083333333333336
0 0.36767578125 0.6315104166666666 0.0634765625 0.052083333333333336
7 0.203125 0.52734375 0.2265625 0.052083333333333336
0 0.203125 0.52734375 0.265625 0.052083333333333336
4 0.3125 0.52734375 0.01953125 0.026041666666666668
7 0.37744140625 0.3138020833333333 0.0439453125 0.028645833333333332
0 0.36767578125 0.3138020833333333 0.0634765625 0.0625
0 0.36767578125 0.37109375 0.0634765625 0.052083333333333336
0 0.36767578125 0.4231770833333333 0.0634765625 0.052083333333333336
0 0.36767578125 0.4752604166666667 0.0634765625 0.052083333333333336
0 0.36767578125 0.52734375 0.0634765625 0.052083333333333336
0 0.36767578125 0.5794270833333334 0.0634765625 0.052083333333333336
0 0.36767578125 0.6315104166666666 0.0634765625 0.052083333333333336
7 0.025390625 0.4231770833333333 0.05078125 0.052083333333333336
0 0.03515625 0.4231770833333333 0.0703125 0.052083333333333336
4 0.046875 0.4231770833333333 0.01953125 0.026041666666666668
0 0.203125 0.24283854166666666 0.265625 0.02734375
7 0.12060546875 0.3138020833333333 0.0615234375 0.028645833333333332
0 0.12060546875 0.3138020833333333 0.1005859375 0.0625
7 0.203125 0.37109375 0.2265625 0.052083333333333336
0 0.203125 0.37109375 0.265625 0.052083333333333336
4 0.3125 0.37109375 0.01953125 0.026041666666666668
7 0.37744140625 0.3138020833333333 0.0439453125 0.028645833333333332
0 0.36767578125 0.3138020833333333 0.0634765625 0.0625
0 0.36767578125 0.37109375 0.0634765625 0.052083333333333336
0 0.36767578125 0.4231770833333333 0.0634765625 0.052083333333333336
0 0.36767578125 0.4752604166666667 0.0634765625 0.052083333333333336
0 0.36767578125 0.52734375 0.0634765625 0.052083333333333336
0 0.36767578125 0.5794270833333334 0.0634765625 0.052083333333333336
0 0.36767578125 0.6315104166666666 0.0634765625 0.052083333333333336
7 0.203125 0.4231770833333333 0.2265625 0.052083333333333336
0 0.203125 0.4231770833333333 0.265625 0.052083333333333336
4 0.3125 0.4231770833333333 0.01953125 0.026041666666666668
7 0.37548828125 0.3138020833333333 0.0400390625 0.028645833333333332
0 0.36767578125 0.3138020833333333 0.0634765625 0.0625
0 0.36767578125 0.37109375 0.0634765625 0.052083333333333336
0 0.36767578125 0.4231770833333333 0.0634765625 0.052083333333333336
0 0.36767578125 0.4752604166666667 0.0634765625 0.052083333333333336
0 0.36767578125 0.52734375 0.0634765625 0.052083333333333336
0 0.36767578125 0.5794270833333334 0.0634765625 0.052083333333333336
0 0.36767578125 0.6315104166666666 0.0634765625 0.052083333333333336
0 0.36767578125 0.68359375 0.0634765625 0.052083333333333336
7 0.203125 0.4752604166666667 0.2265625 0.052083333333333336
0 0.203125 0.4752604166666667 0.265625 0.052083333333333336
4 0.3125 0.4752604166666667 0.01953125 0.026041666666666668
7 0.37451171875 0.3138020833333333 0.0380859375 0.028645833333333332
0 0.36767578125 0.3138020833333333 0.0634765625 0.0625
0 0.36767578125 0.37109375 0.0634765625 0.052083333333333336
0 0.36767578125 0.4231770833333333 0.0634765625 0.052083333333333336
0 0.36767578125 0.4752604166666667 0.0634765625 0.052083333333333336
0 0.36767578125 0.52734375 0.0634765625 0.052083333333333336
0 0.36767578125 0.5794270833333334 0.0634765625 0.052083333333333336
0 0.36767578125 0.6315104166666666 0.0634765625 0.052083333333333336
7 0.203125 0.52734375 0.2265625 0.052083333333333336
0 0.203125 0.52734375 0.265625 0.052083333333333336
4 0.3125 0.52734375 0.01953125 0.026041666666666668
7 0.37744140625 0.3138020833333333 0.0439453125 0.028645833333333332
0 0.36767578125 0.3138020833333333 0.0634765625 0.0625
0 0.36767578125 0.37109375 0.0634765625 0.052083333333333336
0 0.36767578125 0.4231770833333333 0.0634765625 0.052083333333333336
0 0.36767578125 0.4752604166666667 0.0634765625 0.052083333333333336
0 0.36767578125 0.52734375 0.0634765625 0.052083333333333336
0 0.36767578125 0.5794270833333334 0.0634765625 0.052083333333333336
0 0.36767578125 0.6315104166666666 0.0634765625 0.052083333333333336
0 0.36767578125 0.68359375 0.0634765625 0.052083333333333336
0 0.36767578125 0.7356770833333334 0.0634765625 0.052083333333333336
7 0.203125 0.5794270833333334 0.2265625 0.052083333333333336
0 0.203125 0.5794270833333334 0.265625 0.052083333333333336
4 0.3125 0.5794270833333334 0.01953125 0.026041666666666668
7 0.37744140625 0.3138020833333333 0.0439453125 0.028645833333333332
0 0.36767578125 0.3138020833333333 0.0634765625 0.0625
0 0.36767578125 0.37109375 0.0634765625 0.052083333333333336
0 0.36767578125 0.4231770833333333 0.0634765625 0.052083333333333336
0 0.36767578125 0.4752604166666667 0.0634765625 0.052083333333333336
0 0.36767578125 0.52734375 0.0634765625 0.052083333333333336
0 0.36767578125 0.5794270833333334 0.0634765625 0.052083333333333336
0 0.36767578125 0.6315104166666666 0.0634765625 0.052083333333333336
7 0.203125 0.6315104166666666 0.2265625 0.052083333333333336
0 0.203125 0.6315104166666666 0.265625 0.052083333333333336
4 0.3125 0.6315104166666666 0.01953125 0.026041666666666668
7 0.37744140625 0.3138020833333333 0.0439453125 0.028645833333333332
0 0.36767578125 0.3138020833333333 0.0634765625 0.0625
0 0.36767578125 0.37109375 0.0634765625 0.052083333333333336
0 0.36767578125 0.4231770833333333 0.0634765625 0.052083333333333336
0 0.36767578125 0.4752604166666667 0.0634765625 0.052083333333333336
7 0.203125 0.68359375 0.2265625 0.052083333333333336
0 0.203125 0.68359375 0.265625 0.052083333333333336
4 0.3125 0.68359375 0.01953125 0.026041666666666668
7 0.373046875 0.3138020833333333 0.03515625 0.028645833333333332
0 0.36767578125 0.3138020833333333 0.0634765625 0.0625
0 0.36767578125 0.37109375 0.0634765625 0.052083333333333336
0 0.36767578125 0.4231770833333333 0.0634765625 0.052083333333333336
0 0.36767578125 0.4752604166666667 0.0634765625 0.052083333333333336
0 0.36767578125 0.52734375 0.0634765625 0.052083333333333336
0 0.36767578125 0.5794270833333334 0.0634765625 0.052083333333333336
0 0.36767578125 0.6315104166666666 0.0634765625 0.052083333333333336
0 0.36767578125 0.68359375 0.0634765625 0.052083333333333336
7 0.203125 0.7356770833333334 0.2265625 0.052083333333333336
0 0.203125 0.7356770833333334 0.265625 0.052083333333333336
4 0.3125 0.7356770833333334 0.01953125 0.026041666666666668
7 0.37744140625 0.3138020833333333 0.0439453125 0.028645833333333332
0 0.36767578125 0.3138020833333333 0.0634765625 0.0625
0 0.36767578125 0.37109375 0.0634765625 0.052083333333333336
0 0.36767578125 0.4231770833333333 0.0634765625 0.052083333333333336
0 0.36767578125 0.4752604166666667 0.0634765625 0.052083333333333336
0 0.36767578125 0.52734375 0.0634765625 0.052083333333333336
0 0.36767578125 0.5794270833333334 0.0634765625 0.052083333333333336
0 0.36767578125 0.6315104166666666 0.0634765625 0.052083333333333336
7 0.203125 0.7877604166666666 0.2265625 0.052083333333333336
0 0.203125 0.7877604166666666 0.265625 0.052083333333333336
4 0.3125 0.7877604166666666 0.01953125 0.026041666666666668
7 0.37744140625 0.3138020833333333 0.0439453125 0.028645833333333332
0 0.36767578125 0.3138020833333333 0.0634765625 0.0625
0 0.36767578125 0.37109375 0.0634765625 0.052083333333333336
0 0.36767578125 0.4231770833333333 0.0634765625 0.052083333333333336
0 0.36767578125 0.4752604166666667 0.0634765625 0.052083333333333336
0 0.36767578125 0.52734375 0.0634765625 0.052083333333333336
0 0.36767578125 0.5794270833333334 0.0634765625 0.052083333333333336
0 0.36767578125 0.6315104166666666 0.0634765625 0.052083333333333336
7 0.025390625 0.4752604166666667 0.05078125 0.052083333333333336
0 0.03515625 0.4752604166666667 0.0703125 0.052083333333333336
4 0.046875 0.4752604166666667 0.01953125 0.026041666666666668
0 0.203125 0.24283854166666666 0.265625 0.02734375
7 0.10888671875 0.3138020833333333 0.0380859375 0.028645833333333332
0 0.10888671875 0.3138020833333333 0.0771484375 0.0625
7 0.203125 0.37109375 0.2265625 0.052083333333333336
0 0.203125 0.37109375 0.265625 0.052083333333333336
4 0.3125 0.37109375 0.01953125 0.026041666666666668
7 0.3701171875 0.3138020833333333 0.029296875 0.028645833333333332
0 0.36767578125 0.3138020833333333 0.0634765625 0.0625
0 0.36767578125 0.37109375 0.0634765625 0.052083333333333336
0 0.36767578125 0.4231770833333333 0.0634765625 0.052083333333333336
0 0.36767578125 0.4752604166666667 0.0634765625 0.052083333333333336
0 0.36767578125 0.52734375 0.0634765625 0.052083333333333336
0 0.36767578125 0.5794270833333334 0.0634765625 0.052083333333333336
0 0.36767578125 0.6315104166666666 0.0634765625 0.052083333333333336
7 0.203125 0.4231770833333333 0.2265625 0.052083333333333336
0 0.203125 0.4231770833333333 0.265625 0.052083333333333336
4 0.3125 0.4231770833333333 0.01953125 0.026041666666666668
7 0.37744140625 0.3138020833333333 0.0439453125 0.028645833333333332
0 0.36767578125 0.3138020833333333 0.0634765625 0.0625
0 0.36767578125 0.37109375 0.0634765625 0.052083333333333336
0 0.36767578125 0.4231770833333333 0.0634765625 0.052083333333333336
0 0.36767578125 0.4752604166666667 0.0634765625 0.052083333333333336
0 0.36767578125 0.52734375 0.0634765625 0.052083333333333336
0 0.36767578125 0.5794270833333334 0.0634765625 0.052083333333333336
0 0.36767578125 0.6315104166666666 0.0634765625 0.052083333333333336
7 0.203125 0.4752604166666667 0.2265625 0.052083333333333336
0 0.203125 0.4752604166666667 0.265625 0.052083333333333336
4 0.3125 0.4752604166666667 0.01953125 0.026041666666666668
7 0.37744140625 0.3138020833333333 0.0439453125 0.028645833333333332
0 0.36767578125 0.3138020833333333 0.0634765625 0.0625
0 0.36767578125 0.37109375 0.0634765625 0.052083333333333336
0 0.36767578125 0.4231770833333333 0.0634765625 0.052083333333333336
0 0.36767578125 0.4752604166666667 0.0634765625 0.052083333333333336
0 0.36767578125 0.52734375 0.0634765625 0.052083333333333336
0 0.36767578125 0.5794270833333334 0.0634765625 0.052083333333333336
0 0.36767578125 0.6315104166666666 0.0634765625 0.052083333333333336
7 0.203125 0.52734375 0.2265625 0.052083333333333336
0 0.203125 0.52734375 0.265625 0.052083333333333336
4 0.3125 0.52734375 0.01953125 0.026041666666666668
7 0.37158203125 0.3138020833333333 0.0322265625 0.028645833333333332
0 0.36767578125 0.3138020833333333 0.0634765625 0.0625
0 0.36767578125 0.37109375 0.0634765625 0.052083333333333336
0 0.36767578125 0.4231770833333333 0.0634765625 0.052083333333333336
7 0.203125 0.5794270833333334 0.2265625 0.052083333333333336
0 0.203125 0.5794270833333334 0.265625 0.052083333333333336
4 0.3125 0.5794270833333334 0.01953125 0.026041666666666668
7 0.37744140625 0.3138020833333333 0.0439453125 0.028645833333333332
0 0.36767578125 0.3138020833333333 0.0634765625 0.0625
0 0.36767578125 0.37109375 0.0634765625 0.052083333333333336
0 0.36767578125 0.4231770833333333 0.0634765625 0.052083333333333336
0 0.36767578125 0.4752604166666667 0.0634765625 0.052083333333333336
0 0.36767578125 0.52734375 0.0634765625 0.052083333333333336
0 0.36767578125 0.5794270833333334 0.0634765625 0.052083333333333336
0 0.36767578125 0.6315104166666666 0.0634765625 0.052083333333333336
7 0.203125 0.6315104166666666 0.2265625 0.052083333333333336
0 0.203125 0.6315104166666666 0.265625 0.052083333333333336
4 0.3125 0.6315104166666666 0.01953125 0.026041666666666668
7 0.37744140625 0.3138020833333333 0.0439453125 0.028645833333333332
0 0.36767578125 0.3138020833333333 0.0634765625 0.0625
0 0.36767578125 0.37109375 0.0634765625 0.052083333333333336
0 0.36767578125 0.4231770833333333 0.0634765625 0.052083333333333336
0 0.36767578125 0.4752604166666667 0.0634765625 0.052083333333333336
0 0.36767578125 0.52734375 0.0634765625 0.052083333333333336
0 0.36767578125 0.5794270833333334 0.0634765625 0.052083333333333336
0 0.36767578125 0.6315104166666666 0.0634765625 0.052083333333333336
7 0.203125 0.68359375 0.2265625 0.052083333333333336
0 0.203125 0.68359375 0.265625 0.052083333333333336
4 0.3125 0.68359375 0.01953125 0.026041666666666668
7 0.37744140625 0.3138020833333333 0.0439453125 0.028645833333333332
0 0.36767578125 0.3138020833333333 0.0634765625 0.0625
0 0.36767578125 0.37109375 0.0634765625 0.052083333333333336
0 0.36767578125 0.4231770833333333 0.0634765625 0.052083333333333336
0 0.36767578125 0.4752604166666667 0.0634765625 0.052083333333333336
0 0.36767578125 0.52734375 0.0634765625 0.052083333333333336
0 0.36767578125 0.5794270833333334 0.0634765625 0.052083333333333336
0 0.36767578125 0.6315104166666666 0.0634765625 0.052083333333333336
7 0.025390625 0.52734375 0.05078125 0.052083333333333336
0 0.03515625 0.52734375 0.0703125 0.052083333333333336
4 0.046875 0.52734375 0.01953125 0.026041666666666668
0 0.203125 0.24283854166666666 0.265625 0.02734375
7 0.11669921875 0.3138020833333333 0.0537109375 0.028645833333333332
0 0.11669921875 0.3138020833333333 0.0927734375 0.0625
7 0.203125 0.37109375 0.2265625 0.052083333333333336
0 0.203125 0.37109375 0.265625 0.052083333333333336
4 0.3125 0.37109375 0.01953125 0.026041666666666668
7 0.37744140625 0.3138020833333333 0.0439453125 0.028645833333333332
0 0.36767578125 0.3138020833333333 0.0634765625 0.0625
0 0.36767578125 0.37109375 0.0634765625 0.052083333333333336
0 0.36767578125 0.4231770833333333 0.0634765625 0.052083333333333336
0 0.36767578125 0.4752604166666667 0.0634765625 0.052083333333333336
0 0.36767578125 0.52734375 0.0634765625 0.052083333333333336
0 0.36767578125 0.5794270833333334 0.0634765625 0.052083333333333336
0 0.36767578125 0.6315104166666666 0.0634765625 0.052083333333333336
0 0.36767578125 0.68359375 0.0634765625 0.052083333333333336
0 0.36767578125 0.7356770833333334 0.0634765625 0.052083333333333336
0 0.36767578125 0.7877604166666666 0.0634765625 0.052083333333333336
7 0.203125 0.4231770833333333 0.2265625 0.052083333333333336
0 0.203125 0.4231770833333333 0.265625 0.052083333333333336
4 0.3125 0.4231770833333333 0.01953125 0.026041666666666668
7 0.37744140625 0.3138020833333333 0.0439453125 0.028645833333333332
0 0.36767578125 0.3138020833333333 0.0634765625 0.0625
0 0.36767578125 0.37109375 0.0634765625 0.052083333333333336
0 0.36767578125 0.4231770833333333 0.0634765625 0.052083333333333336
0 0.36767578125 0.4752604166666667 0.0634765625 0.052083333333333336
0 0.36767578125 0.52734375 0.0634765625 0.052083333333333336
0 0.36767578125 0.5794270833333334 0.0634765625 0.052083333333333336
0 0.36767578125 0.6315104166666666 0.0634765625 0.052083333333333336
0 0.36767578125 0.68359375 0.0634765625 0.052083333333333336
7 0.203125 0.4752604166666667 0.2265625 0.052083333333333336
0 0.203125 0.4752604166666667 0.265625 0.052083333333333336
4 0.3125 0.4752604166666667 0.01953125 0.026041666666666668
7 0.37744140625 0.3138020833333333 0.0439453125 0.028645833333333332
0 0.36767578125 0.3138020833333333 0.0634765625 0.0625
0 0.36767578125 0.37109375 0.0634765625 0.052083333333333336
0 0.36767578125 0.4231770833333333 0.0634765625 0.052083333333333336
0 0.36767578125 0.4752604166666667 0.0634765625 0.052083333333333336
0 0.36767578125 0.52734375 0.0634765625 0.052083333333333336
0 0.36767578125 0.5794270833333334 0.0634765625 0.052083333333333336
7 0.203125 0.52734375 0.2265625 0.052083333333333336
0 0.203125 0.52734375 0.265625 0.052083333333333336
4 0.3125 0.52734375 0.01953125 0.026041666666666668
7 0.37744140625 0.3138020833333333 0.0439453125 0.028645833333333332
0 0.36767578125 0.3138020833333333 0.0634765625 0.0625
0 0.36767578125 0.37109375 0.0634765625 0.052083333333333336
0 0.36767578125 0.4231770833333333 0.0634765625 0.052083333333333336
0 0.36767578125 0.4752604166666667 0.0634765625 0.052083333333333336
0 0.36767578125 0.52734375 0.0634765625 0.052083333333333336
0 0.36767578125 0.5794270833333334 0.0634765625 0.052083333333333336
0 0.36767578125 0.6315104166666666 0.0634765625 0.052083333333333336
0 0.36767578125 0.68359375 0.0634765625 0.052083333333333336
0 0.36767578125 0.7356770833333334 0.0634765625 0.052083333333333336
0 0.36767578125 0.7877604166666666 0.0634765625 0.052083333333333336
0 0.36767578125 0.83984375 0.0634765625 0.052083333333333336
0 0.36767578125 0.8919270833333334 0.0634765625 0.052083333333333336
0 0.36767578125 0.9440104166666666 0.0634765625 0.052083333333333336
7 0.025390625 0.5794270833333334 0.05078125 0.052083333333333336
0 0.03515625 0.5794270833333334 0.0703125 0.052083333333333336
4 0.046875 0.5794270833333334 0.01953125 0.026041666666666668
0 0.203125 0.24283854166666666 0.265625 0.02734375
7 0.10009765625 0.3138020833333333 0.0205078125 0.028645833333333332
0 0.10009765625 0.3138020833333333 0.0595703125 0.0625
7 0.203125 0.37109375 0.2265625 0.052083333333333336
0 0.203125 0.37109375 0.265625 0.052083333333333336
4 0.3125 0.37109375 0.01953125 0.026041666666666668
7 0.37744140625 0.3138020833333333 0.0439453125 0.028645833333333332
0 0.36767578125 0.3138020833333333 0.0634765625 0.0625
0 0.36767578125 0.37109375 0.0634765625 0.052083333333333336
0 0.36767578125 0.4231770833333333 0.0634765625 0.052083333333333336
0 0.36767578125 0.4752604166666667 0.0634765625 0.052083333333333336
0 0.36767578125 0.52734375 0.0634765625 0.052083333333333336
7 0.203125 0.4231770833333333 0.2265625 0.052083333333333336
0 0.203125 0.4231770833333333 0.265625 0.052083333333333336
4 0.3125 0.4231770833333333 0.01953125 0.026041666666666668
7 0.37744140625 0.3138020833333333 0.0439453125 0.028645833333333332
0 0.36767578125 0.3138020833333333 0.0634765625 0.0625
0 0.36767578125 0.37109375 0.0634765625 0.052083333333333336
0 0.36767578125 0.4231770833333333 0.0634765625 0.052083333333333336
0 0.36767578125 0.4752604166666667 0.0634765625 0.052083333333333336
0 0.36767578125 0.52734375 0.0634765625 0.052083333333333336
0 0.36767578125 0.5794270833333334 0.0634765625 0.052083333333333336
0 0.36767578125 0.6315104166666666 0.0634765625 0.052083333333333336
7 0.203125 0.4752604166666667 0.2265625 0.052083333333333336
0 0.203125 0.4752604166666667 0.265625 0.052083333333333336
4 0.3125 0.4752604166666667 0.01953125 0.026041666666666668
7 0.37744140625 0.3138020833333333 0.0439453125 0.028645833333333332
0 0.36767578125 0.3138020833333333 0.0634765625 0.0625
0 0.36767578125 0.37109375 0.0634765625 0.052083333333333336
0 0.36767578125 0.4231770833333333 0.0634765625 0.052083333333333336
0 0.36767578125 0.4752604166666667 0.0634765625 0.052083333333333336
0 0.36767578125 0.52734375 0.0634765625 0.052083333333333336
0 0.36767578125 0.5794270833333334 0.0634765625 0.052083333333333336
0 0.36767578125 0.6315104166666666 0.0634765625 0.052083333333333336
0 0.36767578125 0.68359375 0.0634765625 0.052083333333333336
0 0.36767578125 0.7356770833333334 0.0634765625 0.052083333333333336
7 0.025390625 0.37109375 0.05078125 0.052083333333333336
0 0.03515625 0.37109375 0.0703125 0.052083333333333336
4 0.046875 0.37109375 0.01953125 0.026041666666666668
0 0.203125 0.24283854166666666 0.265625 0.02734375
7 0.13232421875 0.3138020833333333 0.0849609375 0.028645833333333332
0 0.13232421875 0.3138020833333333 0.1240234375 0.0625
7 0.203125 0.37109375 0.2265625 0.052083333333333336
0 0.203125 0.37109375 0.265625 0.052083333333333336
7 0.203125 0.4231770833333333 0.2265625 0.052083333333333336
0 0.203125 0.4231770833333333 0.265625 0.052083333333333336
7 0.203125 0.4752604166666667 0.2265625 0.052083333333333336
0 0.203125 0.4752604166666667 0.265625 0.052083333333333336
7 0.203125 0.52734375 0.2265625 0.052083333333333336
0 0.203125 0.52734375 0.265625 0.052083333333333336
7 0.203125 0.5794270833333334 0.2265625 0.052083333333333336
0 0.203125 0.5794270833333334 0.265625 0.052083333333333336
7 0.203125 0.6315104166666666 0.2265625 0.052083333333333336
0 0.203125 0.6315104166666666 0.265625 0.052083333333333336
7 0.203125 0.68359375 0.2265625 0.052083333333333336
0 0.203125 0.68359375 0.265625 0.052083333333333336
7 0.025390625 0.4231770833333333 0.05078125 0.052083333333333336
0 0.03515625 0.4231770833333333 0.0703125 0.052083333333333336
4 0.046875 0.4231770833333333 0.01953125 0.026041666666666668
0 0.203125 0.24283854166666666 0.265625 0.02734375
7 0.138671875 0.3138020833333333 0.09765625 0.028645833333333332
0 0.138671875 0.3138020833333333 0.13671875 0.0625
7 0.203125 0.37109375 0.2265625 0.052083333333333336
0 0.203125 0.37109375 0.265625 0.052083333333333336
7 0.203125 0.4231770833333333 0.2265625 0.052083333333333336
0 0.203125 0.4231770833333333 0.265625 0.052083333333333336
7 0.203125 0.4752604166666667 0.2265625 0.052083333333333336
0 0.203125 0.4752604166666667 0.265625 0.052083333333333336
7 0.203125 0.52734375 0.2265625 0.052083333333333336
0 0.203125 0.52734375 0.265625 0.052083333333333336
7 0.025390625 0.4752604166666667 0.05078125 0.052083333333333336
0 0.03515625 0.4752604166666667 0.0703125 0.052083333333333336
4 0.046875 0.4752604166666667 0.01953125 0.026041666666666668
0 0.203125 0.24283854166666666 0.265625 0.02734375
7 0.125 0.3138020833333333 0.0703125 0.028645833333333332
0 0.125 0.3138020833333333 0.109375 0.0625
7 0.203125 0.37109375 0.2265625 0.052083333333333336
0 0.203125 0.37109375 0.265625 0.052083333333333336
7 0.203125 0.4231770833333333 0.2265625 0.052083333333333336
0 0.203125 0.4231770833333333 0.265625 0.052083333333333336
4 0.3125 0.4231770833333333 0.01953125 0.026041666666666668
7 0.37744140625 0.3138020833333333 0.0439453125 0.028645833333333332
0 0.36767578125 0.3138020833333333 0.0634765625 0.0625
0 0.36767578125 0.37109375 0.0634765625 0.052083333333333336
0 0.36767578125 0.4231770833333333 0.0634765625 0.052083333333333336
0 0.36767578125 0.4752604166666667 0.0634765625 0.052083333333333336
0 0.36767578125 0.52734375 0.0634765625 0.052083333333333336
0 0.36767578125 0.5794270833333334 0.0634765625 0.052083333333333336
0 0.36767578125 0.6315104166666666 0.0634765625 0.052083333333333336
0 0.36767578125 0.68359375 0.0634765625 0.052083333333333336
0 0.36767578125 0.7356770833333334 0.0634765625 0.052083333333333336
7 0.203125 0.4752604166666667 0.2265625 0.052083333333333336
0 0.203125 0.4752604166666667 0.265625 0.052083333333333336
7 0.203125 0.52734375 0.2265625 0.052083333333333336
0 0.203125 0.52734375 0.265625 0.052083333333333336
7 0.203125 0.5794270833333334 0.2265625 0.052083333333333336
0 0.203125 0.5794270833333334 0.265625 0.052083333333333336
7 0.203125 0.6315104166666666 0.2265625 0.052083333333333336
0 0.203125 0.6315104166666666 0.265625 0.052083333333333336
7 0.025390625 0.52734375 0.05078125 0.052083333333333336
0 0.03515625 0.52734375 0.0703125 0.052083333333333336
7 0.025390625 0.5794270833333334 0.05078125 0.052083333333333336
0 0.03515625 0.5794270833333334 0.0703125 0.052083333333333336
4 0.046875 0.5794270833333334 0.01953125 0.026041666666666668
0 0.203125 0.24283854166666666 0.265625 0.02734375
7 0.138671875 0.3138020833333333 0.09765625 0.028645833333333332
0 0.138671875 0.3138020833333333 0.13671875 0.0625
7 0.203125 0.37109375 0.2265625 0.052083333333333336
0 0.203125 0.37109375 0.265625 0.052083333333333336
7 0.203125 0.4231770833333333 0.2265625 0.052083333333333336
0 0.203125 0.4231770833333333 0.265625 0.052083333333333336
7 0.203125 0.4752604166666667 0.2265625 0.052083333333333336
0 0.203125 0.4752604166666667 0.265625 0.052083333333333336
7 0.203125 0.52734375 0.2265625 0.052083333333333336
0 0.203125 0.52734375 0.265625 0.052083333333333336
7 0.203125 0.5794270833333334 0.2265625 0.052083333333333336
0 0.203125 0.5794270833333334 0.265625 0.052083333333333336
7 0.203125 0.6315104166666666 0.2265625 0.052083333333333336
0 0.203125 0.6315104166666666 0.265625 0.052083333333333336
7 0.203125 0.68359375 0.2265625 0.052083333333333336
0 0.203125 0.68359375 0.265625 0.052083333333333336
7 0.025390625 0.6315104166666666 0.05078125 0.052083333333333336
0 0.03515625 0.6315104166666666 0.0703125 0.052083333333333336
4 0.046875 0.6315104166666666 0.01953125 0.026041666666666668
0 0.203125 0.24283854166666666 0.265625 0.02734375
7 0.12744140625 0.3138020833333333 0.0751953125 0.028645833333333332
0 0.12744140625 0.3138020833333333 0.1142578125 0.0625
7 0.203125 0.37109375 0.2265625 0.052083333333333336
0 0.203125 0.37109375 0.265625 0.052083333333333336
7 0.203125 0.4231770833333333 0.2265625 0.052083333333333336
0 0.203125 0.4231770833333333 0.265625 0.052083333333333336
7 0.203125 0.4752604166666667 0.2265625 0.052083333333333336
0 0.203125 0.4752604166666667 0.265625 0.052083333333333336
7 0.203125 0.52734375 0.2265625 0.052083333333333336
0 0.203125 0.52734375 0.265625 0.052083333333333336
7 0.203125 0.5794270833333334 0.2265625 0.052083333333333336
0 0.203125 0.5794270833333334 0.265625 0.052083333333333336
7 0.203125 0.6315104166666666 0.2265625 0.052083333333333336
0 0.203125 0.6315104166666666 0.265625 0.052083333333333336
7 0.203125 0.68359375 0.2265625 0.052083333333333336
0 0.203125 0.68359375 0.265625 0.052083333333333336
7 0.025390625 0.68359375 0.05078125 0.052083333333333336
0 0.03515625 0.68359375 0.0703125 0.052083333333333336
4 0.046875 0.68359375 0.01953125 0.026041666666666668
0 0.203125 0.24283854166666666 0.265625 0.02734375
7 0.11181640625 0.3138020833333333 0.0439453125 0.028645833333333332
0 0.11181640625 0.3138020833333333 0.0830078125 0.0625
7 0.203125 0.37109375 0.2265625 0.052083333333333336
0 0.203125 0.37109375 0.265625 0.052083333333333336
7 0.203125 0.4231770833333333 0.2265625 0.052083333333333336
0 0.203125 0.4231770833333333 0.265625 0.052083333333333336
7 0.203125 0.4752604166666667 0.2265625 0.052083333333333336
0 0.203125 0.4752604166666667 0.265625 0.052083333333333336
7 0.203125 0.52734375 0.2265625 0.052083333333333336
0 0.203125 0.52734375 0.265625 0.052083333333333336
7 0.025390625 0.7356770833333334 0.05078125 0.052083333333333336
0 0.03515625 0.7356770833333334 0.0703125 0.052083333333333336
4 0.046875 0.7356770833333334 0.01953125 0.026041666666666668
0 0.203125 0.24283854166666666 0.265625 0.02734375
7 0.14111328125 0.3138020833333333 0.1025390625 0.028645833333333332
0 0.14111328125 0.3138020833333333 0.1416015625 0.0625
7 0.203125 0.37109375 0.2265625 0.052083333333333336
0 0.203125 0.37109375 0.265625 0.052083333333333336
7 0.203125 0.4231770833333333 0.2265625 0.052083333333333336
0 0.203125 0.4231770833333333 0.265625 0.052083333333333336
7 0.203125 0.4752604166666667 0.2265625 0.052083333333333336
0 0.203125 0.4752604166666667 0.265625 0.052083333333333336
7 0.203125 0.52734375 0.2265625 0.052083333333333336
0 0.203125 0.52734375 0.265625 0.052083333333333336
7 0.203125 0.5794270833333334 0.2265625 0.052083333333333336
0 0.203125 0.5794270833333334 0.265625 0.052083333333333336
7 0.025390625 0.7877604166666666 0.05078125 0.052083333333333336
0 0.03515625 0.7877604166666666 0.0703125 0.052083333333333336
4 0.046875 0.7877604166666666 0.01953125 0.026041666666666668
0 0.203125 0.24283854166666666 0.265625 0.02734375
7 0.126953125 0.3138020833333333 0.07421875 0.028645833333333332
0 0.126953125 0.3138020833333333 0.11328125 0.0625
7 0.203125 0.37109375 0.2265625 0.052083333333333336
0 0.203125 0.37109375 0.265625 0.052083333333333336
7 0.203125 0.4231770833333333 0.2265625 0.052083333333333336
0 0.203125 0.4231770833333333 0.265625 0.052083333333333336
7 0.203125 0.4752604166666667 0.2265625 0.052083333333333336
0 0.203125 0.4752604166666667 0.265625 0.052083333333333336
7 0.203125 0.52734375 0.2265625 0.052083333333333336
0 0.203125 0.52734375 0.265625 0.052083333333333336
7 0.203125 0.5794270833333334 0.2265625 0.052083333333333336
0 0.203125 0.5794270833333334 0.265625 0.052083333333333336
7 0.025390625 0.83984375 0.05078125 0.052083333333333336
0 0.03515625 0.83984375 0.0703125 0.052083333333333336
4 0.046875 0.83984375 0.01953125 0.026041666666666668
0 0.203125 0.24283854166666666 0.265625 0.02734375
7 0.14208984375 0.3138020833333333 0.1044921875 0.028645833333333332
0 0.14208984375 0.3138020833333333 0.1435546875 0.0625
7 0.203125 0.37109375 0.2265625 0.052083333333333336
0 0.203125 0.37109375 0.265625 0.052083333333333336
7 0.203125 0.4231770833333333 0.2265625 0.052083333333333336
0 0.203125 0.4231770833333333 0.265625 0.052083333333333336
7 0.203125 0.4752604166666667 0.2265625 0.052083333333333336
0 0.203125 0.4752604166666667 0.265625 0.052083333333333336
7 0.203125 0.52734375 0.2265625 0.052083333333333336
0 0.203125 0.52734375 0.265625 0.052083333333333336
7 0.203125 0.5794270833333334 0.2265625 0.052083333333333336
0 0.203125 0.5794270833333334 0.265625 0.052083333333333336
7 0.203125 0.6315104166666666 0.2265625 0.052083333333333336
0 0.203125 0.6315104166666666 0.265625 0.052083333333333336
7 0.025390625 0.8919270833333334 0.05078125 0.052083333333333336
0 0.03515625 0.8919270833333334 0.0703125 0.052083333333333336
4 0.046875 0.8919270833333334 0.01953125 0.026041666666666668
0 0.203125 0.24283854166666666 0.265625 0.02734375
7 0.1591796875 0.3138020833333333 0.138671875 0.028645833333333332
0 0.1591796875 0.3138020833333333 0.177734375 0.0625
7 0.203125 0.37109375 0.2265625 0.052083333333333336
0 0.203125 0.37109375 0.265625 0.052083333333333336
7 0.203125 0.4231770833333333 0.2265625 0.052083333333333336
0 0.203125 0.4231770833333333 0.265625 0.052083333333333336
7 0.203125 0.4752604166666667 0.2265625 0.052083333333333336
0 0.203125 0.4752604166666667 0.265625 0.052083333333333336
4 0.3125 0.4752604166666667 0.01953125 0.026041666666666668
7 0.37744140625 0.3138020833333333 0.0439453125 0.028645833333333332
0 0.36767578125 0.3138020833333333 0.0634765625 0.0625
0 0.36767578125 0.37109375 0.0634765625 0.052083333333333336
7 0.203125 0.52734375 0.2265625 0.052083333333333336
0 0.203125 0.52734375 0.265625 0.052083333333333336
7 0.203125 0.5794270833333334 0.2265625 0.052083333333333336
0 0.203125 0.5794270833333334 0.265625 0.052083333333333336
7 0.203125 0.6315104166666666 0.2265625 0.052083333333333336
0 0.203125 0.6315104166666666 0.265625 0.052083333333333336
7 0.203125 0.68359375 0.2265625 0.052083333333333336
0 0.203125 0.68359375 0.265625 0.052083333333333336
7 0.203125 0.7356770833333334 0.2265625 0.052083333333333336
0 0.203125 0.7356770833333334 0.265625 0.052083333333333336
7 0.025390625 0.9440104166666666 0.05078125 0.052083333333333336
0 0.03515625 0.9440104166666666 0.0703125 0.052083333333333336
4 0.046875 0.9440104166666666 0.01953125 0.026041666666666668
0 0.203125 0.24283854166666666 0.265625 0.02734375
7 0.1513671875 0.3138020833333333 0.123046875 0.028645833333333332
0 0.1513671875 0.3138020833333333 0.162109375 0.0625
7 0.203125 0.37109375 0.2265625 0.052083333333333336
0 0.203125 0.37109375 0.265625 0.052083333333333336
7 0.203125 0.4231770833333333 0.2265625 0.052083333333333336
0 0.203125 0.4231770833333333 0.265625 0.052083333333333336
7 0.203125 0.4752604166666667 0.2265625 0.052083333333333336
0 0.203125 0.4752604166666667 0.265625 0.052083333333333336
7 0.203125 0.52734375 0.2265625 0.052083333333333336
0 0.203125 0.52734375 0.265625 0.052083333333333336
7 0.203125 0.5794270833333334 0.2265625 0.052083333333333336
0 0.203125 0.5794270833333334 0.265625 0.052083333333333336
7 0.025390625 0.37109375 0.05078125 0.052083333333333336
0 0.03515625 0.37109375 0.0703125 0.052083333333333336
7 0.025390625 0.4231770833333333 0.05078125 0.052083333333333336
0 0.03515625 0.4231770833333333 0.0703125 0.052083333333333336
4 0.046875 0.4231770833333333 0.01953125 0.026041666666666668
0 0.203125 0.24283854166666666 0.265625 0.02734375
7 0.11376953125 0.3138020833333333 0.0478515625 0.028645833333333332
0 0.11376953125 0.3138020833333333 0.0869140625 0.0625
7 0.203125 0.37109375 0.2265625 0.052083333333333336
0 0.203125 0.37109375 0.265625 0.052083333333333336
7 0.203125 0.4231770833333333 0.2265625 0.052083333333333336
0 0.203125 0.4231770833333333 0.265625 0.052083333333333336
7 0.203125 0.4752604166666667 0.2265625 0.052083333333333336
0 0.203125 0.4752604166666667 0.265625 0.052083333333333336
7 0.203125 0.52734375 0.2265625 0.052083333333333336
0 0.203125 0.52734375 0.265625 0.052083333333333336
7 0.203125 0.5794270833333334 0.2265625 0.052083333333333336
0 0.203125 0.5794270833333334 0.265625 0.052083333333333336
7 0.203125 0.6315104166666666 0.2265625 0.052083333333333336
0 0.203125 0.6315104166666666 0.265625 0.052083333333333336
7 0.203125 0.68359375 0.2265625 0.052083333333333336
0 0.203125 0.68359375 0.265625 0.052083333333333336
7 0.203125 0.7356770833333334 0.2265625 0.052083333333333336
0 0.203125 0.7356770833333334 0.265625 0.052083333333333336
7 0.203125 0.7877604166666666 0.2265625 0.052083333333333336
0 0.203125 0.7877604166666666 0.265625 0.052083333333333336
7 0.025390625 0.4752604166666667 0.05078125 0.052083333333333336
0 0.03515625 0.4752604166666667 0.0703125 0.052083333333333336
4 0.046875 0.4752604166666667 0.01953125 0.026041666666666668
0 0.203125 0.24283854166666666 0.265625 0.02734375
7 0.1279296875 0.3138020833333333 0.076171875 0.028645833333333332
0 0.1279296875 0.3138020833333333 0.115234375 0.0625
7 0.203125 0.37109375 0.2265625 0.052083333333333336
0 0.203125 0.37109375 0.265625 0.052083333333333336
7 0.203125 0.4231770833333333 0.2265625 0.052083333333333336
0 0.203125 0.4231770833333333 0.265625 0.052083333333333336
7 0.203125 0.4752604166666667 0.2265625 0.052083333333333336
0 0.203125 0.4752604166666667 0.265625 0.052083333333333336
7 0.203125 0.52734375 0.2265625 0.052083333333333336
0 0.203125 0.52734375 0.265625 0.052083333333333336
7 0.203125 0.5794270833333334 0.2265625 0.052083333333333336
0 0.203125 0.5794270833333334 0.265625 0.052083333333333336
7 0.203125 0.6315104166666666 0.2265625 0.052083333333333336
0 0.203125 0.6315104166666666 0.265625 0.052083333333333336
7 0.203125 0.68359375 0.2265625 0.052083333333333336
0 0.203125 0.68359375 0.265625 0.052083333333333336
7 0.203125 0.7356770833333334 0.2265625 0.052083333333333336
0 0.203125 0.7356770833333334 0.265625 0.052083333333333336
7 0.203125 0.7877604166666666 0.2265625 0.052083333333333336
0 0.203125 0.7877604166666666 0.265625 0.052083333333333336
7 0.203125 0.83984375 0.2265625 0.052083333333333336
0 0.203125 0.83984375 0.265625 0.052083333333333336
7 0.203125 0.8919270833333334 0.2265625 0.052083333333333336
0 0.203125 0.8919270833333334 0.265625 0.052083333333333336
7 0.203125 0.9440104166666666 0.2265625 0.052083333333333336
0 0.203125 0.9440104166666666 0.265625 0.052083333333333336
7 0.203125 0.9850260416666666 0.2265625 0.029947916666666668
0 0.203125 0.9850260416666666 0.265625 0.029947916666666668
7 0.025390625 0.52734375 0.05078125 0.052083333333333336
0 0.03515625 0.52734375 0.0703125 0.052083333333333336
4 0.046875 0.52734375 0.01953125 0.026041666666666668
0 0.203125 0.24283854166666666 0.265625 0.02734375
7 0.12060546875 0.3138020833333333 0.0615234375 0.028645833333333332
0 0.12060546875 0.3138020833333333 0.1005859375 0.0625
7 0.203125 0.37109375 0.2265625 0.052083333333333336
0 0.203125 0.37109375 0.265625 0.052083333333333336
7 0.203125 0.4231770833333333 0.2265625 0.052083333333333336
0 0.203125 0.4231770833333333 0.265625 0.052083333333333336
7 0.203125 0.4752604166666667 0.2265625 0.052083333333333336
0 0.203125 0.4752604166666667 0.265625 0.052083333333333336
7 0.203125 0.52734375 0.2265625 0.052083333333333336
0 0.203125 0.52734375 0.265625 0.052083333333333336
7 0.025390625 0.5794270833333334 0.05078125 0.052083333333333336
0 0.03515625 0.5794270833333334 0.0703125 0.052083333333333336
7 0.025390625 0.6315104166666666 0.05078125 0.052083333333333336
0 0.03515625 0.6315104166666666 0.0703125 0.052083333333333336
7 0.025390625 0.68359375 0.05078125 0.052083333333333336
0 0.03515625 0.68359375 0.0703125 0.052083333333333336
7 0.025390625 0.7356770833333334 0.05078125 0.052083333333333336
0 0.03515625 0.7356770833333334 0.0703125 0.052083333333333336
4 0.046875 0.7356770833333334 0.01953125 0.026041666666666668
0 0.203125 0.24283854166666666 0.265625 0.02734375
7 0.1328125 0.3138020833333333 0.0859375 0.028645833333333332
0 0.1328125 0.3138020833333333 0.125 0.0625
7 0.203125 0.37109375 0.2265625 0.052083333333333336
0 0.203125 0.37109375 0.265625 0.052083333333333336
7 0.203125 0.4231770833333333 0.2265625 0.052083333333333336
0 0.203125 0.4231770833333333 0.265625 0.052083333333333336
7 0.025390625 0.7877604166666666 0.05078125 0.052083333333333336
0 0.03515625 0.7877604166666666 0.0703125 0.052083333333333336
7 0.025390625 0.8932291666666666 0.05078125 0.052083333333333336
0 0.03515625 0.8932291666666666 0.0703125 0.052083333333333336
7 0.025390625 0.9453125 0.05078125 0.052083333333333336
0 0.03515625 0.9453125 0.0703125 0.052083333333333336
7 0.025390625 0.37109375 0.05078125 0.052083333333333336
0 0.03515625 0.37109375 0.0703125 0.052083333333333336
7 0.025390625 0.4231770833333333 0.05078125 0.052083333333333336
0 0.03515625 0.4231770833333333 0.0703125 0.052083333333333336
7 0.025390625 0.4752604166666667 0.05078125 0.052083333333333336
0 0.03515625 0.4752604166666667 0.0703125 0.052083333333333336
7 0.025390625 0.52734375 0.05078125 0.052083333333333336
0 0.03515625 0.52734375 0.0703125 0.052083333333333336
7 0.025390625 0.5794270833333334 0.05078125 0.052083333333333336
0 0.03515625 0.5794270833333334 0.0703125 0.052083333333333336
7 0.025390625 0.6315104166666666 0.05078125 0.052083333333333336
0 0.03515625 0.6315104166666666 0.0703125 0.052083333333333336
7 0.025390625 0.68359375 0.05078125 0.052083333333333336
0 0.03515625 0.68359375 0.0703125 0.052083333333333336
7 0.025390625 0.7356770833333334 0.05078125 0.052083333333333336
0 0.03515625 0.7356770833333334 0.0703125 0.052083333333333336
7 0.025390625 0.7877604166666666 0.05078125 0.052083333333333336
0 0.03515625 0.7877604166666666 0.0703125 0.052083333333333336
7 0.025390625 0.83984375 0.05078125 0.052083333333333336
0 0.03515625 0.83984375 0.0703125 0.052083333333333336
7 0.025390625 0.8919270833333334 0.05078125 0.052083333333333336
0 0.03515625 0.8919270833333334 0.0703125 0.052083333333333336
7 0.025390625 0.9440104166666666 0.05078125 0.052083333333333336
0 0.03515625 0.9440104166666666 0.0703125 0.052083333333333336
7 0.025390625 0.37109375 0.05078125 0.052083333333333336
0 0.03515625 0.37109375 0.0703125 0.052083333333333336
7 0.025390625 0.4231770833333333 0.05078125 0.052083333333333336
0 0.03515625 0.4231770833333333 0.0703125 0.052083333333333336
7 0.025390625 0.4752604166666667 0.05078125 0.052083333333333336
0 0.03515625 0.4752604166666667 0.0703125 0.052083333333333336
7 0.025390625 0.52734375 0.05078125 0.052083333333333336
0 0.03515625 0.52734375 0.0703125 0.052083333333333336
7 0.025390625 0.5794270833333334 0.05078125 0.052083333333333336
0 0.03515625 0.5794270833333334 0.0703125 0.052083333333333336
7 0.025390625 0.6315104166666666 0.05078125 0.052083333333333336
0 0.03515625 0.6315104166666666 0.0703125 0.052083333333333336
7 0.025390625 0.68359375 0.05078125 0.052083333333333336
0 0.03515625 0.68359375 0.0703125 0.052083333333333336
7 0.025390625 0.7356770833333334 0.05078125 0.052083333333333336
0 0.03515625 0.7356770833333334 0.0703125 0.052083333333333336
7 0.025390625 0.7877604166666666 0.05078125 0.052083333333333336
0 0.03515625 0.7877604166666666 0.0703125 0.052083333333333336
7 0.025390625 0.83984375 0.05078125 0.052083333333333336
0 0.03515625 0.83984375 0.0703125 0.052083333333333336
7 0.025390625 0.8919270833333334 0.05078125 0.052083333333333336
0 0.03515625 0.8919270833333334 0.0703125 0.052083333333333336
7 0.025390625 0.37109375 0.05078125 0.052083333333333336
0 0.03515625 0.37109375 0.0703125 0.052083333333333336
7 0.025390625 0.4231770833333333 0.05078125 0.052083333333333336
0 0.03515625 0.4231770833333333 0.0703125 0.052083333333333336
7 0.025390625 0.4752604166666667 0.05078125 0.052083333333333336
0 0.03515625 0.4752604166666667 0.0703125 0.052083333333333336
7 0.025390625 0.52734375 0.05078125 0.052083333333333336
0 0.03515625 0.52734375 0.0703125 0.052083333333333336
7 0.025390625 0.5794270833333334 0.05078125 0.052083333333333336
0 0.03515625 0.5794270833333334 0.0703125 0.052083333333333336
7 0.025390625 0.6315104166666666 0.05078125 0.052083333333333336
0 0.03515625 0.6315104166666666 0.0703125 0.052083333333333336
7 0.025390625 0.68359375 0.05078125 0.052083333333333336
0 0.03515625 0.68359375 0.0703125 0.052083333333333336
7 0.025390625 0.7356770833333334 0.05078125 0.052083333333333336
0 0.03515625 0.7356770833333334 0.0703125 0.052083333333333336
7 0.025390625 0.7877604166666666 0.05078125 0.052083333333333336
0 0.03515625 0.7877604166666666 0.0703125 0.052083333333333336
7 0.025390625 0.83984375 0.05078125 0.052083333333333336
0 0.03515625 0.83984375 0.0703125 0.052083333333333336
7 0.025390625 0.8919270833333334 0.05078125 0.052083333333333336
0 0.03515625 0.8919270833333334 0.0703125 0.052083333333333336
7 0.025390625 0.37109375 0.05078125 0.052083333333333336
0 0.03515625 0.37109375 0.0703125 0.052083333333333336
7 0.025390625 0.4231770833333333 0.05078125 0.052083333333333336
0 0.03515625 0.4231770833333333 0.0703125 0.052083333333333336
7 0.025390625 0.4752604166666667 0.05078125 0.052083333333333336
0 0.03515625 0.4752604166666667 0.0703125 0.052083333333333336
7 0.025390625 0.52734375 0.05078125 0.052083333333333336
0 0.03515625 0.52734375 0.0703125 0.052083333333333336
7 0.025390625 0.5794270833333334 0.05078125 0.052083333333333336
0 0.03515625 0.5794270833333334 0.0703125 0.052083333333333336
7 0.025390625 0.6315104166666666 0.05078125 0.052083333333333336
0 0.03515625 0.6315104166666666 0.0703125 0.052083333333333336
3 0.19970703125 0.5260416666666666 0.3994140625 0.3255208333333333
7 0.09619140625 0.7760416666666666 0.1923828125 0.026041666666666668
0 0.19970703125 0.7760416666666666 0.3994140625 0.0703125
7 0.12548828125 0.90625 0.2509765625 0.020833333333333332
0 0.14892578125 0.9322916666666666 0.2978515625 0.13541666666666666
7 0.6708984375 0.2740885416666667 0.08203125 0.024739583333333332
0 0.6708984375 0.2740885416666667 0.11328125 0.05078125
7 0.98876953125 0.263671875 0.0224609375 0.024739583333333332
0 0.98876953125 0.263671875 0.0224609375 0.022135416666666668
2 0.69970703125 0.4381510416666667 0.6005859375 0.14713541666666666
2 0.69970703125 0.564453125 0.6005859375 0.08723958333333333
0 0.4697265625 0.7024739583333334 0.140625 0.07942708333333333
0 0.4326171875 0.7623697916666666 0.06640625 0.029947916666666668
1 0.693359375 0.9401041666666666 0.587890625 0.078125
7 0.671875 0.9973958333333334 0.30078125 0.005208333333333333
6 0.873046875 0.9973958333333334 0.103515625 0.005208333333333333
7 0.939453125 0.9973958333333334 0.03125 0.005208333333333333