2 0.19482421875 0.034505208333333336 0.3896484375 0.024739583333333332
4 0.61669921875 0.07291666666666667 0.4541015625 0.14583333333333334
0 0.40625 0.17122395833333334 0.033203125 0.053385416666666664
0 0.44677734375 0.17513020833333334 0.0205078125 0.02734375
4 0.927734375 0.09765625 0.14453125 0.1953125
2 0.52392578125 0.22591145833333334 0.2685546875 0.024739583333333332
6 0.50537109375 0.2799479166666667 0.2314453125 0.046875
6 0.50439453125 0.3736979166666667 0.2294921875 0.046875
6 0.458984375 0.4557291666666667 0.138671875 0.0234375
2 0.85302734375 0.22591145833333334 0.2939453125 0.024739583333333332
4 0.85302734375 0.3626302083333333 0.2939453125 0.21223958333333334
7 0.28369140625 0.517578125 0.2119140625 0.029947916666666668
7 0.2822265625 0.56640625 0.208984375 0.0234375
6 0.30322265625 0.62109375 0.1728515625 0.03125
7 0.2255859375 0.6555989583333334 0.017578125 0.022135416666666668
6 0.3115234375 0.6555989583333334 0.15625 0.022135416666666668
6 0.2509765625 0.70703125 0.068359375 0.03125
7 0.2470703125 0.73828125 0.060546875 0.028645833333333332
6 0.2978515625 0.79296875 0.162109375 0.03125
7 0.30029296875 0.82421875 0.1669921875 0.028645833333333332
6 0.30322265625 0.87890625 0.1728515625 0.03125
7 0.30322265625 0.91015625 0.1728515625 0.028645833333333332
6 0.30322265625 0.96484375 0.1728515625 0.03125
7 0.30322265625 0.9908854166666666 0.1728515625 0.018229166666666668
6 0.05224609375 0.4778645833333333 0.1044921875 0.018229166666666668
2 0.07080078125 0.53515625 0.1416015625 0.0234375
6 0.05859375 0.5703125 0.1171875 0.020833333333333332
6 0.03173828125 0.5924479166666666 0.0634765625 0.020833333333333332
6 0.03173828125 0.6145833333333334 0.0634765625 0.020833333333333332
6 0.05224609375 0.63671875 0.1044921875 0.020833333333333332
6 0.05224609375 0.6588541666666666 0.1044921875 0.020833333333333332
6 0.02734375 0.6809895833333334 0.0546875 0.020833333333333332
6 0.01025390625 0.703125 0.0205078125 0.020833333333333332
2 0.07080078125 0.76171875 0.1416015625 0.0234375
6 0.0078125 0.796875 0.015625 0.020833333333333332
6 0.02685546875 0.8190104166666666 0.0537109375 0.020833333333333332
6 0.02978515625 0.86328125 0.0595703125 0.020833333333333332
6 0.052734375 0.8854166666666666 0.10546875 0.020833333333333332
7 0.15283203125 0.8157552083333334 0.0087890625 0.022135416666666668
4 0.64404296875 0.5638020833333334 0.5009765625 0.14583333333333334
0 0.64599609375 0.5625 0.5048828125 0.0234375
4 0.94921875 0.5638020833333334 0.1015625 0.14583333333333334
0 0.94921875 0.5625 0.1015625 0.0234375
4 0.64404296875 0.7096354166666666 0.5009765625 0.14583333333333334
0 0.64599609375 0.7083333333333334 0.5048828125 0.0234375
4 0.94921875 0.7096354166666666 0.1015625 0.14583333333333334
0 0.94921875 0.7083333333333334 0.1015625 0.0234375
4 0.64404296875 0.85546875 0.5009765625 0.14583333333333334
0 0.64599609375 0.8541666666666666 0.5048828125 0.0234375
4 0.94921875 0.85546875 0.1015625 0.14583333333333334
0 0.94921875 0.8541666666666666 0.1015625 0.0234375
4 0.64404296875 0.9641927083333334 0.5009765625 0.07161458333333333
0 0.64599609375 0.994140625 0.5048828125 0.01171875