7 0.080078125 0.007161458333333333 0.16015625 0.014322916666666666
0 0.080078125 0.007161458333333333 0.16015625 0.014322916666666666
2 0.15478515625 0.12890625 0.3095703125 0.0625
7 0.15478515625 0.20377604166666666 0.3095703125 0.03515625
1 0.0654296875 0.318359375 0.130859375 0.06380208333333333
0 0.22900390625 0.3177083333333333 0.1611328125 0.0625
2 0.15478515625 0.4348958333333333 0.3095703125 0.0390625
0 0.11083984375 0.50390625 0.1572265625 0.046875
0 0.2509765625 0.50390625 0.1171875 0.046875
7 0.50732421875 0.041015625 0.3955078125 0.07942708333333333
6 0.38134765625 0.068359375 0.0888671875 0.024739583333333332
7 0.50390625 0.08203125 0.388671875 0.052083333333333336
0 0.89013671875 0.05859375 0.0966796875 0.026041666666666668
4 0.52001953125 0.11588541666666667 0.4208984375 0.09114583333333333
2 0.3232421875 0.1015625 0.02734375 0.03125
2 0.439453125 0.1015625 0.20703125 0.03125
7 0.50439453125 0.12890625 0.3896484375 0.026041666666666668
4 0.32763671875 0.17317708333333334 0.0361328125 0.0390625
7 0.39013671875 0.169921875 0.0556640625 0.032552083333333336
0 0.39697265625 0.169921875 0.0830078125 0.032552083333333336
7 0.478515625 0.169921875 0.068359375 0.032552083333333336
0 0.4853515625 0.169921875 0.095703125 0.032552083333333336
7 0.56591796875 0.169921875 0.0537109375 0.032552083333333336
0 0.57275390625 0.169921875 0.0810546875 0.032552083333333336
7 0.64501953125 0.169921875 0.0517578125 0.032552083333333336
0 0.65185546875 0.169921875 0.0791015625 0.032552083333333336
7 0.9755859375 0.17317708333333334 0.0234375 0.03125
2 0.44970703125 0.4798177083333333 0.2802734375 0.048177083333333336
0 0.65478515625 0.3802083333333333 0.6904296875 0.3177083333333333
7 0.15478515625 0.6373697916666666 0.3095703125 0.13151041666666666
7 0.15478515625 0.7766927083333334 0.3095703125 0.13151041666666666
7 0.15478515625 0.927734375 0.3095703125 0.13151041666666666
7 0.828125 0.5533854166666666 0.34375 0.028645833333333332
0 0.71826171875 0.6354166666666666 0.1240234375 0.052083333333333336
0 0.85888671875 0.6354166666666666 0.1181640625 0.052083333333333336
4 0.65478515625 0.6796875 0.6904296875 0.28125
0 0.65478515625 0.6796875 0.6904296875 0.28125
7 0.65478515625 0.5481770833333334 0.6904296875 0.018229166666666668
7 0.41259765625 0.59375 0.2060546875 0.0625
7 0.65478515625 0.65234375 0.6904296875 0.0234375
4 0.9970703125 0.8919270833333334 0.005859375 0.020833333333333332
4 0.56689453125 0.9778645833333334 0.2666015625 0.044270833333333336
0 0.56689453125 0.9778645833333334 0.2666015625 0.044270833333333336
4 0.87060546875 0.9778645833333334 0.2587890625 0.044270833333333336
0 0.87060546875 0.9778645833333334 0.2587890625 0.044270833333333336