1 0.13916015625 0.030598958333333332 0.2783203125 0.061197916666666664
1 0.39208984375 0.030598958333333332 0.2158203125 0.061197916666666664
2 0.25 0.14583333333333334 0.5 0.0390625
0 0.080078125 0.21484375 0.16015625 0.046875
0 0.23779296875 0.21484375 0.1494140625 0.046875
0 0.3955078125 0.21484375 0.16015625 0.046875
0 0.09521484375 0.28125 0.1708984375 0.046875
0 0.26416015625 0.28125 0.1591796875 0.046875
0 0.41748046875 0.28125 0.1396484375 0.046875
0 0.25 0.3430989583333333 0.5 0.024739583333333332
7 0.38232421875 0.380859375 0.2060546875 0.01953125
4 0.0498046875 0.5703125 0.099609375 0.026041666666666668
4 0.173828125 0.5703125 0.072265625 0.026041666666666668
4 0.28369140625 0.5703125 0.0712890625 0.0390625
4 0.4287109375 0.5703125 0.142578125 0.026041666666666668
7 0.75341796875 0.20638020833333334 0.4931640625 0.15755208333333334
0 0.75 0.2975260416666667 0.5 0.5950520833333334
6 0.75 0.2981770833333333 0.5 0.028645833333333332
6 0.5634765625 0.5221354166666666 0.126953125 0.0625
6 0.76220703125 0.5221354166666666 0.2060546875 0.0625
6 0.94873046875 0.5221354166666666 0.1025390625 0.0625
7 0.2783203125 0.6536458333333334 0.443359375 0.03125
7 0.2978515625 0.7265625 0.404296875 0.03125
7 0.2978515625 0.7578125 0.404296875 0.03125
7 0.2783203125 0.8463541666666666 0.443359375 0.0625
7 0.2783203125 0.9348958333333334 0.443359375 0.03125
4 0.78173828125 0.875 0.4365234375 0.25