7 0.15478515625 0.2649739583333333 0.3095703125 0.5299479166666666
4 0.15478515625 0.2649739583333333 0.3095703125 0.5299479166666666
4 0.65478515625 0.039713541666666664 0.6904296875 0.07942708333333333
1 0.5751953125 0.12109375 0.423828125 0.046875
4 0.76904296875 0.12109375 0.0205078125 0.026041666666666668
0 0.76904296875 0.12109375 0.0361328125 0.046875
4 0.8662109375 0.12369791666666667 0.03125 0.041666666666666664
0 0.8662109375 0.13541666666666666 0.03125 0.020833333333333332
0 0.92578125 0.12109375 0.04296875 0.0234375
7 0.990234375 0.12109375 0.01953125 0.020833333333333332
0 0.9775390625 0.12109375 0.044921875 0.046875
4 0.65478515625 0.2649739583333333 0.6904296875 0.5299479166666666
7 0.576171875 0.1953125 0.533203125 0.044270833333333336
0 0.92626953125 0.23763020833333334 0.1103515625 0.022135416666666668
7 0.341796875 0.3828125 0.064453125 0.020833333333333332
0 0.34765625 0.3502604166666667 0.076171875 0.16927083333333334
7 0.341796875 0.4088541666666667 0.064453125 0.020833333333333332
7 0.451171875 0.3828125 0.083984375 0.020833333333333332
0 0.451171875 0.3502604166666667 0.107421875 0.16927083333333334
7 0.451171875 0.4088541666666667 0.083984375 0.020833333333333332
7 0.5703125 0.3723958333333333 0.083984375 0.041666666666666664
0 0.5703125 0.3502604166666667 0.107421875 0.16927083333333334
7 0.5703125 0.4088541666666667 0.083984375 0.020833333333333332
7 0.689453125 0.3723958333333333 0.083984375 0.041666666666666664
0 0.689453125 0.3502604166666667 0.107421875 0.16927083333333334
7 0.689453125 0.4088541666666667 0.083984375 0.020833333333333332
7 0.80859375 0.3723958333333333 0.083984375 0.041666666666666664
0 0.80859375 0.3502604166666667 0.107421875 0.16927083333333334
7 0.80859375 0.4088541666666667 0.083984375 0.020833333333333332
7 0.927734375 0.3723958333333333 0.083984375 0.041666666666666664
0 0.927734375 0.3502604166666667 0.107421875 0.16927083333333334
7 0.927734375 0.4088541666666667 0.083984375 0.020833333333333332
7 0.759765625 0.49609375 0.0703125 0.020833333333333332
4 0.85107421875 0.49609375 0.0224609375 0.0234375
4 0.89990234375 0.49609375 0.0166015625 0.0234375
4 0.92919921875 0.49609375 0.0166015625 0.0234375
2 0.0458984375 0.6119791666666666 0.091796875 0.033854166666666664
0 0.0595703125 0.6614583333333334 0.119140625 0.044270833333333336
0 0.0595703125 0.7044270833333334 0.119140625 0.044270833333333336
0 0.0595703125 0.7473958333333334 0.119140625 0.044270833333333336
7 0.03759765625 0.7903645833333334 0.0751953125 0.026041666666666668
0 0.0595703125 0.802734375 0.119140625 0.06901041666666667
0 0.0595703125 0.8580729166666666 0.119140625 0.044270833333333336
0 0.0595703125 0.8990885416666666 0.119140625 0.040364583333333336
0 0.0595703125 0.9381510416666666 0.119140625 0.040364583333333336
0 0.0595703125 0.9772135416666666 0.119140625 0.040364583333333336
2 0.23486328125 0.666015625 0.1494140625 0.13151041666666666
4 0.36865234375 0.5397135416666666 0.1181640625 0.00390625
4 0.5107421875 0.5397135416666666 0.16796875 0.00390625
4 0.67724609375 0.5397135416666666 0.1669921875 0.00390625
4 0.84375 0.5397135416666666 0.16796875 0.00390625
4 0.96337890625 0.5397135416666666 0.0732421875 0.00390625
0 0.369140625 0.6341145833333334 0.119140625 0.0703125
0 0.369140625 0.6946614583333334 0.119140625 0.048177083333333336
0 0.369140625 0.7552083333333334 0.119140625 0.0703125
0 0.369140625 0.8268229166666666 0.119140625 0.0703125
0 0.369140625 0.8984375 0.119140625 0.0703125
0 0.369140625 0.958984375 0.119140625 0.048177083333333336
4 0.59375 0.7786458333333334 0.31640625 0.4427083333333333
0 0.59375 0.7786458333333334 0.31640625 0.4427083333333333
2 0.888671875 0.5944010416666666 0.22265625 0.024739583333333332
7 0.85693359375 0.650390625 0.1201171875 0.01953125
7 0.9765625 0.650390625 0.046875 0.01953125
7 0.83203125 0.6875 0.0703125 0.036458333333333336
4 0.87548828125 0.6861979166666666 0.0205078125 0.026041666666666668
7 0.96923828125 0.685546875 0.0322265625 0.022135416666666668
4 0.99169921875 0.6764322916666666 0.0166015625 0.02734375
7 0.89208984375 0.7591145833333334 0.2158203125 0.0390625
0 0.91357421875 0.8248697916666666 0.1728515625 0.061197916666666664
7 0.89208984375 0.904296875 0.2158203125 0.045572916666666664
7 0.91064453125 0.9440104166666666 0.1787109375 0.0234375
4 0.89208984375 0.9772135416666666 0.2158203125 0.045572916666666664